time,seconds_elapsed,z,y,x
1741033205344714000,0.1797138671875,-1.1025700569152832,1.0204317569732666,-4.153874397277832
1741033205354817500,0.189817626953125,-0.8033251762390137,1.6660645008087158,-3.1251134872436523
1741033205364920800,0.1999208984375,-0.6964526176452637,2.1006569862365723,-2.525296926498413
1741033205375024400,0.2100244140625,-0.9008665084838867,2.1965034008026123,-2.3824188709259033
1741033205385128000,0.2201279296875,-1.0063652992248535,1.9813780784606934,-2.587486982345581
1741033205395231500,0.2302314453125,-0.7864241600036621,1.4526994228363037,-2.946208953857422
1741033205405334800,0.240334716796875,-0.598790168762207,0.7271311283111572,-3.326327323913574
1741033205415438300,0.250438232421875,-0.678534984588623,0.02269911766052246,-3.6750097274780273
1741033205425542000,0.2605419921875,-0.7387409210205078,-0.5608105659484863,-3.887230634689331
1741033205435645400,0.2706455078125,-0.5524063110351562,-0.9616818428039551,-3.9395041465759277
1741033205445748700,0.280748779296875,-0.18387222290039062,-1.2783043384552002,-3.8376355171203613
1741033205455852300,0.290852294921875,0.2102503776550293,-1.464996337890625,-3.543273448944092
1741033205465956400,0.300956298828125,0.4162783622741699,-1.472374439239502,-3.2120845317840576
1741033205476060200,0.31106005859375,0.5961618423461914,-1.2845911979675293,-2.906670093536377
1741033205486163700,0.321163818359375,0.926945686340332,-0.9694082736968994,-2.708463430404663
1741033205496267000,0.33126708984375,1.0355992317199707,-0.6669869422912598,-2.6632814407348633
1741033205506370600,0.34137060546875,0.9669055938720703,-0.3901081085205078,-2.5946600437164307
1741033205516474000,0.35147412109375,1.0132403373718262,-0.1300797462463379,-2.400864601135254
1741033205526577700,0.36157763671875,1.3183245658874512,0.09409141540527344,-2.0377604961395264
1741033205536859400,0.371859375,1.6122379302978516,0.2729158401489258,-1.7088675498962402
1741033205547164700,0.38216455078125,1.7127208709716797,0.32671499252319336,-1.5115355253219604
1741033205557450800,0.39245068359375,1.7913398742675781,0.31327295303344727,-1.4080897569656372
1741033205567585500,0.40258544921875,1.6077804565429688,0.25315356254577637,-1.2217963933944702
1741033205577689000,0.412689208984375,1.396082878112793,0.28043246269226074,-1.0070464611053467
1741033205587792600,0.422792724609375,1.304814338684082,0.32512378692626953,-0.920562744140625
1741033205597896200,0.432896240234375,1.359182357788086,0.4293384552001953,-0.9960358142852783
1741033205607999500,0.44299951171875,1.687556266784668,0.4716532230377197,-1.159399390220642
1741033205618103000,0.45310302734375,2.403074264526367,0.49341273307800293,-1.4978156089782715
1741033205628206600,0.46320654296875,3.109882354736328,0.5266420841217041,-1.922830581665039
1741033205638310100,0.47331005859375,3.2567996978759766,0.6255607604980469,-2.1962482929229736
1741033205648413400,0.483413330078125,2.8836822509765625,0.9293854236602783,-2.3012404441833496
1741033205658517000,0.49351708984375,2.308368682861328,1.3095781803131104,-2.396599054336548
1741033205668620500,0.50362060546875,1.4513511657714844,1.6668939590454102,-2.3750157356262207
1741033205678724000,0.51372412109375,0.4284238815307617,1.8935320377349854,-2.0173451900482178
1741033205688827400,0.523827392578125,0.12717437744140625,1.9703586101531982,-1.5006983280181885
1741033205698931000,0.533930908203125,1.1003751754760742,1.6736316680908203,-1.0505112409591675
1741033205709035300,0.54403515625,3.001051902770996,1.1025121212005615,-0.7583892345428467
1741033205719138800,0.554138916015625,5.032410621643066,0.5112199783325195,-0.7201153039932251
1741033205729278000,0.56427783203125,6.381584167480469,-0.09828567504882812,-0.9709371328353882
1741033205739583500,0.57458349609375,6.457244873046875,-0.8117451667785645,-1.2147960662841797
1741033205749888800,0.584888671875,5.478911399841309,-1.5206108093261719,-1.540877103805542
1741033205760126700,0.595126708984375,3.8647937774658203,-1.8946435451507568,-2.133084297180176
1741033205770250200,0.605250244140625,1.7576837539672852,-1.9236568212509155,-2.7472081184387207
1741033205780353800,0.615353759765625,-0.1562671661376953,-1.730149745941162,-3.2258200645446777
1741033205790457300,0.625457275390625,-1.1818418502807617,-1.46128511428833,-3.468931198120117
1741033205800561000,0.635560791015625,-1.384791374206543,-1.301504135131836,-3.522326946258545
1741033205810664200,0.645664306640625,-1.016972541809082,-1.3282150030136108,-3.4846625328063965
1741033205820767700,0.655767822265625,-0.43671417236328125,-1.523226261138916,-3.3632559776306152
1741033205830871300,0.665871337890625,0.0895376205444336,-1.754238247871399,-3.215634822845459
1741033205840974800,0.675974853515625,0.5119791030883789,-1.9471940994262695,-3.0293772220611572
1741033205851078100,0.686078125,0.6254463195800781,-1.9706181287765503,-2.8171017169952393
1741033205861181700,0.696181640625,0.49085140228271484,-1.8800619840621948,-2.5261430740356445
1741033205871285200,0.70628515625,0.14638042449951172,-1.6987961530685425,-2.2167088985443115
1741033205881388800,0.716388916015625,-0.21210670471191406,-1.4733502864837646,-2.0291831493377686
1741033205891492000,0.7264921875,-0.9418554306030273,-1.2855740785598755,-1.7152111530303955
1741033205901595600,0.736595703125,-1.7070908546447754,-0.8853824138641357,-1.372721552848816
1741033205911699200,0.74669921875,-2.2331719398498535,-0.4340379238128662,-1.0537135601043701
1741033205921802800,0.756802734375,-2.570591449737549,0.025273561477661133,-0.7420426607131958
1741033205931906000,0.766906005859375,-2.8662590980529785,0.46100330352783203,-0.4432324171066284
1741033205942010000,0.777010009765625,-2.9357705116271973,0.7763879299163818,-0.33727139234542847
1741033205952114000,0.787114013671875,-2.908578872680664,0.8622980117797852,-0.40594661235809326
1741033205962217500,0.797217529296875,-2.9232077598571777,0.7151343822479248,-0.5881175398826599
1741033205972320800,0.80732080078125,-2.807372570037842,0.354398250579834,-0.6910301446914673
1741033205982424300,0.81742431640625,-2.5983920097351074,-0.041455984115600586,-0.8001166582107544
1741033205992528000,0.82752783203125,-2.223536968231201,-0.2838170528411865,-0.8074870109558105
1741033206002631400,0.83763134765625,-2.0533618927001953,-0.32710742950439453,-0.8581286668777466
1741033206012734700,0.847734619140625,-1.85227632522583,-0.14351272583007812,-0.8420956134796143
1741033206022838300,0.85783837890625,-1.7184572219848633,0.16291141510009766,-0.7169140577316284
1741033206032941800,0.86794189453125,-1.640401840209961,0.468660831451416,-0.5481583476066589
1741033206043045400,0.87804541015625,-1.658778190612793,0.7164320945739746,-0.4825299382209778
1741033206053149000,0.88814892578125,-1.503427505493164,0.8604447841644287,-0.4936906695365906
1741033206063252200,0.898252197265625,-1.2423133850097656,0.8845090866088867,-0.6231277585029602
1741033206073355800,0.908355712890625,-0.9340353012084961,0.9021587371826172,-0.841274619102478
1741033206083459300,0.918459228515625,-0.5766372680664062,0.9219820499420166,-1.042988896369934
1741033206093563000,0.92856298828125,-0.30394554138183594,0.9676451683044434,-1.2151806354522705
1741033206103666200,0.938666259765625,-0.024274826049804688,1.016195297241211,-1.331343173980713
1741033206113769700,0.948769775390625,0.2779064178466797,1.0611999034881592,-1.3720118999481201
1741033206123873300,0.958873291015625,0.8195171356201172,1.1205835342407227,-1.371457576751709
1741033206133976800,0.968976806640625,1.5495452880859375,1.1220672130584717,-1.2136967182159424
1741033206144080100,0.979080078125,2.1282224655151367,1.0722594261169434,-0.978888213634491
1741033206154183700,0.98918359375,2.272690773010254,0.9323546886444092,-0.8139942288398743
1741033206164287200,0.999287353515625,2.0029478073120117,0.9674444198608398,-0.6650429964065552
1741033206174390800,1.009390869140625,1.4850101470947266,1.1767864227294922,-0.5593466758728027
1741033206184494000,1.019494140625,0.8542957305908203,1.4000091552734375,-0.6115072965621948
1741033206194597600,1.02959765625,0.43899059295654297,1.4752156734466553,-0.7682054042816162
1741033206204701200,1.039701171875,0.3065004348754883,1.470672369003296,-0.8104752898216248
1741033206214804700,1.0498046875,0.8181390762329102,1.4840686321258545,-0.5941686630249023
1741033206224908000,1.059907958984375,1.559976577758789,1.3536534309387207,-0.19197618961334229
1741033206235011600,1.070011474609375,2.19769287109375,1.2731072902679443,0.20787978172302246
1741033206245115100,1.080115234375,2.7405471801757812,1.298743486404419,0.4442112445831299
1741033206255218700,1.09021875,3.0150537490844727,1.3212642669677734,0.45784974098205566
1741033206265322000,1.100322021484375,2.679976463317871,1.250641107559204,0.6802173852920532
1741033206275425500,1.110425537109375,2.8755340576171875,1.2435638904571533,1.4592350721359253
1741033206285529000,1.120529052734375,3.016545295715332,1.3927996158599854,2.305208921432495
1741033206295632600,1.130632568359375,3.403247833251953,1.7830398082733154,3.076561212539673
1741033206305736700,1.14073681640625,3.037996292114258,2.3105902671813965,3.692333221435547
1741033206315840300,1.15084033203125,2.232868194580078,2.255725145339966,3.786935806274414
1741033206325943800,1.16094384765625,2.4503421783447266,1.8180429935455322,3.0332088470458984
1741033206336047400,1.17104736328125,2.5308799743652344,0.9016680717468262,1.6936700344085693
1741033206346151000,1.18115087890625,2.513113021850586,-0.4508821964263916,0.4743286371231079
1741033206356254200,1.191254150390625,1.9390277862548828,-2.300062656402588,-0.7944585084915161
1741033206366357800,1.201357666015625,1.3794536590576172,-3.7973804473876953,-1.055861234664917
1741033206376461300,1.21146142578125,0.906132698059082,-4.1367645263671875,0.08842813968658447
1741033206386564900,1.22156494140625,0.2583045959472656,-3.248701572418213,1.5591938495635986
1741033206396668200,1.231668212890625,-0.16662979125976562,-1.862166166305542,2.651867389678955
1741033206406771700,1.241771728515625,-1.0540027618408203,-0.8285856246948242,3.057286500930786
1741033206416875300,1.251875244140625,-1.9023876190185547,-0.8467113971710205,2.818006753921509
1741033206426978800,1.261978759765625,-2.1678099632263184,-1.4946794509887695,2.062075138092041
1741033206437082000,1.27208203125,-2.268040180206299,-2.1821577548980713,1.3051705360412598
1741033206447185700,1.282185546875,-2.380661964416504,-2.5995852947235107,0.768103837966919
1741033206457289200,1.292289306640625,-2.5706095695495605,-2.650789976119995,0.2556724548339844
1741033206467392800,1.302392822265625,-2.13651704788208,-2.6990747451782227,-0.5221388339996338
1741033206477496300,1.312496337890625,-1.278167724609375,-2.1831283569335938,-1.0685515403747559
1741033206487599600,1.322599609375,-1.0907258987426758,-1.3035986423492432,-1.1241202354431152
1741033206497703200,1.332703125,-1.9247984886169434,-0.3332347869873047,-0.7009382247924805
1741033206507806700,1.342806640625,-3.315673351287842,0.8323025703430176,0.22857356071472168
1741033206517910300,1.35291015625,-2.860718250274658,1.6173527240753174,0.47206664085388184
1741033206528013600,1.363013671875,-1.709155559539795,1.5283262729644775,0.25024914741516113
1741033206538117000,1.3731171875,-0.9223566055297852,1.0544984340667725,0.2109084129333496
1741033206548220700,1.383220703125,-0.11609935760498047,0.7824115753173828,0.11238694190979004
1741033206558324200,1.39332421875,0.01897716522216797,0.620358943939209,-0.23465204238891602
1741033206568427500,1.403427490234375,-0.32869911193847656,0.22517132759094238,-0.8708242177963257
1741033206578531000,1.413531005859375,-0.18826580047607422,-0.2475740909576416,-1.9450706243515015
1741033206588634600,1.423634521484375,-0.08257102966308594,-1.0136897563934326,-2.913590431213379
1741033206598738200,1.43373828125,-0.0839996337890625,-1.7988641262054443,-3.2548696994781494
1741033206608841500,1.443841552734375,-0.2041778564453125,-1.7619200944900513,-3.1339480876922607
1741033206618945000,1.453945068359375,-0.45200634002685547,-1.158203125,-2.5892093181610107
1741033206629048600,1.464048583984375,0.5371322631835938,-0.7831408977508545,-1.6413801908493042
1741033206639152000,1.474152099609375,1.506814956665039,-0.9658970832824707,-0.6735134124755859
1741033206649255400,1.48425537109375,1.8670177459716797,-1.0708496570587158,-0.14467811584472656
1741033206659359700,1.49435986328125,0.8631019592285156,-1.039522647857666,-0.08880400657653809
1741033206669463300,1.50446337890625,-0.1989889144897461,-0.6070129871368408,-0.1538548469543457
1741033206679566800,1.51456689453125,-0.7741203308105469,-0.09498000144958496,0.26372599601745605
1741033206689670400,1.52467041015625,-1.2403287887573242,-0.1688065528869629,0.748629093170166
1741033206699773700,1.534773681640625,-1.068995475769043,-0.14328479766845703,0.48896217346191406
1741033206709877200,1.544877197265625,-0.41533851623535156,0.24791932106018066,0.2798917293548584
1741033206719980800,1.554980712890625,0.02819061279296875,0.4490201473236084,-0.24512839317321777
1741033206730084400,1.56508447265625,0.15164947509765625,0.15986275672912598,-0.6405315399169922
1741033206740187600,1.575187744140625,0.3916797637939453,-0.418410062789917,-0.978769063949585
1741033206750291200,1.585291259765625,0.645838737487793,-1.1211628913879395,-1.3115487098693848
1741033206760394800,1.595394775390625,0.8149595260620117,-1.4624642133712769,-1.085695505142212
1741033206770498300,1.605498291015625,1.346048355102539,-1.2026820182800293,0.03958606719970703
1741033206780601600,1.6156015625,1.404097557067871,-0.2890512943267822,1.424816608428955
1741033206790705200,1.625705078125,1.446157455444336,0.95383620262146,1.6313090324401855
1741033206800808700,1.63580859375,2.0479907989501953,1.878894567489624,1.2716865539550781
1741033206810912300,1.645912353515625,2.701901435852051,2.576334238052368,0.7676830291748047
1741033206821015600,1.656015625,2.970315933227539,2.7339560985565186,-0.15325164794921875
1741033206831119000,1.666119140625,3.007239818572998,2.1812210083007812,-0.5146884918212891
1741033206841222700,1.67622265625,3.6041345596313477,1.4108366966247559,-0.2141423225402832
1741033206851326200,1.686326171875,4.8905720710754395,0.491851806640625,0.015307426452636719
1741033206861429800,1.6964296875,4.816798210144043,-0.7465972900390625,0.34464025497436523
1741033206871533000,1.706532958984375,4.042941570281982,-1.8780285120010376,0.956305980682373
1741033206881636600,1.71663671875,2.5018906593322754,-2.2069783210754395,2.1452770233154297
1741033206891740200,1.726740234375,0.6678371429443359,-1.7640358209609985,3.0752086639404297
1741033206901843700,1.73684375,-0.3085594177246094,-1.014357566833496,3.2098169326782227
1741033206911947000,1.746947021484375,-0.1687941551208496,-0.42662274837493896,3.163384437561035
1741033206922050600,1.757050537109375,-0.3160390853881836,-0.04550480842590332,2.8473587036132812
1741033206932154000,1.767154052734375,-0.4610276222229004,0.042955994606018066,1.9877324104309082
1741033206942257700,1.777257568359375,-0.6983809471130371,-0.25712883472442627,0.7664599418640137
1741033206952361000,1.78736083984375,-1.2313642501831055,-0.7917912602424622,-0.8630304336547852
1741033206962464500,1.797464599609375,-1.8979401588439941,-1.676277995109558,-2.4243369102478027
1741033206972568000,1.807568115234375,-1.9991860389709473,-2.5164740085601807,-3.657424211502075
1741033206982671600,1.817671630859375,-1.6854467391967773,-2.982252597808838,-4.439113616943359
1741033206992775000,1.82777490234375,-0.9846868515014648,-3.1589999198913574,-4.435564041137695
1741033207002878500,1.83787841796875,6.8487043380737305,-3.2208621501922607,-5.111934185028076
1741033207012982000,1.84798193359375,3.031308650970459,-1.4481379985809326,-3.8655519485473633
1741033207023086300,1.85808642578125,2.686832904815674,-0.9340956211090088,-2.7985830307006836
1741033207033190000,1.86818994140625,2.558185577392578,-0.6424280405044556,-2.3534388542175293
1741033207043293200,1.878293212890625,1.6356186866760254,-0.22575128078460693,-1.414961814880371
1741033207053396700,1.888396728515625,0.6162981986999512,0.29700005054473877,-0.31993770599365234
1741033207063500300,1.898500244140625,0.24695777893066406,0.9400327205657959,0.6878781318664551
1741033207073603800,1.908603759765625,0.49618959426879883,1.4039497375488281,1.2161865234375
1741033207083707100,1.91870703125,1.2445378303527832,1.3539786338806152,1.3797554969787598
1741033207093810700,1.928810791015625,1.4168806076049805,0.8241523504257202,1.1513681411743164
1741033207103914200,1.938914306640625,1.2554211616516113,-0.14186978340148926,0.3822760581970215
1741033207114017800,1.949017822265625,1.1334171295166016,-1.1913931369781494,-0.4284543991088867
1741033207124121000,1.95912109375,1.1990137100219727,-1.9984111785888672,-0.8898506164550781
1741033207134224600,1.969224609375,1.3333368301391602,-2.264538049697876,-1.041715145111084
1741033207144328200,1.979328125,1.583695411682129,-2.0017616748809814,-0.9390783309936523
1741033207154431700,1.989431640625,2.2323575019836426,-1.4769929647445679,-0.7037343978881836
1741033207164535000,1.99953515625,2.501595973968506,-1.0934295654296875,-0.2852802276611328
1741033207174638600,2.009638671875,2.6913042068481445,-0.8663849830627441,0.06022930145263672
1741033207184742100,2.0197421875,2.064779281616211,-0.5467095375061035,0.521125316619873
1741033207194845700,2.029845703125,1.8508572578430176,-0.29087209701538086,0.9857983589172363
1741033207204949000,2.039948974609375,1.6357192993164062,-0.020620346069335938,0.9845304489135742
1741033207215052500,2.050052490234375,1.236767292022705,0.32425546646118164,0.5328025817871094
1741033207225156000,2.060156005859375,0.715303897857666,0.7864103317260742,0.00342559814453125
1741033207235259600,2.070259765625,0.15393733978271484,1.0120368003845215,-0.5170183181762695
1741033207245363200,2.08036328125,-0.1773056983947754,1.026163101196289,-0.9829425811767578
1741033207255466500,2.090466552734375,-0.5612597465515137,0.6987476348876953,-1.4906206130981445
1741033207265570000,2.100570068359375,-1.6038227081298828,0.25777196884155273,-1.8041090965270996
1741033207275673600,2.110673583984375,-2.513803482055664,-0.055848121643066406,-1.9410350322723389
1741033207285777200,2.120777099609375,-2.8100099563598633,-0.20816946029663086,-1.9471378326416016
1741033207295880400,2.13088037109375,-2.8311054706573486,-0.24791622161865234,-1.9491708278656006
1741033207305984000,2.14098388671875,-2.623838424682617,-0.29055309295654297,-2.2094361782073975
1741033207316087600,2.151087646484375,-2.1037254333496094,-0.24457979202270508,-2.6674373149871826
1741033207326191000,2.161191162109375,-1.7272911071777344,0.024438858032226562,-3.0900261402130127
1741033207336294400,2.17129443359375,-1.6679720878601074,0.4824099540710449,-3.2671124935150146
1741033207346398000,2.18139794921875,-2.054814338684082,0.7465043067932129,-3.3449738025665283
1741033207356501500,2.19150146484375,-2.7689783573150635,0.8546590805053711,-3.282257318496704
1741033207366605300,2.201605224609375,-2.9259488582611084,0.9617404937744141,-2.688175678253174
1741033207376709400,2.21170947265625,-2.635603666305542,1.469594955444336,-0.8054428100585938
1741033207386812700,2.221812744140625,-1.7230029106140137,1.8854951858520508,1.7627768516540527
1741033207396916200,2.231916259765625,-0.3687448501586914,2.0900983810424805,4.11372709274292
1741033207407019800,2.242019775390625,1.0016403198242188,2.2743163108825684,5.809157848358154
1741033207417123300,2.252123291015625,1.6717376708984375,2.268857955932617,6.58982515335083
1741033207427226600,2.2622265625,1.5175271034240723,1.8876891136169434,6.145026683807373
1741033207437330200,2.272330078125,0.9316492080688477,1.4180631637573242,4.937880516052246
1741033207447433700,2.282433837890625,0.24506139755249023,1.2102603912353516,3.620431423187256
1741033207457537300,2.292537353515625,-0.708958625793457,1.274613857269287,2.4612784385681152
1741033207467640600,2.302640625,-1.895272970199585,1.3160405158996582,1.6161417961120605
1741033207477744000,2.312744140625,-3.2726826667785645,1.1238842010498047,0.8610882759094238
1741033207487847700,2.32284765625,-4.666594505310059,0.8507404327392578,0.10965919494628906
1741033207497986800,2.33298681640625,-5.200297832489014,0.31104612350463867,-0.7589321136474609
1741033207508292400,2.343292236328125,-5.632203102111816,-0.48647308349609375,-1.698789119720459
1741033207518597600,2.35359765625,-5.9115777015686035,-1.238884449005127,-2.387125253677368
1741033207528835600,2.363835693359375,-5.2604241371154785,-1.7726306915283203,-2.5958127975463867
1741033207538959000,2.373958984375,-3.9403810501098633,-2.003469944000244,-2.4738681316375732
1741033207549062700,2.384062744140625,-2.764573812484741,-1.8957138061523438,-2.121807098388672
1741033207559166200,2.394166259765625,-1.6377067565917969,-1.2650976181030273,-1.4225883483886719
1741033207569269800,2.404269775390625,-0.2582578659057617,-0.30387115478515625,-0.5958051681518555
1741033207579373000,2.414373046875,0.6614298820495605,0.5286641120910645,-0.0877833366394043
1741033207589476600,2.4244765625,0.8288016319274902,1.0307493209838867,0.05374860763549805
1741033207599580200,2.434580078125,0.1504826545715332,1.2737574577331543,-0.012776851654052734
1741033207609684500,2.4446845703125,-0.9227237701416016,1.398500919342041,-0.30321455001831055
1741033207619788000,2.4547880859375,-1.4436230659484863,1.5055646896362305,-0.6328310966491699
1741033207629891300,2.464891357421875,-0.9760329723358154,1.4961023330688477,-0.709012508392334
1741033207639995000,2.474994873046875,-0.9236066341400146,1.1781678199768066,-0.3714027404785156
1741033207650098400,2.485098388671875,-0.9904615879058838,0.5720586776733398,0.1777024269104004
1741033207660202000,2.495201904296875,-0.39891719818115234,-0.20210027694702148,0.7595529556274414
1741033207670305300,2.50530517578125,0.5978221893310547,-0.768223762512207,1.0062932968139648
1741033207680408800,2.515408935546875,1.5565743446350098,-1.2297444343566895,0.8528237342834473
1741033207690512400,2.525512451171875,1.9562716484069824,-1.3760738372802734,0.6759371757507324
1741033207700616000,2.535615966796875,2.0657472610473633,-1.3267574310302734,0.37317323684692383
1741033207710719200,2.54571923828125,2.0535225868225098,-1.192939281463623,0.11645078659057617
1741033207720822800,2.55582275390625,1.8541207313537598,-0.917600154876709,0.15217351913452148
1741033207730926300,2.56592626953125,1.517611026763916,-0.7280006408691406,0.44345617294311523
1741033207741030000,2.57602978515625,1.0572681427001953,-0.6198635101318359,1.1366405487060547
1741033207751133200,2.58613330078125,0.9839181900024414,-0.7033290863037109,1.7068324089050293
1741033207761236700,2.59623681640625,1.7603707313537598,-0.8062539100646973,2.0524845123291016
1741033207771340300,2.60634033203125,2.3063926696777344,-0.8187417984008789,2.1147208213806152
1741033207781443800,2.61644384765625,2.5871949195861816,-0.9260177612304688,1.890413761138916
1741033207791547100,2.626547119140625,2.381089210510254,-1.0604281425476074,1.4489336013793945
1741033207801650700,2.636650634765625,2.08430814743042,-0.9795851707458496,0.699671745300293
1741033207811754200,2.646754150390625,1.66143798828125,-0.6399855613708496,-0.17492103576660156
1741033207821857800,2.65685791015625,1.1020421981811523,-0.018440723419189453,-0.614896297454834
1741033207831961000,2.666961181640625,0.29238414764404297,0.5736546516418457,-0.6134657859802246
1741033207842064600,2.677064697265625,-0.3588118553161621,0.8641295433044434,-0.3761448860168457
1741033207852168200,2.687168212890625,-0.37898683547973633,0.7813229560852051,-0.3186368942260742
1741033207862271700,2.697271728515625,0.10393095016479492,0.42090606689453125,-0.41704225540161133
1741033207872375000,2.707375,0.5828213691711426,0.1445903778076172,-0.5795483589172363
1741033207882478600,2.717478515625,1.347787857055664,-0.01101064682006836,-0.7146792411804199
1741033207892582100,2.72758203125,2.2647252082824707,0.007686614990234375,-0.5330314636230469
1741033207902685700,2.737685791015625,2.842153549194336,0.05559206008911133,-0.6758561134338379
1741033207912789000,2.7477890625,3.2814159393310547,0.23630189895629883,-1.2196054458618164
1741033207922892500,2.757892578125,3.2359070777893066,0.5679726600646973,-1.6573829650878906
1741033207932996000,2.76799609375,2.6590709686279297,1.128952980041504,-1.8245124816894531
1741033207943099600,2.778099609375,2.0915303230285645,2.0242810249328613,-0.9631242752075195
1741033207953203200,2.788203125,2.3491392135620117,3.4605679512023926,1.2055320739746094
1741033207963306800,2.798306640625,3.28446102142334,4.689372539520264,3.396069049835205
1741033207973410800,2.808410888671875,3.654444694519043,5.121587753295898,4.992575645446777
1741033207983514400,2.818514404296875,3.3339638710021973,4.393007755279541,5.506231784820557
1741033207993618000,2.828617919921875,2.7686004638671875,2.681790351867676,4.276292324066162
1741033208003721500,2.838721435546875,1.8781070709228516,0.9875493049621582,2.425105571746826
1741033208013824800,2.84882470703125,1.370560646057129,-0.21623468399047852,0.5208520889282227
1741033208023928300,2.85892822265625,1.0705876350402832,-1.3133883476257324,-0.9557991027832031
1741033208034126800,2.869126953125,1.6807165145874023,-1.3088784217834473,-1.027618408203125
1741033208044432400,2.879432373046875,2.436007499694824,-0.7519044876098633,0.07133150100708008
1741033208054737700,2.889737548828125,2.8634848594665527,-0.8468728065490723,0.8602094650268555
1741033208064927200,2.89992724609375,2.459054946899414,-1.4765291213989258,1.102196216583252
1741033208075039700,2.910039794921875,1.5204124450683594,-1.8498010635375977,1.3620266914367676
1741033208085143000,2.92014306640625,0.39534807205200195,-1.804654598236084,1.8398785591125488
1741033208095246600,2.93024658203125,-0.24858856201171875,-1.6786103248596191,2.061863899230957
1741033208105350100,2.94035009765625,-0.5939245223999023,-1.6882362365722656,1.9356822967529297
1741033208115453700,2.95045361328125,-0.942939281463623,-1.7542591094970703,1.5851998329162598
1741033208125557200,2.96055712890625,-1.291578769683838,-2.1046080589294434,1.0932650566101074
1741033208135661300,2.970661376953125,-0.9924492835998535,-2.7023534774780273,0.4467611312866211
1741033208145764900,2.980764892578125,-0.8554525375366211,-3.2300941944122314,-0.07711982727050781
1741033208155868400,2.990868408203125,-0.9120950698852539,-4.10465669631958,-0.7886228561401367
1741033208165972000,3.000971923828125,-0.791475772857666,-4.867498874664307,-1.6536822319030762
1741033208176075300,3.0110751953125,-0.8905739784240723,-4.80583381652832,-2.3613805770874023
1741033208186178800,3.0211787109375,-0.9226851463317871,-4.262523651123047,-2.649402618408203
1741033208196282400,3.031282470703125,-1.1796069145202637,-3.799013137817383,-2.740557909011841
1741033208206386000,3.041385986328125,-1.7333545684814453,-3.559171199798584,-2.940009593963623
1741033208216489200,3.0514892578125,-2.257204532623291,-3.291335344314575,-3.118447780609131
1741033208226592800,3.0615927734375,-2.7427010536193848,-2.7924180030822754,-3.0617117881774902
1741033208236862700,3.07186279296875,-3.0105066299438477,-1.929093360900879,-2.636437177658081
1741033208247168000,3.08216796875,-3.3168091773986816,-1.1272501945495605,-2.117649793624878
1741033208257463800,3.0924638671875,-3.38016939163208,-0.6457982063293457,-1.5269484519958496
1741033208267601000,3.102600830078125,-3.241489887237549,-0.5040583610534668,-0.9561522006988525
1741033208277704400,3.112704345703125,-2.5064327716827393,-0.7569599151611328,-0.7582826614379883
1741033208287807700,3.122807861328125,-1.5568652153015137,-1.234227180480957,-0.663844108581543
1741033208297911300,3.132911376953125,-0.6665172576904297,-1.607630729675293,-0.4955434799194336
1741033208308014800,3.143014892578125,0.37055301666259766,-1.6878809928894043,-0.3136000633239746
1741033208318118400,3.153118408203125,1.592824935913086,-1.3839139938354492,-0.06439685821533203
1741033208328221700,3.1632216796875,2.1082210540771484,-0.8088445663452148,0.11363410949707031
1741033208338325200,3.1733251953125,2.0829758644104004,-0.11177396774291992,0.32947826385498047
1741033208348428800,3.1834287109375,1.8926973342895508,0.5810890197753906,0.6893582344055176
1741033208358532400,3.193532470703125,1.4156079292297363,1.0366196632385254,0.981236457824707
1741033208368635600,3.2036357421875,0.6460866928100586,1.256523609161377,1.4202876091003418
1741033208378739200,3.2137392578125,-0.016808509826660156,1.175065517425537,1.4959020614624023
1741033208388842800,3.2238427734375,0.16914939880371094,0.9380149841308594,0.9268360137939453
1741033208398947000,3.233947021484375,0.9999723434448242,0.5259823799133301,-0.06245994567871094
1741033208409050600,3.244050537109375,1.4934601783752441,0.14254426956176758,-1.1302814483642578
1741033208419154000,3.25415380859375,1.5675444602966309,-0.07811450958251953,-2.08679461479187
1741033208429281300,3.26428125,0.8576993942260742,-0.04553699493408203,-2.3984360694885254
1741033208439586800,3.2745869140625,-0.29036617279052734,0.43457937240600586,-2.0778183937072754
1741033208449892000,3.28489208984375,-0.31829118728637695,1.2172746658325195,-1.056501865386963
1741033208460139500,3.295139404296875,0.7245650291442871,2.170133113861084,0.6397509574890137
1741033208470265600,3.305265625,1.6052894592285156,2.8992114067077637,2.6131396293640137
1741033208480369000,3.315368896484375,2.2481255531311035,2.9835968017578125,4.0669779777526855
1741033208490472400,3.325472412109375,1.8471670150756836,2.4597487449645996,4.623787879943848
1741033208500576000,3.335575927734375,1.5887985229492188,1.7086443901062012,4.598184585571289
1741033208510679600,3.345679443359375,1.4443697929382324,1.3710575103759766,4.151248931884766
1741033208520782800,3.355782958984375,1.3477535247802734,1.391310214996338,3.40651273727417
1741033208530886400,3.365886474609375,0.3855772018432617,1.6215415000915527,2.899758815765381
1741033208540990000,3.375989990234375,-0.7367773056030273,1.8439216613769531,2.447697639465332
1741033208551093500,3.386093505859375,-1.9775652885437012,1.7797999382019043,2.0432300567626953
1741033208561196800,3.39619677734375,-3.2584352493286133,1.4886064529418945,1.5471839904785156
1741033208571300400,3.40630029296875,-4.460214614868164,0.9565277099609375,0.9081149101257324
1741033208581404000,3.41640380859375,-5.293272495269775,0.23909997940063477,0.12754249572753906
1741033208591507500,3.426507568359375,-5.5616135597229,-0.46559953689575195,-0.6792821884155273
1741033208601611000,3.436611083984375,-5.269389629364014,-1.1278910636901855,-1.263016939163208
1741033208611714300,3.44671435546875,-4.385229110717773,-1.6837139129638672,-1.5686700344085693
1741033208621817900,3.45681787109375,-2.8239526748657227,-1.8906354904174805,-1.6924080848693848
1741033208631921400,3.46692138671875,-1.108672857284546,-1.83866548538208,-1.7307121753692627
1741033208642025000,3.47702490234375,0.1606898307800293,-1.6689181327819824,-1.66845703125
1741033208652128300,3.487128173828125,1.043165683746338,-1.421504020690918,-1.5548932552337646
1741033208662232300,3.497232421875,1.1774544715881348,-0.9517135620117188,-1.1033592224121094
1741033208672336100,3.507336181640625,1.0164709091186523,-0.32795095443725586,-0.5454139709472656
1741033208682439700,3.517439697265625,0.7951278686523438,0.0035080909729003906,-0.2794060707092285
1741033208692543200,3.527543212890625,0.8763718605041504,0.037891387939453125,-0.3597688674926758
1741033208702646500,3.537646484375,0.9421496391296387,-0.11330604553222656,-0.2982001304626465
1741033208712750000,3.54775,0.8664546012878418,-0.4516935348510742,-0.21086406707763672
1741033208722853600,3.557853515625,1.512620449066162,-0.8077044486999512,-0.34618234634399414
1741033208732957200,3.567957275390625,2.0986838340759277,-1.0208048820495605,-0.5355343818664551
1741033208743060500,3.578060546875,2.2749276161193848,-1.3688654899597168,-0.976656436920166
1741033208753164000,3.5881640625,1.8138694763183594,-1.7951140403747559,-1.1414604187011719
1741033208763267600,3.598267578125,0.9033570289611816,-1.810960292816162,-0.6757626533508301
1741033208773371100,3.60837109375,1.2518153190612793,-1.203610897064209,-0.0435633659362793
1741033208783474400,3.618474365234375,1.6005406379699707,-0.42204952239990234,0.6629137992858887
1741033208793578000,3.628577880859375,1.5126776695251465,-0.027901172637939453,0.8388328552246094
1741033208803681500,3.638681640625,1.0311903953552246,0.03835296630859375,0.30306053161621094
1741033208813785000,3.64878515625,0.1675100326538086,-0.23547124862670898,-0.8770046234130859
1741033208823888400,3.658888427734375,-0.13364219665527344,-0.551720142364502,-1.856069803237915
1741033208834122800,3.669122802734375,-0.3350343704223633,-0.36385154724121094,-1.8173537254333496
1741033208844428000,3.679427978515625,0.1485757827758789,0.18884038925170898,-1.3136482238769531
1741033208854733300,3.6897333984375,1.4836664199829102,0.7525181770324707,-0.9441189765930176
1741033208864894200,3.699894287109375,2.5722246170043945,1.0323729515075684,-0.4491291046142578
1741033208875000000,3.71,2.5824570655822754,0.9667878150939941,0.3354167938232422
1741033208885103600,3.720103515625,1.7959790229797363,0.45775604248046875,1.0412631034851074
1741033208895207000,3.73020703125,0.056097984313964844,0.11573219299316406,1.1484694480895996
1741033208905310500,3.740310546875,-0.08225393295288086,0.5264825820922852,1.3881187438964844
1741033208915414000,3.7504140625,0.16422176361083984,1.4580283164978027,1.6309576034545898
1741033208925517600,3.760517578125,0.4288005828857422,1.597571849822998,1.566640853881836
1741033208935620900,3.770620849609375,-0.1132655143737793,0.9223647117614746,0.9479036331176758
1741033208945724400,3.780724365234375,-0.0671834945678711,0.2550845146179199,0.5998973846435547
1741033208955828000,3.790827880859375,0.39520835876464844,-0.23539209365844727,-0.14238262176513672
1741033208965931800,3.800931884765625,0.27797508239746094,-0.7379331588745117,-0.9692800045013428
1741033208976035800,3.811035888671875,0.007918834686279297,-1.1461801528930664,-1.5588209629058838
1741033208986139100,3.82113916015625,0.41624879837036133,-1.368758201599121,-1.745596170425415
1741033208996242700,3.83124267578125,0.7322793006896973,-1.2267417907714844,-1.1402809619903564
1741033209006346200,3.84134619140625,1.692962646484375,-0.23977994918823242,0.3990349769592285
1741033209016449800,3.85144970703125,3.037710666656494,1.6800270080566406,2.848498821258545
1741033209026553000,3.861552978515625,4.290136337280273,3.0997414588928223,5.129140377044678
1741033209036656600,3.87165673828125,4.755290985107422,3.253739356994629,5.742419719696045
1741033209046760200,3.88176025390625,4.207830905914307,2.8361072540283203,5.929394721984863
1741033209056863700,3.89186376953125,3.277496814727783,2.216254711151123,6.470458984375
1741033209066967000,3.901967041015625,2.3858776092529297,1.3898134231567383,6.916053771972656
1741033209077070600,3.912070556640625,2.3588571548461914,0.20440101623535156,7.075087070465088
1741033209087174100,3.922174072265625,2.382266044616699,-1.1660947799682617,6.564570426940918
1741033209097277700,3.932277587890625,2.6310248374938965,-2.3697948455810547,5.2881646156311035
1741033209107381000,3.942381103515625,2.8154568672180176,-2.9632039070129395,3.7645936012268066
1741033209117484500,3.952484619140625,2.835451602935791,-3.4131429195404053,2.2808942794799805
1741033209127588000,3.962588134765625,2.180309295654297,-3.672549247741699,0.950110912322998
1741033209137691600,3.972691650390625,1.6348323822021484,-3.908233642578125,0.3523709774017334
1741033209147795000,3.982794921875,1.2602119445800781,-3.679448366165161,0.3997230529785156
1741033209157898500,3.9928984375,1.0376625061035156,-2.917431354522705,0.9941997528076172
1741033209168002000,4.003001953125,0.6528253555297852,-2.1761293411254883,1.5371696949005127
1741033209178105600,4.013105712890625,-0.6133785247802734,-1.747528076171875,1.379988431930542
1741033209188209000,4.023208984375,-1.6019954681396484,-0.9410350322723389,1.488166093826294
1741033209198312400,4.0333125,-2.2871131896972656,0.3343493938446045,1.9649450778961182
1741033209208416000,4.043416015625,-2.171873092651367,1.631324052810669,2.024168014526367
1741033209218519600,4.05351953125,-2.4233789443969727,2.028618812561035,1.432183027267456
1741033209228622800,4.063622802734375,-2.779171943664551,1.4013335704803467,-0.16131162643432617
1741033209238726400,4.073726318359375,-3.777040958404541,0.36299967765808105,-1.4182597398757935
1741033209248830000,4.083829833984375,-4.451496124267578,-0.4952709674835205,-2.5158982276916504
1741033209258933500,4.09393359375,-5.323204040527344,-1.1860816478729248,-3.071854829788208
1741033209269036800,4.104036865234375,-6.385514259338379,-1.9138737916946411,-3.318122148513794
1741033209279140400,4.114140380859375,-7.008135795593262,-2.404648780822754,-3.8013525009155273
1741033209289244000,4.124243896484375,-7.461747169494629,-2.909276247024536,-4.310128688812256
1741033209299347500,4.134347412109375,-6.622581481933594,-2.9981441497802734,-4.702104091644287
1741033209309451000,4.144450927734375,-4.461143493652344,-2.6885881423950195,-4.988292217254639
1741033209319554300,4.15455419921875,-3.1133084297180176,-2.2181739807128906,-4.932415962219238
1741033209329657900,4.164657958984375,-3.221863269805908,-1.2339134216308594,-4.168567657470703
1741033209339761400,4.174761474609375,-2.9086227416992188,-0.39518022537231445,-2.7446882724761963
1741033209349865000,4.184864990234375,-2.034079074859619,0.16600322723388672,-1.5752044916152954
1741033209359968300,4.19496826171875,-2.097093105316162,0.5243923664093018,-0.8699781894683838
1741033209370071800,4.20507177734375,-1.8189897537231445,0.6361262798309326,-0.4846358299255371
1741033209380175400,4.21517529296875,-0.6876287460327148,0.7016074657440186,-0.03853440284729004
1741033209390279000,4.22527880859375,0.6030063629150391,0.8191449642181396,0.4361298084259033
1741033209400382200,4.23538232421875,1.2396116256713867,0.5527181625366211,1.0944890975952148
1741033209410485800,4.24548583984375,0.3197050094604492,0.3703620433807373,1.062483310699463
1741033209420589300,4.25558935546875,-0.6667270660400391,0.4914088249206543,0.45649194717407227
1741033209430692900,4.26569287109375,-1.0305428504943848,0.44083547592163086,-0.03284502029418945
1741033209440796200,4.275796142578125,-0.7942190170288086,0.5065131187438965,-0.7919459342956543
1741033209450899700,4.285899658203125,0.8350868225097656,0.5249514579772949,-1.3223628997802734
1741033209461003300,4.296003173828125,1.991598129272461,0.440873384475708,-1.8417435884475708
1741033209471106800,4.30610693359375,1.8785896301269531,0.2804839611053467,-1.6456706523895264
1741033209481210000,4.316210205078125,1.0534849166870117,-0.8329684734344482,-2.309291362762451
1741033209491313700,4.326313720703125,0.6724252700805664,-1.557300329208374,-3.4115068912506104
1741033209501417200,4.336417236328125,0.6285314559936523,-1.8007829189300537,-4.1868791580200195
1741033209511521500,4.346521484375,-0.010922431945800781,-0.9224147796630859,-3.360354423522949
1741033209521625000,4.356625,-0.37613964080810547,0.20137500762939453,-1.6095459461212158
1741033209531728400,4.366728271484375,0.7969913482666016,0.742302417755127,0.140977144241333
1741033209541832000,4.37683203125,2.425473213195801,0.5592029094696045,1.1612741947174072
1741033209551935500,4.386935546875,3.0203428268432617,0.6951746940612793,1.481661319732666
1741033209562039000,4.3970390625,2.5284194946289062,0.06177830696105957,1.1127042770385742
1741033209572142300,4.407142333984375,2.385580062866211,0.1855330467224121,0.9517021179199219
1741033209582246000,4.417245849609375,2.088107109069824,0.5978007316589355,1.3578579425811768
1741033209592349400,4.427349365234375,2.081178665161133,0.2172698974609375,2.2646021842956543
1741033209602453000,4.437452880859375,2.5277585983276367,-0.47180986404418945,3.032569408416748
1741033209612556300,4.447556396484375,3.554743766784668,-1.2460618019104004,4.3764190673828125
1741033209622659800,4.457659912109375,4.401049613952637,-1.7516868114471436,5.6158599853515625
1741033209632763400,4.467763427734375,5.481513977050781,-1.3027517795562744,6.119924545288086
1741033209642867000,4.477866943359375,3.975069999694824,-0.06035757064819336,6.003517150878906
1741033209652970200,4.48797021484375,2.681818962097168,1.0957393646240234,5.898525238037109
1741033209663073800,4.49807373046875,0.6493048667907715,2.182973861694336,4.529106140136719
1741033209673177300,4.50817724609375,-1.345125675201416,1.0771913528442383,2.3297486305236816
1741033209683281000,4.518281005859375,-3.1770949363708496,0.4972105026245117,1.747747778892517
1741033209693384400,4.528384521484375,-4.078365325927734,0.07584762573242188,1.2259831428527832
1741033209703487700,4.53848779296875,-3.2681126594543457,-0.6209077835083008,0.20504355430603027
1741033209713591300,4.54859130859375,-1.3172664642333984,-2.220735549926758,-1.8709884881973267
1741033209723694800,4.55869482421875,-1.888791561126709,-2.799065113067627,-2.554145097732544
1741033209733798400,4.56879833984375,-2.1409425735473633,-2.7563395500183105,-2.5480360984802246
1741033209743901700,4.578901611328125,-1.546374797821045,-3.105835437774658,-2.8692030906677246
1741033209754005200,4.589005126953125,0.19789552688598633,-2.5000123977661133,-2.7543742656707764
1741033209764108800,4.59910888671875,1.7445363998413086,-1.3949503898620605,-2.6647586822509766
1741033209774212400,4.60921240234375,-1.3983616828918457,0.8837289810180664,-2.4439237117767334
1741033209784315600,4.619315673828125,-4.937530517578125,1.6719322204589844,-2.8964550495147705
1741033209794419200,4.629419189453125,-6.141209125518799,1.3474864959716797,-2.694138288497925
1741033209804522800,4.639522705078125,-4.454958915710449,1.0597143173217773,-0.6942363977432251
1741033209814626300,4.649626220703125,-1.6793341636657715,0.3473501205444336,1.1132084131240845
1741033209824729600,4.6597294921875,1.71821928024292,-1.164113998413086,1.4214506149291992
1741033209834833200,4.669833251953125,-0.6570682525634766,-2.7103686332702637,2.37628173828125
1741033209844936700,4.679936767578125,-0.34366750717163086,-5.205499649047852,1.9645490646362305
1741033209855040300,4.690040283203125,-0.5723285675048828,-5.834951400756836,0.8599119186401367
1741033209865143600,4.7001435546875,-1.8293819427490234,-3.540585517883301,-0.012659192085266113
1741033209875247000,4.7102470703125,-2.708199977874756,-0.609614372253418,-1.013788104057312
1741033209885350700,4.7203505859375,-2.9714927673339844,0.6480846405029297,-2.85819935798645
1741033209895454200,4.7304541015625,-2.5241780281066895,1.259537696838379,-2.552323341369629
1741033209905557500,4.7405576171875,-1.1860783100128174,1.2347192764282227,-0.4006820619106293
1741033209915661000,4.7506611328125,0.42273473739624023,0.5120439529418945,1.6245708465576172
1741033209925764600,4.7607646484375,1.1675257682800293,-0.28934764862060547,2.7420737743377686
1741033209935868200,4.7708681640625,1.3699455261230469,-1.6077303886413574,2.2910561561584473
1741033209945971500,4.780971435546875,1.0701937675476074,-3.023953437805176,1.1170350313186646
1741033209956075000,4.791074951171875,0.46187782287597656,-3.94932222366333,0.20872288942337036
1741033209966178600,4.801178466796875,-0.6568603515625,-4.26276159286499,0.055226266384124756
1741033209976282000,4.8112822265625,-1.5756616592407227,-3.4055304527282715,0.9627475738525391
1741033209986385400,4.821385498046875,-1.9543030261993408,-3.1735315322875977,1.931281566619873
1741033209996489000,4.831489013671875,-1.8304084539413452,-3.085817337036133,2.5346193313598633
1741033210006592500,4.841592529296875,-1.6961675882339478,-2.6003527641296387,2.321316719055176
1741033210016696000,4.851696044921875,-0.8977410793304443,-2.290581226348877,1.9615676403045654
1741033210026799400,4.86179931640625,-0.11817431449890137,-2.141335964202881,0.7613897919654846
1741033210036903000,4.87190283203125,0.8766763210296631,-0.8971776962280273,-0.9800889492034912
1741033210047006500,4.88200634765625,1.6214637756347656,0.32001495361328125,-2.349851131439209
1741033210057110000,4.892110107421875,2.6145403385162354,0.597498893737793,-3.612877130508423
1741033210067213300,4.90221337890625,2.2089266777038574,1.1198272705078125,-4.426168441772461
1741033210077316900,4.91231689453125,1.6005854606628418,1.390380859375,-3.5147390365600586
1741033210087420400,4.92242041015625,0.7319355010986328,2.2136640548706055,-1.5198408365249634
1741033210097524000,4.93252392578125,0.4190990924835205,4.190192222595215,2.1493260860443115
1741033210107627500,4.94262744140625,-1.4525822401046753,3.7318954467773438,5.4942946434021
1741033210117730800,4.952730712890625,-1.5045431852340698,4.025146484375,7.652421474456787
1741033210127834400,4.96283447265625,-1.918325662612915,3.22841739654541,7.288806438446045
1741033210137938000,4.97293798828125,-1.6480350494384766,2.356501579284668,6.631304740905762
1741033210148041500,4.98304150390625,-1.0474711656570435,1.4923620223999023,5.64888334274292
1741033210158144800,4.993144775390625,-0.8653702735900879,-0.33392810821533203,3.0956296920776367
1741033210168248300,5.003248291015625,-0.2385704517364502,-2.651449203491211,-1.2711963653564453
1741033210178351900,5.013351806640625,0.30176568031311035,-4.093940258026123,-3.3620901107788086
1741033210188455400,5.023455322265625,0.47049570083618164,-5.0139641761779785,-3.6666102409362793
1741033210198558700,5.033558837890625,1.0446338653564453,-5.034201145172119,-2.936030864715576
1741033210208662300,5.043662353515625,1.929516315460205,-3.358107566833496,-2.0143566131591797
1741033210218765800,5.053765869140625,2.238511323928833,-1.4301443099975586,-2.31691837310791
1741033210228869400,5.063869384765625,2.1874520778656006,1.4482994079589844,-1.7819262742996216
1741033210238972700,5.07397265625,1.6028249263763428,4.721997261047363,-0.14619982242584229
1741033210249076200,5.084076171875,1.7406156063079834,6.580120086669922,1.6604558229446411
1741033210259179800,5.0941796875,2.108795642852783,8.133081436157227,2.157510280609131
1741033210269283300,5.104283447265625,2.1792383193969727,9.234585762023926,2.541045665740967
1741033210279386600,5.11438671875,1.0428988933563232,8.67208194732666,2.557793617248535
1741033210289490200,5.124490234375,0.7014942169189453,5.007560729980469,1.4401004314422607
1741033210299593700,5.13459375,-0.1116635799407959,1.7255306243896484,0.4103442430496216
1741033210309697300,5.144697265625,0.06442642211914062,-0.359588623046875,-0.07935011386871338
1741033210319800600,5.154800537109375,0.03497958183288574,-1.7055044174194336,-0.5591142177581787
1741033210329904000,5.164904052734375,0.35460782051086426,-2.2357611656188965,-0.9088382720947266
1741033210340007700,5.175007568359375,0.6745069026947021,-2.561218738555908,-1.0183837413787842
1741033210350111200,5.185111328125,0.6895570755004883,-2.8618950843811035,-0.7535474300384521
1741033210360214500,5.195214599609375,0.6864109039306641,-3.2560086250305176,-0.36834073066711426
1741033210370318000,5.205318115234375,0.5479435920715332,-3.667154312133789,0.03927731513977051
1741033210380421600,5.215421630859375,0.19611120223999023,-4.125655174255371,0.2606257200241089
1741033210390525200,5.225525146484375,-0.15717554092407227,-4.520793914794922,0.3983118534088135
1741033210400628500,5.23562841796875,-0.49895596504211426,-4.7475666999816895,0.4647223949432373
1741033210410732000,5.24573193359375,-0.48212218284606934,-4.832558631896973,0.30486488342285156
1741033210420835600,5.255835693359375,-0.4225451946258545,-4.705367088317871,0.01210641860961914
1741033210430939100,5.265939208984375,-0.1082766056060791,-4.296388626098633,-0.19742631912231445
1741033210441042400,5.27604248046875,0.2504103183746338,-3.623908042907715,-0.044199466705322266
1741033210451146000,5.28614599609375,0.5186960697174072,-2.9467663764953613,0.3008843660354614
1741033210461249500,5.29624951171875,0.8256609439849854,-2.6471261978149414,0.22908198833465576
1741033210471353000,5.30635302734375,1.0401389598846436,-2.51577091217041,0.20116901397705078
1741033210481456400,5.316456298828125,0.850834846496582,-2.4442062377929688,0.3763394355773926
1741033210491560000,5.326559814453125,0.33641791343688965,-2.4297871589660645,0.5754294395446777
1741033210501663500,5.33666357421875,-0.5819355249404907,-2.207247734069824,0.631300687789917
1741033210511767000,5.34676708984375,-0.09629678726196289,-1.877547264099121,0.5240538120269775
1741033210521870600,5.35687060546875,0.8245947360992432,-1.7911229133605957,0.25656187534332275
1741033210531974000,5.366973876953125,1.4007112979888916,-1.5858078002929688,0.1827763319015503
1741033210542077400,5.377077392578125,1.5783107280731201,-1.436955451965332,0.18701386451721191
1741033210552181000,5.387180908203125,1.6319741010665894,-0.6712894439697266,0.4073396921157837
1741033210562284500,5.397284423828125,0.9339245557785034,0.38654232025146484,0.7747712731361389
1741033210572387800,5.407387939453125,0.42303013801574707,1.639791488647461,1.2087126970291138
1741033210582491400,5.417491455078125,0.05305743217468262,3.3064069747924805,1.6341772079467773
1741033210592595000,5.427594970703125,-0.11496388912200928,5.365607261657715,2.075974702835083
1741033210602698500,5.437698486328125,-0.11149811744689941,7.309962272644043,2.32057785987854
1741033210612801800,5.4478017578125,-0.2660048007965088,8.80175495147705,2.324432611465454
1741033210622905300,5.4579052734375,-0.6996074914932251,10.16602897644043,1.8443949222564697
1741033210633009000,5.4680087890625,-0.7361817359924316,10.460443496704102,0.6289882659912109
1741033210643112400,5.478112548828125,0.06869041919708252,9.653815269470215,-0.920475959777832
1741033210653215700,5.4882158203125,-0.48463553190231323,7.894941329956055,-2.51155424118042
1741033210663319300,5.4983193359375,-0.4695063829421997,5.618688583374023,-3.2107865810394287
1741033210673422800,5.5084228515625,0.3060358762741089,3.3615217208862305,-2.9874038696289062
1741033210683526400,5.5185263671875,1.0848180055618286,1.8047876358032227,-1.9762049913406372
1741033210693629700,5.528629638671875,1.6840639114379883,0.6214160919189453,-1.1862823963165283
1741033210703733200,5.538733154296875,2.1350483894348145,-0.1645374298095703,-0.7919875383377075
1741033210713836800,5.5488369140625,2.404546022415161,-0.594538688659668,-0.5348390340805054
1741033210723940400,5.5589404296875,2.7577645778656006,-0.8870830535888672,-0.36356258392333984
1741033210734043600,5.569043701171875,3.1224522590637207,-1.080153465270996,-0.428666353225708
1741033210744147200,5.579147216796875,3.273374557495117,-1.3397369384765625,-0.536344051361084
1741033210754250800,5.589250732421875,3.111304998397827,-1.5906009674072266,-0.6085251569747925
1741033210764354300,5.599354248046875,2.7191226482391357,-1.9191675186157227,-0.6660522222518921
1741033210774457600,5.60945751953125,2.2535252571105957,-2.285768508911133,-0.7079833745956421
1741033210784561200,5.61956103515625,2.0804030895233154,-2.6156134605407715,-0.7160413265228271
1741033210794664700,5.629664794921875,1.9182647466659546,-3.053332805633545,-0.60190749168396
1741033210804768300,5.639768310546875,1.703233242034912,-3.2492871284484863,-0.3787837028503418
1741033210814871600,5.64987158203125,1.7364100217819214,-3.2684736251831055,-0.299907922744751
1741033210824975000,5.65997509765625,1.8722249269485474,-3.063815116882324,-0.4899771809577942
1741033210835078700,5.67007861328125,1.8933851718902588,-2.6857056617736816,-0.5032848119735718
1741033210845182200,5.68018212890625,1.8124644756317139,-2.4138646125793457,-0.5017114281654358
1741033210855285500,5.690285400390625,1.8372809886932373,-2.0329346656799316,-0.5035712122917175
1741033210865389000,5.70038916015625,1.52805495262146,-1.7117938995361328,-0.5883126258850098
1741033210875492600,5.71049267578125,1.3513622283935547,-1.5206212997436523,-0.6199508309364319
1741033210885596200,5.72059619140625,1.2535679340362549,-1.325943946838379,-0.7086868286132812
1741033210895699500,5.730699462890625,1.1701050996780396,-1.0095539093017578,-0.7332360148429871
1741033210905803000,5.740802978515625,1.0501998662948608,-0.48997974395751953,-0.7712794542312622
1741033210915906600,5.750906494140625,0.9632437229156494,0.00189208984375,-0.8522489070892334
1741033210926010000,5.761010009765625,1.2180235385894775,0.2647695541381836,-0.981231689453125
1741033210936113700,5.77111376953125,1.420323133468628,0.37796497344970703,-1.0944139957427979
1741033210946217000,5.781217041015625,1.3290828466415405,0.3751392364501953,-1.273921012878418
1741033210956320500,5.791320556640625,1.164941668510437,0.40761566162109375,-1.3337583541870117
1741033210966424000,5.801424072265625,0.9322414398193359,0.4665803909301758,-1.3440213203430176
1741033210976527600,5.811527587890625,0.8042011260986328,0.6198005676269531,-1.3323193788528442
1741033210986631000,5.821630859375,-0.22427773475646973,1.0074329376220703,-1.3240994215011597
1741033210996734500,5.831734375,-2.2466390132904053,1.7401103973388672,-1.4019660949707031
1741033211006838000,5.841838134765625,-3.475085735321045,2.52386474609375,-1.2342896461486816
1741033211016941600,5.851941650390625,-3.604944944381714,3.0790958404541016,-0.7150071263313293
1741033211027044900,5.862044921875,-2.8743510246276855,3.173358917236328,-0.3159024715423584
1741033211037148400,5.8721484375,-1.7974493503570557,2.91851806640625,-0.26118001341819763
1741033211047252000,5.882251953125,-0.9611248970031738,2.7090272903442383,-0.610058605670929
1741033211057355500,5.89235546875,-0.9168224334716797,3.0179061889648438,-1.1767821311950684
1741033211067458800,5.902458740234375,-1.1828365325927734,3.528813362121582,-1.656131386756897
1741033211077562400,5.912562255859375,-1.213442325592041,3.9520931243896484,-2.0560600757598877
1741033211087666000,5.922666015625,-0.9777978658676147,4.200164794921875,-2.4180588722229004
1741033211097769500,5.93276953125,-0.3302961587905884,3.7978382110595703,-2.656332492828369
1741033211107872800,5.942872802734375,0.40623271465301514,2.9580936431884766,-2.635645866394043
1741033211117976300,5.952976318359375,0.9049813747406006,2.2532243728637695,-2.244520902633667
1741033211128080000,5.963079833984375,1.1459053754806519,1.6272544860839844,-1.7022929191589355
1741033211138183400,5.973183349609375,1.0866589546203613,0.7718620300292969,-1.203502893447876
1741033211148286700,5.98328662109375,0.8421205282211304,-0.2136707305908203,-0.8425087332725525
1741033211158390300,5.993390380859375,0.6580410003662109,-1.1620063781738281,-0.6682219505310059
1741033211168493800,6.003493896484375,0.6201367974281311,-1.7475242614746094,-0.6148964166641235
1741033211178597400,6.013597412109375,0.6193435192108154,-1.9495205879211426,-0.49291345477104187
1741033211188700700,6.02370068359375,0.6425526142120361,-1.7741308212280273,-0.5123623609542847
1741033211198804200,6.03380419921875,0.24168968200683594,-1.4029102325439453,-0.5750771164894104
1741033211208907800,6.04390771484375,-0.7119226455688477,-0.8636865615844727,-0.607681930065155
1741033211219011300,6.05401123046875,-1.1687103509902954,-0.08962059020996094,-0.18799322843551636
1741033211229114600,6.064114501953125,-1.6484768390655518,0.45074462890625,0.8031951189041138
1741033211239218200,6.07421826171875,-1.7305325269699097,0.6246232986450195,2.829617977142334
1741033211249321700,6.08432177734375,-1.1737452745437622,1.1610422134399414,6.992429733276367
1741033211259425300,6.09442529296875,-1.1757941246032715,1.3651762008666992,11.007194519042969
1741033211269528600,6.104528564453125,-0.7022198438644409,0.9797821044921875,12.169641494750977
1741033211279632100,6.114632080078125,0.5189906358718872,0.15581226348876953,11.559440612792969
1741033211289735700,6.124735595703125,1.5464797019958496,-1.8588452339172363,7.560486316680908
1741033211299839200,6.134839111328125,2.074233055114746,-3.4625163078308105,4.21566104888916
1741033211309942800,6.14494287109375,2.29571533203125,-4.504404544830322,2.2545385360717773
1741033211320046000,6.155046142578125,1.9671436548233032,-5.216059684753418,1.4857306480407715
1741033211330149600,6.165149658203125,1.6257727146148682,-5.684208869934082,1.2253086566925049
1741033211340253200,6.175253173828125,1.3063693046569824,-5.8907470703125,1.3460445404052734
1741033211350356700,6.185356689453125,1.0881977081298828,-5.940085411071777,1.5324229001998901
1741033211360460000,6.1954599609375,0.9400500059127808,-6.007577896118164,1.5123224258422852
1741033211370563600,6.2055634765625,0.9425575137138367,-6.206111907958984,1.1911168098449707
1741033211380667100,6.215667236328125,0.9391710162162781,-6.38426399230957,0.7028021812438965
1741033211390770700,6.225770751953125,0.9958165287971497,-6.563666820526123,0.16427898406982422
1741033211400874000,6.2358740234375,1.132540225982666,-6.679556369781494,-0.35643327236175537
1741033211410977500,6.2459775390625,1.3282259702682495,-6.615808486938477,-0.7874469757080078
1741033211421081000,6.2560810546875,1.5689888000488281,-6.380809783935547,-1.070716381072998
1741033211431184600,6.2661845703125,1.9049808979034424,-5.822200775146484,-1.0750499963760376
1741033211441288000,6.276287841796875,2.3173372745513916,-5.205113887786865,-1.053887128829956
1741033211451391500,6.2863916015625,2.6699764728546143,-4.815260410308838,-1.1181423664093018
1741033211461495000,6.2964951171875,2.913639783859253,-4.409448623657227,-1.0842418670654297
1741033211471598600,6.3065986328125,2.921546459197998,-3.818321704864502,-0.8206262588500977
1741033211481702000,6.316701904296875,2.8243350982666016,-2.9264578819274902,-0.45427775382995605
1741033211491805400,6.326805419921875,2.6642444133758545,-1.735816478729248,0.090240478515625
1741033211501909000,6.336908935546875,2.324798107147217,-0.16150379180908203,0.8188700675964355
1741033211512012500,6.347012451171875,1.7186253070831299,1.9779138565063477,1.5427730083465576
1741033211522115800,6.35711572265625,0.6554133892059326,4.470449447631836,1.9209232330322266
1741033211532219400,6.367219482421875,-0.2806551158428192,6.182223320007324,1.6284689903259277
1741033211542322400,6.377322509765625,-1.0946365594863892,6.712441444396973,0.6908073425292969
1741033211552425500,6.387425537109375,-0.4766000211238861,5.659333229064941,-0.16642546653747559
1741033211562529000,6.397529052734375,-0.21340236067771912,3.9115982055664062,-2.010197877883911
1741033211572632600,6.407632568359375,-0.12446817755699158,2.1636972427368164,-3.1095144748687744
1741033211582736100,6.417736083984375,0.5038682818412781,0.3603382110595703,-3.2155861854553223
1741033211592839400,6.42783935546875,0.6249968409538269,-0.715632438659668,-2.846436023712158
1741033211602943000,6.43794287109375,0.5677919983863831,-0.36962413787841797,-2.4056215286254883
1741033211613046500,6.448046630859375,0.33197444677352905,1.5752534866333008,-1.8003660440444946
1741033211623150000,6.458150146484375,-0.5312647223472595,3.842402458190918,-1.35060715675354
1741033211633253400,6.46825341796875,-1.7281159162521362,5.902327537536621,-1.0833537578582764
1741033211643357000,6.47835693359375,-2.4680721759796143,7.613698959350586,-1.1747081279754639
1741033211653460500,6.48846044921875,-2.8111188411712646,8.588342666625977,-1.3819152116775513
1741033211663564000,6.49856396484375,-2.5031962394714355,8.794013977050781,-1.6602833271026611
1741033211673667300,6.508667236328125,-1.1235986948013306,8.063756942749023,-2.102066993713379
1741033211683771000,6.51877099609375,-1.5995371341705322,5.776137351989746,-1.9513355493545532
1741033211693874400,6.52887451171875,-1.9538317918777466,2.9647140502929688,-1.939250111579895
1741033211703978000,6.53897802734375,-2.424445629119873,0.9523496627807617,-2.0205931663513184
1741033211714081300,6.549081298828125,-2.7569427490234375,-0.11268901824951172,-2.03082537651062
1741033211724184800,6.559184814453125,-2.8716907501220703,-0.02476787567138672,-1.4446501731872559
1741033211734288400,6.569288330078125,-3.1909165382385254,0.9621648788452148,-0.6473472118377686
1741033211744392000,6.579391845703125,-3.3364052772521973,2.3739423751831055,0.024461984634399414
1741033211754495500,6.58949560546875,-3.2005724906921387,3.3091468811035156,0.18036890029907227
1741033211764598800,6.599598876953125,-2.735088586807251,3.1796674728393555,-0.13481807708740234
1741033211774702300,6.609702392578125,-1.6534415483474731,2.1318674087524414,-0.7135657072067261
1741033211784806000,6.619805908203125,-0.4505940079689026,1.106414794921875,-0.8077392578125
1741033211794909400,6.629909423828125,0.4433937668800354,0.09797096252441406,-0.530689001083374
1741033211805012700,6.6400126953125,0.8149576187133789,-1.0661449432373047,-0.5537188053131104
1741033211815116300,6.6501162109375,0.9392041563987732,-2.12846040725708,-0.5963858366012573
1741033211825219800,6.6602197265625,1.0070788860321045,-2.9175710678100586,-0.6415121555328369
1741033211835323400,6.670323486328125,1.0979881286621094,-3.5455117225646973,-0.5486552715301514
1741033211845426700,6.6804267578125,1.1253777742385864,-3.996168613433838,-0.3357248306274414
1741033211855530200,6.6905302734375,1.014009714126587,-4.320463180541992,-0.11397802829742432
1741033211865633800,6.7006337890625,0.8252271413803101,-4.469912528991699,0.12395548820495605
1741033211875737300,6.7107373046875,0.5539795160293579,-4.270997047424316,0.3999195098876953
1741033211885840600,6.720840576171875,0.2781265377998352,-3.9197731018066406,0.7044296264648438
1741033211895944200,6.730944091796875,0.04714035987854004,-3.573904514312744,1.0533769130706787
1741033211906047700,6.7410478515625,-0.26612499356269836,-3.3266944885253906,1.314452886581421
1741033211916151300,6.7511513671875,-0.7326617240905762,-3.1076111793518066,1.5189753770828247
1741033211926254600,6.761254638671875,-0.9463143348693848,-3.0065083503723145,1.6733064651489258
1741033211936536300,6.771536376953125,-1.0551586151123047,-2.9482369422912598,1.7815871238708496
1741033211946841900,6.781841796875,-1.1497862339019775,-2.8500847816467285,1.937760591506958
1741033211957128000,6.7921279296875,-1.2475649118423462,-2.7413015365600586,1.979787826538086
1741033211967262700,6.8022626953125,-1.3226609230041504,-2.59805965423584,2.001338243484497
1741033211977366300,6.8123662109375,-1.327077031135559,-2.250800132751465,2.029121160507202
1741033211987469600,6.822469482421875,-1.3140978813171387,-1.7265596389770508,1.9839988946914673
1741033211997573000,6.832572998046875,-1.414564609527588,-1.2157745361328125,1.8430629968643188
1741033212007676700,6.8426767578125,-1.709549903869629,-0.7352933883666992,1.6596219539642334
1741033212017780200,6.8527802734375,-1.9920947551727295,-0.27243614196777344,1.4978158473968506
1741033212027883500,6.862883544921875,-2.157376766204834,0.2382965087890625,1.389183521270752
1741033212037987000,6.872987060546875,-2.264124631881714,0.8111066818237305,1.3343541622161865
1741033212048090600,6.883090576171875,-2.260930061340332,1.4019403457641602,1.2394236326217651
1741033212058194200,6.893194091796875,-2.0905561447143555,1.8861083984375,0.7454351186752319
1741033212068297700,6.903297607421875,-1.935763955116272,2.332594871520996,0.3231121301651001
1741033212078401000,6.913401123046875,-1.6790337562561035,2.770440101623535,-0.04030263423919678
1741033212088504600,6.923504638671875,-1.3697597980499268,2.979055404663086,-0.39878201484680176
1741033212098607400,6.933607421875,-1.3121544122695923,2.797976493835449,-0.592941164970398
1741033212108710700,6.943710693359375,-1.060125470161438,2.5541725158691406,-0.9009237289428711
1741033212118814200,6.953814208984375,-1.0414199829101562,2.7694482803344727,-0.9812330007553101
1741033212128917800,6.963917724609375,-1.1567250490188599,3.5622739791870117,-0.9830455780029297
1741033212139021300,6.974021240234375,-1.0237946510314941,4.704424858093262,-0.9311568737030029
1741033212149124600,6.98412451171875,-0.7239071130752563,5.832242012023926,-0.8618431091308594
1741033212159228200,6.994228271484375,-0.46139973402023315,6.436043739318848,-0.8213307857513428
1741033212169331700,7.004331787109375,0.19667896628379822,5.498032569885254,-0.9696141481399536
1741033212179435300,7.014435302734375,1.1821722984313965,2.9712514877319336,-1.0536695718765259
1741033212189538600,7.02453857421875,2.045484781265259,0.6957902908325195,-0.9330296516418457
1741033212199642000,7.03464208984375,2.4839627742767334,-0.9005947113037109,-0.8938300609588623
1741033212209745700,7.04474560546875,3.0204129219055176,-1.87003755569458,-0.8166177272796631
1741033212219849200,7.05484912109375,3.2877511978149414,-2.0212316513061523,-0.5300326347351074
1741033212229952500,7.064952392578125,3.3602750301361084,-1.186166763305664,0.17689752578735352
1741033212240056000,7.07505615234375,3.051543712615967,-0.32292842864990234,0.6928408145904541
1741033212250159600,7.08515966796875,2.4466612339019775,0.4608316421508789,1.1977462768554688
1741033212260263200,7.09526318359375,1.8064864873886108,1.0908222198486328,1.7135469913482666
1741033212270366500,7.105366455078125,1.1375880241394043,1.5816316604614258,2.046888828277588
1741033212280470000,7.115469970703125,1.1606769561767578,1.7231254577636719,2.3687386512756348
1741033212290573600,7.125573486328125,0.9110085368156433,1.146864891052246,2.433060884475708
1741033212300677000,7.135677001953125,0.7047431468963623,0.3597221374511719,2.4606080055236816
1741033212310780400,7.145780517578125,0.6541783809661865,-0.28460693359375,2.749645948410034
1741033212320884000,7.155884033203125,0.5676979422569275,-0.9154176712036133,2.982297897338867
1741033212331070700,7.16607080078125,0.6147998571395874,-1.8763341903686523,2.8577370643615723
1741033212341376000,7.1763759765625,0.8419913649559021,-2.787170886993408,2.6308107376098633
1741033212351681000,7.186680908203125,0.7681401968002319,-3.464557647705078,2.3383846282958984
1741033212361880600,7.196880615234375,0.5244144201278687,-3.9399638175964355,2.0274741649627686
1741033212371995600,7.20699560546875,0.15940970182418823,-4.306066989898682,1.8106658458709717
1741033212382099000,7.217098876953125,-0.3012371063232422,-4.4643402099609375,1.6072020530700684
1741033212392202500,7.227202392578125,-0.5816577076911926,-4.31589937210083,1.598379373550415
1741033212402306000,7.23730615234375,-0.9929490089416504,-4.015481948852539,1.5487276315689087
1741033212412409600,7.24740966796875,-0.902530312538147,-3.664918899536133,1.5628821849822998
1741033212422513000,7.257512939453125,-0.7687839865684509,-3.286747455596924,1.389866590499878
1741033212432616400,7.267616455078125,-0.43583977222442627,-3.033172130584717,1.2238105535507202
1741033212442720000,7.277719970703125,-0.024434566497802734,-2.8238916397094727,0.931537389755249
1741033212452823600,7.287823486328125,0.3428884446620941,-2.7187623977661133,0.4827425479888916
1741033212462926600,7.297926513671875,1.0517584085464478,-2.9317455291748047,0.1293625831604004
1741033212473029600,7.308029541015625,1.7625882625579834,-3.2366724014282227,-0.2144712209701538
1741033212483133200,7.31813330078125,2.500436544418335,-3.5083932876586914,-0.5537488460540771
1741033212493236500,7.328236572265625,3.479717254638672,-3.6656227111816406,-0.8013310432434082
1741033212503340000,7.338340087890625,3.718883514404297,-3.58566951751709,-0.8012235164642334
1741033212513443600,7.348443603515625,3.2324178218841553,-3.145524024963379,-0.5153474807739258
1741033212523547100,7.358547119140625,3.0030975341796875,-2.372260093688965,-0.1727919578552246
1741033212533650400,7.368650390625,3.085205316543579,-1.5794000625610352,0.08019530773162842
1741033212543754000,7.37875390625,3.6278557777404785,-0.6622829437255859,0.42069339752197266
1741033212553857500,7.388857421875,4.124028205871582,0.3153533935546875,0.7370071411132812
1741033212563961000,7.398961181640625,4.142246246337891,1.0653705596923828,0.9595342874526978
1741033212574064400,7.409064453125,4.061826705932617,1.2725238800048828,0.7500410079956055
1741033212584168000,7.41916796875,3.897808790206909,0.9442644119262695,-0.07842934131622314
1741033212594271500,7.429271484375,3.47930645942688,0.6489887237548828,-0.6220736503601074
1741033212604375000,7.439375,2.7070817947387695,0.6627969741821289,-0.6768540740013123
1741033212614478300,7.449478271484375,2.3951361179351807,0.850560188293457,-0.6608296036720276
1741033212624582000,7.459581787109375,2.5134599208831787,1.0505008697509766,-0.5746486783027649
1741033212634685400,7.469685546875,3.332486629486084,1.1542434692382812,-0.13489556312561035
1741033212644789000,7.4797890625,3.8532493114471436,1.6589908599853516,0.501542329788208
1741033212654892300,7.489892333984375,3.5809106826782227,2.334254264831543,0.9726908802986145
1741033212664995800,7.499995849609375,3.6433510780334473,3.462076187133789,1.411180853843689
1741033212675099400,7.510099365234375,2.972123146057129,4.671192169189453,1.3941092491149902
1741033212685203000,7.520202880859375,2.2465689182281494,5.41860294342041,0.9816727638244629
1741033212695306200,7.53030615234375,1.8118135929107666,5.820503234863281,0.38450127840042114
1741033212705409800,7.540409912109375,1.3871874809265137,5.712277412414551,-0.044976234436035156
1741033212715512600,7.5505126953125,0.8737141489982605,5.206662178039551,0.0640684962272644
1741033212725615900,7.560615966796875,0.4033178985118866,3.994617462158203,0.6403154134750366
1741033212735719400,7.570719482421875,-0.2651180624961853,2.186539649963379,1.0928385257720947
1741033212745823000,7.580822998046875,-0.8267643451690674,0.2521829605102539,1.2669267654418945
1741033212755926500,7.590926513671875,-1.3758330345153809,-0.9695796966552734,1.4355374574661255
1741033212766029800,7.60102978515625,-1.9421663284301758,-1.162541389465332,1.7239943742752075
1741033212776133400,7.61113330078125,-2.415830135345459,-0.6317825317382812,2.086137533187866
1741033212786237000,7.62123681640625,-2.725670337677002,0.4396076202392578,2.402303695678711
1741033212796340500,7.631340576171875,-3.06888747215271,1.583796501159668,2.5863146781921387
1741033212806444000,7.641444091796875,-3.3872861862182617,2.743992805480957,2.794708251953125
1741033212816547300,7.65154736328125,-3.8123302459716797,3.7052087783813477,2.856903553009033
1741033212826651000,7.66165087890625,-4.127431869506836,4.087301254272461,2.7997686862945557
1741033212836754400,7.67175439453125,-4.320445537567139,3.3651790618896484,2.4495058059692383
1741033212846858000,7.68185791015625,-4.037761688232422,1.5383529663085938,1.9256207942962646
1741033212856961300,7.691961181640625,-3.3687922954559326,-0.24406719207763672,1.374008059501648
1741033212867064800,7.70206494140625,-2.6184539794921875,-1.4490728378295898,1.0859110355377197
1741033212877168400,7.71216845703125,-1.8460147380828857,-2.2634191513061523,0.858535885810852
1741033212887272000,7.72227197265625,-1.2075368165969849,-2.7544493675231934,0.7047393918037415
1741033212897375200,7.732375244140625,-0.5990545153617859,-3.0023393630981445,0.6214198470115662
1741033212907478800,7.742478759765625,-0.0961727499961853,-2.9660964012145996,0.8152152895927429
1741033212917582300,7.752582275390625,0.0336814820766449,-2.818121910095215,1.420388102531433
1741033212927685600,7.762685546875,-0.100526362657547,-2.7099175453186035,2.0518054962158203
1741033212937788400,7.772788330078125,-0.2746744155883789,-2.888197422027588,2.3603739738464355
1741033212947892000,7.78289208984375,-0.41006913781166077,-3.3419251441955566,2.4152190685272217
1741033212957995500,7.79299560546875,-0.5523264408111572,-4.012111186981201,2.27074933052063
1741033212968098800,7.803098876953125,-0.7579962015151978,-4.718295097351074,2.070014476776123
1741033212978202400,7.813202392578125,-0.9409782290458679,-5.164705276489258,1.8428114652633667
1741033212988306000,7.823305908203125,-0.7980740070343018,-5.215010643005371,1.8058903217315674
1741033212998409500,7.833409423828125,-0.7529399394989014,-4.541477680206299,2.088561534881592
1741033213008512800,7.8435126953125,-0.8013952970504761,-3.5217504501342773,2.4791617393493652
1741033213018616300,7.8536162109375,-0.8954422473907471,-2.3856124877929688,2.7813525199890137
1741033213028719900,7.863719970703125,-1.0208302736282349,-1.2906312942504883,2.9874231815338135
1741033213038823400,7.873823486328125,-1.269420862197876,-0.02020740509033203,3.1218795776367188
1741033213048926700,7.8839267578125,-1.7323936223983765,1.4166688919067383,3.150240659713745
1741033213059030300,7.8940302734375,-2.454188823699951,2.816836357116699,2.814333915710449
1741033213069133800,7.9041337890625,-3.13845157623291,3.573025703430176,1.6552106142044067
1741033213079237400,7.9142373046875,-3.0385677814483643,3.685919761657715,0.5710839033126831
1741033213089340700,7.924340576171875,-2.89197039604187,3.4998388290405273,-0.31653499603271484
1741033213099444200,7.9344443359375,-2.7538633346557617,3.627346992492676,-0.8688559532165527
1741033213109547800,7.9445478515625,-3.536302328109741,4.064891815185547,-1.5086737871170044
1741033213119650800,7.95465087890625,-4.337165832519531,4.85515022277832,-1.9228686094284058
1741033213129753900,7.96475390625,-4.3820037841796875,5.418729782104492,-1.714598536491394
1741033213139857400,7.974857421875,-3.991349697113037,5.521764755249023,-1.429398775100708
1741033213149961000,7.9849609375,-2.7612688541412354,4.71531867980957,-1.0510265827178955
1741033213160064300,7.995064208984375,-2.434638500213623,3.7220687866210938,-0.6325805187225342
1741033213170167800,8.005167724609375,-2.643413543701172,3.3000640869140625,-0.5122864842414856
1741033213180271400,8.015271240234375,-2.8289988040924072,3.385976791381836,-0.7976593971252441
1741033213190375000,8.025375,-2.774026870727539,3.4779272079467773,-1.2213304042816162
1741033213200478200,8.035478271484376,-2.3583178520202637,3.0960216522216797,-1.7224427461624146
1741033213210581800,8.045581787109375,-2.063671827316284,2.121715545654297,-2.0690391063690186
1741033213220685300,8.055685302734375,-1.4366965293884277,0.8055095672607422,-1.9594635963439941
1741033213230788900,8.065788818359374,-1.0668423175811768,-0.6308670043945312,-1.733899712562561
1741033213240892400,8.075892333984376,-0.7281769514083862,-2.039673328399658,-1.6539273262023926
1741033213250995700,8.08599560546875,-0.5412777662277222,-3.079707145690918,-1.577327013015747
1741033213261099300,8.096099365234375,-0.4254067838191986,-3.496286392211914,-1.5070115327835083
1741033213271202800,8.106202880859374,-0.3727883994579315,-2.908102512359619,-1.301334023475647
1741033213281306400,8.116306396484376,-0.4961002767086029,-1.2584285736083984,-1.0583086013793945
1741033213291409700,8.12640966796875,-0.5450223088264465,0.46492958068847656,-1.2002835273742676
1741033213301512700,8.1365126953125,-0.19122742116451263,1.8013830184936523,-1.5707640647888184
1741033213311616000,8.146615966796874,0.7247514724731445,2.309541702270508,-1.847182035446167
1741033213321719300,8.15671923828125,1.7781580686569214,1.9446477890014648,-2.0003156661987305
1741033213331822800,8.16682275390625,2.107111692428589,1.2384414672851562,-2.245399236679077
1741033213341926400,8.176926513671875,2.3406248092651367,0.42224788665771484,-2.7378876209259033
1741033213352030000,8.187030029296874,2.7995777130126953,-0.2809782028198242,-2.9362025260925293
1741033213362133200,8.19713330078125,2.9951043128967285,-0.9804039001464844,-3.1442930698394775
1741033213372236800,8.20723681640625,3.0264792442321777,-1.6567087173461914,-3.0011227130889893
1741033213382340400,8.21734033203125,3.0690464973449707,-2.0852417945861816,-2.5287277698516846
1741033213392444000,8.22744384765625,3.6921896934509277,-2.3026585578918457,-2.0039784908294678
1741033213402547200,8.237547119140626,4.83235502243042,-2.507894992828369,-1.7508876323699951
1741033213412650800,8.247650634765625,5.3064656257629395,-2.5497727394104004,-1.0989742279052734
1741033213422754300,8.25775439453125,5.256884574890137,-2.343353748321533,-0.5805540084838867
1741033213432917200,8.267917236328126,5.2382049560546875,-2.387699604034424,-0.15421772003173828
1741033213443222500,8.278222412109375,4.8256754875183105,-2.5089478492736816,0.30556774139404297
1741033213453527600,8.288527587890625,4.003108024597168,-2.7071475982666016,0.4409980773925781
1741033213463746300,8.298746337890625,3.3646602630615234,-3.611391544342041,-0.13156604766845703
1741033213473865700,8.30886572265625,2.4113540649414062,-4.517251968383789,-0.604926586151123
1741033213483969300,8.31896923828125,1.4959996938705444,-5.186807632446289,-1.388533115386963
1741033213494072800,8.32907275390625,1.268200159072876,-5.613581657409668,-1.8507332801818848
1741033213504176000,8.339176025390625,1.4301819801330566,-5.824794292449951,-2.060612678527832
1741033213514279700,8.34927978515625,1.50417959690094,-5.788872718811035,-2.117351531982422
1741033213524382500,8.359382568359376,1.7272089719772339,-5.627219200134277,-2.0090184211730957
1741033213534485800,8.36948583984375,1.7678406238555908,-5.119724273681641,-1.7345571517944336
1741033213544589300,8.37958935546875,1.634275197982788,-4.322391510009766,-1.2574491500854492
1741033213554692900,8.38969287109375,1.7802691459655762,-3.138152599334717,-0.41225337982177734
1741033213564796400,8.39979638671875,1.139492154121399,-1.5238885879516602,1.1174449920654297
1741033213574900000,8.40989990234375,0.039949655532836914,0.37068939208984375,3.2619495391845703
1741033213585003300,8.420003173828125,-1.5966596603393555,2.108811855316162,5.074173450469971
1741033213595106800,8.43010693359375,-2.2361063957214355,3.0768494606018066,5.478515625
1741033213605210400,8.44021044921875,-0.366138219833374,3.601015090942383,4.558279037475586
1741033213615314000,8.45031396484375,0.5108448266983032,4.038508415222168,3.913835048675537
1741033213625417200,8.460417236328125,0.6254925727844238,4.100452423095703,3.4369754791259766
1741033213635520800,8.470520751953124,0.5284063816070557,3.5715885162353516,2.912182331085205
1741033213645624300,8.480624267578126,0.326602578163147,3.037586212158203,2.2264113426208496
1741033213655727900,8.490727783203125,0.392475426197052,2.7296218872070312,1.1781930923461914
1741033213665831200,8.5008310546875,0.8954867124557495,2.7460412979125977,0.23549485206604004
1741033213675934000,8.510933837890626,1.5525410175323486,2.581057548522949,-0.5399069786071777
1741033213686037500,8.52103759765625,1.9022713899612427,1.9156036376953125,-1.0153069496154785
1741033213696140800,8.531140869140625,2.0714144706726074,1.4259004592895508,-1.6095436811447144
1741033213706244400,8.541244384765625,2.2779574394226074,1.7949934005737305,-1.6376255750656128
1741033213716348000,8.551347900390626,2.7688348293304443,2.6189403533935547,-1.6336039304733276
1741033213726451500,8.561451416015625,3.1140387058258057,3.1538429260253906,-1.916189193725586
1741033213736554800,8.5715546875,2.986781120300293,3.475240707397461,-2.364668846130371
1741033213746658300,8.581658203125,3.225210428237915,3.958066940307617,-2.542170286178589
1741033213756761900,8.591761962890626,3.471472978591919,4.119302749633789,-2.6412956714630127
1741033213766865400,8.601865478515625,3.4895288944244385,3.9785289764404297,-2.766684055328369
1741033213776968700,8.61196875,3.354156494140625,3.347484588623047,-2.6005845069885254
1741033213787072300,8.622072265625,2.7832930088043213,2.794719696044922,-2.183506727218628
1741033213797175800,8.63217578125,1.8827269077301025,2.60585880279541,-1.3272323608398438
1741033213807279400,8.642279296875,1.004652500152588,2.6231746673583984,-0.3777848482131958
1741033213817382100,8.652382080078125,0.43470630049705505,2.6890220642089844,0.35771477222442627
1741033213827485400,8.6624853515625,-0.3461056351661682,2.621293067932129,1.0935730934143066
1741033213837589000,8.672589111328126,-0.8528363704681396,2.181194305419922,1.6068793535232544
1741033213847692300,8.6826923828125,-1.1298813819885254,1.3663434982299805,1.9243007898330688
1741033213857795800,8.6927958984375,-1.3173553943634033,0.26997947692871094,2.1009654998779297
1741033213867899400,8.7028994140625,-1.430232286453247,-0.6888418197631836,2.191957473754883
1741033213878003000,8.7130029296875,-1.7427470684051514,-1.2853384017944336,2.2492384910583496
1741033213888106200,8.723106201171875,-2.032444953918457,-1.486928939819336,2.5502071380615234
1741033213898209800,8.733209716796875,-2.1989905834198,-1.6590213775634766,2.897549629211426
1741033213908313300,8.743313232421874,-1.9993278980255127,-1.98820161819458,2.9829862117767334
1741033213918417000,8.7534169921875,-1.5486104488372803,-2.3067636489868164,3.005924701690674
1741033213928520200,8.763520263671875,-0.5358701944351196,-2.581973075866699,3.4935383796691895
1741033213938623700,8.773623779296875,0.639854371547699,-2.9283647537231445,4.243438720703125
1741033213948727300,8.783727294921874,1.0613309144973755,-3.0508041381835938,4.935650825500488
1741033213958830300,8.793830322265626,1.5947942733764648,-3.1038966178894043,5.4812703132629395
1741033213968933400,8.803933349609375,1.4111790657043457,-3.1686105728149414,6.002442359924316
1741033213979037000,8.814036865234375,1.158320426940918,-3.2239599227905273,6.225907802581787
1741033213989140500,8.824140380859374,0.7421702146530151,-3.3043618202209473,5.911422252655029
1741033213999244000,8.834244140625,0.35051393508911133,-3.177794933319092,5.9412994384765625
1741033214009347300,8.844347412109375,0.11334395408630371,-2.9775853157043457,5.972686767578125
1741033214019451000,8.854450927734375,0.018887758255004883,-2.5893430709838867,6.0181779861450195
1741033214029554400,8.864554443359374,0.11444294452667236,-2.091881275177002,6.140501022338867
1741033214039658000,8.874657958984375,0.14075195789337158,-1.373194694519043,6.174219131469727
1741033214049761300,8.88476123046875,-0.08251082897186279,-0.9491500854492188,5.649648666381836
1741033214059864800,8.89486474609375,-0.39335036277770996,-0.6611566543579102,4.938131332397461
1741033214069968400,8.904968505859374,-0.8333984613418579,-0.01616668701171875,4.776973724365234
1741033214080072000,8.915072021484375,-1.3934441804885864,0.6067218780517578,4.598301887512207
1741033214090175000,8.925175048828125,-2.0710461139678955,1.446537971496582,4.988232612609863
1741033214100278000,8.935278076171874,-2.6326165199279785,2.2772722244262695,5.542115211486816
1741033214110381600,8.945381591796876,-2.6319236755371094,2.6839752197265625,5.755881309509277
1741033214120484900,8.95548486328125,-2.0622570514678955,2.760152816772461,5.583648681640625
1741033214130588400,8.96558837890625,-1.5300521850585938,2.605205535888672,5.358303070068359
1741033214140692000,8.97569189453125,-1.446915864944458,2.2868709564208984,5.116715431213379
1741033214150795500,8.98579541015625,-1.7107446193695068,2.014676094055176,4.812105178833008
1741033214160898800,8.99589892578125,-3.0647120475769043,2.3723955154418945,4.612950325012207
1741033214171002400,9.00600244140625,-4.793794631958008,3.412698745727539,4.7137346267700195
1741033214181106000,9.01610595703125,-5.310744762420654,4.828441619873047,4.957438945770264
1741033214191209500,9.02620947265625,-5.624378681182861,5.381359100341797,4.758299827575684
1741033214201312800,9.036312744140625,-4.082353591918945,3.0008134841918945,1.1677565574645996
1741033214211416300,9.046416259765625,-3.574986696243286,0.48484039306640625,-1.685135841369629
1741033214221519600,9.05651953125,-3.928462505340576,-0.5916166305541992,-3.333630084991455
1741033214231622400,9.066622314453125,-4.140164852142334,-1.1303834915161133,-3.9547102451324463
1741033214241726000,9.076725830078125,-4.7544264793396,-1.7164735794067383,-4.157435894012451
1741033214251829500,9.08682958984375,-4.944002151489258,-2.032238006591797,-4.856056213378906
1741033214261933000,9.09693310546875,-5.235865592956543,-2.0608582496643066,-5.352779865264893
1741033214272036400,9.107036376953126,-5.803014755249023,-1.4787554740905762,-4.794894218444824
1741033214282140000,9.117139892578125,-5.337223529815674,-0.4947795867919922,-3.11367130279541
1741033214292243500,9.127243408203125,-4.384799003601074,0.5687246322631836,-1.4381043910980225
1741033214302347000,9.137346923828124,-3.093465805053711,1.0601186752319336,-0.9354021549224854
1741033214312450300,9.1474501953125,-1.6136773824691772,1.9779338836669922,-0.9037976264953613
1741033214322553900,9.157553955078125,-0.3311424255371094,2.8779025077819824,-0.8474187850952148
1741033214332657400,9.167657470703125,0.43131494522094727,2.8998546600341797,-1.3867645263671875
1741033214342761000,9.177760986328124,1.429656744003296,2.3777570724487305,-2.5240252017974854
1741033214352863500,9.187863525390625,2.3402302265167236,1.6490182876586914,-3.5577096939086914
1741033214362967000,9.197967041015625,3.2701778411865234,0.8275651931762695,-5.004986763000488
1741033214373070600,9.208070556640624,4.718629837036133,-0.17336034774780273,-6.42295503616333
1741033214383174000,9.218173828125,7.490050315856934,-1.4631690979003906,-7.972992897033691
1741033214393277400,9.22827734375,9.462316513061523,-2.4290852546691895,-8.246054649353027
1741033214403381000,9.238381103515625,8.030330657958984,-2.5764808654785156,-6.81207275390625
1741033214413484500,9.248484619140624,5.183041095733643,-2.384218215942383,-4.871117115020752
1741033214423587800,9.258587890625,2.0388314723968506,-2.3080687522888184,-3.419731616973877
1741033214433691400,9.26869140625,-0.43186116218566895,-2.4494175910949707,-2.563664436340332
1741033214443795000,9.278794921875,-2.1853833198547363,-2.979376792907715,-2.4564497470855713
1741033214453898500,9.2888984375,-2.9676129817962646,-3.6574554443359375,-2.891894578933716
1741033214464001300,9.299001220703126,-3.354299783706665,-4.1707916259765625,-3.50571870803833
1741033214474104600,9.3091044921875,-2.9314255714416504,-4.364914417266846,-3.7422399520874023
1741033214484208000,9.3192080078125,-0.8907556533813477,-4.196619033813477,-3.5589652061462402
1741033214494311700,9.329311767578124,-0.6833102703094482,-3.569018840789795,-3.0518832206726074
1741033214504415000,9.3394150390625,-2.4704325199127197,-2.422807216644287,-2.6043872833251953
1741033214514518500,9.3495185546875,-3.812560558319092,-1.1717009544372559,-2.6597161293029785
1741033214524622000,9.3596220703125,-3.8688812255859375,-0.13824796676635742,-3.365203857421875
1741033214534725600,9.3697255859375,-3.370509147644043,0.2040252685546875,-4.893418312072754
1741033214544829000,9.379828857421876,-2.655090808868408,-0.11269474029541016,-6.369351387023926
1741033214554932500,9.389932373046875,-2.200732469558716,-0.8634481430053711,-7.358415126800537
1741033214565036000,9.4000361328125,-2.2537119388580322,-1.5554046630859375,-7.500698566436768
1741033214575139000,9.41013916015625,-3.224457263946533,-1.015916347503662,-6.430069923400879
1741033214585242000,9.4202421875,-3.753190517425537,0.0246429443359375,-5.212642192840576
1741033214595345700,9.430345703125,-3.643299102783203,0.982182502746582,-4.176982879638672
1741033214605449200,9.44044921875,-2.5854361057281494,1.3810300827026367,-3.5312306880950928
1741033214615552500,9.450552490234376,-1.03898024559021,1.5509986877441406,-2.9572911262512207
1741033214625656000,9.460656005859375,0.8812154531478882,1.8716468811035156,-2.224231481552124
1741033214635759600,9.470759521484375,2.856325387954712,2.60186767578125,-1.4269375801086426
1741033214645863200,9.48086328125,3.493788957595825,3.8778810501098633,-0.6937048435211182
1741033214655966500,9.490966552734376,1.2777658700942993,4.652247428894043,-0.8085532188415527
1741033214666070000,9.501070068359375,-1.3230867385864258,5.374494552612305,-0.4521949291229248
1741033214676173600,9.511173583984375,-2.1820056438446045,5.996795654296875,0.6477212905883789
1741033214686276900,9.52127685546875,-2.529386043548584,6.2534685134887695,1.6953363418579102
1741033214696379600,9.531379638671876,-1.5091811418533325,6.302127838134766,2.2442264556884766
1741033214706483200,9.541483154296875,0.5585283041000366,6.320374488830566,2.6185801029205322
1741033214716586800,9.551586669921875,3.432145595550537,5.856507301330566,2.5783464908599854
1741033214726690000,9.56168994140625,5.302523136138916,4.712033271789551,1.9601120948791504
1741033214736793600,9.571793701171876,4.392045974731445,3.803234100341797,1.9473199844360352
1741033214746897200,9.581897216796875,2.3654239177703857,3.054732322692871,2.376173973083496
1741033214757000700,9.592000732421875,0.1598230004310608,2.5816144943237305,2.6724343299865723
1741033214767104000,9.60210400390625,-1.2040185928344727,2.233623504638672,2.6798839569091797
1741033214777207600,9.61220751953125,-2.3739380836486816,1.4542818069458008,2.614013671875
1741033214787311000,9.62231103515625,-2.8369503021240234,0.6036033630371094,2.330742359161377
1741033214797414000,9.632413818359375,-3.1140432357788086,-0.032599449157714844,2.019399642944336
1741033214807517200,9.64251708984375,-3.5180931091308594,0.16868305206298828,3.0784451961517334
1741033214817620700,9.652620849609375,-4.033267498016357,0.6915616989135742,4.7848992347717285
1741033214827724300,9.662724365234375,-4.164735317230225,0.6133022308349609,5.497435569763184
1741033214837827600,9.67282763671875,-4.286985397338867,0.2514314651489258,5.702267646789551
1741033214847931100,9.68293115234375,-3.900486469268799,-0.27654266357421875,6.093779563903809
1741033214858034700,9.69303466796875,-3.4170005321502686,-1.02508544921875,6.125673294067383
1741033214868138200,9.70313818359375,-2.4552383422851562,-2.4042859077453613,4.680066108703613
1741033214878241800,9.71324169921875,-1.6584101915359497,-3.866455554962158,2.750781536102295
1741033214888345000,9.723344970703126,-0.7975241541862488,-5.380612373352051,0.6349020004272461
1741033214898448400,9.733448486328125,-0.16564643383026123,-6.672443389892578,-0.5808851718902588
1741033214908551400,9.743551513671875,-0.21205449104309082,-7.507309436798096,-1.5042266845703125
1741033214918654700,9.75365478515625,-0.17175626754760742,-8.054161071777344,-2.205183982849121
1741033214928758300,9.76375830078125,-0.20777618885040283,-8.190650939941406,-2.8020458221435547
1741033214938861800,9.77386181640625,-0.10836851596832275,-7.776273250579834,-3.2891411781311035
1741033214948965400,9.78396533203125,-0.16921865940093994,-6.952230453491211,-3.288646936416626
1741033214959068700,9.794068603515624,-0.3689008951187134,-6.375078201293945,-3.270861864089966
1741033214969172200,9.804172119140626,-0.6454606056213379,-5.865789890289307,-3.4633302688598633
1741033214979275800,9.81427587890625,-0.8255089521408081,-5.079704284667969,-3.4765625
1741033214989379300,9.82437939453125,-0.840909481048584,-3.429194450378418,-2.4292116165161133
1741033214999482600,9.834482666015624,-2.158975124359131,1.080759048461914,1.156376838684082
1741033215009585400,9.84458544921875,1.1720857620239258,6.370999336242676,5.195898532867432
1741033215019689000,9.85468896484375,2.665956974029541,10.299982070922852,8.163970947265625
1741033215029792300,9.864792236328125,3.6230409145355225,11.653552055358887,8.824775695800781
1741033215039895800,9.874895751953124,3.0424246788024902,9.786746978759766,6.870737075805664
1741033215049999400,9.884999267578126,2.385596990585327,5.489453315734863,2.2882046699523926
1741033215060103000,9.89510302734375,1.7136415243148804,2.7965917587280273,-1.610762357711792
1741033215070206200,9.905206298828125,0.9373056888580322,1.9017248153686523,-3.832237958908081
1741033215080309800,9.915309814453124,-0.12038516998291016,1.9244318008422852,-5.024282455444336
1741033215090413300,9.925413330078126,-1.290440320968628,2.5737781524658203,-4.65169620513916
1741033215100516900,9.935516845703125,-2.4569389820098877,3.023343086242676,-4.143077373504639
1741033215110619600,9.94561962890625,-3.441732406616211,3.7570371627807617,-3.1090874671936035
1741033215120723000,9.955722900390626,-4.318876266479492,4.985263824462891,-1.4448984861373901
1741033215130826500,9.965826416015625,-5.318248748779297,5.775551795959473,-0.3069908618927002
1741033215140929800,9.9759296875,-5.915887832641602,5.483870506286621,0.5596818923950195
1741033215151033300,9.986033447265624,-5.430269718170166,3.6991796493530273,0.9378268718719482
1741033215161137000,9.996136962890626,-4.019436836242676,1.9051122665405273,1.325815200805664
1741033215171240400,10.006240478515625,-1.8082256317138672,0.831085205078125,2.100517511367798
1741033215181343700,10.01634375,0.16315174102783203,0.12830543518066406,3.2033846378326416
1741033215191447300,10.026447265625,1.1989102363586426,-0.3912925720214844,4.215999603271484
1741033215201550600,10.036550537109376,1.3741284608840942,-1.409571647644043,4.524392127990723
1741033215211653400,10.0466533203125,1.890977144241333,-2.2127327919006348,4.721678733825684
1741033215221757000,10.0567568359375,2.6342363357543945,-2.829192638397217,4.720934867858887
1741033215231860500,10.066860595703124,3.7854573726654053,-2.9344568252563477,4.390288352966309
1741033215241964000,10.076964111328126,5.128583908081055,-2.2987165451049805,3.78493595123291
1741033215252067300,10.0870673828125,6.022214412689209,-1.7125401496887207,3.0714738368988037
1741033215262171000,10.0971708984375,6.36544132232666,-1.47882080078125,2.358165740966797
1741033215272274400,10.1072744140625,6.119170188903809,-1.1854209899902344,1.575258731842041
1741033215282378000,10.1173779296875,5.338106155395508,-0.7919435501098633,0.7846238613128662
1741033215292481300,10.127481201171875,4.140318870544434,-0.6749391555786133,0.298994779586792
1741033215302584000,10.137583984375,2.422654151916504,-0.7986936569213867,0.20113468170166016
1741033215312687600,10.1476875,0.8747090101242065,-1.2471599578857422,0.10641598701477051
1741033215322791200,10.157791259765625,-0.41403067111968994,-1.6927509307861328,0.2054591178894043
1741033215332894500,10.16789453125,-1.1223236322402954,-2.135201930999756,0.3586740493774414
1741033215342998000,10.177998046875,-1.3352906703948975,-2.425698757171631,0.421053409576416
1741033215353101600,10.1881015625,-1.301328182220459,-2.6542491912841797,0.3480818271636963
1741033215363205000,10.198205078125,-0.9265059232711792,-2.9647912979125977,-0.03231501579284668
1741033215373308400,10.208308349609375,-0.35406333208084106,-3.0668044090270996,-0.23422932624816895
1741033215383411700,10.21841162109375,-0.07388341426849365,-2.9950551986694336,-0.27167463302612305
1741033215393514800,10.2285146484375,0.019525885581970215,-2.918667793273926,-0.36086368560791016
1741033215403618000,10.2386181640625,0.14958441257476807,-2.8730874061584473,-0.493757963180542
1741033215413721600,10.2487216796875,0.2247089147567749,-2.8650364875793457,-0.7424135208129883
1741033215423825200,10.2588251953125,0.2679903507232666,-2.881946563720703,-1.015627145767212
1741033215433928700,10.2689287109375,0.3867892026901245,-2.7758073806762695,-1.2195085287094116
1741033215444032000,10.279031982421875,0.40281569957733154,-2.631503105163574,-1.3150334358215332
1741033215454135600,10.289135498046875,0.3816232681274414,-2.585622787475586,-1.3961231708526611
1741033215464239000,10.299239013671874,0.23183906078338623,-2.5616869926452637,-1.5078816413879395
1741033215474342700,10.3093427734375,0.05028855800628662,-2.476156234741211,-1.6235544681549072
1741033215484445200,10.319445068359375,-0.03380000591278076,-2.251215934753418,-1.754578948020935
1741033215494548700,10.329548828125,-0.10555458068847656,-2.048379898071289,-1.9714744091033936
1741033215504652300,10.33965234375,-0.3212839365005493,-1.695666790008545,-2.1619555950164795
1741033215514755600,10.349755615234375,-0.411008358001709,-1.232558250427246,-2.404819965362549
1741033215524859100,10.359859130859375,-0.42666828632354736,-0.7243919372558594,-2.6760125160217285
1741033215534962700,10.369962646484375,-0.39805853366851807,-0.16074275970458984,-2.9998319149017334
1741033215545066200,10.380066162109374,-0.31460702419281006,0.29676151275634766,-3.2808475494384766
1741033215555169500,10.39016943359375,-0.31259822845458984,0.4301185607910156,-3.639160633087158
1741033215565272600,10.4002724609375,-0.17353594303131104,0.35289955139160156,-3.941565990447998
1741033215575376000,10.4103759765625,-0.003857851028442383,0.2628631591796875,-3.9234485626220703
1741033215585479200,10.420479248046876,-0.0013890266418457031,0.3368492126464844,-3.645094394683838
1741033215595582700,10.430582763671875,0.06911158561706543,0.41286659240722656,-3.5556626319885254
1741033215605686300,10.440686279296875,0.4320995807647705,0.42442893981933594,-3.6622376441955566
1741033215615789800,10.450789794921874,0.9753485918045044,0.7547016143798828,-3.654088258743286
1741033215625893000,10.46089306640625,1.2044134140014648,1.6888656616210938,-3.375039577484131
1741033215635996700,10.47099658203125,1.081394076347351,3.5062999725341797,-2.468484878540039
1741033215646100200,10.481100341796875,1.2710254192352295,5.492205619812012,-1.3055939674377441
1741033215656202800,10.49120263671875,1.9568434953689575,6.443111419677734,-0.2607234716415405
1741033215666306300,10.501306396484376,1.6621801853179932,5.318849563598633,0.7442289590835571
1741033215676409900,10.511409912109375,1.4329805374145508,2.728342056274414,1.076006531715393
1741033215686513400,10.521513427734375,1.5413230657577515,0.03938770294189453,0.6710543632507324
1741033215696616700,10.53161669921875,1.3478052616119385,-1.3120746612548828,0.4143742322921753
1741033215706720300,10.54172021484375,0.7652418613433838,-0.7415981292724609,0.8554140329360962
1741033215716823800,10.55182373046875,0.5870146751403809,1.5805244445800781,1.937833309173584
1741033215726927400,10.56192724609375,-0.07742178440093994,3.7102489471435547,2.6209726333618164
1741033215737030100,10.572030029296876,-0.868897020816803,4.752649307250977,3.0293354988098145
1741033215747133400,10.582133544921875,-1.5610311031341553,4.618854522705078,3.4194540977478027
1741033215757237000,10.592237060546875,-2.061546564102173,3.1482391357421875,3.7568397521972656
1741033215767340500,10.602340576171875,-2.5417213439941406,1.1499814987182617,3.7674789428710938
1741033215777443800,10.61244384765625,-2.8609702587127686,-0.22403526306152344,3.3062262535095215
1741033215787547400,10.62254736328125,-2.759861946105957,-1.0822515487670898,2.499795913696289
1741033215797651000,10.63265087890625,-2.653287887573242,-1.9147696495056152,1.4473109245300293
1741033215807754500,10.64275439453125,-2.5818748474121094,-2.525179862976074,0.6815004348754883
1741033215817857800,10.65285791015625,-2.5569376945495605,-2.9225387573242188,0.3469541072845459
1741033215827960600,10.662960693359375,-2.4476499557495117,-3.1241860389709473,0.45226526260375977
1741033215838064000,10.673064208984375,-2.4315848350524902,-3.2657389640808105,0.5327345132827759
1741033215848167400,10.68316748046875,-2.184697151184082,-3.2947025299072266,0.6979538202285767
1741033215858271000,10.69327099609375,-2.029454231262207,-3.255560874938965,1.1327632665634155
1741033215868374500,10.70337451171875,-2.1116745471954346,-3.197716236114502,1.6569888591766357
1741033215878478000,10.71347802734375,-2.0734646320343018,-2.965933322906494,2.3047804832458496
1741033215888581400,10.723581298828124,-1.6256240606307983,-2.593986988067627,2.9682750701904297
1741033215898685000,10.733684814453126,-1.3325904607772827,-2.2989096641540527,3.3415064811706543
1741033215908788000,10.7437880859375,-1.0353565216064453,-2.0740246772766113,3.2720842361450195
1741033215918891000,10.75389111328125,-0.7519406080245972,-1.7705039978027344,3.0688788890838623
1741033215928994600,10.76399462890625,-0.45223259925842285,-1.4030437469482422,2.6305410861968994
1741033215939098000,10.77409814453125,-0.04428642988204956,-1.0603303909301758,2.0146164894104004
1741033215949201700,10.78420166015625,0.17191660404205322,-0.8205795288085938,1.4194588661193848
1741033215959305000,10.794304931640625,0.07375413179397583,-0.4597759246826172,1.0240504741668701
1741033215969408500,10.804408447265626,-0.09962809085845947,-0.013448715209960938,0.857386589050293
1741033215979511800,10.81451171875,0.008283823728561401,0.5424518585205078,0.7290458679199219
1741033215989614600,10.824614501953125,0.4300708472728729,1.2970380783081055,0.6718056201934814
1741033215999718100,10.83471826171875,0.8463669419288635,1.992166519165039,0.49041199684143066
1741033216009821700,10.84482177734375,1.017130970954895,2.6021156311035156,0.11434769630432129
1741033216019925200,10.85492529296875,1.1839910745620728,2.963632583618164,-0.3819624185562134
1741033216030028500,10.865028564453125,1.2157719135284424,3.096935272216797,-0.9447078704833984
1741033216040132000,10.875132080078124,1.307759404182434,2.7446346282958984,-1.6766982078552246
1741033216050235600,10.885235595703126,1.6111043691635132,2.346242904663086,-2.2194161415100098
1741033216060338700,10.895338623046875,2.1669976711273193,2.254283905029297,-2.4612057209014893
1741033216070441700,10.905441650390625,2.2284445762634277,2.7544755935668945,-2.530238151550293
1741033216080545300,10.915545166015624,1.067900538444519,3.9822797775268555,-2.275442361831665
1741033216090648800,10.92564892578125,0.9167935848236084,5.2520599365234375,-2.175935983657837
1741033216100752100,10.935752197265625,2.8707115650177,5.741901397705078,-2.3047895431518555
1741033216110855700,10.945855712890625,4.219249248504639,5.208621978759766,-1.6426953077316284
1741033216120959200,10.955959228515624,3.830752372741699,4.169338226318359,-0.6886167526245117
1741033216131062800,10.966062744140626,1.8619991540908813,3.2557363510131836,-0.13646745681762695
1741033216141165300,10.976165283203125,-0.16787035763263702,1.9990224838256836,-0.2468639612197876
1741033216151268900,10.986268798828124,-0.9645479917526245,0.5821552276611328,-0.5203696489334106
1741033216161372400,10.996372314453126,-0.5968120098114014,-0.6282539367675781,-0.6168390512466431
1741033216171475700,11.006475830078125,-0.062239646911621094,-1.4824914932250977,-0.5441783666610718
1741033216181579300,11.016579345703125,0.07793641090393066,-1.7793998718261719,-0.03799998760223389
1741033216191682800,11.026682861328124,0.4161979556083679,-1.422297477722168,1.0610918998718262
1741033216201786400,11.036786376953126,0.7952992916107178,-0.6533479690551758,2.3580892086029053
1741033216211889700,11.0468896484375,1.0694611072540283,-0.05399322509765625,3.642076015472412
1741033216221992700,11.05699267578125,0.8244426846504211,0.1461658477783203,4.5289154052734375
1741033216232096000,11.067095947265624,0.2637947201728821,0.09319496154785156,4.905700206756592
1741033216242199600,11.077199462890626,-0.3168899714946747,-0.08260345458984375,4.519577980041504
1741033216252302800,11.087302734375,-0.6172317266464233,-0.3513050079345703,3.7443041801452637
1741033216262406400,11.097406494140625,-0.8391647338867188,-0.6848049163818359,2.7067999839782715
1741033216272510000,11.107510009765624,-0.9425147175788879,-1.1668434143066406,1.525376558303833
1741033216282613500,11.117613525390626,-1.0016781091690063,-1.442488670349121,0.666862964630127
1741033216292716000,11.127716064453125,-1.1394929885864258,-1.615401268005371,0.06880998611450195
1741033216302819600,11.137819580078125,-1.378295660018921,-1.8128662109375,-0.09647631645202637
1741033216312923100,11.147923095703124,-1.3640072345733643,-1.937281608581543,0.010565996170043945
1741033216323026400,11.1580263671875,-1.1761348247528076,-2.145939350128174,0.1402747631072998
1741033216333130000,11.1681298828125,-1.0278499126434326,-2.431582450866699,0.16805791854858398
1741033216343233500,11.178233642578125,-0.7392529845237732,-2.667433738708496,0.17561626434326172
1741033216353337000,11.188337158203124,-0.5026090741157532,-2.808549404144287,0.05746746063232422
1741033216363440000,11.198440185546875,-0.20031166076660156,-2.7388668060302734,-0.04420304298400879
1741033216373543200,11.208543212890625,0.13235735893249512,-2.65755033493042,-0.15259742736816406
1741033216383646700,11.218646728515624,0.4276235103607178,-2.6316680908203125,-0.32301366329193115
1741033216393750000,11.22875,0.7662067413330078,-2.671600818634033,-0.5639362335205078
1741033216403853600,11.238853515625,1.1345579624176025,-2.7803874015808105,-0.7924162149429321
1741033216413957000,11.24895703125,1.497430443763733,-2.859633445739746,-0.9972521066665649
1741033216424060700,11.259060791015624,1.6771996021270752,-2.9538097381591797,-1.087563395500183
1741033216434164000,11.2691640625,1.7561311721801758,-3.0986146926879883,-1.2270126342773438
1741033216444266800,11.279266845703125,1.8518235683441162,-3.243466377258301,-1.2960439920425415
1741033216454370300,11.289370361328125,1.9606091976165771,-3.3566336631774902,-1.4432730674743652
1741033216464473600,11.2994736328125,2.0615651607513428,-3.2782392501831055,-1.5831860303878784
1741033216474577200,11.3095771484375,2.3450098037719727,-3.004826068878174,-1.5676852464675903
1741033216484680700,11.3196806640625,2.5636181831359863,-2.57584810256958,-1.4015871286392212
1741033216494784300,11.3297841796875,2.685370922088623,-1.983424186706543,-1.121140480041504
1741033216504887300,11.33988720703125,2.6823253631591797,-1.3489160537719727,-0.7865395545959473
1741033216514990300,11.349990234375,2.376845121383667,-0.8206462860107422,-0.66692054271698
1741033216525094000,11.360093994140625,2.158059597015381,-0.4435434341430664,-0.6894934773445129
1741033216535197200,11.370197265625,2.0688133239746094,-0.05424785614013672,-0.86772620677948
1741033216545300700,11.38030078125,2.271355628967285,0.5937404632568359,-1.0119974613189697
1741033216555404300,11.390404296875,2.3035569190979004,1.2160844802856445,-1.3007575273513794
1741033216565507800,11.4005078125,2.041400909423828,1.3923978805541992,-1.6154438257217407
1741033216575610600,11.410610595703124,1.0756765604019165,1.7034025192260742,-1.3563482761383057
1741033216585714000,11.4207138671875,-0.2428649663925171,2.7248029708862305,-0.5624477863311768
1741033216595817500,11.4308173828125,1.0799593925476074,4.043802261352539,0.25849688053131104
1741033216605920800,11.440920654296875,3.073430061340332,5.465187072753906,1.1382359266281128
1741033216616024300,11.4510244140625,2.514890193939209,6.582069396972656,1.7487789392471313
1741033216626128000,11.4611279296875,1.704904317855835,6.435456275939941,1.8283010721206665
1741033216636231400,11.4712314453125,0.7541524171829224,4.394255638122559,1.7621656656265259
1741033216646334700,11.481334716796875,-0.4861791133880615,2.0496129989624023,2.1400604248046875
1741033216656437500,11.4914375,-1.3761996030807495,0.36329078674316406,2.5152764320373535
1741033216666541000,11.501541015625,-1.5743643045425415,-0.04973316192626953,3.0678796768188477
1741033216676644400,11.511644287109375,-0.9192237257957458,0.7467079162597656,3.4259862899780273
1741033216686748000,11.521747802734374,-0.5533411502838135,1.4011363983154297,3.0904040336608887
1741033216696851500,11.5318515625,-0.730161190032959,1.3709602355957031,2.2846288681030273
1741033216706955000,11.541955078125,-1.5043797492980957,1.0359125137329102,1.1550267934799194
1741033216717057800,11.552057861328125,-2.552238941192627,0.7515583038330078,0.021816492080688477
1741033216727161000,11.5621611328125,-3.23276686668396,0.5491418838500977,-0.7423876523971558
1741033216737264600,11.5722646484375,-3.892331123352051,0.5039243698120117,-1.0939477682113647
1741033216747368200,11.5823681640625,-4.491600513458252,0.5125064849853516,-1.1877285242080688
1741033216757471500,11.592471435546875,-4.622405529022217,0.5101613998413086,-1.163730502128601
1741033216767575000,11.602574951171874,-4.63458251953125,0.04783916473388672,-1.2718936204910278
1741033216777678600,11.6126787109375,-4.8322343826293945,-0.6985721588134766,-0.9766908884048462
1741033216787781000,11.622781005859375,-4.2231340408325195,-1.4749011993408203,-0.45442765951156616
1741033216797884700,11.632884765625,-3.571441888809204,-2.2649269104003906,0.0697638988494873
1741033216807988200,11.64298828125,-2.921968936920166,-2.7617135047912598,0.3619495630264282
1741033216818091800,11.653091796875,-2.1928305625915527,-3.070862293243408,0.28342342376708984
1741033216828195000,11.663195068359375,-1.2990540266036987,-3.3940634727478027,0.1732100248336792
1741033216838298600,11.673298583984375,-0.3284229040145874,-3.526937484741211,0.2329235076904297
1741033216848401700,11.683401611328126,0.7621590495109558,-3.434342384338379,0.5095160007476807
1741033216858504700,11.693504638671875,1.5609402656555176,-3.326993465423584,0.6120610237121582
1741033216868608300,11.703608154296875,2.0823822021484375,-3.3081979751586914,0.49369537830352783
1741033216878711800,11.7137119140625,2.495264768600464,-3.1557064056396484,0.34958064556121826
1741033216888815400,11.7238154296875,2.7170603275299072,-2.641348361968994,0.2136300802230835
1741033216898918700,11.733918701171875,2.605674982070923,-1.8798918724060059,0.1337794065475464
1741033216909022200,11.744022216796875,2.5226476192474365,-1.0459213256835938,0.1288090944290161
1741033216919125000,11.754125,2.289780855178833,-0.2260580062866211,0.03150618076324463
1741033216929228300,11.764228271484376,1.94205641746521,0.24878501892089844,-0.29446637630462646
1741033216939331800,11.774331787109375,1.421273112297058,0.39920902252197266,-0.7379237413406372
1741033216949435400,11.784435302734375,1.0008699893951416,0.5372257232666016,-1.1689683198928833
1741033216959539000,11.7945390625,0.9274283647537231,0.7777233123779297,-1.358473300933838
1741033216969642200,11.804642333984376,1.1687393188476562,1.0856647491455078,-1.3206448554992676
1741033216979745500,11.81474560546875,1.4157581329345703,1.457071304321289,-1.1242682933807373
1741033216989848600,11.8248486328125,1.6122679710388184,1.814478874206543,-0.8822190761566162
1741033216999952000,11.834951904296876,1.64069402217865,2.1403322219848633,-0.7055851221084595
1741033217010055400,11.845055419921875,1.4346301555633545,2.3014917373657227,-0.783423662185669
1741033217020159000,11.855158935546875,0.9167399406433105,2.138477325439453,-1.1310772895812988
1741033217030262500,11.865262451171875,0.36411339044570923,1.6805200576782227,-1.5939035415649414
1741033217040365300,11.875365234375,-0.09788581728935242,1.2409658432006836,-1.984571933746338
1741033217050468600,11.885468505859375,-0.3465474545955658,1.0553770065307617,-1.9756784439086914
1741033217060572200,11.895572265625,-0.2601955831050873,1.4320611953735352,-1.3751485347747803
1741033217070675500,11.905675537109374,-0.07439279556274414,2.118605613708496,-0.7763381004333496
1741033217080779000,11.915779052734376,-0.062357038259506226,3.0517616271972656,-0.40490543842315674
1741033217090882600,11.925882568359375,-0.3459494113922119,4.2414045333862305,-0.18962645530700684
1741033217100986000,11.935986083984375,-0.9578222036361694,5.2731475830078125,0.1275721788406372
1741033217111088600,11.946088623046874,-1.4590535163879395,5.590651512145996,0.4056668281555176
1741033217121192200,11.956192138671875,-1.5657323598861694,4.682974815368652,0.6755752563476562
1741033217131295700,11.966295654296875,-1.183869481086731,3.118607521057129,0.970625638961792
1741033217141399000,11.97639892578125,-1.1256517171859741,1.9239892959594727,1.2714508771896362
1741033217151502600,11.986502685546874,-1.0821239948272705,0.9864568710327148,1.8269000053405762
1741033217161606100,11.996606201171875,-0.7379149794578552,0.11170291900634766,2.2225217819213867
1741033217171709200,12.006709228515625,-0.12935543060302734,-0.7130775451660156,2.323958396911621
1741033217181812200,12.016812255859374,0.03433579206466675,-1.3368253707885742,2.5026655197143555
1741033217191915800,12.026915771484376,0.28573763370513916,-1.5979633331298828,3.1337528228759766
1741033217202019300,12.037019287109375,0.8389626145362854,-1.6017036437988281,3.6467905044555664
1741033217212123000,12.047122802734375,1.2516510486602783,-1.4577674865722656,3.8950138092041016
1741033217222226200,12.05722607421875,1.359505534172058,-1.296910285949707,3.873518466949463
1741033217232329000,12.067328857421876,1.191694736480713,-1.087906837463379,3.9003522396087646
1741033217242432500,12.0774326171875,1.0826246738433838,-0.9385843276977539,3.7855751514434814
1741033217252535800,12.087535888671875,0.8793312907218933,-0.989527702331543,3.5120086669921875
1741033217262639400,12.097639404296874,0.7417961359024048,-1.2595176696777344,3.0445027351379395
1741033217272743000,12.107742919921876,0.47876816987991333,-1.6550359725952148,2.610927104949951
1741033217282846200,12.11784619140625,0.2042679786682129,-2.0505332946777344,2.1735317707061768
1741033217292949000,12.127948974609374,0.08751392364501953,-2.313375473022461,1.6405508518218994
1741033217303052500,12.138052490234376,0.1315443515777588,-2.3003296852111816,1.0054702758789062
1741033217313156000,12.148156005859375,0.17538225650787354,-2.1608099937438965,0.4624500274658203
1741033217323259400,12.15825927734375,0.3164811134338379,-2.13566255569458,0.21964502334594727
1741033217333363000,12.168363037109375,0.3635519742965698,-2.133718490600586,0.09624218940734863
1741033217343466500,12.178466552734376,0.30288970470428467,-2.4853034019470215,-0.15263772010803223
1741033217353569500,12.188569580078125,0.27405786514282227,-2.906726360321045,-0.505052924156189
1741033217363672600,12.198672607421875,0.16055631637573242,-3.2119264602661133,-0.7842655181884766
1741033217373776100,12.208776123046874,0.20678067207336426,-3.394369602203369,-1.0067684650421143
1741033217383879700,12.218879638671876,0.21107101440429688,-3.5011682510375977,-1.1285994052886963
1741033217393983000,12.22898291015625,0.1790602207183838,-3.510484218597412,-1.2484488487243652
1741033217404086500,12.23908642578125,0.12962722778320312,-3.4072017669677734,-1.3665715456008911
1741033217414189300,12.249189208984374,0.028301239013671875,-3.104158878326416,-1.4092276096343994
1741033217424292600,12.259292724609375,-0.12946605682373047,-2.7178516387939453,-1.2782373428344727
1741033217434396200,12.269396240234375,-0.004395246505737305,-2.6189188957214355,-1.334976315498352
1741033217444499700,12.279499755859375,0.12659335136413574,-2.563079833984375,-1.3790069818496704
1741033217454603300,12.289603271484374,0.292494535446167,-2.4870119094848633,-1.595933198928833
1741033217464706300,12.299706298828125,0.6727299690246582,-2.3670315742492676,-1.8001384735107422
1741033217474809300,12.309809326171875,1.047375202178955,-2.1870265007019043,-1.8691675662994385
1741033217484913000,12.319912841796874,1.4028210639953613,-1.9089512825012207,-1.9814097881317139
1741033217495016200,12.33001611328125,1.8054609298706055,-1.573352336883545,-2.0523407459259033
1741033217505119700,12.34011962890625,2.33719539642334,-1.115279197692871,-2.228634834289551
1741033217515223300,12.350223388671875,2.704507350921631,-0.4957847595214844,-2.2168569564819336
1741033217525326800,12.360326904296874,2.6148083209991455,0.05792713165283203,-2.1142349243164062
1741033217535430000,12.370429931640626,2.609025478363037,0.4947357177734375,-2.381589412689209
1741033217545687600,12.3806875,2.9846811294555664,0.9279823303222656,-2.917971611022949
1741033217555992800,12.390992919921874,3.253861904144287,1.2026214599609375,-3.536393165588379
1741033217566297300,12.40129736328125,2.7582764625549316,0.7927064895629883,-3.903134346008301
1741033217576437500,12.4114375,1.8493279218673706,-0.1361980438232422,-3.8326010704040527
1741033217586541000,12.421541015625,1.356537103652954,-0.8853893280029297,-2.88577938079834
1741033217596644400,12.431644287109375,1.1032745838165283,-0.7406492233276367,-1.2530968189239502
1741033217606747100,12.4417470703125,-0.5296436548233032,0.31832122802734375,0.003577113151550293
1741033217616850700,12.4518505859375,-0.6363481283187866,2.5888328552246094,1.0364128351211548
1741033217626954200,12.461954345703125,4.1764984130859375,5.3059492111206055,2.728531837463379
1741033217637057500,12.4720576171875,3.392263889312744,7.387571334838867,3.4091434478759766
1741033217647161000,12.4821611328125,2.616182804107666,7.985391616821289,3.039337635040283
1741033217657264600,12.4922646484375,1.4672898054122925,6.274810791015625,1.5858803987503052
1741033217667487000,12.502487060546875,-0.1807640790939331,4.442191123962402,0.16508746147155762
1741033217677792300,12.512792236328124,-2.5465714931488037,3.2769975662231445,0.24516570568084717
1741033217688097000,12.523096923828126,-6.980400085449219,3.050826072692871,1.9089601039886475
1741033217698267400,12.533267333984375,-12.491676330566406,2.824216842651367,3.4615249633789062
1741033217708375300,12.543375244140625,-11.739924430847168,2.555331230163574,5.486253261566162
1741033217718478800,12.553478759765625,-7.258576393127441,2.229055404663086,5.303144931793213
1741033217728581400,12.563581298828124,-3.7998580932617188,1.494023323059082,3.2285947799682617
1741033217738685000,12.573684814453125,-1.4102684259414673,1.5353450775146484,2.133972644805908
1741033217748788500,12.58378857421875,-0.28942549228668213,1.4736194610595703,1.3095135688781738
1741033217758891800,12.593891845703125,-0.2749740481376648,0.5260000228881836,0.01581597328186035
1741033217768995300,12.603995361328124,-0.47221049666404724,-0.3624134063720703,-1.0872128009796143
1741033217779098600,12.6140986328125,-0.7264803647994995,-1.1683111190795898,-1.804029941558838
1741033217789201400,12.624201416015625,-0.885860800743103,-1.8662986755371094,-2.0760908126831055
1741033217799305000,12.634304931640624,-1.0515751838684082,-2.5533528327941895,-2.149768352508545
1741033217809408500,12.644408447265626,-0.8268432021141052,-3.1211190223693848,-1.851851463317871
1741033217819512000,12.654511962890625,-0.0521104633808136,-3.346850872039795,-1.0387203693389893
1741033217829615400,12.664615478515625,0.8486467599868774,-3.3451833724975586,-0.5190932154655457
1741033217839718400,12.674718505859374,1.4585427045822144,-3.191387176513672,-0.09601318836212158
1741033217849821700,12.68482177734375,1.6232285499572754,-2.988259792327881,0.30258238315582275
1741033217859925000,12.694925048828125,1.5017261505126953,-2.7509918212890625,0.45673859119415283
1741033217870028500,12.705028564453125,1.3161860704421997,-2.4719457626342773,0.618826150894165
1741033217880132000,12.715132080078124,1.1513330936431885,-2.240752696990967,0.8011962175369263
1741033217890234600,12.725234619140625,1.056810736656189,-1.903904914855957,1.0277235507965088
1741033217900338200,12.735338134765625,1.034886121749878,-1.5518379211425781,1.1328097581863403
1741033217910441700,12.745441650390624,0.8596317172050476,-1.4519672393798828,0.7806892395019531
1741033217920545300,12.755545166015626,0.5238487720489502,-1.2167749404907227,0.29952311515808105
1741033217930648600,12.765648681640625,0.11542403697967529,-0.8473281860351562,-0.15014827251434326
1741033217940752000,12.775751953125,0.22998511791229248,-0.4146595001220703,-0.4462282657623291
1741033217950938000,12.785938232421875,0.6318901777267456,-0.3139076232910156,-0.6698848009109497
1741033217961243400,12.796243408203125,0.7011958360671997,-0.13812732696533203,-0.7399610280990601
1741033217971548200,12.806548095703125,0.6290028095245361,0.2219085693359375,-0.8211902379989624
1741033217981748000,12.816748046875,0.5572859048843384,0.42754077911376953,-1.0964045524597168
1741033217991862800,12.82686279296875,0.7234578132629395,0.45921897888183594,-1.5554862022399902
1741033218001966300,12.83696630859375,0.7916038036346436,0.4357585906982422,-1.9738588333129883
1741033218012069000,12.847069091796875,0.8749971389770508,0.45712757110595703,-2.2409846782684326
1741033218022172400,12.85717236328125,0.9267643094062805,0.6138191223144531,-2.405827760696411
1741033218032276000,12.86727587890625,0.9359484910964966,0.9534378051757812,-2.4065513610839844
1741033218042379500,12.877379638671876,0.96526038646698,1.3916654586791992,-2.3156142234802246
1741033218052483000,12.887483154296875,0.7960900664329529,1.7542104721069336,-2.2425572872161865
1741033218062586400,12.89758642578125,0.5848755836486816,1.8987255096435547,-2.166002035140991
1741033218072689200,12.907689208984374,0.2964613735675812,1.9154510498046875,-2.0746264457702637
1741033218082792700,12.917792724609376,-0.0101240873336792,2.017986297607422,-2.0259058475494385
1741033218092896000,12.92789599609375,-0.20727455615997314,2.3392562866210938,-1.8952800035476685
1741033218102999600,12.93799951171875,-0.1730189323425293,2.785811424255371,-1.8398442268371582
1741033218113102600,12.9481025390625,-0.10461491346359253,3.642855644226074,-1.8014435768127441
1741033218123205600,12.95820556640625,-0.14335060119628906,4.789402008056641,-1.8495073318481445
1741033218133309200,12.96830908203125,-1.0016059875488281,5.859442710876465,-1.9118658304214478
1741033218143412700,12.978412841796874,-2.3673033714294434,6.392434120178223,-1.9121038913726807
1741033218153516300,12.988516357421876,-3.6597516536712646,5.922821044921875,-1.6694579124450684
1741033218163619600,12.99861962890625,-4.33964729309082,4.153665542602539,-1.1619019508361816
1741033218173722400,13.008722412109375,-4.162998676300049,1.603571891784668,-0.9022236466407776
1741033218183826000,13.018825927734374,-3.4850964546203613,-0.3063392639160156,-0.32261908054351807
1741033218193929200,13.02892919921875,-2.4948348999023438,-1.1097564697265625,0.41891658306121826
1741033218204032800,13.03903271484375,-1.9214797019958496,-0.9545021057128906,1.0142794847488403
1741033218214136300,13.04913623046875,-1.2603827714920044,-0.21427631378173828,1.291854977607727
1741033218224238800,13.05923876953125,-0.6353405714035034,0.7542686462402344,1.832528829574585
1741033218234342400,13.06934228515625,0.15647655725479126,1.4590234756469727,3.0574324131011963
1741033218244446000,13.079446044921875,0.7124358415603638,1.5109262466430664,4.3596649169921875
1741033218254620700,13.08962060546875,1.0965906381607056,0.8864259719848633,5.348484039306641
1741033218264926200,13.09992626953125,1.1171931028366089,0.04236602783203125,5.706449031829834
1741033218275231000,13.11023095703125,1.064675211906433,-0.3069038391113281,5.7754387855529785
1741033218285439700,13.120439697265626,1.2697973251342773,-0.556544303894043,5.170300483703613
1741033218295556600,13.130556640625,1.258994460105896,-0.848358154296875,3.9447121620178223
1741033218305660200,13.14066015625,1.3762409687042236,-1.077193260192871,2.387892484664917
1741033218315763700,13.150763671875,1.5641248226165771,-1.1386547088623047,1.4329243898391724
1741033218325867000,13.160866943359375,1.5824369192123413,-1.3813114166259766,0.7771174907684326
1741033218335970600,13.170970458984375,1.2152693271636963,-1.7694339752197266,0.4355508089065552
1741033218346073300,13.1810732421875,0.7522554397583008,-2.41630220413208,-0.03504371643066406
1741033218356176600,13.1911767578125,0.08233976364135742,-3.049532890319824,-0.515164852142334
1741033218366280200,13.2012802734375,-0.6556532979011536,-3.484480381011963,-0.7174228429794312
1741033218376383700,13.2113837890625,-1.173095703125,-3.7597455978393555,-0.7521904110908508
1741033218386487000,13.221487060546876,-1.6226650476455688,-4.0810627937316895,-0.8527985215187073
1741033218396589800,13.23158984375,-1.8074829578399658,-4.375121116638184,-0.9494196772575378
1741033218406693400,13.241693359375,-2.0560035705566406,-4.705859184265137,-1.0865700244903564
1741033218416797000,13.251796875,-2.4048948287963867,-4.888710021972656,-1.3031725883483887
1741033218426900200,13.261900146484376,-2.5538573265075684,-5.022188186645508,-1.527235746383667
1741033218437003300,13.272003173828125,-2.482605218887329,-5.2016119956970215,-1.714282751083374
1741033218447106600,13.2821064453125,-2.0487749576568604,-5.410079479217529,-1.951246738433838
1741033218457209900,13.2922099609375,-1.3297334909439087,-5.352975845336914,-2.1529879570007324
1741033218467313400,13.3023134765625,-0.581546425819397,-4.8621625900268555,-2.068794012069702
1741033218477417000,13.3124169921875,0.23194026947021484,-3.7958292961120605,-1.563166618347168
1741033218487519700,13.322519775390624,1.1247591972351074,-2.6566548347473145,-1.0038732290267944
1741033218497623000,13.332623046875,1.7392685413360596,-1.939286708831787,-0.8560102581977844
1741033218507726600,13.3427265625,2.1098690032958984,-1.6813983917236328,-1.0290979146957397
1741033218517830100,13.352830078125,2.687870502471924,-1.3881168365478516,-1.216894268989563
1741033218527933400,13.362933349609374,3.1171576976776123,-0.7633733749389648,-1.2918965816497803
1741033218538037000,13.373037109375,3.2470593452453613,0.2205677032470703,-1.0483152866363525
1741033218548139800,13.383139892578125,3.1262645721435547,1.3409538269042969,-0.7845113277435303
1741033218558243000,13.3932431640625,3.022538900375366,2.5320825576782227,-0.6618770360946655
1741033218568346600,13.4033466796875,3.3365371227264404,3.538850784301758,-0.9256623983383179
1741033218578450200,13.4134501953125,3.7883453369140625,3.6896743774414062,-1.5350912809371948
1741033218588553200,13.42355322265625,2.818671464920044,2.874561309814453,-1.5706801414489746
1741033218598656300,13.43365625,1.752826452255249,2.160825729370117,-0.8814041614532471
1741033218608759800,13.443759765625,1.5397939682006836,1.9954442977905273,-0.239324152469635
1741033218618863400,13.45386328125,1.2945327758789062,2.311579704284668,0.04351562261581421
1741033218628966700,13.463966552734375,1.3939602375030518,2.8209829330444336,-0.17676925659179688
1741033218639069700,13.474069580078124,1.8755302429199219,3.432584762573242,-0.6389461755752563
1741033218649173000,13.484173095703126,2.097160816192627,3.9239158630371094,-0.9559280276298523
1741033218659276300,13.4942763671875,0.8834481239318848,4.292502403259277,-0.7545874118804932
1741033218669379800,13.5043798828125,-1.916304588317871,4.75592041015625,-0.11561232805252075
1741033218679483400,13.5144833984375,-5.147195816040039,5.198540687561035,0.6978752613067627
1741033218689586000,13.5245859375,-6.971890449523926,4.587381362915039,1.4594107866287231
1741033218699689500,13.534689453125,-6.689953804016113,2.528339385986328,1.9759254455566406
1741033218709793000,13.54479296875,-5.027228832244873,0.5801601409912109,2.2512412071228027
1741033218719896600,13.554896484375,-3.467883586883545,0.06498908996582031,2.403233766555786
1741033218729999600,13.56499951171875,-2.1984012126922607,1.0262432098388672,2.3666274547576904
1741033218740102700,13.5751025390625,-1.2503639459609985,2.235419273376465,1.7555216550827026
1741033218750206200,13.585206298828124,-0.858439564704895,2.9792327880859375,0.8134182095527649
1741033218760309800,13.595309814453126,-0.8666173219680786,3.1207475662231445,-0.026737719774246216
1741033218770413000,13.6054130859375,-0.8126085996627808,2.758397102355957,-0.4240032136440277
1741033218780516000,13.61551611328125,-0.5587546825408936,2.0882368087768555,-0.6179317831993103
1741033218790619400,13.625619384765624,-0.3826732635498047,1.4775991439819336,-0.7579411864280701
1741033218800722700,13.63572265625,-0.6154942512512207,0.8432941436767578,-1.0132601261138916
1741033218810826200,13.645826171875,-1.0371856689453125,0.15993595123291016,-1.2901753187179565
1741033218820929800,13.6559296875,-1.2690815925598145,-0.6361293792724609,-1.5525661706924438
1741033218831032300,13.6660322265625,-1.3107637166976929,-1.3024473190307617,-1.4549334049224854
1741033218841135900,13.676135986328125,-1.0082054138183594,-1.5781469345092773,-0.6998266577720642
1741033218851239400,13.686239501953125,-0.6341431140899658,-1.8787078857421875,-0.08220577239990234
1741033218861343000,13.696343017578124,-0.38640713691711426,-2.3502182960510254,0.12869560718536377
1741033218871446300,13.7064462890625,-0.26488733291625977,-2.9264636039733887,0.10580509901046753
1741033218881549000,13.716549072265625,-0.021509408950805664,-3.455526351928711,-0.04696619510650635
1741033218891652600,13.726652587890625,0.31836986541748047,-3.9157156944274902,-0.13768571615219116
1741033218901756000,13.736755859375,0.5159460306167603,-4.198094844818115,-0.014863431453704834
1741033218911859500,13.746859375,0.5492591261863708,-4.277376651763916,0.25262391567230225
1741033218921962500,13.75696240234375,0.419685423374176,-4.175356864929199,0.5323061943054199
1741033218932065500,13.7670654296875,0.20616662502288818,-3.9982094764709473,0.623558759689331
1741033218942169000,13.777169189453126,0.053076207637786865,-3.8125295639038086,0.5870168805122375
1741033218952272600,13.787272705078125,-0.2307702600955963,-3.497586250305176,0.4764147400856018
1741033218962376200,13.797376220703125,-0.570347785949707,-2.99127197265625,0.264556884765625
1741033218972479000,13.80747900390625,-0.7678676843643188,-2.4252023696899414,0.12037253379821777
1741033218982582300,13.817582275390626,-0.9127810597419739,-1.9221162796020508,-0.11472314596176147
1741033218992685800,13.827685791015625,-0.9545359015464783,-1.592045783996582,-0.34684550762176514
1741033219002789000,13.8377890625,-0.8779741525650024,-1.2921371459960938,-0.5564761161804199
1741033219012892700,13.847892578125,-0.7743951082229614,-0.9168672561645508,-0.7415245771408081
1741033219022995500,13.857995361328125,-0.6432108879089355,-0.5135622024536133,-0.9587393999099731
1741033219033098800,13.8680986328125,-0.4335373342037201,-0.14109516143798828,-1.2715489864349365
1741033219043202300,13.878202392578125,-0.15954703092575073,0.22794818878173828,-1.5051860809326172
1741033219053305900,13.888305908203124,0.25740674138069153,0.6065168380737305,-1.5979021787643433
1741033219063409000,13.898408935546875,0.8442661762237549,1.0587739944458008,-1.6186327934265137
1741033219073512000,13.908511962890625,1.2554547786712646,1.526261329650879,-1.4646155834197998
1741033219083615500,13.918615478515624,1.5713167190551758,2.163095474243164,-1.3653429746627808
1741033219093719000,13.928718994140626,2.0727531909942627,2.5640878677368164,-1.366960883140564
1741033219103821800,13.93882177734375,2.700678825378418,3.007465362548828,-1.1757632493972778
1741033219113925000,13.948925048828125,3.191953659057617,3.296537399291992,-1.016366958618164
1741033219124028700,13.959028564453124,2.9608523845672607,3.334010124206543,-1.2066447734832764
1741033219134132000,13.969132080078126,2.7689430713653564,3.120266914367676,-1.438485860824585
1741033219144235500,13.979235595703125,2.6900393962860107,2.7124195098876953,-1.5347211360931396
1741033219154338300,13.98933837890625,2.7024850845336914,2.458515167236328,-1.5417101383209229
1741033219164441600,13.999441650390626,1.8884793519973755,2.872147560119629,-1.5387117862701416
1741033219174545200,14.009545166015625,0.28765714168548584,3.742473602294922,-1.2783907651901245
1741033219184648700,14.019648681640625,-1.2109252214431763,4.691576957702637,-0.8944427967071533
1741033219194752000,14.029751953125,-2.029384136199951,5.296937942504883,-0.35141098499298096
1741033219204854800,14.039854736328126,-2.074331760406494,5.102712631225586,0.01817452907562256
1741033219214958300,14.049958251953125,-1.8201035261154175,3.574660301208496,0.11560320854187012
1741033219225062000,14.060061767578125,-1.5500857830047607,1.650313377380371,0.3388010263442993
1741033219235165200,14.070165283203124,-1.116703987121582,-0.1563577651977539,0.42552483081817627
1741033219245268200,14.080268310546876,-0.4172021150588989,-1.1936445236206055,0.9975501298904419
1741033219255371500,14.09037158203125,0.6798133850097656,-1.014206886291504,2.0337281227111816
1741033219265475000,14.10047509765625,1.6352097988128662,0.1686267852783203,2.8463375568389893
1741033219275578400,14.110578369140624,2.330982208251953,1.5252704620361328,3.152254104614258
1741033219285682000,14.120681884765625,2.4601821899414062,2.4791154861450195,2.886850357055664
1741033219295784700,14.13078466796875,1.987074851989746,2.788813591003418,2.969318389892578
1741033219305888000,14.140887939453124,1.2224589586257935,2.344676971435547,3.4782302379608154
1741033219315991600,14.150991455078126,0.6809300780296326,1.292658805847168,3.601560115814209
1741033219326095000,14.16109521484375,0.37249332666397095,0.5185623168945312,3.9518375396728516
1741033219336197600,14.17119775390625,0.4671897292137146,0.21180152893066406,4.2287750244140625
1741033219346301200,14.18130126953125,-0.026857316493988037,-0.04949760437011719,4.102686882019043
1741033219356404700,14.19140478515625,-1.1837553977966309,-0.4607219696044922,3.3355722427368164
1741033219366508300,14.20150830078125,-1.7558016777038574,-1.091318130493164,2.3577516078948975
1741033219376611300,14.211611328125,-1.919255018234253,-1.9415650367736816,1.4252127408981323
1741033219386714400,14.22171435546875,-1.6355717182159424,-2.792280673980713,0.7891135215759277
1741033219396818000,14.23181787109375,-0.9363833665847778,-3.452169895172119,0.4261220693588257
1741033219406921200,14.241921142578125,-0.3496943414211273,-3.9800753593444824,0.14963507652282715
1741033219417024800,14.252024658203124,-0.16850078105926514,-4.354296684265137,-0.008240103721618652
1741033219427128300,14.26212841796875,0.005656003952026367,-4.615853309631348,-0.13115990161895752
1741033219437374500,14.27237451171875,0.09619951248168945,-4.916807651519775,-0.34483134746551514
1741033219447679700,14.2826796875,0.3437005281448364,-5.104734420776367,-0.436016321182251
1741033219457984300,14.292984375,0.46820926666259766,-5.197579383850098,-0.48369157314300537
1741033219468135400,14.303135498046874,0.5030369758605957,-5.3588762283325195,-0.5225675106048584
1741033219478239000,14.313239013671875,0.4712933301925659,-5.421229839324951,-0.5618222951889038
1741033219488341500,14.323341552734375,0.44187355041503906,-5.403371334075928,-0.6179155111312866
1741033219498445000,14.333445068359374,0.5192661285400391,-5.107447624206543,-0.5505926609039307
1741033219508548600,14.343548583984376,0.7082915306091309,-4.437658786773682,-0.2111504077911377
1741033219518652000,14.35365185546875,1.0046727657318115,-3.8263158798217773,-0.01633000373840332
1741033219528754700,14.363754638671875,1.2989943027496338,-3.423117160797119,0.0381695032119751
1741033219538858200,14.373858154296874,1.4703543186187744,-3.061408042907715,0.1250903606414795
1741033219548961800,14.3839619140625,1.567927598953247,-2.5272860527038574,0.24900901317596436
1741033219559065000,14.394065185546875,1.567307472229004,-1.935621738433838,0.32388949394226074
1741033219569168100,14.404168212890625,1.4538071155548096,-1.1831693649291992,0.4453326463699341
1741033219579271400,14.414271484375,1.1995713710784912,-0.2769317626953125,0.5610946416854858
1741033219589374700,14.424374755859375,0.8515791893005371,0.4152364730834961,0.3623307943344116
1741033219599478300,14.434478271484375,0.39235401153564453,0.9753942489624023,0.15146374702453613
1741033219609581800,14.444581787109374,-0.051682233810424805,1.3622350692749023,-0.20127856731414795
1741033219619684600,14.4546845703125,-0.3747847080230713,1.6100101470947266,-0.5075401663780212
1741033219629788000,14.464787841796875,-0.9009523391723633,1.8985977172851562,-0.7461806535720825
1741033219639891500,14.474891357421875,-1.6455471515655518,2.148195266723633,-0.9541130661964417
1741033219649994800,14.484994873046874,-2.1577014923095703,2.281991958618164,-1.359149694442749
1741033219660097500,14.49509765625,-2.212970018386841,2.4954233169555664,-1.8241815567016602
1741033219670201000,14.505201171875,-2.35964035987854,2.798686981201172,-2.091864585876465
1741033219680304600,14.5153046875,-3.125979423522949,3.2545738220214844,-2.454479932785034
1741033219690408200,14.525408203125,-3.7983787059783936,3.634075164794922,-3.2489166259765625
1741033219700511200,14.53551123046875,-3.0731685161590576,3.5144872665405273,-4.11698055267334
1741033219710614300,14.5456142578125,-1.0920811891555786,3.3190994262695312,-4.80189323425293
1741033219720717800,14.5557177734375,1.2354540824890137,4.077258110046387,-4.714544296264648
1741033219730821000,14.565821044921876,2.0327560901641846,5.835343360900879,-4.101250648498535
1741033219740924200,14.575924072265625,2.3626182079315186,7.169223785400391,-2.9759159088134766
1741033219751027500,14.58602734375,4.204829216003418,7.0700531005859375,-1.1493138074874878
1741033219761130800,14.596130859375,4.42768669128418,5.047110557556152,0.09612235426902771
1741033219771234300,14.606234375,2.4352710247039795,2.130913734436035,0.4897317886352539
1741033219781337900,14.616337890625,0.6053216457366943,0.18871307373046875,0.45954039692878723
1741033219791440400,14.6264404296875,-0.7851730585098267,-0.6897621154785156,0.27369341254234314
1741033219801544000,14.6365439453125,-1.649763822555542,-0.37698841094970703,0.24007689952850342
1741033219811647500,14.6466474609375,-1.5926082134246826,1.1314725875854492,0.5709755420684814
1741033219821750800,14.656750732421875,-0.9374396800994873,2.551693916320801,0.9187893271446228
1741033219831853600,14.666853515625,-0.2029430866241455,3.4002885818481445,1.3874518871307373
1741033219841957000,14.67695703125,0.2551863193511963,3.3967342376708984,1.7089980840682983
1741033219852060700,14.687060791015625,0.4250314235687256,2.7009878158569336,1.8684475421905518
1741033219862164000,14.6971640625,0.50028395652771,1.607529640197754,1.8850340843200684
1741033219872267000,14.70726708984375,0.40024781227111816,0.7121906280517578,2.099372386932373
1741033219882370300,14.717370361328125,0.16429495811462402,-0.16895771026611328,2.29124116897583
1741033219892473600,14.7274736328125,-0.11796414852142334,-0.9470233917236328,2.5118305683135986
1741033219902577200,14.7375771484375,-0.28890514373779297,-1.5462169647216797,2.8004040718078613
1741033219912680000,14.747679931640626,-0.3106253147125244,-2.0624923706054688,2.89410400390625
1741033219922783200,14.757783203125,-0.5582363605499268,-2.6953606605529785,2.653475522994995
1741033219932886800,14.76788671875,-0.7969683408737183,-3.3118395805358887,2.2876534461975098
1741033219942990300,14.777990234375,-1.026442527770996,-3.739661693572998,1.9950791597366333
1741033219953092900,14.7880927734375,-1.119667887687683,-3.9745283126831055,1.796947717666626
1741033219963196400,14.798196533203125,-1.0930185317993164,-4.206844329833984,1.6925852298736572
1741033219973300000,14.808300048828125,-1.0176854133605957,-4.518946170806885,1.5048813819885254
1741033219983439000,14.818439208984374,-0.9788113236427307,-4.891043186187744,1.3608005046844482
1741033219993744600,14.82874462890625,-1.191382884979248,-5.173440933227539,1.3032594919204712
1741033220004049700,14.839049560546876,-1.4084978103637695,-5.279797077178955,1.3142383098602295
1741033220014287000,14.849287109375,-1.4991652965545654,-4.890212059020996,1.4163775444030762
1741033220024410600,14.85941064453125,-1.5685802698135376,-4.186127185821533,1.3955516815185547
1741033220034514200,14.86951416015625,-1.604070782661438,-3.445274829864502,1.3330600261688232
1741033220044617700,14.87961767578125,-1.4674676656723022,-2.8718013763427734,1.1398775577545166
1741033220054720500,14.889720458984375,-0.14401543140411377,-2.1125364303588867,0.914966881275177
1741033220064823800,14.89982373046875,-0.06645095348358154,-1.5726094245910645,0.19866448640823364
1741033220074927400,14.90992724609375,-1.7583814859390259,-1.5182971954345703,-0.3264337182044983
1741033220085030700,14.92003076171875,-2.9023404121398926,-1.4546375274658203,-0.5745935440063477
1741033220095133400,14.930133544921874,-3.4654412269592285,-0.6914205551147461,-0.4184930622577667
1741033220105237000,14.940237060546876,-3.7824339866638184,0.04229545593261719,-0.6712968349456787
1741033220115340300,14.95034033203125,-5.168516159057617,0.3860054016113281,-1.4691649675369263
1741033220125443800,14.96044384765625,-6.618653297424316,0.6096429824829102,-2.6870551109313965
1741033220135546600,14.970546630859374,-7.699258804321289,0.6650238037109375,-4.183629035949707
1741033220145650000,14.98064990234375,-7.997348785400391,0.6239957809448242,-5.451411724090576
1741033220155753500,14.99075341796875,-8.028399467468262,0.7224626541137695,-5.750309467315674
1741033220165857000,15.00085693359375,-7.57673454284668,0.5766677856445312,-4.787528991699219
1741033220175960000,15.0109599609375,-6.515057563781738,0.45743274688720703,-2.4719090461730957
1741033220186063000,15.02106298828125,-5.572835922241211,0.7950172424316406,-0.47813621163368225
1741033220196166700,15.031166748046875,-4.933434963226318,1.639430046081543,0.7373825311660767
1741033220206270200,15.041270263671874,-4.203463554382324,2.758164405822754,1.664491891860962
1741033220216373000,15.051373046875,-3.4771342277526855,4.024116516113281,2.3724465370178223
1741033220226476300,15.061476318359375,-2.7296876907348633,5.153740882873535,2.7267303466796875
1741033220236579800,15.071579833984375,-2.0416018962860107,5.982433319091797,2.722860336303711
1741033220246683100,15.08168310546875,-1.4618096351623535,6.548511505126953,2.1037726402282715
1741033220256786000,15.091785888671875,-0.9465627670288086,6.94111442565918,1.5199406147003174
1741033220266889500,15.101889404296875,-0.6009088754653931,7.068638801574707,1.2309507131576538
1741033220276992800,15.11199267578125,-0.3354893922805786,6.349666595458984,0.8853778839111328
1741033220287096300,15.122096435546876,0.1860523521900177,4.383642196655273,0.40722715854644775
1741033220297199000,15.13219921875,1.3501964807510376,1.8163738250732422,0.024333715438842773
1741033220307302400,15.142302490234375,3.0030150413513184,-0.09122943878173828,0.07390487194061279
1741033220317406000,15.152406005859374,4.899295806884766,-0.28775501251220703,0.9346240758895874
1741033220327509500,15.162509521484376,5.647402286529541,0.5299510955810547,2.310438632965088
1741033220337612500,15.172612548828125,5.188900947570801,1.3526172637939453,3.6785712242126465
1741033220347715600,15.182715576171875,3.6522634029388428,2.095613479614258,4.872979164123535
1741033220357819100,15.192819091796874,1.4155739545822144,2.7280635833740234,5.8891496658325195
1741033220367922700,15.202922607421876,-1.6500588655471802,3.1499128341674805,6.582333564758301
1741033220378025500,15.213025390625,-1.199169635772705,3.342447280883789,7.782912731170654
1741033220388128800,15.223128662109374,2.8191680908203125,2.3693675994873047,7.966485023498535
1741033220398232300,15.233232421875,4.2280426025390625,1.2736968994140625,7.0206804275512695
1741033220408335600,15.243335693359375,3.91819429397583,0.5740489959716797,5.315618515014648
1741033220418438400,15.2534384765625,3.2404274940490723,0.085357666015625,3.264026165008545
1741033220428542000,15.2635419921875,2.496001720428467,-0.29901123046875,1.4333089590072632
1741033220438645200,15.273645263671876,2.426504135131836,-0.9751873016357422,-0.031951069831848145
1741033220448748800,15.283748779296875,2.2673959732055664,-1.8040752410888672,-0.8161519765853882
1741033220458851600,15.2938515625,2.1760976314544678,-2.432839870452881,-1.0487284660339355
1741033220468955000,15.303954833984376,2.1575896739959717,-2.8300724029541016,-1.224770426750183
1741033220479058400,15.314058349609375,1.7813551425933838,-2.9934630393981934,-1.3892005681991577
1741033220489162000,15.324161865234375,0.8965045213699341,-3.077028751373291,-1.418893575668335
1741033220499348700,15.3343486328125,0.15201133489608765,-3.372109889984131,-1.28801691532135
1741033220509654000,15.344654052734375,-0.47357600927352905,-3.693781852722168,-0.896344006061554
1741033220519958800,15.354958740234375,-0.6911042332649231,-4.302638530731201,-0.5587691068649292
1741033220530158000,15.365157958984375,-0.6868594288825989,-4.948050498962402,-0.17501962184906006
1741033220540272600,15.375272705078125,-0.6050176024436951,-5.633335113525391,0.015245914459228516
1741033220550375400,15.38537548828125,-0.4925640821456909,-6.31655740737915,0.1734158992767334
1741033220560478700,15.395478759765625,-0.4483034610748291,-6.6938652992248535,0.28089070320129395
1741033220570582300,15.405582275390625,-0.5142271518707275,-6.81220817565918,0.4174227714538574
1741033220580685800,15.415685791015624,-0.33653831481933594,-6.990626811981201,0.35295939445495605
1741033220590788400,15.425788330078126,-0.06408828496932983,-7.022042751312256,0.08348482847213745
1741033220600892000,15.435891845703125,0.23804104328155518,-6.829534530639648,-0.4539561867713928
1741033220610995500,15.445995361328125,0.45824575424194336,-6.510102272033691,-1.0162242650985718
1741033220621099000,15.45609912109375,0.8919225931167603,-5.968436241149902,-1.3296709060668945
1741033220631202300,15.466202392578126,1.2458710670471191,-5.341135025024414,-1.4519524574279785
1741033220641376500,15.47637646484375,1.5976951122283936,-4.713868618011475,-1.4893476963043213
1741033220651681800,15.486681884765625,1.7195439338684082,-4.09822940826416,-1.4129520654678345
1741033220661986600,15.496986572265625,1.6289981603622437,-3.3371877670288086,-1.2608942985534668
1741033220672195800,15.50719580078125,1.3668901920318604,-2.365471363067627,-1.1117171049118042
1741033220682312400,15.5173125,1.353572130203247,-1.1320877075195312,-1.0195406675338745
1741033220692415700,15.527415771484375,1.8007080554962158,0.3222932815551758,-0.8044881820678711
1741033220702519300,15.537519287109374,2.913168430328369,1.9276466369628906,-0.642081618309021
1741033220712622600,15.54762255859375,4.738194465637207,3.688387870788574,-0.2635883092880249
1741033220722725400,15.557725341796875,6.405824184417725,5.227639198303223,0.5342077016830444
1741033220732829000,15.567828857421874,6.826494216918945,6.414463043212891,1.6899340152740479
1741033220742932200,15.57793212890625,6.088316917419434,7.131854057312012,2.0627994537353516
1741033220753035800,15.588035888671875,4.960247993469238,7.0488386154174805,1.43008553981781
1741033220763138600,15.598138671875,4.144618988037109,6.2971038818359375,0.5296909809112549
1741033220773241900,15.608241943359374,4.617946624755859,5.26634407043457,-0.15007376670837402
1741033220783345400,15.618345458984376,7.351370334625244,4.057076454162598,0.48274457454681396
1741033220793448700,15.62844873046875,7.276808738708496,3.9862289428710938,1.7744348049163818
1741033220803551500,15.638551513671874,6.365258693695068,4.040797233581543,2.6501829624176025
1741033220813655000,15.648655029296876,4.694538116455078,3.712538719177246,3.0725197792053223
1741033220823758600,15.658758544921875,2.8054161071777344,2.690577507019043,2.9565086364746094
1741033220833861600,15.668861572265625,1.4536093473434448,1.9499998092651367,2.987368583679199
1741033220843964700,15.678964599609374,0.7294332981109619,1.5383539199829102,3.575387954711914
1741033220854068200,15.689068115234376,0.16146647930145264,1.7228422164916992,4.834164142608643
1741033220864171800,15.699171875,-0.5902306437492371,2.2515125274658203,5.8816680908203125
1741033220874274600,15.709274658203125,-1.7183679342269897,2.798360824584961,6.492070198059082
1741033220884377900,15.7193779296875,-2.1558170318603516,3.3218441009521484,6.584888458251953
1741033220894481400,15.7294814453125,-2.079040050506592,3.3803396224975586,5.861055374145508
1741033220904585000,15.7395849609375,-2.9263265132904053,2.6141300201416016,4.107783794403076
1741033220914688300,15.749688232421875,-4.048366069793701,2.198906898498535,2.7832911014556885
1741033220924791000,15.759791015625,-4.985633850097656,1.7199296951293945,1.576116681098938
1741033220934894600,15.76989453125,-5.746225833892822,1.146409034729004,0.4858406186103821
1741033220944998000,15.779997802734375,-6.248050689697266,0.3292837142944336,-0.2873847186565399
1741033220955101200,15.79010107421875,-6.217201232910156,-0.9191122055053711,-0.7600225210189819
1741033220965204200,15.800204345703126,-5.7179341316223145,-2.3432364463806152,-1.0169261693954468
1741033220975307500,15.8103076171875,-4.962924003601074,-3.5162134170532227,-1.0275729894638062
1741033220985411000,15.8204111328125,-4.084035396575928,-4.365076541900635,-0.9176579713821411
1741033220995514000,15.83051416015625,-3.3803722858428955,-4.987297058105469,-0.8781634569168091
1741033221005617200,15.8406171875,-2.8841137886047363,-5.419834136962891,-0.954624354839325
1741033221015720700,15.850720703125,-2.5041871070861816,-5.587895393371582,-0.9434111714363098
1741033221025824300,15.86082421875,-2.2240185737609863,-5.691432952880859,-1.0222467184066772
1741033221035927800,15.870927734375,-2.022679567337036,-5.662912845611572,-1.0781182050704956
1741033221046209500,15.88120947265625,-1.9367421865463257,-5.527272701263428,-1.007509469985962
1741033221056514800,15.891514892578124,-1.9225211143493652,-5.315588474273682,-0.8190057277679443
1741033221066800000,15.901800048828125,-2.0038866996765137,-5.042337894439697,-0.6170563697814941
1741033221076934700,15.9119345703125,-2.041584014892578,-4.876906871795654,-0.37921586632728577
1741033221087037400,15.922037353515625,-2.189504623413086,-4.690199375152588,-0.1463184803724289
1741033221097141000,15.93214111328125,-2.306171178817749,-4.251931667327881,0.2396458387374878
1741033221107244500,15.94224462890625,-2.295685291290283,-3.9457173347473145,0.5759791731834412
1741033221117347600,15.95234765625,-2.209172248840332,-3.58622407913208,0.7942278981208801
1741033221127450600,15.96245068359375,-2.198312997817993,-3.1304140090942383,0.9753156900405884
1741033221137554200,15.97255419921875,-2.1683528423309326,-2.544363021850586,1.025199055671692
1741033221147657700,15.98265771484375,-2.329134941101074,-1.8353891372680664,0.9900925755500793
1741033221157760500,15.992760498046875,-2.6892435550689697,-1.2041006088256836,0.8042663335800171
1741033221167863800,16.00286376953125,-3.019831895828247,-0.6279993057250977,0.578071653842926
1741033221177967400,16.01296728515625,-3.273550271987915,-0.14040756225585938,0.426591694355011
1741033221188070700,16.023070556640626,-3.339231491088867,0.27437877655029297,0.2479720115661621
1741033221198173400,16.03317333984375,-3.2659828662872314,0.7916393280029297,-0.004484295845031738
1741033221208277000,16.043277099609377,-3.215744733810425,1.4327020645141602,-0.19713890552520752
1741033221218380300,16.05338037109375,-3.0348925590515137,2.195490837097168,-0.35071855783462524
1741033221228483800,16.06348388671875,-2.652927875518799,2.9387636184692383,-0.46320363879203796
1741033221238586600,16.073586669921873,-2.1958813667297363,3.570201873779297,-0.4971165657043457
1741033221248690200,16.083690185546875,-1.8622682094573975,4.159253120422363,-0.42444849014282227
1741033221258793500,16.09379345703125,-1.428282380104065,4.670544624328613,-0.3436892032623291
1741033221268897000,16.10389697265625,-0.7048140168190002,5.063290596008301,-0.4633115530014038
1741033221279000000,16.114,0.11328870058059692,5.362688064575195,-0.7006716728210449
1741033221289103000,16.12410302734375,0.40892457962036133,5.785763740539551,-0.8498703837394714
1741033221299206700,16.13420654296875,0.6411460041999817,6.398032188415527,-1.1066131591796875
1741033221309310200,16.144310302734375,0.6093680262565613,7.263888359069824,-1.6097524166107178
1741033221319413000,16.1544130859375,0.5282511115074158,7.9270734786987305,-2.1340863704681396
1741033221329516300,16.164516357421874,0.973727822303772,7.077888488769531,-2.942309617996216
1741033221339619800,16.174619873046876,1.677497386932373,4.601780891418457,-3.3510348796844482
1741033221349723400,16.184723388671873,2.8490662574768066,1.6075162887573242,-3.363821268081665
1741033221359826000,16.194825927734374,3.543494701385498,-0.5220632553100586,-2.7184457778930664
1741033221369929500,16.204929443359376,3.492518901824951,-1.5275764465332031,-2.031336545944214
1741033221380033000,16.215032958984374,2.707058906555176,-1.2244415283203125,-1.2607454061508179
1741033221390136300,16.22513623046875,1.360937476158142,-0.10156059265136719,-0.476215660572052
1741033221400239000,16.235239013671876,-0.09291092306375504,1.280832290649414,0.22185659408569336
1741033221410342700,16.2453427734375,1.4913287162780762,2.6663169860839844,1.7507573366165161
1741033221420446000,16.255446044921875,4.442203044891357,3.180662155151367,3.4503941535949707
1741033221430549200,16.26554931640625,5.38828182220459,3.046847343444824,4.93635892868042
1741033221440652300,16.27565234375,5.0023345947265625,2.1015625,5.194511413574219
1741033221450755600,16.285755615234375,4.040670871734619,0.6337642669677734,4.318083763122559
1741033221460859100,16.295859130859377,2.8772168159484863,-0.48198699951171875,3.3043742179870605
1741033221470962200,16.305962158203126,1.682917833328247,-1.0037403106689453,2.5109384059906006
1741033221481065200,16.316065185546876,1.389000654220581,-1.1440401077270508,2.1097095012664795
1741033221491168800,16.326168701171873,1.301055908203125,-1.196702003479004,1.8040443658828735
1741033221501272300,16.336272216796875,0.8784497976303101,-1.6198701858520508,1.2716504335403442
1741033221511375000,16.346375,0.5217580795288086,-2.122091770172119,0.7095861434936523
1741033221521478400,16.356478515625,0.37494826316833496,-2.6519412994384766,0.17851054668426514
1741033221531582000,16.36658203125,0.022703707218170166,-3.3198318481445312,-0.08482038974761963
1741033221541685200,16.376685302734376,-0.324136346578598,-4.105158805847168,-0.21384525299072266
1741033221551788000,16.3867880859375,-0.496745765209198,-4.739730358123779,0.029445528984069824
1741033221561891600,16.3968916015625,-0.7898930311203003,-5.211175918579102,0.39420652389526367
1741033221571995100,16.4069951171875,-1.091036081314087,-5.5393781661987305,0.8590524196624756
1741033221582098200,16.41709814453125,-1.2145705223083496,-5.833381175994873,1.0864349603652954
1741033221592201200,16.427201171875,-1.2755063772201538,-6.12532377243042,1.1351374387741089
1741033221602304800,16.4373046875,-1.0434743165969849,-6.4261393547058105,0.9789444208145142
1741033221612408000,16.447407958984375,-0.7450556755065918,-6.602789878845215,0.6599401235580444
1741033221622511000,16.457510986328124,-0.4823530912399292,-6.67671012878418,0.4193922281265259
1741033221632614400,16.467614501953125,-0.3823997378349304,-6.642331123352051,0.17718684673309326
1741033221642717700,16.4777177734375,-0.36803191900253296,-6.576582908630371,-0.13983523845672607
1741033221652821200,16.4878212890625,-0.30215150117874146,-6.439510345458984,-0.4129013419151306
1741033221662924000,16.497924072265626,-0.2555743455886841,-6.19514274597168,-0.6631566286087036
1741033221673027300,16.50802734375,-0.1421528458595276,-5.731983184814453,-0.7860451936721802
1741033221683131000,16.518130859375,-0.02183377742767334,-5.135255336761475,-0.8195380568504333
1741033221693234400,16.528234375,0.12016415596008301,-4.3907365798950195,-0.8498225212097168
1741033221703337000,16.5383369140625,0.343733549118042,-3.2372708320617676,-0.6231698989868164
1741033221713440500,16.5484404296875,0.7324272394180298,-1.54874849319458,0.008902430534362793
1741033221723544000,16.5585439453125,1.1866612434387207,0.48774147033691406,0.8232859373092651
1741033221733647400,16.5686474609375,1.9599817991256714,2.7977848052978516,1.7867563962936401
1741033221743750100,16.578750244140625,2.972928285598755,4.824309349060059,2.550837993621826
1741033221753853700,16.588853759765627,4.071618556976318,5.865500450134277,2.6811680793762207
1741033221763957200,16.598957275390624,4.141226291656494,5.687216758728027,1.9293856620788574
1741033221774060300,16.609060302734374,2.9502859115600586,4.388075828552246,0.44030290842056274
1741033221784163300,16.619163330078123,1.6578991413116455,3.0663108825683594,-1.1619138717651367
1741033221794267000,16.629266845703125,0.9617851972579956,2.2646484375,-2.7944388389587402
1741033221804370400,16.639370361328126,1.3045103549957275,1.9582023620605469,-3.8683362007141113
1741033221814473200,16.64947314453125,3.0363235473632812,1.981363296508789,-4.5847487449646
1741033221824576500,16.659576416015625,5.811666011810303,2.1653976440429688,-5.184895038604736
1741033221834680000,16.66968017578125,7.419027805328369,3.0689163208007812,-4.527936935424805
1741033221844783400,16.679783447265624,7.26394510269165,4.527871131896973,-3.0133752822875977
1741033221854886100,16.68988623046875,6.111937522888184,6.214095115661621,-1.6832845211029053
1741033221864989700,16.69998974609375,4.240254878997803,6.8467302322387695,-0.28286245465278625
1741033221875093000,16.710093017578124,2.335707187652588,5.003539085388184,0.5907881855964661
1741033221885196300,16.7201962890625,1.5109717845916748,2.813185691833496,1.3679883480072021
1741033221895299300,16.73029931640625,1.0220013856887817,1.9174280166625977,1.981194257736206
1741033221905402600,16.740402587890625,-0.07180130481719971,2.3499279022216797,2.3992724418640137
1741033221915506200,16.750506103515626,-1.0422043800354004,3.546825408935547,2.758460283279419
1741033221925609200,16.760609130859375,-1.8696036338806152,4.84222412109375,3.4747071266174316
1741033221935712300,16.770712158203125,-2.2341177463531494,5.733750343322754,4.264951705932617
1741033221945815800,16.78081591796875,-2.241485118865967,5.730216026306152,4.530591011047363
1741033221955919400,16.79091943359375,-2.1973795890808105,4.675614356994629,3.9937779903411865
1741033221966022100,16.801022216796873,-1.9805898666381836,3.0979232788085938,3.0954670906066895
1741033221976125400,16.81112548828125,-1.943467378616333,1.6406536102294922,2.0636234283447266
1741033221986229000,16.82122900390625,-1.8471118211746216,0.5155754089355469,1.1295218467712402
1741033221996332500,16.83133251953125,-1.702056884765625,-0.3506479263305664,0.5090799331665039
1741033222006435000,16.84143505859375,-1.5755478143692017,-1.1636323928833008,0.08084903657436371
1741033222016538600,16.85153857421875,-1.4582993984222412,-1.9639816284179688,-0.08026067912578583
1741033222026642200,16.86164208984375,-1.4172062873840332,-2.8083271980285645,-0.1737842857837677
1741033222036745500,16.871745361328124,-1.377699375152588,-3.5483012199401855,-0.21614083647727966
1741033222046848300,16.88184814453125,-1.3680591583251953,-4.215130805969238,-0.21752852201461792
1741033222056951800,16.891951904296874,-1.4072539806365967,-4.780065536499023,-0.18758243322372437
1741033222067055000,16.90205517578125,-1.4219534397125244,-5.165035247802734,-0.1535811722278595
1741033222077158400,16.912158447265625,-1.4089704751968384,-5.376659393310547,0.07115590572357178
1741033222087261400,16.922261474609375,-1.721437692642212,-5.423076629638672,0.30667394399642944
1741033222097364700,16.93236474609375,-2.2169268131256104,-5.564529895782471,0.42326653003692627
1741033222107468300,16.94246826171875,-2.3981194496154785,-5.7386040687561035,0.5932717323303223
1741033222117571300,16.9525712890625,-2.344224214553833,-5.781406879425049,0.9002829790115356
1741033222127674400,16.96267431640625,-2.2269043922424316,-5.8571248054504395,1.1761549711227417
1741033222137778000,16.97277783203125,-2.2042789459228516,-5.883850574493408,1.367159128189087
1741033222147881500,16.982881591796875,-2.01021146774292,-5.645976543426514,1.568324089050293
1741033222157984300,16.992984375,-1.8867194652557373,-5.405277729034424,1.7055552005767822
1741033222168087600,17.003087646484374,-2.32639217376709,-5.308399200439453,1.6784323453903198
1741033222178191000,17.013191162109376,-2.836660861968994,-5.201270580291748,1.5935958623886108
1741033222188294700,17.023294677734373,-3.174541473388672,-4.914332389831543,1.5173105001449585
1741033222198397200,17.033397216796875,-3.542154550552368,-4.484750747680664,1.3641090393066406
1741033222208500700,17.043500732421876,-4.105951309204102,-3.970031261444092,1.0769562721252441
1741033222218604300,17.053604248046874,-4.9166646003723145,-3.4127345085144043,0.4918345510959625
1741033222228707300,17.063707275390627,-5.728157997131348,-2.7241110801696777,-0.12574425339698792
1741033222238810400,17.073810302734376,-6.385040760040283,-1.8158631324768066,-0.6423895359039307
1741033222248914000,17.083913818359374,-7.016765117645264,-0.8106985092163086,-0.9118008017539978
1741033222259017200,17.094017333984375,-7.439671516418457,0.22285175323486328,-0.9323713183403015
1741033222269120300,17.104120361328125,-7.6342010498046875,1.4938793182373047,-0.48632195591926575
1741033222279223600,17.1142236328125,-7.025040626525879,2.9555788040161133,0.21587872505187988
1741033222289327000,17.1243271484375,-5.663672924041748,4.632939338684082,1.100609302520752
1741033222299430400,17.134430419921873,-4.069918155670166,6.508665084838867,2.236144542694092
1741033222309533200,17.144533203125,-1.9389140605926514,8.304529190063477,3.338568687438965
1741033222319636700,17.15463671875,0.4273119866847992,9.543126106262207,4.1556901931762695
1741033222329740000,17.164739990234374,2.4280238151550293,10.132518768310547,4.265116214752197
1741033222339843600,17.174843505859375,3.6700141429901123,10.339858055114746,3.2824366092681885
1741033222349946400,17.1849462890625,5.082831859588623,9.373534202575684,1.6484400033950806
1741033222360049700,17.195049560546874,5.958471298217773,6.648599624633789,-0.4093794822692871
1741033222370153200,17.2051533203125,6.752028942108154,2.951930046081543,-1.8256027698516846
1741033222380256500,17.215256591796877,8.131709098815918,0.04216957092285156,-2.318056106567383
1741033222390359300,17.225359375,9.035938262939453,-1.3476629257202148,-1.839015245437622
1741033222400462800,17.235462890625,9.190885543823242,-1.146738052368164,-1.1486166715621948
1741033222410566400,17.24556640625,8.453447341918945,0.9170341491699219,0.22076892852783203
1741033222420669400,17.25566943359375,7.038680076599121,3.7745361328125,2.1249136924743652
1741033222430772500,17.2657724609375,5.6322855949401855,6.237560272216797,3.9940309524536133
1741033222440876000,17.2758759765625,3.275634765625,7.05994987487793,5.389664649963379
1741033222450979600,17.2859794921875,2.034121513366699,5.532268524169922,5.491207599639893
1741033222461082400,17.296082275390624,2.6890199184417725,3.0416345596313477,4.250166416168213
1741033222471185700,17.306185546875,2.5761866569519043,1.3400859832763672,3.130359172821045
1741033222481289200,17.316289306640623,1.7787823677062988,0.5346221923828125,2.4715018272399902
1741033222491392500,17.326392578125,1.4567056894302368,0.13098716735839844,1.914980411529541
1741033222501495300,17.336495361328126,1.8191096782684326,-0.10577678680419922,1.57828688621521
1741033222511598800,17.346598876953124,1.8308533430099487,-0.3074626922607422,1.368248462677002
1741033222521702100,17.3567021484375,1.6052145957946777,-0.6331214904785156,1.236385703086853
1741033222531805700,17.3668056640625,1.1559202671051025,-1.0348844528198242,0.9719177484512329
1741033222541908500,17.376908447265624,0.8336795568466187,-1.4685287475585938,0.8942074775695801
1741033222552011800,17.38701171875,0.5875988006591797,-1.7365732192993164,1.0005557537078857
1741033222562115300,17.397115234375,0.34749940037727356,-1.851628303527832,0.9472787380218506
1741033222572218400,17.40721826171875,-0.3730708062648773,-2.276578426361084,0.623084545135498
1741033222582321400,17.4173212890625,-1.399616003036499,-3.0096912384033203,0.3902014493942261
1741033222592425000,17.427425048828123,-2.0459184646606445,-3.8713488578796387,0.4967479705810547
1741033222602528500,17.437528564453125,-2.170720338821411,-4.6401777267456055,0.6848458051681519
1741033222612631300,17.44763134765625,-1.7230225801467896,-5.445552349090576,0.5441406965255737
1741033222622734600,17.457734619140624,-1.1731903553009033,-5.980293273925781,0.3290137052536011
1741033222632838100,17.467838134765625,-0.6611366271972656,-6.346970081329346,0.20139741897583008
1741033222642941700,17.477941650390626,-0.3701128363609314,-6.591157913208008,0.15790867805480957
1741033222653044200,17.488044189453124,-0.2814010977745056,-6.7817487716674805,0.07607173919677734
1741033222663147800,17.498147705078125,-0.27575188875198364,-6.990077972412109,-0.14761197566986084
1741033222673251300,17.508251220703126,-0.3406318426132202,-7.190807342529297,-0.2483118176460266
1741033222683354600,17.518354736328124,-0.3489348292350769,-7.366110801696777,-0.31133943796157837
1741033222693457400,17.52845751953125,-0.39971864223480225,-7.525956153869629,-0.468007355928421
1741033222703561000,17.53856103515625,-0.569441556930542,-7.533990859985352,-0.6899105310440063
1741033222713664300,17.548664306640624,-0.6764463186264038,-7.392962455749512,-0.9220592975616455
1741033222723767600,17.558767578125,-0.8033539056777954,-6.967522621154785,-1.0251163244247437
1741033222733870600,17.56887060546875,-0.8841237425804138,-6.26066780090332,-1.0779647827148438
1741033222743974000,17.578973876953125,-1.003711223602295,-5.475560665130615,-1.2155935764312744
1741033222754077400,17.589077392578126,-1.0447415113449097,-4.578370571136475,-1.2545299530029297
1741033222764180500,17.599180419921876,-0.9390958547592163,-3.4890851974487305,-1.0913646221160889
1741033222774283500,17.609283447265625,-0.5601784586906433,-1.4046955108642578,-0.264121949672699
1741033222784387000,17.619386962890626,-0.36348962783813477,2.066539764404297,0.827856719493866
1741033222794490600,17.62949072265625,0.4036882519721985,6.47519588470459,2.6125290393829346
1741033222804593400,17.639593505859374,2.2352399826049805,10.289363861083984,4.205955505371094
1741033222814696700,17.64969677734375,1.9959864616394043,12.98214340209961,3.959160327911377
1741033222824800300,17.65980029296875,-0.00107574462890625,12.699630737304688,1.757354974746704
1741033222834903800,17.66990380859375,-2.456922769546509,9.430588722229004,-1.820516586303711
1741033222845006300,17.68000634765625,-0.927707314491272,6.300457000732422,-3.775843620300293
1741033222855110000,17.69010986328125,4.556276798248291,3.699213981628418,-4.969306468963623
1741033222865213400,17.70021337890625,7.34225606918335,3.0753259658813477,-5.047903060913086
1741033222875316700,17.710316650390624,6.634594917297363,4.582797050476074,-4.159310340881348
1741033222885419500,17.72041943359375,6.848298072814941,5.063722610473633,-2.894430160522461
1741033222895523000,17.730523193359375,5.9706807136535645,3.917649269104004,-0.7276750802993774
1741033222905626600,17.740626708984376,4.399977207183838,3.0002708435058594,1.5049842596054077
1741033222915729400,17.7507294921875,3.208862781524658,3.3070945739746094,3.3693277835845947
1741033222925832700,17.760832763671875,1.6486515998840332,4.328549385070801,4.857400417327881
1741033222935936300,17.770936279296876,0.21147704124450684,5.152170181274414,6.092608451843262
1741033222946039000,17.7810390625,-0.7670454978942871,4.868826866149902,6.374205589294434
1741033222956142300,17.791142333984375,-1.548433542251587,3.734950065612793,5.760560989379883
1741033222966246000,17.801245849609376,-1.9256298542022705,2.5413436889648438,4.532680511474609
1741033222976349200,17.81134912109375,-1.825751781463623,1.6693687438964844,3.361762762069702
1741033222986452000,17.821451904296875,-1.56406569480896,1.1109342575073242,2.616457462310791
1741033222996555500,17.831555419921877,-1.500595211982727,0.40648937225341797,1.8827818632125854
1741033223006658800,17.841658935546874,-1.3854737281799316,-0.5614452362060547,1.241703987121582
1741033223016762000,17.85176220703125,-1.084777593612671,-1.9224815368652344,0.6131551861763
1741033223026865200,17.861865234375,-1.3368139266967773,-3.1794490814208984,0.549222469329834
1741033223036968400,17.871968505859375,-2.894522190093994,-3.986269950866699,0.5025893449783325
1741033223047072000,17.882072021484376,-4.636312007904053,-4.308012962341309,0.4151027798652649
1741033223057175000,17.892175048828125,-5.296319961547852,-4.517755031585693,0.25778502225875854
1741033223067278000,17.902278076171875,-5.635929584503174,-4.969185829162598,0.003381192684173584
1741033223077381600,17.912381591796876,-6.500176429748535,-5.468160629272461,-0.19537371397018433
1741033223087485200,17.922485107421874,-6.417638301849365,-5.925256729125977,-0.23692625761032104
1741033223097588000,17.932587890625,-6.622800827026367,-6.267256259918213,-0.4496968984603882
1741033223107691300,17.942691162109377,-6.222263336181641,-6.607812404632568,-1.026739478111267
1741033223117794800,17.952794921875,-5.565074920654297,-6.8235015869140625,-1.483168125152588
1741033223127898400,17.9628984375,-4.6507978439331055,-6.210130214691162,-0.9949157238006592
1741033223138001000,17.9730009765625,-3.3865866661071777,-5.098808765411377,-0.16226422786712646
1741033223148104400,17.9831044921875,-1.668980360031128,-3.945655345916748,0.48591649532318115
1741033223158208000,17.9932080078125,-0.387674480676651,-2.859041213989258,0.8650972843170166
1741033223168311300,18.003311279296874,0.7135834693908691,-1.8087897300720215,1.1232634782791138
1741033223178414000,18.0134140625,1.59946608543396,-0.9056291580200195,1.1275662183761597
1741033223188517600,18.023517578125,2.347007989883423,-0.17937850952148438,0.9060200452804565
1741033223198621000,18.033620849609374,3.2362070083618164,0.4335031509399414,0.6967692375183105
1741033223208724200,18.04372412109375,3.7784461975097656,0.7289934158325195,0.2502865791320801
1741033223218827300,18.0538271484375,4.051430702209473,0.7275190353393555,-0.4674854278564453
1741033223228930600,18.0639306640625,3.944965124130249,0.5914783477783203,-1.313143014907837
1741033223239033600,18.07403369140625,3.6743712425231934,0.6460342407226562,-2.004770278930664
1741033223249137000,18.084136962890625,3.3308234214782715,1.012770652770996,-2.4109792709350586
1741033223259240200,18.094240234375,2.857515573501587,1.5540447235107422,-2.722654104232788
1741033223269343700,18.10434375,2.2479300498962402,2.174419403076172,-2.8839921951293945
1741033223279446500,18.114446533203125,1.912240982055664,2.9178037643432617,-2.837380886077881
1741033223289549800,18.1245498046875,1.9177143573760986,3.537750244140625,-2.678025484085083
1741033223299653400,18.1346533203125,2.527949333190918,3.992279052734375,-2.195746898651123
1741033223309757000,18.1447568359375,3.7419159412384033,4.135113716125488,-1.7644562721252441
1741033223319859500,18.154859375,4.45289421081543,4.002755165100098,-1.3200256824493408
1741033223329951200,18.164951171875,4.239650726318359,3.882966995239258,-1.0498230457305908
1741033223339923500,18.17492333984375,3.6949985027313232,4.261335372924805,-0.8680922985076904
1741033223350228700,18.185228759765625,4.041866779327393,5.759057998657227,-0.6795840263366699
1741033223360533800,18.19553369140625,2.9449806213378906,7.921263694763184,-0.48365461826324463
1741033223370838300,18.20583837890625,-0.002781093120574951,8.969727516174316,-0.2968345880508423
1741033223381061000,18.21606103515625,-1.9040628671646118,7.150522232055664,-0.13640129566192627
1741033223391177000,18.226177001953126,-2.338569164276123,2.896425247192383,-0.28418898582458496
1741033223401280300,18.2362802734375,-2.0562245845794678,-0.5165290832519531,-0.6774383783340454
1741033223411383600,18.246383544921876,-1.8979979753494263,-2.3653926849365234,-0.5878102779388428
1741033223421487000,18.256487060546874,-2.5464138984680176,-2.3282785415649414,0.44806623458862305
1741033223431590100,18.266590087890624,-3.9048023223876953,-0.18535137176513672,2.265902280807495
1741033223441859600,18.276859619140627,-4.260894298553467,2.4445924758911133,4.525094509124756
1741033223452165000,18.2871650390625,-3.860459089279175,4.006131172180176,6.177690505981445
1741033223462460000,18.2974599609375,-2.6926796436309814,3.660862922668457,6.6117987632751465
1741033223472597000,18.307596923828125,-1.467971682548523,1.723628044128418,5.919625282287598
1741033223482700500,18.317700439453127,-0.9889456033706665,-0.015549659729003906,5.225183963775635
1741033223492804000,18.32780419921875,-0.883304238319397,-0.9585447311401367,4.875118255615234
1741033223502907100,18.3379072265625,-0.8660529851913452,-1.6223630905151367,4.946033000946045
1741033223513010200,18.34801025390625,-0.3778485059738159,-2.087728500366211,4.815537452697754
1741033223523113700,18.35811376953125,0.15586501359939575,-2.399747848510742,3.9765796661376953
1741033223533217000,18.368217041015626,0.061886489391326904,-2.698957920074463,2.3181958198547363
1741033223543320000,18.378320068359375,-0.19370007514953613,-2.9807310104370117,0.7339507341384888
1741033223553423400,18.38842333984375,-0.2150680422782898,-3.0086731910705566,-0.1502610445022583
1741033223563407600,18.39840771484375,0.07189279794692993,-2.9365181922912598,-0.744719386100769
1741033223573593900,18.40859375,0.6613810062408447,-2.878213405609131,-0.9836795330047607
1741033223583899400,18.4188994140625,1.0287688970565796,-2.993464469909668,-1.0954389572143555
1741033223594204000,18.429203857421875,1.2529692649841309,-3.2223854064941406,-1.2626384496688843
1741033223604508400,18.43950830078125,1.1276357173919678,-3.618105888366699,-1.3963325023651123
1741033223614637600,18.449637451171874,1.1160253286361694,-4.018932819366455,-1.3699744939804077
1741033223624740400,18.459740234375,1.0495227575302124,-4.351321220397949,-1.1229970455169678
1741033223634844000,18.469843994140625,1.0836199522018433,-4.5601325035095215,-0.8344689607620239
1741033223644947200,18.479947265625,0.9519335031509399,-4.815622329711914,-0.5979859828948975
1741033223655050000,18.490050048828124,0.9615185260772705,-5.023083209991455,-0.48427116870880127
1741033223665153500,18.500153564453125,1.0711418390274048,-5.087255001068115,-0.36516785621643066
1741033223675257000,18.510257080078127,1.2197927236557007,-5.01685905456543,-0.3676602840423584
1741033223685360000,18.520360107421876,1.5387537479400635,-4.777230739593506,-0.43159472942352295
1741033223695463200,18.530463134765625,1.8001196384429932,-4.439428806304932,-0.45801210403442383
1741033223705566700,18.540566650390623,1.8808016777038574,-4.240551471710205,-0.5513575077056885
1741033223715670000,18.550669921875,1.9575986862182617,-4.00818395614624,-0.5389890670776367
1741033223725773000,18.56077294921875,1.9473521709442139,-3.6013622283935547,-0.4187619686126709
1741033223735876400,18.57087646484375,1.4440226554870605,-3.261329174041748,-0.4174305200576782
1741033223745979600,18.580979736328125,1.3428165912628174,-2.2904014587402344,0.03179144859313965
1741033223756083200,18.591083251953126,1.2796599864959717,-1.036149024963379,0.6166582107543945
1741033223766186000,18.60118603515625,1.1266264915466309,0.0047321319580078125,0.7979052066802979
1741033223776289300,18.611289306640625,0.8287774324417114,0.7349767684936523,0.47814488410949707
1741033223786392800,18.621392822265626,0.5691579580307007,1.449448585510254,0.012316346168518066
1741033223796496100,18.63149609375,0.8787634372711182,2.1171875,-0.3980811834335327
1741033223806599000,18.641598876953125,1.4006102085113525,2.5790672302246094,-0.4988808035850525
1741033223816702500,18.651702392578127,1.6897813081741333,2.6570253372192383,-0.478912889957428
1741033223826805800,18.6618056640625,1.0398048162460327,2.33620548248291,-0.5343239307403564
1741033223836908500,18.671908447265626,0.462607741355896,2.6823673248291016,0.7467033267021179
1741033223847012000,18.68201220703125,-0.08270108699798584,3.204442024230957,2.443392038345337
1741033223857115600,18.69211572265625,1.4844410419464111,2.6831226348876953,1.9383955001831055
1741033223867218700,18.70221875,3.9073281288146973,2.197265625,0.8747232556343079
1741033223877321700,18.71232177734375,5.138574600219727,1.6232481002807617,-0.6548824906349182
1741033223887425300,18.72242529296875,4.86533260345459,1.9309730529785156,-1.9814567565917969
1741033223897528800,18.73252880859375,1.5734235048294067,2.4511194229125977,-3.527559757232666
1741033223907631600,18.742631591796876,-0.6064629554748535,3.232729911804199,-4.729866981506348
1741033223917735000,18.75273486328125,-1.1222026348114014,4.198857307434082,-4.842077255249023
1741033223927838500,18.76283837890625,-1.4078983068466187,4.452902793884277,-3.2539539337158203
1741033223937941800,18.772941650390624,-1.891499400138855,2.9774770736694336,-0.7421241402626038
1741033223948044500,18.78304443359375,-2.072192430496216,1.2344350814819336,1.427601933479309
1741033223958148000,18.793148193359375,-2.2062485218048096,0.4463376998901367,2.6705446243286133
1741033223968251400,18.80325146484375,-2.2410669326782227,0.9714727401733398,3.3877153396606445
1741033223978354200,18.813354248046874,-2.372629165649414,2.445535659790039,3.3345096111297607
1741033223988457700,18.823457763671875,-2.640942096710205,3.7386245727539062,2.8040666580200195
1741033223998561000,18.83356103515625,-2.9294562339782715,4.5771684646606445,2.4605233669281006
1741033224008664300,18.843664306640626,-3.2750706672668457,4.819549560546875,2.5822746753692627
1741033224018767400,18.853767333984376,-3.687046527862549,4.083364486694336,2.7788243293762207
1741033224028870700,18.86387060546875,-3.367520809173584,2.3248186111450195,2.4899935722351074
1741033224038974200,18.87397412109375,-2.087595224380493,0.4457855224609375,2.057252883911133
1741033224049077200,18.8840771484375,-1.1950651407241821,-0.06959056854248047,2.2631032466888428
1741033224059180500,18.8941806640625,-1.0321216583251953,-0.22645282745361328,2.1670546531677246
1741033224069283800,18.904283935546875,-0.8232802748680115,-0.7547588348388672,1.6868253946304321
1741033224079386600,18.91438671875,-0.7913597226142883,-1.6218557357788086,1.075233817100525
1741033224089680100,18.92468017578125,-1.388248085975647,-2.364987373352051,0.44259682297706604
1741033224099985400,18.9349853515625,-2.0860438346862793,-2.8288493156433105,0.004566609859466553
1741033224110261200,18.94526123046875,-2.5615200996398926,-3.229379653930664,-0.2563570439815521
1741033224120394500,18.95539453125,-2.599275588989258,-3.5994277000427246,-0.4683869481086731
1741033224130497300,18.965497314453124,-2.2745461463928223,-3.916212558746338,-0.596352219581604
1741033224140600800,18.975600830078125,-1.674035906791687,-4.203464508056641,-0.594338595867157
1741033224150704000,18.9857041015625,-1.2411425113677979,-4.018801212310791,-0.35510775446891785
1741033224160807200,18.99580712890625,-0.8780779838562012,-3.524796962738037,-0.05324321985244751
1741033224170910500,19.005910400390626,-0.569642186164856,-3.216968536376953,0.1067807674407959
1741033224181013800,19.016013671875,-0.23723328113555908,-3.1752400398254395,0.004275202751159668
1741033224191117300,19.026117431640625,0.08264768123626709,-3.4051079750061035,-0.33476871252059937
1741033224201220000,19.03622021484375,0.25674450397491455,-3.534292221069336,-0.6439316272735596
1741033224211323400,19.046323486328124,0.03773462772369385,-3.105130195617676,-0.46517378091812134
1741033224221427000,19.056427001953125,-0.30413198471069336,-2.486445903778076,-0.16269874572753906
1741033224231529700,19.06652978515625,-0.7473160028457642,-1.8211002349853516,0.13722217082977295
1741033224241633000,19.076633056640624,-0.9970242381095886,-1.413156509399414,0.16122972965240479
1741033224251736600,19.086736572265625,-1.0971219539642334,-1.2407398223876953,-0.163102388381958
1741033224261840000,19.09683984375,-1.2210519313812256,-1.0479669570922852,-0.6172752976417542
1741033224271942700,19.106942626953124,-1.358805537223816,-0.6279335021972656,-0.8542415499687195
1741033224282046200,19.117046142578126,-1.1927125453948975,0.5689210891723633,-0.7316733598709106
1741033224292149800,19.127149658203123,-0.4530905485153198,1.6359357833862305,-0.7790131568908691
1741033224302252800,19.137252685546876,0.08713996410369873,2.4812850952148438,-0.9273180365562439
1741033224312355800,19.14735595703125,0.31448936462402344,2.5371761322021484,-1.4178364276885986
1741033224322459400,19.15745947265625,0.5528652667999268,2.2753067016601562,-2.047555446624756
1741033224332562400,19.1675625,0.7522960901260376,1.96966552734375,-2.711747646331787
1741033224342665500,19.17766552734375,0.7694382667541504,1.8125572204589844,-3.16064715385437
1741033224352769000,19.18776904296875,0.9107838869094849,2.405520439147949,-3.3950300216674805
1741033224362872600,19.19787255859375,1.4189879894256592,3.0526065826416016,-3.536834955215454
1741033224372975400,19.207975341796875,1.9788962602615356,3.6214208602905273,-3.54546856880188
1741033224383078700,19.21807861328125,2.1994524002075195,4.121798515319824,-3.3225996494293213
1741033224393182200,19.22818212890625,2.2442431449890137,4.836280822753906,-2.935300350189209
1741033224403285500,19.238285400390627,2.057464122772217,6.130770683288574,-2.561230421066284
1741033224413388300,19.24838818359375,1.436490774154663,7.822772026062012,-1.8846006393432617
1741033224423491800,19.258491943359374,-0.23202598094940186,8.469762802124023,-0.6504820585250854
1741033224433595100,19.26859521484375,-1.4191526174545288,6.114680290222168,-0.06558489799499512
1741033224443698000,19.278697998046876,-1.435837745666504,1.7522811889648438,-0.33453261852264404
1741033224453801500,19.288801513671874,-1.2520933151245117,-1.1424589157104492,-0.094635009765625
1741033224463904800,19.29890478515625,-1.1809484958648682,-2.288222312927246,0.6657519340515137
1741033224474008000,19.309008056640625,-0.9731214046478271,-1.553950309753418,2.199526071548462
1741033224484111000,19.319111083984374,-0.54917973279953,-0.019357681274414062,3.764832019805908
1741033224494214700,19.329214599609376,-0.10585850477218628,1.2237730026245117,5.167088508605957
1741033224504318000,19.33931787109375,0.6042283773422241,2.204899787902832,6.215489387512207
1741033224514421000,19.3494208984375,0.8956254124641418,2.214491844177246,6.081525802612305
1741033224524524300,19.359524169921876,0.8988341093063354,1.3056831359863281,4.957380294799805
1741033224534627600,19.369627685546874,0.9395792484283447,0.017892837524414062,3.6265904903411865
1741033224544730400,19.37973046875,0.9409257173538208,-0.6776189804077148,2.858497142791748
1741033224554834000,19.389833984375,1.0464727878570557,-0.8664722442626953,2.377929925918579
1741033224564937200,19.399937255859374,1.328904390335083,-0.8321571350097656,1.8337442874908447
1741033224575040800,19.410040771484375,1.2007319927215576,-0.7711906433105469,1.196124792098999
1741033224585143600,19.4201435546875,0.8716214895248413,-1.130000114440918,0.6156439781188965
1741033224595246800,19.430246826171874,0.47293543815612793,-1.7404546737670898,0.2769019603729248
1741033224605350400,19.440350341796876,0.12258589267730713,-2.1824278831481934,0.1752629280090332
1741033224615453700,19.45045361328125,-0.06753551959991455,-2.597881317138672,0.03490781784057617
1741033224625556500,19.460556396484375,-0.17514681816101074,-2.961979866027832,-0.07196807861328125
1741033224635660000,19.470659912109376,-0.42720329761505127,-3.29976224899292,-0.35988497734069824
1741033224645763000,19.48076318359375,-0.7622222304344177,-3.610229969024658,-0.6276137828826904
1741033224655866000,19.4908662109375,-1.025080680847168,-3.9137187004089355,-0.9186743497848511
1741033224665969700,19.5009697265625,-1.0939499139785767,-4.126802921295166,-1.1568259000778198
1741033224676073200,19.5110732421875,-0.9138808846473694,-4.2710394859313965,-1.2586467266082764
1741033224686176000,19.521176025390623,-1.0134246349334717,-4.501091957092285,-1.4242594242095947
1741033224696279300,19.531279296875,-0.6221615076065063,-4.6207404136657715,-1.1879717111587524
1741033224706382800,19.5413828125,-0.3262672424316406,-4.576864242553711,-1.020097255706787
1741033224716486400,19.551486328125,0.10323524475097656,-4.5572052001953125,-0.9029042720794678
1741033224726589000,19.5615888671875,0.333276629447937,-4.4451904296875,-0.8343249559402466
1741033224736692500,19.5716923828125,0.5786141157150269,-4.097413063049316,-0.47098076343536377
1741033224746795800,19.581795654296876,0.654599666595459,-4.000078201293945,-0.5673083066940308
1741033224756898600,19.591898681640625,0.5792627334594727,-3.4626383781433105,-0.5262316465377808
1741033224767002000,19.602002197265627,0.47365355491638184,-2.9446840286254883,-0.5316070318222046
1741033224777105700,19.612105712890624,0.3911900520324707,-2.7826318740844727,-0.5073907375335693
1741033224787208700,19.622208740234374,0.5522580146789551,-2.4330291748046875,-0.2655555009841919
1741033224797311700,19.632311767578123,0.6002116203308105,-1.8575115203857422,-0.2245410680770874
1741033224807415300,19.642415283203125,0.49620556831359863,-1.1851425170898438,-0.43206727504730225
1741033224817518300,19.652518310546874,0.4165761470794678,-0.4719219207763672,-0.684065580368042
1741033224827621400,19.662621337890624,0.5286625623703003,0.14178752899169922,-1.0220117568969727
1741033224837725000,19.672724853515625,1.4825506210327148,0.540003776550293,-1.581676721572876
1741033224847828200,19.682828125,3.0814313888549805,0.8851585388183594,-2.156022071838379
1741033224857931300,19.69293115234375,4.058830261230469,1.4062223434448242,-2.735154867172241
1741033224868034600,19.70303466796875,3.163662910461426,1.9220857620239258,-3.297070026397705
1741033224878137900,19.713137939453127,1.4283957481384277,1.929987907409668,-3.4191410541534424
1741033224888241400,19.723241455078124,0.47683048248291016,1.8656816482543945,-2.8441944122314453
1741033224898344200,19.73334423828125,0.5089138746261597,1.8265533447265625,-2.281439781188965
1741033224908447500,19.743447509765623,1.2798223495483398,2.2098169326782227,-1.8424656391143799
1741033224918551000,19.753551025390625,2.588226795196533,3.391201972961426,-1.1602561473846436
1741033224928653800,19.76365380859375,4.36729097366333,5.028273582458496,-0.39356982707977295
1741033224938757000,19.773757080078123,3.8352904319763184,6.6206512451171875,0.0032378435134887695
1741033224948860700,19.783860595703125,1.4184389114379883,7.510257720947266,0.28018343448638916
1741033224958964000,19.7939638671875,-0.777312159538269,7.631601333618164,0.9236429929733276
1741033224969066800,19.804066650390624,-0.13558363914489746,5.892338752746582,1.610102891921997
1741033224979170300,19.81417041015625,-0.800352931022644,3.267949104309082,2.224154472351074
1741033224989273300,19.8242734375,-1.2793126106262207,1.6925678253173828,3.4627530574798584
1741033224999376400,19.83437646484375,-1.6306920051574707,2.156510353088379,5.352820873260498
1741033225009480000,19.84447998046875,-2.1185765266418457,3.4246511459350586,6.370588302612305
1741033225019583500,19.85458349609375,-2.627701759338379,3.987791061401367,5.746275901794434
1741033225029686300,19.864686279296876,-2.9361889362335205,3.1981887817382812,3.8598923683166504
1741033225039789600,19.87478955078125,-2.2068214416503906,2.438786506652832,2.463789939880371
1741033225049893000,19.88489306640625,-1.9277374744415283,1.6874780654907227,1.4587116241455078
1741033225059996000,19.894995849609376,-1.4571447372436523,0.8800668716430664,0.8112728595733643
1741033225070099200,19.90509912109375,-1.454720377922058,0.22904682159423828,0.19768035411834717
1741033225080202800,19.91520263671875,-1.5737006664276123,-0.2686328887939453,-0.12958145141601562
1741033225090306000,19.92530615234375,-1.582676887512207,-0.5012102127075195,-0.16097819805145264
1741033225100408800,19.935408935546874,-1.2784181833267212,-0.8215627670288086,-0.14253461360931396
1741033225110512400,19.945512451171876,-1.3604098558425903,-1.3637199401855469,-0.023238658905029297
1741033225120615400,19.955615478515625,-1.7292349338531494,-2.0275588035583496,-0.0581972599029541
1741033225130718500,19.965718505859375,-1.8103992938995361,-2.7897791862487793,-0.3389468193054199
1741033225140822000,19.975822021484376,-1.4691940546035767,-3.355231285095215,-0.5991811156272888
1741033225150925600,19.985925537109374,-1.0658549070358276,-3.6647629737854004,-0.6509315967559814
1741033225161028400,19.9960283203125,-0.6866905689239502,-3.8256959915161133,-0.49903059005737305
1741033225171131600,20.006131591796876,-0.5900541543960571,-3.847128391265869,-0.3435642719268799
1741033225181235200,20.016235107421874,-0.5249257683753967,-3.826435089111328,-0.236794114112854
1741033225191338000,20.026337890625,-0.5276788473129272,-3.6060900688171387,-0.16346681118011475
1741033225201441300,20.036441162109377,-0.4895533323287964,-3.4685158729553223,-0.35358619689941406
1741033225211544800,20.046544921875,-0.4891493320465088,-3.2854013442993164,-0.645938515663147
1741033225221648100,20.056648193359376,-0.41734927892684937,-2.938356399536133,-0.711060643196106
1741033225231751000,20.0667509765625,-0.3188169002532959,-2.5779995918273926,-0.612924337387085
1741033225241854500,20.0768544921875,-0.445273756980896,-2.2142200469970703,-0.5950355529785156
1741033225251957800,20.086957763671876,-0.6315196752548218,-1.9897794723510742,-0.6995280981063843
1741033225262060500,20.097060546875,-0.844260573387146,-1.8656539916992188,-0.8505395650863647
1741033225272164000,20.1071640625,-1.0055925846099854,-1.7290568351745605,-0.9561138153076172
1741033225282267600,20.117267578125,-1.0711238384246826,-1.5379915237426758,-1.0236155986785889
1741033225292370700,20.12737060546875,-1.1569247245788574,-0.9785585403442383,-0.8268356323242188
1741033225302473700,20.1374736328125,-1.0573354959487915,-0.4741945266723633,-0.7449467182159424
1741033225312577300,20.147577392578125,-0.8753130435943604,-0.02782917022705078,-0.7071422338485718
1741033225322680000,20.15768017578125,-0.6068627834320068,0.39876747131347656,-0.5808744430541992
1741033225332783400,20.167783447265624,-0.4688713550567627,0.7661609649658203,-0.5144381523132324
1741033225342887000,20.177886962890625,-0.3567016124725342,1.2276391983032227,-0.44495248794555664
1741033225352990200,20.187990234375,-0.29971200227737427,1.7651691436767578,-0.41079604625701904
1741033225363093000,20.198093017578124,-0.3587675988674164,2.088587760925293,-0.48715806007385254
1741033225373196500,20.208196533203125,-0.2635341286659241,2.333782196044922,-0.6278272867202759
1741033225383299800,20.2182998046875,-0.07605361938476562,2.539740562438965,-0.7241629362106323
1741033225393402600,20.228402587890624,0.19889551401138306,2.669125556945801,-0.7162883281707764
1741033225403506200,20.238506103515626,0.7328397035598755,3.0686845779418945,-0.6336113214492798
1741033225413609500,20.248609375,1.2920429706573486,4.144588470458984,-0.5367581844329834
1741033225423712800,20.258712646484376,1.5318920612335205,6.293247222900391,-0.6139286756515503
1741033225433815800,20.26881591796875,1.154025912284851,9.077322006225586,-0.7117677927017212
1741033225443919000,20.278919189453124,0.3428286910057068,10.058438301086426,-0.9655389785766602
1741033225454022400,20.2890224609375,0.12126430869102478,7.5524444580078125,-1.4307267665863037
1741033225464125400,20.29912548828125,0.33129963278770447,3.652759552001953,-1.0604941844940186
1741033225474228700,20.309228759765624,0.023103415966033936,1.0696001052856445,-0.3365356922149658
1741033225484332300,20.319332275390625,-0.33368754386901855,-0.309844970703125,0.4156932830810547
1741033225494435300,20.329435302734375,0.10869890451431274,-0.32761669158935547,1.4910588264465332
1741033225504538400,20.339538330078124,0.5431938171386719,0.45384979248046875,2.391256093978882
1741033225514642000,20.349641845703125,0.5585683584213257,1.4333820343017578,2.9344441890716553
1741033225524744700,20.35974462890625,0.8140544891357422,2.1634654998779297,3.000143051147461
1741033225534848000,20.369847900390624,1.4318289756774902,2.11495304107666,2.449336528778076
1741033225544951600,20.37995166015625,1.7365761995315552,1.3640069961547852,1.7712254524230957
1741033225555055000,20.39005517578125,1.6321585178375244,0.5851945877075195,1.621143102645874
1741033225565158000,20.400157958984376,1.7958112955093384,0.04377937316894531,1.9237287044525146
1741033225575261200,20.41026123046875,2.2359108924865723,-0.13893795013427734,2.4672586917877197
1741033225585364500,20.420364501953124,2.7050399780273438,-0.08745956420898438,3.091514825820923
1741033225595467500,20.430467529296877,2.9173073768615723,-0.18478870391845703,3.459118604660034
1741033225605570800,20.44057080078125,3.0989794731140137,-0.7200870513916016,3.4452009201049805
1741033225615674400,20.45067431640625,3.0300066471099854,-1.277573585510254,3.090047597885132
1741033225625777400,20.46077734375,2.5185794830322266,-1.6746225357055664,2.437950849533081
1741033225635880400,20.47088037109375,1.6193056106567383,-1.9668240547180176,1.758878469467163
1741033225645984000,20.48098388671875,0.4207754135131836,-2.2297310829162598,1.0552806854248047
1741033225656086800,20.491086669921874,-0.5666486024856567,-2.4199938774108887,0.4386775493621826
1741033225666190000,20.501190185546875,-1.1328402757644653,-2.690333366394043,-0.03530740737915039
1741033225676293600,20.511293701171876,-1.3695658445358276,-3.1921234130859375,-0.2915457487106323
1741033225686397200,20.521397216796874,-1.4514304399490356,-3.5567736625671387,-0.07554292678833008
1741033225696499700,20.531499755859375,-1.2716294527053833,-3.788066864013672,0.4279134273529053
1741033225706603300,20.541603271484377,-1.2462340593338013,-3.844794750213623,0.724545955657959
1741033225716706600,20.55170654296875,-1.311463475227356,-3.93050479888916,0.431715726852417
1741033225726809300,20.561809326171876,-1.3931832313537598,-4.045409202575684,0.2195720672607422
1741033225736913000,20.571912841796873,-1.5441653728485107,-4.072326183319092,0.038691043853759766
1741033225747016400,20.582016357421875,-1.9305543899536133,-4.102818965911865,-0.25269508361816406
1741033225757119500,20.592119384765624,-2.2032601833343506,-4.185488700866699,-0.584030032157898
1741033225767222500,20.602222412109374,-2.11135196685791,-4.3355793952941895,-0.7361447811126709
1741033225777326000,20.612326171875,-1.8261370658874512,-4.39171028137207,-0.606847882270813
1741033225787429000,20.62242919921875,-1.7290759086608887,-4.170065879821777,-0.47599923610687256
1741033225797532200,20.6325322265625,-1.635227918624878,-3.862088680267334,-0.4269721508026123
1741033225807635700,20.6426357421875,-1.7901461124420166,-3.177814483642578,-0.16280579566955566
1741033225817738500,20.652738525390625,-2.0129952430725098,-2.3867640495300293,0.014106035232543945
1741033225827841800,20.662841796875,-2.0761337280273438,-1.7878589630126953,0.08909773826599121
1741033225837945300,20.6729453125,-2.0282065868377686,-1.1344432830810547,0.29981493949890137
1741033225848049000,20.683048828125,-2.129329204559326,-0.4929838180541992,0.5254677534103394
1741033225858151400,20.6931513671875,-2.1033623218536377,0.07010555267333984,0.47832930088043213
1741033225868255000,20.7032548828125,-2.091897964477539,0.48827266693115234,0.13275206089019775
1741033225878358300,20.713358154296873,-2.1932308673858643,0.8061075210571289,-0.570220947265625
1741033225888461000,20.7234609375,-2.1793384552001953,1.1201457977294922,-1.600173830986023
1741033225898564600,20.733564697265624,-2.070294141769409,1.5929441452026367,-2.729015588760376
1741033225908668200,20.743668212890626,-2.1568219661712646,1.8859186172485352,-3.7111101150512695
1741033225918771200,20.753771240234375,-2.311413288116455,1.9249181747436523,-4.6928510665893555
1741033225928874200,20.763874267578124,-1.6889266967773438,1.870041847229004,-5.954126358032227
1741033225938977800,20.773977783203126,-0.06347966194152832,2.0604658126831055,-6.761340141296387
1741033225949080800,20.784080810546875,1.293694257736206,2.508570671081543,-6.814743995666504
1741033225959184000,20.794183837890625,2.3780300617218018,3.3170461654663086,-5.964502811431885
1741033225969287400,20.804287353515626,3.5542256832122803,5.19290828704834,-3.1105947494506836
1741033225979390200,20.81439013671875,4.003393173217773,7.035143852233887,-0.8662872910499573
1741033225989493500,20.824493408203125,3.4822561740875244,8.019854545593262,-0.2068544626235962
1741033225999597000,20.83459716796875,3.128185749053955,7.348898887634277,0.4390444755554199
1741033226009700400,20.844700439453124,3.267071008682251,5.034854888916016,0.8956433534622192
1741033226019803100,20.85480322265625,2.9597272872924805,2.5965957641601562,1.3829567432403564
1741033226029906700,20.86490673828125,1.8140299320220947,0.6471586227416992,1.9106613397598267
1741033226040010000,20.875010009765624,0.8258868455886841,-0.08962345123291016,2.5066728591918945
1741033226050112800,20.88511279296875,-0.29199814796447754,0.35005664825439453,3.0676090717315674
1741033226060216300,20.89521630859375,-1.056317687034607,0.9889354705810547,3.3433825969696045
1741033226070319400,20.9053193359375,-1.3148612976074219,1.4583854675292969,3.490063190460205
1741033226080422400,20.91542236328125,-1.1010801792144775,1.930729866027832,3.7431299686431885
1741033226090526000,20.92552587890625,-1.0739223957061768,1.9039945602416992,3.7266907691955566
1741033226100629200,20.935629150390625,-1.7430249452590942,1.6053476333618164,3.5266058444976807
1741033226110732300,20.945732177734374,-2.592287063598633,1.2945833206176758,3.145967721939087
1741033226120835600,20.955835693359376,-3.283609628677368,0.7399253845214844,2.573681116104126
1741033226130939100,20.965939208984373,-3.665445327758789,-0.1054239273071289,1.920250415802002
1741033226141042000,20.9760419921875,-3.700155019760132,-0.8527507781982422,1.455420970916748
1741033226151145200,20.986145263671876,-3.6771063804626465,-1.5377988815307617,1.1826555728912354
1741033226161093600,20.99609375,-3.5321078300476074,-2.124610424041748,0.9687867164611816
1741033226171351600,21.0063515625,-3.324240207672119,-2.6161069869995117,0.9386206865310669
1741033226181656800,21.01665673828125,-2.9636480808258057,-2.937990665435791,1.0596868991851807
1741033226191962000,21.026962158203126,-2.574702262878418,-3.264620780944824,1.1764647960662842
1741033226202266600,21.0372666015625,-2.179130792617798,-3.46687650680542,1.2715108394622803
1741033226212571100,21.047571044921874,-1.9788600206375122,-3.630880832672119,1.356714129447937
1741033226222875600,21.057875732421873,-1.8843379020690918,-3.7294158935546875,1.432106375694275
1741033226233124600,21.06812451171875,-1.7559902667999268,-3.663698673248291,1.4644551277160645
1741033226243263000,21.078262939453126,-1.4742443561553955,-3.538625717163086,1.3868800401687622
1741033226253366000,21.088365966796875,-1.2079620361328125,-3.4189538955688477,1.2196118831634521
1741033226263469300,21.09846923828125,-0.9020228981971741,-3.296628475189209,0.9741966724395752
1741033226273572400,21.108572265625,-0.6391271948814392,-3.007722854614258,0.8306267261505127
1741033226283675600,21.118675537109375,-0.30415189266204834,-2.743732452392578,0.631067156791687
1741033226293779000,21.128779052734377,-0.13311082124710083,-2.5351128578186035,0.37203991413116455
1741033226303882500,21.138882568359374,-0.0956605076789856,-2.2559165954589844,0.16637039184570312
1741033226313985300,21.1489853515625,0.018932759761810303,-1.9269523620605469,-0.010014533996582031
1741033226324088600,21.159088623046873,0.19365918636322021,-1.6014752388000488,-0.23789334297180176
1741033226334192000,21.169192138671875,0.34964874386787415,-1.1268186569213867,-0.3800872564315796
1741033226344295000,21.179294921875,0.4440615475177765,-0.5782289505004883,-0.43473172187805176
1741033226354398200,21.189398193359374,0.512917160987854,-0.07755756378173828,-0.5445939302444458
1741033226364501500,21.19950146484375,0.6694305539131165,0.2911405563354492,-0.8046716451644897
1741033226374604500,21.2096044921875,1.0540082454681396,0.7578496932983398,-0.9876995086669922
1741033226384708000,21.2197080078125,1.5049484968185425,1.3461408615112305,-1.0887932777404785
1741033226394811100,21.22981103515625,2.003974676132202,2.074723243713379,-1.0868306159973145
1741033226404914200,21.2399140625,2.472954034805298,2.6235885620117188,-1.218805193901062
1741033226415017700,21.250017822265626,2.9550364017486572,2.999666213989258,-1.4185858964920044
1741033226425121000,21.26012109375,3.6398355960845947,3.210763931274414,-1.5680363178253174
1741033226435355400,21.27035546875,4.261687755584717,3.611140251159668,-1.581997275352478
1741033226445660700,21.28066064453125,4.79813814163208,3.918668746948242,-1.3310434818267822
1741033226455965200,21.290965087890626,5.06984281539917,3.7797441482543945,-1.3244177103042603
1741033226466126000,21.3011259765625,4.805603504180908,3.5363664627075195,-1.6696760654449463
1741033226476231000,21.31123095703125,3.9043076038360596,3.5566511154174805,-1.8803062438964844
1741033226486334500,21.32133447265625,2.513871431350708,4.114514350891113,-2.011033773422241
1741033226496437800,21.331437744140626,0.4581194818019867,5.399129867553711,-1.8716168403625488
1741033226506540500,21.34154052734375,-1.9333229064941406,6.262101173400879,-2.056108236312866
1741033226516644000,21.35164404296875,-3.202876329421997,6.080710411071777,-1.830871343612671
1741033226526747400,21.361747314453126,-3.9746532440185547,4.3689117431640625,-1.322350025177002
1741033226536850200,21.37185009765625,-4.2292609214782715,2.553471565246582,-0.6213536262512207
1741033226546953700,21.38195361328125,-3.685370922088623,1.562455177307129,0.15267682075500488
1741033226557057300,21.392057373046875,-2.865845203399658,0.6335725784301758,0.5192251205444336
1741033226567160300,21.402160400390624,-2.034219980239868,-0.17544078826904297,0.7140052318572998
1741033226577263400,21.412263427734374,-1.563427448272705,-0.6676168441772461,1.0495328903198242
1741033226587367000,21.422366943359375,-1.2574799060821533,-0.7411289215087891,1.5702095031738281
1741033226597470200,21.43247021484375,-0.7016597986221313,-0.31623363494873047,2.201321601867676
1741033226607728400,21.442728271484373,0.34894871711730957,0.16431808471679688,2.62835431098938
1741033226618033700,21.45303369140625,1.2274463176727295,0.14919567108154297,2.7164220809936523
1741033226628149000,21.46314892578125,1.297203540802002,0.09512996673583984,2.949639081954956
1741033226638097400,21.473097412109375,1.203001618385315,-0.11348915100097656,3.24035906791687
1741033226648403000,21.48340283203125,0.8393253087997437,-0.48642635345458984,3.3321316242218018
1741033226658708200,21.493708251953127,0.3859480619430542,-0.7995977401733398,3.163940668106079
1741033226669013200,21.50401318359375,0.4331049919128418,-0.7422714233398438,2.921938180923462
1741033226679317800,21.51431787109375,0.3339189291000366,-0.3166627883911133,2.6601686477661133
1741033226689560300,21.524560302734375,-0.17211496829986572,-0.5512752532958984,1.749558687210083
1741033226699690500,21.5346904296875,-0.6029980182647705,-1.1932001113891602,0.4149298667907715
1741033226709794000,21.5447939453125,-0.5416902899742126,-1.993884563446045,-0.6701822280883789
1741033226719897000,21.55489697265625,-0.3120143413543701,-2.634883403778076,-1.3041685819625854
1741033226730000100,21.565000244140624,-0.362859845161438,-3.1802330017089844,-1.641644835472107
1741033226740103700,21.575103759765625,-0.5290310382843018,-3.6795339584350586,-1.8059234619140625
1741033226750206500,21.58520654296875,-0.7151551246643066,-4.02374792098999,-1.8113784790039062
1741033226760309800,21.595309814453124,-0.6470615863800049,-4.184571743011475,-1.6660324335098267
1741033226770413300,21.605413330078125,-0.22016286849975586,-4.177255630493164,-1.4766489267349243
1741033226780515800,21.615515869140626,0.35292696952819824,-4.103909969329834,-1.337587833404541
1741033226790619400,21.625619384765624,0.7323150634765625,-4.056983947753906,-1.208233118057251
1741033226800722700,21.63572265625,0.9255974292755127,-4.102913856506348,-1.010711431503296
1741033226810825500,21.645825439453127,1.1178839206695557,-4.249782562255859,-0.7982325553894043
1741033226820929000,21.655928955078124,1.3625423908233643,-4.382909774780273,-0.5736398696899414
1741033226831032600,21.666032470703126,1.5995440483093262,-4.250331878662109,-0.11903572082519531
1741033226841136000,21.67613623046875,1.5385308265686035,-3.7562694549560547,0.3655829429626465
1741033226851239200,21.6862392578125,1.5756163597106934,-3.3555407524108887,0.4512021541595459
1741033226861437200,21.696437255859376,1.5858657360076904,-3.3369698524475098,-0.07154297828674316
1741033226871742700,21.70674267578125,1.488286018371582,-3.0559897422790527,-0.2869161367416382
1741033226882047500,21.717047607421875,1.2937359809875488,-2.3413643836975098,-0.4033811092376709
1741033226892236800,21.72723681640625,1.1784842014312744,-1.8570599555969238,-0.7045848369598389
1741033226902349300,21.737349365234376,1.1154543161392212,-1.3653645515441895,-0.9059761762619019
1741033226912452000,21.7474521484375,1.26901376247406,-0.9761486053466797,-1.1450393199920654
1741033226922555600,21.7575556640625,1.635805606842041,-0.30089282989501953,-1.3001341819763184
1741033226932659000,21.767658935546876,1.6927769184112549,0.5250663757324219,-1.4711036682128906
1741033226942761700,21.77776171875,1.7716714143753052,1.5376396179199219,-1.7562466859817505
1741033226952865300,21.787865234375,2.106463670730591,2.4069948196411133,-2.4095821380615234
1741033226962968600,21.797968505859377,1.7306185960769653,2.7794790267944336,-2.954613208770752
1741033226973071400,21.8080712890625,0.5266188383102417,2.448657989501953,-2.4499151706695557
1741033226983175000,21.8181748046875,0.40977346897125244,2.3113021850585938,-1.322458028793335
1741033226993278000,21.82827783203125,1.3340940475463867,1.9125852584838867,-0.4858049154281616
1741033227003381000,21.838381103515626,3.0211615562438965,2.1098060607910156,0.15123367309570312
1741033227013484500,21.848484619140624,4.672393321990967,2.79970645904541,0.7357923984527588
1741033227023587800,21.858587890625,3.986009120941162,3.273859977722168,0.9296293258666992
1741033227033691000,21.86869091796875,1.4821879863739014,3.9160890579223633,0.8006323575973511
1741033227043794200,21.878794189453124,-0.10461783409118652,4.726552963256836,0.752434492111206
1741033227053897500,21.8888974609375,-0.1483830213546753,5.290494918823242,1.0898528099060059
1741033227064000300,21.899000244140623,0.9734641313552856,4.528339385986328,2.141148805618286
1741033227074103800,21.909103759765625,0.2333124876022339,3.10589599609375,3.5135464668273926
1741033227084207000,21.91920703125,-1.6519759893417358,2.466872215270996,4.751277923583984
1741033227094310000,21.929309814453124,-3.175320625305176,2.333324432373047,5.587660789489746
1741033227104413400,21.939413330078125,-3.349989414215088,1.9804573059082031,5.344208240509033
1741033227114516700,21.949516845703126,-2.960716485977173,1.8247451782226562,4.490998268127441
1741033227124619500,21.95961962890625,-2.7370238304138184,1.907679557800293,3.6892337799072266
1741033227134723000,21.96972314453125,-2.3578736782073975,2.17978572845459,2.8443660736083984
1741033227144826000,21.979826171875,-2.1025872230529785,2.276592254638672,1.7215025424957275
1741033227154929200,21.98992919921875,-2.101494073867798,2.001678466796875,0.4939889907836914
1741033227165032700,22.00003271484375,-2.2340030670166016,1.4320287704467773,-0.6318583488464355
1741033227175135700,22.0101357421875,-2.7228612899780273,0.9956016540527344,-1.350793719291687
1741033227185238800,22.02023876953125,-3.0118155479431152,0.33547306060791016,-1.9758284091949463
1741033227195342300,22.03034228515625,-3.039137840270996,-0.5119552612304688,-2.2937819957733154
1741033227205445000,22.040445068359375,-3.0460097789764404,-1.475193977355957,-2.4608917236328125
1741033227215548400,22.05054833984375,-2.992819309234619,-2.3111000061035156,-2.423750877380371
1741033227225652000,22.06065185546875,-2.671494722366333,-2.927661895751953,-2.3570539951324463
1741033227235754800,22.070754638671875,-2.054386615753174,-3.4323787689208984,-2.353163003921509
1741033227245858000,22.080858154296877,-1.3893388509750366,-3.452298164367676,-2.2829134464263916
1741033227255961600,22.090961669921874,-1.0298429727554321,-3.496109962463379,-2.1030964851379395
1741033227266064100,22.101064208984376,-1.1476770639419556,-3.274731159210205,-1.780070424079895
1741033227276167700,22.111167724609373,-1.4972885847091675,-2.994987964630127,-1.4473254680633545
1741033227286271000,22.12127099609375,-1.5781373977661133,-2.874998092651367,-1.544745922088623
1741033227296373800,22.131373779296876,-1.5231267213821411,-2.5178589820861816,-1.4173815250396729
1741033227306477300,22.141477294921874,-1.356994867324829,-1.837846279144287,-1.0111117362976074
1741033227316580400,22.151580322265627,-0.8763745427131653,-1.5125150680541992,-0.5391457676887512
1741033227326683400,22.161683349609376,-0.05192840099334717,-1.4671154022216797,-0.13670814037322998
1741033227336787000,22.171786865234374,0.7639914751052856,-1.678861141204834,0.13590526580810547
1741033227346890500,22.181890380859375,0.9725245237350464,-1.9114599227905273,0.263991117477417
1741033227356993300,22.1919931640625,0.6208494901657104,-1.7474126815795898,0.39532244205474854
1741033227367096600,22.2020966796875,-0.18324625492095947,-1.3181257247924805,0.5631614923477173
1741033227377200000,22.2122001953125,-0.9569178819656372,-1.009577751159668,0.7410709857940674
1741033227387303000,22.222302978515625,-1.6549084186553955,-0.7620525360107422,0.8467491865158081
1741033227397406200,22.23240625,-2.4439401626586914,-0.39310550689697266,0.8058609962463379
1741033227407509800,22.242509765625,-2.938633918762207,-0.17735958099365234,0.3391166925430298
1741033227417612300,22.2526123046875,-3.1130928993225098,-0.24620532989501953,-0.2986021041870117
1741033227427715800,22.2627158203125,-3.0871810913085938,0.12118148803710938,-0.5583551526069641
1741033227437819100,22.272819091796876,-2.9093806743621826,0.7420568466186523,-0.6250185966491699
1741033227447922000,22.282921875,-2.5902252197265625,1.3554964065551758,-0.6161961555480957
1741033227458025500,22.293025390625,-2.3169660568237305,1.7037639617919922,-0.3985412120819092
1741033227468128800,22.303128662109376,-2.0074362754821777,1.7824211120605469,0.01032412052154541
1741033227478231600,22.3132314453125,-1.3456509113311768,2.0096635818481445,0.6138315200805664
1741033227488335000,22.323335205078124,-0.5183440446853638,2.390491485595703,0.982121467590332
1741033227498438100,22.333438232421877,0.2695624828338623,2.7281322479248047,0.7118240594863892
1741033227508541200,22.343541259765626,0.737432599067688,2.9054908752441406,-0.07863128185272217
1741033227518644700,22.353644775390624,0.6375395059585571,3.368411064147949,-0.8169705867767334
1741033227528747800,22.363747802734373,0.24212169647216797,4.414279937744141,-1.3354268074035645
1741033227538850800,22.373850830078126,-0.17199838161468506,5.9849395751953125,-1.586366057395935
1741033227548954400,22.383954345703124,-0.15294039249420166,6.905925750732422,-2.008018732070923
1741033227559057200,22.39405712890625,0.3794437646865845,5.329482078552246,-2.558373212814331
1741033227569160400,22.404160400390627,0.9365689754486084,3.0962905883789062,-1.9676032066345215
1741033227579264000,22.414263916015624,0.8108322620391846,1.1703720092773438,-1.4211657047271729
1741033227589366800,22.42436669921875,0.5500905513763428,-0.3549489974975586,-1.2524282932281494
1741033227599470000,22.434469970703127,0.42020583152770996,-0.94793701171875,-0.5983222723007202
1741033227609573400,22.444573486328125,0.4455174207687378,-0.4571504592895508,0.7708746194839478
1741033227619676400,22.454676513671874,0.6208202838897705,0.6528224945068359,2.5340747833251953
1741033227629779700,22.46477978515625,1.1519221067428589,1.9543428421020508,4.393631935119629
1741033227639883000,22.474883056640625,1.7539241313934326,2.947054862976074,6.091353416442871
1741033227649986000,22.484986083984374,1.9788066148757935,2.8352441787719727,6.76449728012085
1741033227660089300,22.49508935546875,1.901193618774414,1.866745948791504,6.339119911193848
1741033227670192400,22.5051923828125,1.3540935516357422,0.8720378875732422,5.441289901733398
1741033227680295700,22.515295654296875,0.784807562828064,0.1357126235961914,4.877529621124268
1741033227690399000,22.52539892578125,0.33211541175842285,-0.5269231796264648,3.994050979614258
1741033227700502000,22.535501953125,-0.11383986473083496,-1.2818927764892578,2.773315668106079
1741033227710605300,22.545605224609375,-0.5089548826217651,-2.000284194946289,1.3727405071258545
1741033227720708600,22.55570849609375,-0.6042341589927673,-2.5448131561279297,0.12610900402069092
1741033227730811400,22.565811279296874,-0.7480597496032715,-2.809199333190918,-0.5287572145462036
1741033227740915000,22.5759150390625,-0.8225390315055847,-2.9310379028320312,-0.9038047194480896
1741033227751018200,22.586018310546876,-0.8348070979118347,-3.0934033393859863,-1.096400499343872
1741033227761121000,22.59612109375,-0.5002568960189819,-3.4141783714294434,-1.1059837341308594
1741033227771224600,22.606224609375,-0.2609511613845825,-3.636836528778076,-0.9611541032791138
1741033227781328000,22.616327880859377,-0.08747708797454834,-3.6865081787109375,-0.8517026305198669
1741033227791430700,22.6264306640625,0.3681187629699707,-3.8056492805480957,-0.720365047454834
1741033227801534200,22.6365341796875,0.6310697793960571,-3.983062267303467,-0.5131031274795532
1741033227811637200,22.64663720703125,0.7014222145080566,-3.9780960083007812,-0.30168426036834717
1741033227821740300,22.656740234375,0.8981267213821411,-3.8636088371276855,-0.09366297721862793
1741033227831843800,22.66684375,1.2102605104446411,-3.7257461547851562,-0.05324554443359375
1741033227841946600,22.676946533203125,1.5601181983947754,-3.5540876388549805,-0.21446526050567627
1741033227852050000,22.6870498046875,1.7067415714263916,-3.3406715393066406,-0.3358123302459717
1741033227862153500,22.697153564453124,1.6892759799957275,-3.046448230743408,-0.3078334331512451
1741033227872256300,22.70725634765625,1.4212837219238281,-2.6826071739196777,-0.15451860427856445
1741033227882359600,22.717359619140623,1.0870964527130127,-2.2891855239868164,0.005571722984313965
1741033227892463000,22.727463134765625,0.8111268281936646,-2.136538505554199,0.06225860118865967
1741033227902565600,22.737565673828126,0.47229433059692383,-2.029426097869873,-0.003213167190551758
1741033227912669200,22.747669189453124,0.05053091049194336,-1.8172407150268555,-0.1332179307937622
1741033227922772500,22.7577724609375,-0.25195324420928955,-1.5030827522277832,-0.32865118980407715
1741033227932875300,22.767875244140626,-0.019921064376831055,-1.0239105224609375,-0.4248063564300537
1741033227942978800,22.777978759765624,0.0764322280883789,-0.6840343475341797,-0.5554802417755127
1741033227953082000,22.78808203125,0.06654155254364014,-0.092864990234375,-0.6253187656402588
1741033227963185000,22.798184814453126,0.13563990592956543,0.57464599609375,-0.8844919204711914
1741033227973288400,22.808288330078124,0.6855045557022095,1.257944107055664,-1.3335511684417725
1741033227983391500,22.8183916015625,2.047112226486206,1.8318109512329102,-1.82066011428833
1741033227993494500,22.82849462890625,2.6639223098754883,2.3960514068603516,-2.2337541580200195
1741033228003598000,22.83859814453125,1.270762324333191,2.5464000701904297,-2.6948530673980713
1741033228013700900,22.848700927734374,0.052704811096191406,1.8725767135620117,-2.9804816246032715
1741033228023804200,22.85880419921875,0.19500315189361572,1.2474660873413086,-2.934408664703369
1741033228033907000,22.868906982421876,0.9057760238647461,1.1280031204223633,-2.5011444091796875
1741033228044010200,22.87901025390625,1.8579678535461426,1.0366535186767578,-2.209988594055176
1741033228054113800,22.88911376953125,2.6621217727661133,1.190338134765625,-2.254024028778076
1741033228064216600,22.899216552734377,3.3778443336486816,1.510202407836914,-1.9891855716705322
1741033228074320000,22.90931982421875,2.6319422721862793,1.7052974700927734,-1.3245408535003662
1741033228084423400,22.91942333984375,-0.3551241159439087,1.8146114349365234,-0.7981958985328674
1741033228094526200,22.929526123046877,-1.9187705516815186,2.0368175506591797,-0.18566983938217163
1741033228104629800,22.939629638671875,-1.0534214973449707,2.1334962844848633,0.950074315071106
1741033228114732800,22.94973291015625,-1.0286301374435425,1.9803142547607422,2.1996021270751953
1741033228124835800,22.9598359375,-1.219369649887085,1.7075223922729492,3.2818233966827393
1741033228134939400,22.969939453125,-1.3567521572113037,1.7388830184936523,4.146459102630615
1741033228145042400,22.98004248046875,-2.037436008453369,1.7956085205078125,3.8449158668518066
1741033228155145500,22.9901455078125,-2.502647876739502,2.0197067260742188,2.838487148284912
1741033228165249000,23.0002490234375,-2.9473941326141357,3.0436439514160156,2.187647819519043
1741033228175351800,23.010351806640625,-3.3193187713623047,4.112540245056152,1.9369829893112183
1741033228185455000,23.020455078125,-3.2816455364227295,4.290003776550293,1.798055648803711
1741033228195558700,23.03055859375,-2.1348280906677246,2.588881492614746,1.0655064582824707
1741033228205661200,23.0406611328125,-1.15048348903656,1.570596694946289,1.0259846448898315
1741033228215764700,23.0507646484375,-0.9523468017578125,1.1169805526733398,1.054310917854309
1741033228225868300,23.060868408203124,-1.0037953853607178,0.5676364898681641,0.8171632289886475
1741033228235970800,23.070970703125,-0.7862941026687622,-0.107147216796875,0.47408032417297363
1741033228246074400,23.081074462890626,-0.5630916357040405,-0.7632923126220703,0.32731330394744873
1741033228256177700,23.091177734375,-0.38523924350738525,-1.4189138412475586,0.1764380931854248
1741033228266280400,23.101280517578125,-0.311694860458374,-1.9363198280334473,0.10188698768615723
1741033228276384000,23.111384033203127,-0.19507116079330444,-2.4192190170288086,-0.09655427932739258
1741033228286487000,23.121487060546876,-0.08206343650817871,-2.895954132080078,-0.3994610905647278
1741033228296590000,23.131590087890626,0.12983548641204834,-3.235166072845459,-0.7347549200057983
1741033228306693000,23.141693115234375,0.34342068433761597,-3.3370871543884277,-0.8880289196968079
1741033228316796200,23.151796142578124,0.5758457779884338,-3.023914337158203,-0.6992881298065186
1741033228326899700,23.161899658203126,0.7527860999107361,-3.1739578247070312,-0.8811295032501221
1741033228337002800,23.172002685546875,0.9940194487571716,-3.731534481048584,-1.1424612998962402
1741033228347105800,23.182105712890625,1.0023915767669678,-2.710881233215332,-0.38337963819503784
1741033228357209300,23.192209228515626,0.7993985414505005,-1.5530481338500977,0.23468613624572754
1741033228367312100,23.20231201171875,0.4979119896888733,-1.308995246887207,0.13006079196929932
1741033228377415400,23.21241552734375,0.19962814450263977,-2.04893159866333,-0.48712605237960815
1741033228387519000,23.22251904296875,0.07558837532997131,-2.665861129760742,-0.9564089775085449
1741033228397621800,23.232621826171876,0.24758490920066833,-3.172778606414795,-1.2238662242889404
1741033228407725000,23.24272509765625,0.29750460386276245,-3.3960208892822266,-1.1712214946746826
1741033228417828600,23.25282861328125,0.131690114736557,-2.7966980934143066,-0.6848154664039612
1741033228427931400,23.262931396484376,0.013051658868789673,-1.9715981483459473,-0.33924102783203125
1741033228438034700,23.27303466796875,0.0671887993812561,-1.4835691452026367,-0.41089892387390137
1741033228448138000,23.283137939453123,0.28725892305374146,-1.4269943237304688,-0.7190066576004028
1741033228458241000,23.293240966796876,0.5475140810012817,-1.2953262329101562,-0.9292224049568176
1741033228468344300,23.30334423828125,0.7841652631759644,-0.7153081893920898,-0.7417941093444824
1741033228478447400,23.313447265625,0.7498860359191895,0.02592754364013672,-0.46126091480255127
1741033228488550700,23.323550537109377,0.6672686338424683,0.5005331039428711,-0.4521913528442383
1741033228498653400,23.3336533203125,0.6184605956077576,1.105025291442871,-0.434403657913208
1741033228508756700,23.3437568359375,0.5151353478431702,1.7708492279052734,-0.5013149976730347
1741033228518860300,23.3538603515625,0.4627760052680969,2.3942785263061523,-0.6752666234970093
1741033228528963000,23.363963134765626,0.4603303074836731,3.1103897094726562,-0.8845332264900208
1741033228539066400,23.37406640625,0.660768985748291,3.810744285583496,-1.0758233070373535
1741033228549170000,23.384169921875,0.8082736134529114,4.351534843444824,-1.3498831987380981
1741033228559272400,23.3942724609375,0.896975040435791,4.582005500793457,-1.6339797973632812
1741033228569376000,23.4043759765625,0.9954144954681396,4.573936462402344,-2.0682437419891357
1741033228579479300,23.414479248046874,1.1835651397705078,4.825652122497559,-2.41336727142334
1741033228589582000,23.42458203125,1.2408666610717773,5.531883239746094,-2.4410886764526367
1741033228599685600,23.434685546875,1.059412956237793,6.309818267822266,-2.1776835918426514
1741033228609789000,23.444788818359374,0.5792772769927979,6.542266845703125,-1.718133807182312
1741033228619891700,23.4548916015625,0.004679650068283081,5.039126396179199,-1.5060343742370605
1741033228629995300,23.464995361328125,-0.5552018880844116,2.633831024169922,-1.3355752229690552
1741033228640098300,23.475098388671874,-1.109899878501892,0.6601858139038086,-1.1937575340270996
1741033228650201300,23.485201416015624,-1.3529609441757202,-0.5254945755004883,-0.9740979671478271
1741033228660304400,23.495304443359377,-1.3597557544708252,-0.3466777801513672,-0.3577035665512085
1741033228670407700,23.50540771484375,-1.0758602619171143,0.897761344909668,0.46883153915405273
1741033228680511000,23.515510986328124,-0.7268173694610596,1.829071044921875,0.970888614654541
1741033228690613800,23.52561376953125,-0.11658257246017456,2.3015403747558594,1.3968912363052368
1741033228700717300,23.53571728515625,0.8979782462120056,2.153818130493164,1.849047064781189
1741033228710820600,23.545820556640624,1.8042064905166626,1.599980354309082,2.2403998374938965
1741033228720923400,23.55592333984375,2.3529810905456543,0.8901882171630859,2.615851402282715
1741033228731027000,23.56602685546875,2.7187399864196777,0.062203407287597656,2.9156010150909424
1741033228741130200,23.576130126953124,2.8604371547698975,-0.5591802597045898,3.2518668174743652
1741033228751233000,23.58623291015625,2.6335904598236084,-1.0990533828735352,3.474189281463623
1741033228761336600,23.596336669921875,1.8134808540344238,-1.414505958557129,3.677363872528076
1741033228771439600,23.606439697265625,0.9317531585693359,-1.7428717613220215,3.745152473449707
1741033228781542700,23.616542724609374,0.2974153757095337,-1.7124309539794922,3.7861995697021484
1741033228791645700,23.626645751953124,-0.07454347610473633,-1.663215160369873,3.4102673530578613
1741033228801748700,23.636748779296877,-0.35291147232055664,-1.9514784812927246,2.564250946044922
1741033228811852300,23.646852294921874,-0.5572433471679688,-2.37465763092041,1.6016747951507568
1741033228821955000,23.656955078125,-0.9049081206321716,-2.6165552139282227,0.9196245670318604
1741033228832058400,23.667058349609373,-1.1929893493652344,-2.827089309692383,0.3165680170059204
1741033228842162000,23.677161865234375,-1.0430638790130615,-3.092684745788574,-0.17636966705322266
1741033228852264700,23.6872646484375,-0.7659657001495361,-3.2967166900634766,-0.5595395565032959
1741033228862368000,23.697367919921874,-0.40740102529525757,-3.4927306175231934,-0.7500269412994385
1741033228872471600,23.707471435546875,-0.011312603950500488,-3.761650562286377,-0.9518427848815918
1741033228882574000,23.717573974609376,0.30554282665252686,-4.110226154327393,-1.1468009948730469
1741033228892677600,23.727677734375,0.4696314334869385,-4.374897003173828,-1.2158849239349365
1741033228902780400,23.737780517578123,0.5755436420440674,-4.303761959075928,-1.0843186378479004
1741033228912883700,23.7478837890625,0.4117715358734131,-4.005672931671143,-0.8944831490516663
1741033228922987000,23.757987060546874,0.09535622596740723,-4.246750354766846,-1.278519868850708
1741033228933090000,23.768090087890624,0.248077392578125,-4.2944722175598145,-1.5058510303497314
1741033228943193300,23.778193359375,0.5989551544189453,-3.4233083724975586,-1.1058986186981201
1741033228953296400,23.78829638671875,1.1479263305664062,-1.926234245300293,-0.443611741065979
1741033228963399700,23.798399658203124,0.8659756183624268,-2.707350730895996,-1.1740193367004395
1741033228973503000,23.8085029296875,0.47321391105651855,-4.114081382751465,-1.6223989725112915
1741033228983606000,23.81860595703125,0.8310573101043701,-3.445277214050293,-1.467929720878601
1741033228993709300,23.828709228515624,1.584502935409546,-1.78908109664917,-0.4293534755706787
1741033229003812000,23.83881201171875,1.5120806694030762,-0.08137130737304688,0.5893954038619995
1741033229013915400,23.848915283203127,0.8045395612716675,1.2709074020385742,1.1357191801071167
1741033229024019000,23.85901904296875,-0.2916831970214844,1.7774696350097656,0.9857560396194458
1741033229034121500,23.86912158203125,-1.338314175605774,1.3048095703125,0.17995131015777588
1741033229044225000,23.87922509765625,-1.907497525215149,0.9119796752929688,-0.45459192991256714
1741033229054328300,23.889328369140625,-1.5539735555648804,0.8300390243530273,-1.0475218296051025
1741033229064431000,23.89943115234375,-1.0079562664031982,0.5895185470581055,-1.8270626068115234
1741033229074534700,23.90953466796875,-1.1125215291976929,0.7572393417358398,-2.230098009109497
1741033229084638000,23.919637939453125,-1.5493180751800537,1.19610595703125,-2.491032600402832
1741033229094740700,23.92974072265625,-1.5287724733352661,2.009943962097168,-2.590996026992798
1741033229104844000,23.939843994140624,-0.5391268730163574,2.8789100646972656,-2.860524892807007
1741033229114946800,23.94994677734375,1.6166048049926758,3.4403696060180664,-3.280574321746826
1741033229125050400,23.96005029296875,3.2650082111358643,4.065319061279297,-3.040221691131592
1741033229135272700,23.970272705078123,2.9844207763671875,5.0907697677612305,-2.3101656436920166
1741033229145578200,23.980578125,1.463582158088684,5.9639892578125,-1.4118859767913818
1741033229155882800,23.9908828125,0.442873477935791,6.072863578796387,-0.9373112916946411
1741033229166052400,24.00105224609375,0.4270972013473511,4.627988815307617,-0.2998199462890625
1741033229176160300,24.01116015625,0.6265583038330078,2.6895647048950195,0.6479307413101196
1741033229186263800,24.021263916015624,1.485967755317688,1.5855998992919922,1.7410495281219482
1741033229196366300,24.031366455078125,1.4066282510757446,1.4444236755371094,2.585123300552368
1741033229206470000,24.041469970703126,0.9356261491775513,1.6236228942871094,2.46804141998291
1741033229216573200,24.0515732421875,0.3476130962371826,2.5262746810913086,1.9740138053894043
1741033229226676000,24.061676025390625,-0.3973315954208374,3.444230079650879,1.827673077583313
1741033229236779500,24.071779541015626,-0.9992809295654297,3.611112594604492,1.8948595523834229
1741033229246882800,24.0818828125,-1.3561744689941406,3.197063446044922,2.201873302459717
1741033229256985600,24.091985595703125,-1.4980714321136475,2.424459457397461,2.1210718154907227
1741033229267088600,24.102088623046875,-1.405844807624817,1.5296497344970703,1.8463754653930664
1741033229277192000,24.11219189453125,-1.4137721061706543,0.8109331130981445,1.7175934314727783
1741033229287295200,24.122295166015626,-1.5154287815093994,-0.0653228759765625,1.4748358726501465
1741033229297398300,24.132398193359375,-1.6528229713439941,-0.9321718215942383,1.159130573272705
1741033229307501600,24.14250146484375,-1.6013641357421875,-1.716928482055664,0.883702278137207
1741033229317604900,24.15260498046875,-1.6202402114868164,-2.4337453842163086,0.6114610433578491
1741033229327707600,24.162707763671875,-1.6264363527297974,-3.1212143898010254,0.35888075828552246
1741033229337811200,24.172811279296877,-1.753191590309143,-3.7408528327941895,0.07474517822265625
1741033229347913700,24.182913818359374,-1.8205543756484985,-3.9154157638549805,0.013480663299560547
1741033229358017300,24.193017333984375,-1.8871458768844604,-3.5657119750976562,0.3087615966796875
1741033229368120600,24.20312060546875,-1.9563027620315552,-3.2148795127868652,0.5300832986831665
1741033229378223400,24.213223388671874,-1.925864815711975,-3.185368537902832,0.4266393184661865
1741033229388327000,24.223326904296876,-1.779120683670044,-3.1746745109558105,0.2449733018875122
1741033229398430200,24.23343017578125,-1.6755499839782715,-3.113002300262451,0.2197740077972412
1741033229408533000,24.243532958984375,-1.5617603063583374,-2.936047077178955,0.20653140544891357
1741033229418636000,24.253635986328124,-1.5041892528533936,-2.467104911804199,0.2835216522216797
1741033229428739000,24.263739013671874,-1.5294606685638428,-1.9254164695739746,0.4312427043914795
1741033229438842600,24.273842529296875,-1.6033183336257935,-1.68951416015625,0.24459731578826904
1741033229448945700,24.283945556640624,-1.6035711765289307,-1.6022944450378418,-0.10187125205993652
1741033229459048700,24.294048583984374,-1.5100088119506836,-1.2673883438110352,-0.3535895347595215
1741033229469151700,24.30415185546875,-1.3794056177139282,-0.875065803527832,-0.5964953899383545
1741033229479255000,24.314255126953125,-1.3307974338531494,-0.4763450622558594,-0.8110021352767944
1741033229489358300,24.3243583984375,-1.2687897682189941,-0.12250137329101562,-1.0519105195999146
1741033229499461000,24.334461181640624,-1.1799001693725586,0.2696704864501953,-1.267194151878357
1741033229509564700,24.344564697265625,-1.0331439971923828,0.6196813583374023,-1.4664726257324219
1741033229519668000,24.35466796875,-0.7917380332946777,0.9185886383056641,-1.6100385189056396
1741033229529795300,24.36479541015625,-0.4921746253967285,1.2776222229003906,-1.6542236804962158
1741033229540100900,24.375100830078125,-0.18057823181152344,1.7263107299804688,-1.7375880479812622
1741033229550406000,24.385406005859377,0.027892470359802246,2.2691450119018555,-1.8141658306121826
1741033229560652500,24.395652587890623,0.09299743175506592,2.8058910369873047,-1.9941611289978027
1741033229570777900,24.40577783203125,0.22564423084259033,3.0391931533813477,-2.3478503227233887
1741033229580881000,24.415880859375,0.577355146408081,2.9334592819213867,-2.7387619018554688
1741033229590984000,24.42598388671875,1.0440880060195923,2.6708908081054688,-3.1318418979644775
1741033229601087000,24.4360869140625,1.8921188116073608,2.3820810317993164,-3.7962913513183594
1741033229611190300,24.446190185546875,2.546663761138916,3.005441665649414,-4.060739994049072
1741033229621293800,24.4562939453125,2.679456949234009,4.8913068771362305,-3.421499490737915
1741033229631396600,24.466396728515626,2.1555967330932617,7.639189720153809,-1.7226145267486572
1741033229641500000,24.4765,1.6170918941497803,9.430047035217285,-0.48273277282714844
1741033229651603500,24.486603515625,0.7656705379486084,8.591248512268066,0.15124869346618652
1741033229661706000,24.4967060546875,-0.18023326992988586,5.311672210693359,-0.22813749313354492
1741033229671809500,24.5068095703125,-0.127913698554039,1.980208396911621,-0.7687684297561646
1741033229681912000,24.516912109375,-0.280466765165329,-0.1847858428955078,-0.9048165082931519
1741033229692015600,24.527015625,-0.5488239526748657,-1.2245874404907227,-0.524396538734436
1741033229702119000,24.537118896484376,-0.9554587602615356,-1.2599163055419922,0.19031095504760742
1741033229712221700,24.5472216796875,-1.161780595779419,-0.3192100524902344,1.1951560974121094
1741033229722325000,24.557324951171875,-0.009903252124786377,1.090561866760254,2.2384111881256104
1741033229732428000,24.567427978515624,1.3935413360595703,2.209954261779785,3.1317191123962402
1741033229742531300,24.57753125,1.6972558498382568,2.0694026947021484,3.3598122596740723
1741033229752634400,24.58763427734375,1.7189916372299194,1.3335561752319336,3.8265316486358643
1741033229762737700,24.597737548828125,1.5391925573349,0.6327247619628906,4.981563091278076
1741033229772841000,24.607841064453126,0.9771611094474792,-0.3545989990234375,5.4402008056640625
1741033229782944000,24.617944091796875,0.47853904962539673,-1.0988473892211914,5.8013691902160645
1741033229793047300,24.62804736328125,0.20447435975074768,-1.783595085144043,5.729136943817139
1741033229803149800,24.63814990234375,-0.18185588717460632,-2.522453784942627,5.285423278808594
1741033229813253400,24.64825341796875,-0.2873743176460266,-3.3075594902038574,4.524962425231934
1741033229823357000,24.65835693359375,-0.10990312695503235,-4.03620719909668,3.2631993293762207
1741033229833459500,24.66845947265625,0.25045859813690186,-4.398311614990234,1.7553362846374512
1741033229843562800,24.678562744140624,0.2904859781265259,-4.553679466247559,0.6467149257659912
1741033229853665500,24.68866552734375,-0.02445429563522339,-4.725560188293457,-0.11731123924255371
1741033229863769000,24.69876904296875,-0.40562713146209717,-4.854876518249512,-0.6627979278564453
1741033229873872400,24.708872314453124,-0.633169412612915,-4.885092735290527,-0.9876171350479126
1741033229883975200,24.71897509765625,-0.39776498079299927,-4.662460803985596,-0.9759001731872559
1741033229894078700,24.72907861328125,0.08471554517745972,-4.107584476470947,-0.5854589939117432
1741033229904181800,24.739181640625,0.4869895577430725,-3.5477824211120605,-0.28043580055236816
1741033229914284800,24.749284912109374,0.860453724861145,-3.1437020301818848,-0.21690630912780762
1741033229924387800,24.759387939453124,1.2669658660888672,-2.892765998840332,-0.26888155937194824
1741033229934491100,24.7694912109375,1.5939955711364746,-2.8068227767944336,-0.5058152675628662
1741033229944594400,24.779594482421874,1.7352497577667236,-2.9217939376831055,-0.8182094097137451
1741033229954697200,24.789697265625,1.7854454517364502,-3.0994930267333984,-1.1104120016098022
1741033229964800800,24.79980078125,1.7400062084197998,-3.325016498565674,-1.3701236248016357
1741033229974903300,24.8099033203125,1.904426097869873,-3.355177879333496,-1.4767016172409058
1741033229985006800,24.8200068359375,1.8966790437698364,-3.1702542304992676,-1.446800708770752
1741033229995110100,24.830110107421874,1.8463691473007202,-2.809670925140381,-1.3057729005813599
1741033230005213000,24.840212890625,1.7844117879867554,-2.2739200592041016,-1.0915865898132324
1741033230015316200,24.850316162109376,1.6060230731964111,-1.8203606605529785,-0.9460831880569458
1741033230025419000,24.8604189453125,1.3908905982971191,-1.404977798461914,-0.8627339601516724
1741033230035522600,24.8705224609375,1.1984643936157227,-0.9169387817382812,-0.6265321969985962
1741033230045625900,24.8806259765625,0.8754711151123047,-0.3283367156982422,-0.4882861375808716
1741033230055728600,24.890728759765626,0.40529680252075195,0.4051027297973633,-0.3776596784591675
1741033230065832000,24.90083203125,0.039631009101867676,0.9896640777587891,-0.5350041389465332
1741033230075935000,24.91093505859375,-0.14679241180419922,1.3744688034057617,-1.1054404973983765
1741033230086038300,24.921038330078126,0.246940016746521,1.3846073150634766,-2.110752582550049
1741033230096141300,24.931141357421875,0.6491422653198242,1.5527782440185547,-2.899466037750244
1741033230106244600,24.94124462890625,0.1411733627319336,2.0050106048583984,-3.2718658447265625
1741033230116347400,24.951347412109374,-0.46775686740875244,2.629694938659668,-3.1271586418151855
1741033230126450700,24.96145068359375,-0.815571129322052,3.6166563034057617,-2.3963823318481445
1741033230136554200,24.97155419921875,-0.05695676803588867,4.958504676818848,-1.573598027229309
1741033230146656800,24.98165673828125,2.9617865085601807,6.359987258911133,-0.5612799525260925
1741033230156760300,24.99176025390625,4.7489519119262695,8.013242721557617,0.8556965589523315
1741033230166863600,25.001863525390625,3.6608352661132812,8.856701850891113,1.9770652055740356
1741033230176966400,25.01196630859375,1.7607966661453247,7.298267364501953,1.7709282636642456
1741033230187069700,25.022069580078124,1.194725751876831,4.050200462341309,1.3029958009719849
1741033230197172500,25.03217236328125,1.0064657926559448,1.0668888092041016,1.7090306282043457
1741033230207276000,25.042276123046875,0.4900916814804077,-0.6488151550292969,2.3919832706451416
1741033230217379300,25.05237939453125,-0.04754352569580078,-0.6994953155517578,3.2366390228271484
1741033230227482000,25.062482177734374,-0.7186070680618286,0.8955392837524414,3.978330373764038
1741033230237585200,25.072585205078123,-1.2062795162200928,2.6656837463378906,4.158891677856445
1741033230247688400,25.0826884765625,-1.7203028202056885,3.3588380813598633,3.5411148071289062
1741033230257792000,25.0927919921875,-1.9090898036956787,2.777846336364746,2.0588185787200928
1741033230267894800,25.102894775390624,-1.9217138290405273,1.9631547927856445,0.705873966217041
1741033230277998000,25.112998046875,-1.5216188430786133,1.203298568725586,0.0767509937286377
1741033230288100900,25.123100830078126,-1.2205884456634521,0.4872913360595703,0.019797205924987793
1741033230298204200,25.1332041015625,-1.4298197031021118,-0.23468685150146484,0.22786998748779297
1741033230308307700,25.1433076171875,-2.0214786529541016,-0.9672861099243164,0.39244580268859863
1741033230318410200,25.15341015625,-2.518087387084961,-1.6150188446044922,0.42916393280029297
1741033230328537600,25.16353759765625,-2.802747964859009,-2.242734909057617,0.3824021816253662
1741033230338843100,25.173843017578125,-2.9020795822143555,-2.8007473945617676,0.3364797830581665
1741033230349148200,25.184148193359373,-2.8647470474243164,-3.1991686820983887,0.283626914024353
1741033230359394800,25.194394775390624,-2.8201675415039062,-3.358494758605957,0.34543871879577637
1741033230369520000,25.20452001953125,-2.7279915809631348,-3.4034500122070312,0.4878648519515991
1741033230379623700,25.214623779296875,-2.4939818382263184,-3.3860855102539062,0.6182703971862793
1741033230389726700,25.224726806640625,-2.2672319412231445,-3.171966075897217,0.7785266637802124
1741033230399829800,25.234829833984374,-2.0156631469726562,-2.8958044052124023,0.8525456190109253
1741033230409932800,25.244932861328124,-1.7505313158035278,-2.6089444160461426,0.7685080766677856
1741033230420035800,25.255035888671873,-1.4448707103729248,-2.4119176864624023,0.5310350656509399
1741033230430139400,25.265139404296875,-0.8321253061294556,-2.2572484016418457,0.2581418752670288
1741033230440242200,25.2752421875,-0.21011662483215332,-2.1109824180603027,0.12302291393280029
1741033230450345500,25.285345458984374,-0.01000070571899414,-1.9494471549987793,0.009963154792785645
1741033230460448300,25.2954482421875,-0.2910729646682739,-1.917074203491211,-0.09863388538360596
1741033230470551800,25.3055517578125,-0.599008321762085,-1.8697576522827148,-0.21764183044433594
1741033230480655000,25.315655029296874,-0.8128750324249268,-1.766798973083496,-0.40260350704193115
1741033230490758000,25.3257578125,-0.9556220769882202,-1.6084256172180176,-0.5826201438903809
1741033230500861200,25.335861083984376,-1.0896857976913452,-1.435234546661377,-0.8298829793930054
1741033230510964000,25.3459638671875,-1.156838059425354,-1.2127370834350586,-1.0186847448349
1741033230521067500,25.356067626953124,-1.124220371246338,-0.8792085647583008,-1.1182739734649658
1741033230531170600,25.366170654296877,-0.9978381395339966,-0.5831031799316406,-1.1808335781097412
1741033230541273600,25.376273681640626,-0.849923849105835,-0.2781791687011719,-1.1941874027252197
1741033230551376600,25.386376708984375,-0.8040627241134644,0.0864877700805664,-1.131875991821289
1741033230561479700,25.396479736328125,-0.7957030534744263,0.5483551025390625,-1.1370131969451904
1741033230571583200,25.406583251953126,-0.7842994332313538,1.0579519271850586,-1.162487506866455
1741033230581686300,25.416686279296876,-0.8239537477493286,1.4612598419189453,-1.3785643577575684
1741033230591789300,25.426789306640625,-0.7793919444084167,1.8324813842773438,-1.666213870048523
1741033230601892000,25.43689208984375,-0.5449755787849426,2.2017688751220703,-1.933863878250122
1741033230611995600,25.44699560546875,-0.24962639808654785,2.480626106262207,-2.1708147525787354
1741033230622098200,25.45709814453125,0.06308245658874512,2.725076675415039,-2.4403700828552246
1741033230632201700,25.46720166015625,0.5338706970214844,2.7929439544677734,-2.7620034217834473
1741033230642305000,25.477304931640624,1.3097355365753174,2.9564313888549805,-3.3786203861236572
1741033230652407800,25.48740771484375,2.2331762313842773,3.5553503036499023,-4.151150226593018
1741033230662511000,25.497510986328123,2.898775577545166,5.142635345458984,-4.015789031982422
1741033230672614000,25.50761376953125,2.8269708156585693,7.422030448913574,-1.8707730770111084
1741033230682717400,25.517717529296874,2.5889458656311035,8.315451622009277,0.16773748397827148
1741033230692820700,25.52782080078125,1.4054441452026367,6.584979057312012,0.9098517894744873
1741033230702923500,25.537923583984377,-0.555109441280365,3.275528907775879,0.450624942779541
1741033230713026600,25.548026611328126,-1.066749095916748,0.31385231018066406,-0.07734251022338867
1741033230723129900,25.5581298828125,-0.9285563826560974,-1.0410022735595703,-0.006014347076416016
1741033230733233400,25.5682333984375,-0.7851470112800598,-0.9085893630981445,0.7191686630249023
1741033230743336200,25.578336181640626,-0.692539393901825,0.1144266128540039,1.903209924697876
1741033230753439500,25.588439453125,-0.29331648349761963,1.560842514038086,3.395751476287842
1741033230763542300,25.598542236328125,-0.09237396717071533,2.6302661895751953,4.966548919677734
1741033230773645600,25.6086455078125,0.13951140642166138,2.5714941024780273,5.9904046058654785
1741033230783748400,25.618748291015624,0.408946692943573,1.7478437423706055,6.07839822769165
1741033230793851600,25.6288515625,0.6039367914199829,0.8060636520385742,5.722029685974121
1741033230803955200,25.638955078125,0.4334898591041565,-0.1024322509765625,5.151555061340332
1741033230814058000,25.64905810546875,-0.003371596336364746,-0.9892053604125977,4.5857954025268555
1741033230824161000,25.6591611328125,-0.30457913875579834,-1.8087315559387207,3.9897961616516113
1741033230834264000,25.66926416015625,-0.25104498863220215,-2.3825292587280273,2.917353630065918
1741033230844367600,25.67936767578125,-0.14149188995361328,-2.8384857177734375,1.4108920097351074
1741033230854470700,25.689470703125,-0.15264981985092163,-3.1911978721618652,0.23754644393920898
1741033230864573700,25.69957373046875,-0.17212873697280884,-3.4541735649108887,-0.4793519973754883
1741033230874676700,25.7096767578125,-0.2292107343673706,-3.72421932220459,-0.7263085842132568
1741033230884779800,25.71977978515625,-0.23838412761688232,-3.942838191986084,-0.7878202199935913
1741033230894883300,25.72988330078125,0.026854395866394043,-4.13361120223999,-0.7492475509643555
1741033230904986000,25.739986083984373,0.3361321687698364,-4.121118545532227,-0.4726378917694092
1741033230915089400,25.75008935546875,0.5484421253204346,-4.035374641418457,-0.30081987380981445
1741033230925192200,25.760192138671876,0.8223018646240234,-3.9489059448242188,-0.12343859672546387
1741033230935295500,25.77029541015625,1.0962358713150024,-3.9173569679260254,-0.06920814514160156
1741033230945398300,25.780398193359375,1.237472414970398,-3.8866028785705566,-0.12620949745178223
1741033230955501800,25.790501708984376,1.4968043565750122,-3.7534022331237793,-0.17451834678649902
1741033230965605000,25.800605224609374,1.7313374280929565,-3.5918784141540527,-0.28368210792541504
1741033230975708000,25.8107080078125,1.830444574356079,-3.383033275604248,-0.3893406391143799
1741033230985811200,25.820811279296876,1.8424229621887207,-3.2071328163146973,-0.43391168117523193
1741033230995914000,25.8309140625,1.7182514667510986,-3.07167387008667,-0.4342130422592163
1741033231006017500,25.841017578125,1.496516466140747,-3.00266170501709,-0.41288554668426514
1741033231016120600,25.85112060546875,1.3123254776000977,-2.9530043601989746,-0.38502585887908936
1741033231026223600,25.8612236328125,1.0984034538269043,-2.827427387237549,-0.34210968017578125
1741033231036326700,25.87132666015625,0.948512077331543,-2.578768253326416,-0.27307629585266113
1741033231046429700,25.8814296875,0.8654767274856567,-2.242431163787842,-0.19136357307434082
1741033231056532700,25.89153271484375,0.853240966796875,-1.7616767883300781,-0.021562814712524414
1741033231066636000,25.901635986328124,0.853195309638977,-1.194173812866211,0.08752751350402832
1741033231076739300,25.9117392578125,0.6990399360656738,-0.5286598205566406,0.11966180801391602
1741033231086842000,25.921842041015626,0.40894460678100586,0.09306812286376953,0.013252019882202148
1741033231096945700,25.931945556640624,0.21229302883148193,0.5868844985961914,-0.385739803314209
1741033231107048200,25.942048095703125,0.08872675895690918,0.9831218719482422,-0.8211181163787842
1741033231117151700,25.95215185546875,0.09983932971954346,1.292984962463379,-1.4004201889038086
1741033231127254300,25.962254150390624,0.31797194480895996,1.6852521896362305,-1.9793599843978882
1741033231137357800,25.97235791015625,0.922447919845581,1.9693727493286133,-2.6202244758605957
1741033231147461000,25.982461181640623,0.9425837993621826,2.4096498489379883,-2.718629837036133
1741033231157564000,25.99256396484375,0.5655361413955688,2.947319984436035,-2.23858642578125
1741033231167667200,26.002667236328126,0.5162079334259033,3.3918304443359375,-1.661705732345581
1741033231177770200,26.012770263671875,0.9645378589630127,3.4577760696411133,-1.7554106712341309
1741033231187873500,26.02287353515625,2.615217447280884,3.0130462646484375,-2.3910179138183594
1741033231197976600,26.0329765625,5.519491672515869,2.448780059814453,-2.8223865032196045
1741033231208080000,26.043079833984375,6.841808795928955,2.5675573348999023,-2.7504825592041016
1741033231218182700,26.0531826171875,4.984859466552734,3.7967329025268555,-2.050041675567627
1741033231228286000,26.063285888671874,2.332111358642578,5.403262138366699,-0.6282956600189209
1741033231238388700,26.073388671875,0.7369794845581055,5.788063049316406,0.34641730785369873
1741033231248492000,26.083491943359373,0.4644804000854492,4.093253135681152,0.49267351627349854
1741033231258595600,26.093595703125,-0.15702104568481445,1.9219274520874023,0.7157869338989258
1741033231268698000,26.103697998046876,-0.8602776527404785,0.7207241058349609,1.44178307056427
1741033231278801700,26.1138017578125,-1.8123959302902222,0.5529947280883789,2.0872721672058105
1741033231288904400,26.123904541015627,-2.7081947326660156,1.3212451934814453,2.512866973876953
1741033231299007700,26.1340078125,-3.3242716789245605,2.5512657165527344,2.7346343994140625
1741033231309110500,26.144110595703125,-3.5537524223327637,3.737913131713867,2.9446911811828613
1741033231319214000,26.154214111328123,-3.3643593788146973,4.493531227111816,3.186856746673584
1741033231329317000,26.164317138671876,-3.0091090202331543,4.492489814758301,3.385410785675049
1741033231339420200,26.174420166015626,-2.4361391067504883,3.2010507583618164,3.087951183319092
1741033231349523200,26.184523193359375,-2.062530517578125,1.379582405090332,2.5847129821777344
1741033231359626200,26.194626220703125,-1.9273453950881958,-0.2300252914428711,2.0923099517822266
1741033231369729300,26.204729248046874,-1.7869837284088135,-1.6153287887573242,1.4989503622055054
1741033231379832300,26.214832275390624,-1.705764889717102,-2.4895763397216797,1.0452537536621094
1741033231389935900,26.224935791015625,-1.747081995010376,-2.9242992401123047,0.6710280179977417
1741033231400038700,26.23503857421875,-1.7022020816802979,-3.0550994873046875,0.4804036617279053
1741033231410142200,26.24514208984375,-1.7496157884597778,-2.8674540519714355,0.5577934980392456
1741033231420244700,26.25524462890625,-1.7070664167404175,-2.6894102096557617,0.6423546075820923
1741033231430348300,26.265348388671875,-1.642216682434082,-2.5354933738708496,0.6814154386520386
1741033231440450800,26.275450927734376,-1.6292121410369873,-2.403993606567383,0.6803479194641113
1741033231450554400,26.285554443359374,-1.5743508338928223,-2.3546323776245117,0.6295839548110962
1741033231460657200,26.2956572265625,-1.5554746389389038,-2.282351493835449,0.5944037437438965
1741033231470760400,26.305760498046876,-1.4854910373687744,-2.1930055618286133,0.5398542881011963
1741033231480863700,26.31586376953125,-1.3746919631958008,-2.1262269020080566,0.43388497829437256
1741033231490966800,26.325966796875,-1.1816980838775635,-2.360304355621338,0.09606409072875977
1741033231501069800,26.33606982421875,-1.0414772033691406,-2.721738815307617,-0.14697504043579102
1741033231511172900,26.3461728515625,-0.9354192018508911,-3.0314464569091797,-0.305985689163208
1741033231521276000,26.35627587890625,-0.8644120693206787,-3.3099513053894043,-0.43115299940109253
1741033231531379000,26.36637890625,-0.7007116079330444,-3.539158821105957,-0.5972824096679688
1741033231541482500,26.376482421875,-0.700171947479248,-3.3492603302001953,-0.5964123606681824
1741033231551585300,26.386585205078124,-0.731930136680603,-2.432159900665283,-0.3533947467803955
1741033231561688600,26.3966884765625,-0.791246771812439,-1.5662670135498047,-0.2648400068283081
1741033231571791400,26.406791259765626,-0.9416704773902893,-1.374882698059082,-0.558397650718689
1741033231581894700,26.416894775390624,-0.9745203256607056,-1.4118242263793945,-0.8327856063842773
1741033231591997400,26.42699755859375,-0.8574181199073792,-1.1572723388671875,-0.8032814264297485
1741033231602101000,26.43710107421875,-0.712080717086792,-0.8945579528808594,-0.6658093929290771
1741033231612204300,26.447204345703124,-0.6227880716323853,-0.6118698120117188,-0.5133451223373413
1741033231622307000,26.45730712890625,-0.7009251713752747,-0.21291351318359375,-0.3896595239639282
1741033231632410400,26.467410400390627,-0.9471453428268433,0.38133811950683594,-0.298775315284729
1741033231642572500,26.477572509765626,-1.071630835533142,1.1070594787597656,-0.38512372970581055
1741033231652878000,26.487878173828125,-1.1319458484649658,1.9662790298461914,-0.5884987115859985
1741033231663088400,26.49808837890625,-1.2614872455596924,2.84304141998291,-0.857867956161499
1741033231673192000,26.50819189453125,-1.005213975906372,3.154618263244629,-1.3525655269622803
1741033231683402200,26.51840234375,-0.70059734582901,2.0647735595703125,-2.3545117378234863
1741033231693707800,26.528707763671875,-0.27633070945739746,2.061582565307617,-2.551098346710205
1741033231704012300,26.53901220703125,0.3577526807785034,2.8424224853515625,-2.542479991912842
1741033231714316800,26.54931689453125,1.0049986839294434,4.048771858215332,-3.0421061515808105
1741033231724521500,26.559521484375,1.549856185913086,5.904083251953125,-3.4359450340270996
1741033231734630000,26.5696298828125,1.6188383102416992,7.647544860839844,-3.117758274078369
1741033231744732700,26.579732666015627,1.4022184610366821,9.056767463684082,-1.1496436595916748
1741033231754836000,26.5898359375,1.420707106590271,8.99400806427002,0.7956638336181641
1741033231764938800,26.599938720703125,0.5972050428390503,6.194903373718262,1.0785126686096191
1741033231775042000,26.6100419921875,-0.45726311206817627,2.798492431640625,0.4249558448791504
1741033231785144800,26.620144775390624,-0.20830082893371582,0.9129467010498047,0.508995771408081
1741033231795248400,26.630248291015626,0.07038235664367676,-1.1366119384765625,0.28832507133483887
1741033231805351700,26.6403515625,-0.36735862493515015,-2.3820595741271973,0.4183013439178467
1741033231815454500,26.650454345703125,-0.8058740496635437,-2.119680881500244,0.9442877769470215
1741033231825558000,26.66055810546875,-0.1566239595413208,-0.5418119430541992,2.0493571758270264
1741033231835780400,26.6707802734375,0.9365073442459106,1.2809619903564453,3.3897533416748047
1741033231846086000,26.6810859375,1.425325632095337,2.047581672668457,4.141752243041992
1741033231856390400,26.691390380859374,1.3088576793670654,1.8347663879394531,4.521478652954102
1741033231866560000,26.70156005859375,1.3405390977859497,1.0724153518676758,4.657707214355469
1741033231876667100,26.711667236328125,0.9698837995529175,0.22475814819335938,4.403707504272461
1741033231886770700,26.721770751953127,0.46693122386932373,-0.5726652145385742,4.140721321105957
1741033231896873200,26.731873291015624,-0.0747423768043518,-1.375645637512207,3.4412636756896973
1741033231906976800,26.741976806640626,-0.28811323642730713,-1.8457369804382324,2.5699551105499268
1741033231917080000,26.752080078125,-0.3280021548271179,-2.1944851875305176,1.639214277267456
1741033231927182800,26.762182861328125,-0.18686020374298096,-2.608844757080078,0.6052851676940918
1741033231937286100,26.7722861328125,-0.21315091848373413,-2.885770797729492,-0.15244460105895996
1741033231947389000,26.782388916015623,-0.2745395302772522,-3.1942739486694336,-0.6890882253646851
1741033231957492200,26.7924921875,-0.37693822383880615,-3.5048227310180664,-0.9596748352050781
1741033231967595300,26.80259521484375,-0.13380706310272217,-3.779430866241455,-0.8601348400115967
1741033231977698300,26.8126982421875,0.09972119331359863,-3.804687023162842,-0.4544851779937744
1741033231987801300,26.82280126953125,0.33648133277893066,-3.689640998840332,-0.07146739959716797
1741033231997905000,26.83290478515625,0.8863763809204102,-3.4458446502685547,0.3306541442871094
1741033232008007700,26.843007568359376,1.225595235824585,-3.325385093688965,0.34315991401672363
1741033232018111000,26.853111083984373,1.3935446739196777,-3.375309944152832,0.06803512573242188
1741033232028213800,26.8632138671875,1.4548754692077637,-3.382988452911377,-0.2171614170074463
1741033232038317000,26.873317138671876,1.3860340118408203,-3.322169303894043,-0.40436625480651855
1741033232048419800,26.883419921875,1.2861919403076172,-3.2499003410339355,-0.5506470203399658
1741033232058523100,26.893523193359375,1.1544570922851562,-3.316415786743164,-0.7242258787155151
1741033232068626000,26.9036259765625,0.9666924476623535,-3.3929476737976074,-0.8588917255401611
1741033232078729200,26.913729248046874,0.8536207675933838,-3.272007942199707,-0.8970017433166504
1741033232088832000,26.92383203125,0.8996396064758301,-2.8436150550842285,-0.7789665460586548
1741033232098935600,26.933935546875,0.9868738651275635,-2.4114975929260254,-0.6721155643463135
1741033232109038600,26.94403857421875,1.002906084060669,-2.0260515213012695,-0.5275461673736572
1741033232119141600,26.9541416015625,0.8917403221130371,-1.5217890739440918,-0.2812325954437256
1741033232129244700,26.96424462890625,0.7822729349136353,-0.8702116012573242,-0.09280729293823242
1741033232139347700,26.97434765625,0.5105559825897217,-0.2824993133544922,-0.08234953880310059
1741033232149450800,26.98445068359375,0.04968822002410889,0.20205974578857422,-0.2643718719482422
1741033232159554000,26.994553955078125,-0.3345003128051758,0.7187442779541016,-0.5362831354141235
1741033232169656800,27.00465673828125,-0.4213738441467285,1.2518806457519531,-0.9107358455657959
1741033232179760000,27.014760009765624,-0.009184837341308594,1.5998210906982422,-1.64424467086792
1741033232189863000,27.02486279296875,1.0808241367340088,1.8801279067993164,-2.5435609817504883
1741033232199966200,27.03496630859375,1.8944437503814697,2.145355224609375,-3.1724233627319336
1741033232210069800,27.04506982421875,1.5239927768707275,2.515974998474121,-3.00711727142334
1741033232220172300,27.05517236328125,1.114525556564331,2.634812355041504,-2.2038698196411133
1741033232230275800,27.06527587890625,0.771953821182251,2.6714296340942383,-1.631852388381958
1741033232240378600,27.075378662109376,0.5630049705505371,2.3653488159179688,-1.8933013677597046
1741033232250482000,27.08548193359375,1.4489033222198486,2.5403003692626953,-2.250241756439209
1741033232260584700,27.095584716796875,3.9842257499694824,3.2593002319335938,-2.0950708389282227
1741033232270687700,27.105687744140624,6.374735355377197,4.386239051818848,-1.115125060081482
1741033232280790800,27.115790771484374,4.736170291900635,5.575530052185059,-0.05622422695159912
1741033232290893800,27.125893798828123,2.0630805492401123,6.223489761352539,0.4642155170440674
1741033232300996900,27.135996826171876,0.13562488555908203,5.184274673461914,0.45178771018981934
1741033232311100400,27.146100341796874,-0.47398674488067627,2.6025876998901367,0.2619727849960327
1741033232321203500,27.156203369140623,-0.9982972145080566,1.0133085250854492,0.7230826616287231
1741033232331306500,27.166306396484377,-1.7627367973327637,0.8186550140380859,1.7019875049591064
1741033232341409500,27.176409423828126,-2.5300045013427734,1.569711685180664,2.7037439346313477
1741033232351512800,27.186512939453124,-3.1202239990234375,2.5789384841918945,3.262000560760498
1741033232361615400,27.196615478515625,-3.273181915283203,3.2521095275878906,3.261108636856079
1741033232371719000,27.206718994140626,-3.141788959503174,3.4012746810913086,3.0058257579803467
1741033232381822500,27.216822509765624,-2.894591808319092,2.914830207824707,2.5296597480773926
1741033232392127700,27.227127685546876,-2.7763171195983887,1.9642457962036133,1.9850382804870605
1741033232402433000,27.23743310546875,-2.680072069168091,0.9820318222045898,1.6432204246520996
1741033232412693000,27.24769287109375,-2.6540160179138184,0.1682443618774414,1.5400779247283936
1741033232422828500,27.25782861328125,-2.6693451404571533,-0.4662208557128906,1.480236291885376
1741033232433015300,27.268015380859374,-2.660863161087036,-1.0349950790405273,1.3160881996154785
1741033232443320600,27.278320556640626,-2.5760726928710938,-1.5240154266357422,1.0686125755310059
1741033232453625300,27.288625244140626,-2.419325351715088,-1.9659476280212402,0.80408775806427
1741033232463824000,27.298823974609373,-2.230358123779297,-2.286008358001709,0.725517988204956
1741033232473938400,27.3089384765625,-1.9742541313171387,-2.577540397644043,0.6710320711135864
1741033232484041200,27.319041259765626,-1.683598279953003,-2.855750560760498,0.5614751577377319
1741033232494144500,27.32914453125,-1.4744958877563477,-3.1902823448181152,0.3839339017868042
1741033232504247300,27.339247314453125,-1.2705575227737427,-3.530089855194092,0.21621990203857422
1741033232514350600,27.3493505859375,-1.2185472249984741,-3.8707618713378906,0.10866391658782959
1741033232524453400,27.359453369140624,-1.2619872093200684,-4.065955638885498,0.048902034759521484
1741033232534556700,27.369556640625,-1.2816591262817383,-3.8894243240356445,0.15358483791351318
1741033232544659500,27.379659423828127,-1.173836350440979,-3.577704429626465,0.2790321111679077
1741033232554762800,27.3897626953125,-0.9855684638023376,-3.275322437286377,0.30583012104034424
1741033232564865500,27.399865478515625,-0.8239176273345947,-3.1189746856689453,0.11522102355957031
1741033232574968800,27.40996875,-0.6535607576370239,-2.8562545776367188,-0.01614522933959961
1741033232585071900,27.42007177734375,-0.5621441602706909,-2.5791492462158203,-0.18156445026397705
1741033232595175200,27.430175048828126,-0.5047913789749146,-2.389799118041992,-0.4532879590988159
1741033232605278200,27.4402783203125,-0.49775564670562744,-2.3219552040100098,-0.7437729835510254
1741033232615381500,27.450381591796877,-0.5077102780342102,-2.2271742820739746,-0.9554411172866821
1741033232625484300,27.460484375,-0.5285171270370483,-1.9636530876159668,-1.0737395286560059
1741033232635587600,27.470587646484375,-0.5019420385360718,-1.5078105926513672,-1.0117452144622803
1741033232645690400,27.4806904296875,-0.4630827307701111,-0.9983634948730469,-0.9309535622596741
1741033232655793700,27.490793701171874,-0.34359049797058105,-0.5045900344848633,-0.794455885887146
1741033232665896400,27.500896484375,-0.26383185386657715,-0.03659629821777344,-0.6918509006500244
1741033232675999700,27.510999755859373,-0.339019775390625,0.5504465103149414,-0.6174250841140747
1741033232686102500,27.5211025390625,-0.43297111988067627,1.0675153732299805,-0.6228764057159424
1741033232696205800,27.531205810546876,-0.397907555103302,1.5067968368530273,-0.7669140100479126
1741033232706308600,27.54130859375,-0.2755252718925476,1.7988300323486328,-0.9863702058792114
1741033232716412000,27.551411865234375,-0.11502009630203247,2.1502199172973633,-1.1209437847137451
1741033232726514700,27.5615146484375,0.1367136836051941,2.6425323486328125,-1.0755051374435425
1741033232736618200,27.5716181640625,0.5084612369537354,2.8996315002441406,-1.1184768676757812
1741033232746721300,27.58172119140625,1.0611817836761475,3.1455249786376953,-1.3290154933929443
1741033232756824300,27.59182421875,1.6194114685058594,3.4465274810791016,-1.5584853887557983
1741033232766927400,27.60192724609375,1.7849960327148438,3.8671016693115234,-1.869342565536499
1741033232777030700,27.61203076171875,2.030294418334961,4.153938293457031,-2.4592044353485107
1741033232787133400,27.622133544921876,2.4466280937194824,4.388375282287598,-3.1389732360839844
1741033232797236700,27.63223681640625,3.243222236633301,4.928244590759277,-3.6066224575042725
1741033232807339500,27.642339599609375,4.044013023376465,5.750899314880371,-3.6924540996551514
1741033232817442800,27.65244287109375,3.7463226318359375,6.5105133056640625,-2.5357987880706787
1741033232827545600,27.662545654296874,1.7285596132278442,6.082315444946289,-0.8068610429763794
1741033232837649000,27.67264892578125,-0.38387158513069153,4.662697792053223,-0.3395746946334839
1741033232847751700,27.682751708984377,-1.3024441003799438,2.77500057220459,-0.43565475940704346
1741033232857855000,27.69285498046875,-1.660529375076294,0.6649131774902344,-0.7745001316070557
1741033232867957800,27.702957763671876,-1.599138855934143,-0.8479518890380859,-0.8623522520065308
1741033232878061000,27.71306103515625,-1.4043169021606445,-1.3361444473266602,-0.576526403427124
1741033232888163800,27.723163818359374,-1.1588510274887085,-0.6302938461303711,0.23122477531433105
1741033232898267100,27.73326708984375,-0.8038125038146973,0.5090093612670898,1.3946433067321777
1741033232908370200,27.7433701171875,-0.3991761803627014,1.454176902770996,2.708824634552002
1741033232918473500,27.753473388671875,-0.29377734661102295,1.7618112564086914,3.7517266273498535
1741033232928576500,27.763576416015624,-0.482616662979126,1.7685012817382812,5.217085838317871
1741033232938679800,27.7736796875,-0.5569945573806763,1.0326318740844727,5.997612476348877
1741033232948782600,27.783782470703127,-0.2492464780807495,0.23479175567626953,6.075898170471191
1741033232958886000,27.793885986328124,0.2695498466491699,-0.616023063659668,5.639363765716553
1741033232968988700,27.80398876953125,0.303475022315979,-1.4945755004882812,5.054795265197754
1741033232979092000,27.814092041015623,0.039643287658691406,-2.433892250061035,4.178898811340332
1741033232989194800,27.82419482421875,-0.26481711864471436,-3.303010940551758,2.9863500595092773
1741033232999298300,27.83429833984375,-0.5383426547050476,-3.8533830642700195,1.7160918712615967
1741033233009400800,27.84440087890625,-0.9327923059463501,-4.053552627563477,0.8348300457000732
1741033233019504000,27.854504150390625,-1.3124338388442993,-4.062047481536865,0.32163143157958984
1741033233029607000,27.86460693359375,-1.7517924308776855,-3.6943764686584473,0.2071683406829834
1741033233039710200,27.874710205078124,-1.842210292816162,-3.1873273849487305,0.11833572387695312
1741033233049813200,27.884813232421877,-1.3905779123306274,-2.930187702178955,-0.03965449333190918
1741033233059916500,27.89491650390625,-0.9762279987335205,-2.7738194465637207,-0.1472759246826172
1741033233070091500,27.905091552734376,-0.6493048071861267,-2.791628837585449,-0.3835270404815674
1741033233080396800,27.915396728515624,-0.23932409286499023,-2.885272979736328,-0.6511693000793457
1741033233090701600,27.92570166015625,0.058287620544433594,-2.9408187866210938,-0.9094804525375366
1741033233100908300,27.935908203125,0.42890477180480957,-3.121828556060791,-1.27591872215271
1741033233111026200,27.946026123046874,0.8611501455307007,-3.3195676803588867,-1.5771372318267822
1741033233121129000,27.95612890625,1.1619594097137451,-3.389406681060791,-1.6397870779037476
1741033233131232500,27.966232421875,1.331211805343628,-3.3526549339294434,-1.5766783952713013
1741033233141514200,27.97651416015625,1.624927282333374,-3.252655029296875,-1.5483388900756836
1741033233151819500,27.986819580078127,1.8635241985321045,-3.1722168922424316,-1.512695550918579
1741033233162104600,27.9971044921875,1.8425660133361816,-2.985548496246338,-1.3777703046798706
1741033233172238800,28.00723876953125,1.8568735122680664,-2.7724523544311523,-1.242808222770691
1741033233182342100,28.017342041015624,2.001479387283325,-2.4098892211914062,-1.003753423690796
1741033233192445000,28.02744482421875,2.092724084854126,-2.147150993347168,-0.9276809692382812
1741033233202548000,28.0375478515625,1.905317783355713,-1.9468393325805664,-0.843795657157898
1741033233212651000,28.047651123046876,1.4740614891052246,-1.7882280349731445,-0.9100282788276672
1741033233222754000,28.057754150390625,1.1519708633422852,-1.5535988807678223,-1.0346026420593262
1741033233232857000,28.067857177734375,0.8308582305908203,-1.1471538543701172,-1.188517689704895
1741033233242960100,28.077960205078124,0.5802366733551025,-0.6394224166870117,-1.2992478609085083
1741033233253063400,28.0880634765625,0.49327540397644043,-0.10150623321533203,-1.5850157737731934
1741033233263166200,28.098166259765627,0.8190526962280273,0.5924253463745117,-2.0978691577911377
1741033233273269500,28.10826953125,1.9663045406341553,1.127732276916504,-2.7969682216644287
1741033233283372300,28.118372314453126,2.7731857299804688,1.4715566635131836,-3.16251802444458
1741033233293475600,28.1284755859375,1.9899091720581055,1.821141242980957,-2.2795441150665283
1741033233303578400,28.138578369140625,1.7005345821380615,2.260043144226074,-1.1758486032485962
1741033233313681700,28.148681640625,1.9032950401306152,2.5243825912475586,-0.7566902041435242
1741033233323784400,28.158784423828124,2.1513431072235107,2.5119848251342773,-1.2573912143707275
1741033233333887700,28.1688876953125,3.046602725982666,2.630563735961914,-1.9826693534851074
1741033233343990500,28.178990478515626,5.341060638427734,2.985732078552246,-1.9909061193466187
1741033233354093800,28.18909375,6.411905288696289,3.7045364379882812,-1.037821888923645
1741033233364196600,28.199196533203125,4.087449073791504,4.803422927856445,-0.2960463762283325
1741033233374300000,28.2092998046875,1.1152262687683105,6.137221336364746,0.09363871812820435
1741033233384403000,28.21940283203125,-0.8953983783721924,6.540953636169434,0.12487095594406128
1741033233394506000,28.229506103515625,-0.8487274646759033,4.80703067779541,-0.01797163486480713
1741033233404609000,28.239609130859375,-0.8762052059173584,2.7163944244384766,0.36165350675582886
1741033233414712600,28.249712646484376,-1.6479425430297852,1.3768091201782227,0.9427869319915771
1741033233424815400,28.2598154296875,-2.5242090225219727,1.0896320343017578,1.5407214164733887
1741033233434918700,28.269918701171875,-3.289701461791992,2.049504280090332,2.335704803466797
1741033233445021400,28.280021484375,-3.6914117336273193,3.4844846725463867,3.1603920459747314
1741033233455124700,28.290124755859374,-3.645134449005127,4.515079498291016,3.70853853225708
1741033233465227500,28.3002275390625,-3.425416946411133,4.774081230163574,3.9223673343658447
1741033233475330800,28.310330810546876,-3.245042562484741,4.107301712036133,3.8949596881866455
1741033233485433600,28.32043359375,-3.3759560585021973,2.8916454315185547,3.3311767578125
1741033233495537000,28.330536865234375,-3.4260058403015137,1.6370038986206055,2.4800145626068115
1741033233505639700,28.3406396484375,-3.3115854263305664,0.4543638229370117,1.6016322374343872
1741033233515743000,28.350742919921874,-3.0873992443084717,-0.5879840850830078,1.0608294010162354
1741033233525845800,28.360845703125,-2.935476541519165,-1.4562044143676758,0.7473427653312683
1741033233535949000,28.370948974609377,-2.8353147506713867,-2.249166488647461,0.5020396709442139
1741033233546052000,28.381052001953126,-2.7298548221588135,-2.7561302185058594,0.35476547479629517
1741033233556155100,28.391155029296876,-2.376553535461426,-2.9536871910095215,0.28979355096817017
1741033233566258200,28.401258056640625,-1.8935823440551758,-3.0949649810791016,0.23033034801483154
1741033233576361200,28.411361328125,-1.4565123319625854,-3.2989559173583984,0.16725748777389526
1741033233586464300,28.42146435546875,-1.136725664138794,-3.3982949256896973,0.11003267765045166
1741033233596567000,28.431567138671873,-0.8765441179275513,-3.4141135215759277,0.10968691110610962
1741033233606670600,28.441670654296875,-0.6510330438613892,-3.418398857116699,0.1547430157661438
1741033233616773000,28.451773193359376,-0.42385029792785645,-3.45621919631958,0.16656798124313354
1741033233626876700,28.461876708984374,-0.1292668581008911,-3.568988800048828,0.07486569881439209
1741033233636979200,28.471979248046875,0.09569931030273438,-3.811333656311035,-0.09069311618804932
1741033233647082800,28.482082763671876,0.21616923809051514,-4.020068168640137,-0.21912789344787598
1741033233657185500,28.492185546875,0.30231165885925293,-3.8333687782287598,-0.15927433967590332
1741033233667288600,28.50228857421875,0.3098435401916504,-3.143404483795166,0.164908766746521
1741033233677391600,28.5123916015625,0.3225135803222656,-2.565913677215576,0.23310017585754395
1741033233687494700,28.52249462890625,0.08813023567199707,-2.6304197311401367,-0.07298362255096436
1741033233697597700,28.53259765625,0.06702649593353271,-1.7690296173095703,0.06097424030303955
1741033233707700700,28.54270068359375,-0.015326738357543945,-1.1208105087280273,-0.0778191089630127
1741033233717803800,28.5528037109375,-0.33372962474823,-1.1516714096069336,-0.47882527112960815
1741033233727906800,28.56290673828125,-0.6279187202453613,-1.2995309829711914,-0.7309839129447937
1741033233738010000,28.573010009765625,-0.8366116285324097,-1.3514823913574219,-0.7298961281776428
1741033233748113000,28.58311279296875,-0.9601752758026123,-1.1536197662353516,-0.6508173942565918
1741033233758216200,28.59321630859375,-0.9757654666900635,-0.6116151809692383,-0.5424315929412842
1741033233768319000,28.603319091796877,-0.9624730944633484,-0.051013946533203125,-0.6514678597450256
1741033233778422300,28.61342236328125,-0.9726675748825073,0.6111593246459961,-0.7935822010040283
1741033233788525000,28.623525146484376,-0.794003963470459,1.3245735168457031,-0.9663107395172119
1741033233798628400,28.63362841796875,-0.6231702566146851,2.026914596557617,-1.171878695487976
1741033233808731100,28.643731201171875,-0.3606593608856201,2.4869441986083984,-1.5044463872909546
1741033233818834400,28.65383447265625,0.14051389694213867,2.6274032592773438,-1.92179274559021
1741033233828937200,28.663937255859373,0.7315241098403931,2.6720123291015625,-2.237786054611206
1741033233839040500,28.67404052734375,1.2739980220794678,2.5832481384277344,-2.5437262058258057
1741033233849143300,28.684143310546876,1.7015165090560913,2.611311912536621,-2.6399004459381104
1741033233859246600,28.69424658203125,2.083707332611084,2.882080078125,-2.714303493499756
1741033233869349600,28.704349609375,2.2676584720611572,3.6405630111694336,-2.4420948028564453
1741033233879452700,28.71445263671875,2.1606926918029785,4.919988632202148,-2.010964870452881
1741033233889555700,28.7245556640625,1.8444178104400635,6.294604301452637,-1.3239365816116333
1741033233899658500,28.734658447265623,1.057948112487793,6.912379264831543,-0.7332134246826172
1741033233909761800,28.74476171875,-0.22619888186454773,6.242546081542969,-0.5819780230522156
1741033233919864600,28.754864501953126,-1.4213221073150635,4.015342712402344,-0.659659743309021
1741033233929967900,28.7649677734375,-1.5713152885437012,1.5753889083862305,-0.6900168061256409
1741033233940070700,28.775070556640625,-1.3898355960845947,0.1909170150756836,-0.4995688199996948
1741033233950174200,28.78517431640625,-1.3641891479492188,0.6482715606689453,0.2515326738357544
1741033233960276700,28.79527685546875,-1.1462396383285522,2.3165321350097656,1.3805334568023682
1741033233970380000,28.805380126953125,-0.5401186347007751,3.639866828918457,2.154182195663452
1741033233980482800,28.81548291015625,-0.2073044776916504,3.905240058898926,2.6313767433166504
1741033233990586000,28.825586181640624,-0.21007269620895386,3.583454132080078,3.456742286682129
1741033234000689200,28.835689208984373,0.02437889575958252,3.0313377380371094,4.644280433654785
1741033234010792200,28.845792236328126,0.44470179080963135,2.18851375579834,5.792572021484375
1741033234020895200,28.855895263671876,0.5065709352493286,1.1776714324951172,6.492040157318115
1741033234030998300,28.865998291015625,0.49350762367248535,0.11886405944824219,6.354147911071777
1741033234041101300,28.876101318359375,0.4262855052947998,-0.8150196075439453,5.522136688232422
1741033234051204400,28.886204345703124,0.25119316577911377,-1.4445934295654297,4.1812849044799805
1741033234061307400,28.896307373046874,-0.22394728660583496,-1.99578857421875,2.790130853652954
1741033234071410400,28.906410400390627,-0.8992236256599426,-2.484954833984375,1.6131606101989746
1741033234081513700,28.916513671875,-1.585347294807434,-2.85923433303833,0.8622448444366455
1741033234091616500,28.926616455078126,-1.807421088218689,-3.0619678497314453,0.37758326530456543
1741033234101719800,28.9367197265625,-1.468724012374878,-3.324367046356201,-0.04012453556060791
1741033234111822300,28.946822265625,-0.6883906126022339,-3.7275123596191406,-0.31150633096694946
1741033234121926000,28.95692578125,-0.08514750003814697,-4.160209655761719,-0.5309351086616516
1741033234132028700,28.967028564453123,0.302854061126709,-4.519203186035156,-0.775384247303009
1741033234142132000,28.977132080078125,0.6186695098876953,-4.900712013244629,-1.087084412574768
1741033234152234800,28.98723486328125,1.1317681074142456,-5.297722339630127,-1.316336989402771
1741033234162338000,28.997338134765624,1.595109224319458,-5.540090084075928,-1.4354777336120605
1741033234172440800,29.00744091796875,1.9589420557022095,-5.555753231048584,-1.3818668127059937
1741033234182544100,29.017544189453126,2.033752918243408,-5.356358528137207,-1.1714184284210205
1741033234192647000,29.02764697265625,1.768531084060669,-5.025111675262451,-0.997664749622345
1741033234202750000,29.03775,1.6713941097259521,-4.7834930419921875,-1.1043803691864014
1741033234212853200,29.047853271484374,1.4297940731048584,-5.2712907791137695,-1.4519686698913574
1741033234222956000,29.0579560546875,0.9145019054412842,-5.926719665527344,-1.4167444705963135
1741033234233059300,29.068059326171873,0.579582691192627,-5.391534328460693,-0.8244264125823975
1741033234243162000,29.078162109375,0.7474687099456787,-4.139471530914307,-0.09028232097625732
1741033234253265400,29.088265380859376,0.6934205293655396,-3.1173667907714844,0.18323111534118652
1741033234263368200,29.0983681640625,0.47190070152282715,-2.2682456970214844,0.29167258739471436
1741033234273471500,29.108471435546875,0.08168685436248779,-1.539851188659668,0.4003143310546875
1741033234283574300,29.11857421875,-0.23184049129486084,-1.1148796081542969,0.45305949449539185
1741033234293677600,29.128677490234374,-0.2922707796096802,-1.043752670288086,0.2563505172729492
1741033234303780400,29.1387802734375,-0.11117446422576904,-0.9030790328979492,0.03913968801498413
1741033234313883600,29.148883544921876,0.2489020824432373,-0.6379880905151367,-0.08337628841400146
1741033234323986700,29.158986572265626,0.35428762435913086,-0.2368030548095703,-0.17266851663589478
1741033234334089700,29.16908984375,0.5409481525421143,0.36624813079833984,-0.19603294134140015
1741033234344192800,29.17919287109375,1.0142136812210083,1.1708717346191406,-0.42493003606796265
1741033234354295800,29.1892958984375,1.9972903728485107,2.273789405822754,-1.3305494785308838
1741033234364398800,29.19939892578125,2.5234739780426025,2.8639469146728516,-2.5933070182800293
1741033234374502000,29.209501953125,2.304769992828369,3.4431324005126953,-2.4771041870117188
1741033234384605000,29.21960498046875,2.078230619430542,3.85894775390625,-2.225541114807129
1741033234394708000,29.2297080078125,2.335113286972046,4.002552032470703,-2.709322690963745
1741033234404811300,29.239811279296877,4.163501739501953,4.0411272048950195,-3.0289864540100098
1741033234414913800,29.249913818359374,8.489274024963379,3.9134302139282227,-1.9316438436508179
1741033234425017300,29.260017333984376,10.292363166809082,3.937838554382324,-0.2699100077152252
1741033234435119900,29.270119873046873,7.858885765075684,4.514603614807129,0.7538989186286926
1741033234445223400,29.280223388671875,3.766073703765869,5.373856544494629,0.8028103709220886
1741033234455326200,29.290326171875,0.892134428024292,5.4401960372924805,0.06725019216537476
1741033234465429500,29.300429443359373,0.7109510898590088,3.9034128189086914,-0.3322717845439911
1741033234475532300,29.3105322265625,1.5673770904541016,2.3708181381225586,1.0113250017166138
1741033234485635600,29.320635498046876,1.6962025165557861,1.7007999420166016,3.0351948738098145
1741033234495738400,29.33073828125,0.9052309989929199,1.9957599639892578,4.405930042266846
1741033234505841400,29.34084130859375,-0.48827242851257324,2.8038101196289062,4.907492160797119
1741033234515944400,29.3509443359375,-1.5526890754699707,3.636693000793457,4.81854772567749
1741033234526047500,29.361047607421874,-2.362053871154785,4.187909126281738,4.335055351257324
1741033234536150300,29.371150390625,-2.7204384803771973,4.4027605056762695,4.0267558097839355
1741033234546253300,29.38125341796875,-2.566971778869629,3.957186698913574,3.462721824645996
1741033234556356000,29.391356201171874,-2.6884820461273193,2.992788314819336,2.836315870285034
1741033234566459400,29.40145947265625,-3.2414400577545166,1.7754850387573242,2.2342371940612793
1741033234576562200,29.411562255859376,-3.7944860458374023,0.5422239303588867,1.6763596534729004
1741033234586665700,29.421665771484374,-4.197469234466553,-0.8975973129272461,1.3239665031433105
1741033234596768300,29.431768310546875,-4.684023857116699,-2.050504207611084,1.2719656229019165
1741033234606871800,29.441871826171877,-4.977189064025879,-2.94222354888916,1.3875519037246704
1741033234616974300,29.451974365234374,-5.402426242828369,-3.752462387084961,1.2520052194595337
1741033234627077600,29.46207763671875,-6.2206244468688965,-4.281189441680908,1.2801834344863892
1741033234637180700,29.4721806640625,-7.183016300201416,-4.558328628540039,1.6775925159454346
1741033234647283700,29.48228369140625,-7.38527774810791,-4.7831268310546875,2.438150405883789
1741033234657386800,29.49238671875,-6.750601768493652,-4.4479660987854,3.126704454421997
1741033234667573500,29.502573486328124,-5.95805025100708,-3.850924491882324,3.080982208251953
1741033234677878800,29.512878662109376,-4.872969150543213,-3.327000141143799,2.8066017627716064
1741033234688183600,29.52318359375,-3.6054670810699463,-2.642040252685547,2.7611546516418457
1741033234698382000,29.533382080078123,-2.0423290729522705,-2.1901917457580566,2.399616241455078
1741033234708496600,29.54349658203125,-0.7580585479736328,-2.2613611221313477,1.6966915130615234
1741033234718599400,29.553599365234376,0.1805558204650879,-2.5493979454040527,1.0510072708129883
1741033234728702700,29.56370263671875,0.9547789096832275,-2.8066887855529785,0.6442660689353943
1741033234738984400,29.573984375,1.642867088317871,-2.923734188079834,0.3090612292289734
1741033234749289700,29.584289794921876,2.030806064605713,-2.9750914573669434,-0.13449496030807495
1741033234759575000,29.594574951171875,2.368424654006958,-2.9857325553894043,-0.6682862043380737
1741033234769708800,29.604708740234376,2.561245918273926,-2.65155029296875,-1.067717432975769
1741033234779811800,29.614811767578125,2.3344075679779053,-2.015700340270996,-1.5464372634887695
1741033234789974800,29.624974853515624,1.8741888999938965,-1.2461271286010742,-2.038437604904175
1741033234800280000,29.635280029296876,1.1282436847686768,-0.3108558654785156,-2.3502254486083984
1741033234810585000,29.645585205078124,0.30135059356689453,0.5812158584594727,-2.4023518562316895
1741033234820802800,29.655802734375,-0.5069969892501831,1.2180910110473633,-2.494333267211914
1741033234830921000,29.6659208984375,-1.1572301387786865,1.6039953231811523,-2.5104265213012695
1741033234841024300,29.676024169921874,-1.660620927810669,1.8645944595336914,-2.315932035446167
1741033234851127000,29.686126953125,-0.31685030460357666,1.5418081283569336,-2.2630627155303955
1741033234861230300,29.696230224609376,5.261692047119141,1.120997428894043,-2.72664213180542
1741033234871333000,29.7063330078125,5.544950008392334,0.8734521865844727,-2.953026056289673
1741033234881436400,29.7164365234375,2.41060209274292,1.1092090606689453,-2.6125380992889404
1741033234891539200,29.726539306640625,-0.7628442645072937,1.8382530212402344,-2.6666617393493652
1741033234901642500,29.736642578125,-1.7798413038253784,2.8664989471435547,-2.6976094245910645
1741033234911745300,29.746745361328124,-1.9193265438079834,3.712468147277832,-2.1899638175964355
1741033234921848600,29.7568486328125,-2.4609363079071045,4.099203109741211,-1.5775341987609863
1741033234931951400,29.766951416015626,-1.7017461061477661,3.7030038833618164,-1.873895525932312
1741033234942054700,29.7770546875,0.9334243535995483,3.183478355407715,-2.3958191871643066
1741033234952157700,29.78715771484375,2.863687515258789,3.2877063751220703,-2.9543282985687256
1741033234962260700,29.7972607421875,2.480883836746216,4.288168907165527,-2.9281535148620605
1741033234972363300,29.80736328125,1.4960901737213135,5.955652236938477,-0.9502493143081665
1741033234982466300,29.81746630859375,-0.7483795881271362,6.763776779174805,0.8121740818023682
1741033234992569300,29.8275693359375,-2.736973762512207,4.795331001281738,1.7154788970947266
1741033235002672600,29.837672607421876,-3.5975852012634277,2.177642822265625,1.755365014076233
1741033235012775400,29.847775390625,-2.7505059242248535,0.33019542694091797,1.8660043478012085
1741033235022878700,29.857878662109375,-1.2200908660888672,-0.5097999572753906,1.9377000331878662
1741033235032981500,29.8679814453125,0.6539885997772217,-0.3249034881591797,2.99285888671875
1741033235043084800,29.878084716796874,2.645984411239624,0.542393684387207,4.387791633605957
1741033235053187600,29.8881875,4.619252681732178,1.6163063049316406,5.465026378631592
1741033235063291000,29.898290771484376,5.191309452056885,1.9522151947021484,5.665028095245361
1741033235073393700,29.9083935546875,4.04319953918457,1.5140857696533203,5.201045989990234
1741033235083497200,29.918497314453123,2.3150582313537598,0.9427089691162109,4.41586971282959
1741033235093648100,29.928648193359376,1.1992862224578857,0.49315643310546875,3.3416099548339844
1741033235103953700,29.93895361328125,0.5631895065307617,0.04399585723876953,2.231907367706299
1741033235114258700,29.9492587890625,0.12260842323303223,-0.28563499450683594,1.635525107383728
1741033235124485600,29.959485595703125,-0.29156219959259033,-0.5080194473266602,1.2319294214248657
1741033235134606000,29.969606201171874,-0.5837806463241577,-0.9169692993164062,0.8133177757263184
1741033235144828400,29.979828369140623,-0.7191861867904663,-1.580660343170166,0.3704524040222168
1741033235155134000,29.990134033203127,-0.7009180784225464,-2.4298877716064453,-0.07167172431945801
1741033235165438500,30.0004384765625,-0.5399118661880493,-3.166388511657715,-0.3271751403808594
1741033235175608000,30.010608154296875,-0.6232153177261353,-3.449990749359131,-0.5972623825073242
1741033235185715200,30.020715087890625,-0.7439998388290405,-3.547433376312256,-0.7048551440238953
1741033235195818800,30.03081884765625,-0.8845711946487427,-3.6468400955200195,-0.618743896484375
1741033235205921300,30.04092138671875,-0.8360303640365601,-3.6761927604675293,-0.6533746719360352
1741033235216024600,30.051024658203126,-1.0073652267456055,-3.7154722213745117,-0.6871428489685059
1741033235226127400,30.06112744140625,-1.1322853565216064,-3.8634567260742188,-0.7188160419464111
1741033235236230700,30.071230712890625,-0.8197008371353149,-4.163588523864746,-0.727006196975708
1741033235246333700,30.081333740234374,-0.6034166812896729,-4.565397262573242,-0.703487753868103
1741033235256436700,30.091436767578124,-0.36561059951782227,-4.861413478851318,-0.8024649620056152
1741033235266539800,30.101539794921877,-0.2159743309020996,-4.813824653625488,-0.8910213112831116
1741033235276642800,30.111642822265626,-0.16976141929626465,-4.2403564453125,-0.7749183773994446
1741033235286745900,30.121745849609376,-0.07218575477600098,-3.692260265350342,-0.8078014850616455
1741033235296849000,30.131848876953125,0.06098222732543945,-3.334867000579834,-1.0232200622558594
1741033235306952000,30.141951904296874,0.11125683784484863,-3.0856871604919434,-1.3433085680007935
1741033235317055000,30.152054931640624,0.2620573043823242,-2.849648952484131,-1.474257469177246
1741033235327157500,30.162157470703125,0.4506511688232422,-2.600192070007324,-1.4416561126708984
1741033235337260800,30.1722607421875,0.5003156661987305,-2.2060298919677734,-1.3059567213058472
1741033235347363600,30.182363525390624,0.36757731437683105,-1.7259039878845215,-1.1732463836669922
1741033235357467000,30.192466796875,0.2969398498535156,-1.2357263565063477,-1.1843305826187134
1741033235367569700,30.202569580078126,0.5832774639129639,-0.7856101989746094,-1.3578410148620605
1741033235377673000,30.2126728515625,1.0816669464111328,-0.21961021423339844,-1.4483675956726074
1741033235387775700,30.222775634765625,1.4842987060546875,0.24877548217773438,-1.6270020008087158
1741033235397879000,30.232879150390627,1.8141288757324219,0.7205657958984375,-1.78394615650177
1741033235407981800,30.24298193359375,1.873412847518921,1.210434913635254,-1.9734466075897217
1741033235418085000,30.253085205078126,1.8002402782440186,1.8819036483764648,-2.54374361038208
1741033235428188200,30.263188232421875,1.2229197025299072,2.60860538482666,-3.066801071166992
1741033235438291200,30.273291259765625,0.4218558073043823,2.6316356658935547,-2.716611862182617
1741033235448394200,30.283394287109374,0.1817396879196167,2.4351329803466797,-1.8393017053604126
1741033235458497300,30.293497314453123,1.0510272979736328,2.499814987182617,-0.9291534423828125
1741033235468599800,30.303599853515625,2.239009380340576,2.773397445678711,-0.16817867755889893
1741033235478703000,30.313703125,3.3047943115234375,3.4736709594726562,0.3831963539123535
1741033235488806000,30.323805908203123,3.8090786933898926,4.636506080627441,0.4496828317642212
1741033235498909200,30.3339091796875,2.2278361320495605,5.537807464599609,0.15464389324188232
1741033235509012000,30.344011962890626,-0.5791391134262085,6.255397796630859,0.2051694393157959
1741033235519115300,30.354115234375,-3.0171384811401367,6.910686492919922,0.8216323852539062
1741033235529218000,30.364218017578125,-4.004967212677002,6.2744140625,1.6352788209915161
1741033235539321300,30.3743212890625,-4.410286903381348,3.9782724380493164,2.163848876953125
1741033235549424000,30.384424072265624,-4.723934173583984,1.9750299453735352,3.3050148487091064
1741033235559527400,30.39452734375,-3.8190841674804688,1.1954479217529297,4.370962142944336
1741033235569630200,30.404630126953126,-2.2216415405273438,1.4076757431030273,4.523645401000977
1741033235579733500,30.4147333984375,-0.6235970258712769,1.7457761764526367,3.235513210296631
1741033235589836000,30.4248359375,0.37603724002838135,1.944870948791504,1.8218523263931274
1741033235599939000,30.43493896484375,0.8830745220184326,2.2027721405029297,1.1690751314163208
1741033235610042000,30.4450419921875,1.0153555870056152,2.127584457397461,0.8266284465789795
1741033235620145200,30.455145263671874,0.6868672370910645,1.7598133087158203,0.6139432191848755
1741033235630248200,30.465248291015627,0.36588895320892334,1.1879568099975586,0.40049564838409424
1741033235640351200,30.475351318359376,0.023737311363220215,0.4947643280029297,0.13634729385375977
1741033235650454300,30.485454345703126,-0.06897056102752686,-0.039572715759277344,-0.004654645919799805
1741033235660557600,30.4955576171875,0.002786993980407715,-0.4021644592285156,-0.009536981582641602
1741033235670660000,30.50566015625,-0.2910304069519043,-0.7202081680297852,0.013762235641479492
1741033235680763600,30.515763671875,-0.6321619749069214,-1.1697921752929688,0.06559860706329346
1741033235690866200,30.5258662109375,-0.7696877121925354,-1.8221006393432617,0.11618673801422119
1741033235700969000,30.535968994140624,-0.8951357007026672,-2.3802175521850586,0.3449474573135376
1741033235711072300,30.546072265625,-1.1162960529327393,-2.796976089477539,0.7208683490753174
1741033235721175000,30.556175048828123,-1.4008210897445679,-3.0825157165527344,1.0529305934906006
1741033235731278300,30.5662783203125,-1.4375066757202148,-3.3852500915527344,1.0666848421096802
1741033235741381400,30.57638134765625,-1.3244476318359375,-3.676729202270508,0.8953268527984619
1741033235751484400,30.586484375,-1.174537181854248,-3.9188003540039062,0.6986300945281982
1741033235761587500,30.59658740234375,-1.0454719066619873,-4.021617889404297,0.5208773612976074
1741033235771690500,30.6066904296875,-0.8820342421531677,-3.9639225006103516,0.3611292839050293
1741033235781793500,30.61679345703125,-0.7358613014221191,-3.687197685241699,0.27316856384277344
1741033235791896600,30.626896484375,-0.5581094026565552,-3.3915538787841797,0.10951769351959229
1741033235801999000,30.6369990234375,-0.43365639448165894,-3.118950366973877,-0.12277185916900635
1741033235812102400,30.647102294921876,-0.26982033252716064,-2.869357109069824,-0.4898728132247925
1741033235822205200,30.657205078125,0.011664271354675293,-2.48905611038208,-0.8240721821784973
1741033235832308500,30.66730859375,0.21336328983306885,-2.030397891998291,-1.1351253986358643
1741033235842411300,30.677411376953124,0.19212853908538818,-1.627169132232666,-1.431438684463501
1741033235852514600,30.6875146484375,-0.07728958129882812,-1.2197036743164062,-1.5854623317718506
1741033235862617300,30.697617431640627,-0.48662957549095154,-0.8412036895751953,-1.657069206237793
1741033235872720600,30.707720703125,-0.7598742246627808,-0.5467033386230469,-1.7590619325637817
1741033235882823400,30.717823486328125,-0.909458577632904,-0.3514556884765625,-1.8486809730529785
1741033235892926700,30.7279267578125,-0.5370610356330872,-0.07418346405029297,-1.8012117147445679
1741033235903029200,30.738029296875,0.1674376130104065,0.2648172378540039,-1.6919362545013428
1741033235913132300,30.74813232421875,0.6559736132621765,0.6006631851196289,-1.557739496231079
1741033235923235300,30.7582353515625,0.6756716966629028,0.9441280364990234,-1.4679455757141113
1741033235933338400,30.76833837890625,0.593933641910553,1.2907447814941406,-1.4825348854064941
1741033235943441400,30.77844140625,0.8752769827842712,1.3672590255737305,-1.7771941423416138
1741033235953544400,30.78854443359375,1.3727015256881714,1.3988876342773438,-2.0333828926086426
1741033235963647500,30.7986474609375,1.37642240524292,1.5798072814941406,-2.153210163116455
1741033235973750800,30.808750732421874,0.8304463624954224,1.9821882247924805,-2.055889129638672
1741033235983853300,30.818853271484375,0.3393195867538452,2.32955265045166,-1.7393076419830322
1741033235993956900,30.828956787109377,0.25552237033843994,2.6472902297973633,-1.5057196617126465
1741033236004059400,30.839059326171874,0.47724783420562744,2.986051559448242,-1.4956672191619873
1741033236014162200,30.849162109375,0.4370386004447937,3.6994895935058594,-1.4421954154968262
1741033236024265500,30.859265380859377,0.09852808713912964,4.931656837463379,-1.3640486001968384
1741033236034368300,30.8693681640625,-0.564638614654541,6.331116676330566,-0.6984357833862305
1741033236044471600,30.879471435546876,-1.9558181762695312,7.021149635314941,0.5018271207809448
1741033236054574300,30.88957421875,-3.380706787109375,6.031490325927734,0.7386804819107056
1741033236064677600,30.899677734375,-4.4921441078186035,3.7490015029907227,0.37642693519592285
1741033236074780700,30.90978076171875,-4.7341837882995605,1.592721939086914,0.49730050563812256
1741033236084883700,30.9198837890625,-4.202015399932861,0.18318557739257812,0.9497315883636475
1741033236094986200,30.929986328125,-2.818326950073242,-0.3481149673461914,1.452307105064392
1741033236105089300,30.94008935546875,-1.005855917930603,0.20182418823242188,2.292473077774048
1741033236115192300,30.9501923828125,0.5842595100402832,1.4896764755249023,3.639650821685791
1741033236125295600,30.960295654296875,1.608274221420288,2.626723289489746,5.054849147796631
1741033236135398400,30.9703984375,1.878047227859497,2.826160430908203,5.844304084777832
1741033236145501700,30.980501708984374,1.752156138420105,2.14888858795166,5.954032897949219
1741033236155604500,30.9906044921875,2.69846248626709,1.3789968490600586,5.98402738571167
1741033236165707800,31.000707763671876,3.8234329223632812,0.6744384765625,6.211064338684082
1741033236175810600,31.010810546875,3.0847463607788086,-0.07889080047607422,6.052268981933594
1741033236185913900,31.020913818359375,1.2003849744796753,-0.6234073638916016,5.415844917297363
1741033236196016400,31.031016357421876,-0.16114461421966553,-1.0527448654174805,4.56303596496582
1741033236206119200,31.041119140625,-0.27123308181762695,-1.2858924865722656,3.6725687980651855
1741033236216222500,31.051222412109375,0.1746072769165039,-1.7945556640625,2.461091995239258
1741033236226325500,31.061325439453125,0.6120392084121704,-2.5471701622009277,1.2353546619415283
1741033236236428500,31.071428466796874,1.1291484832763672,-2.99287748336792,0.43029749393463135
1741033236246531600,31.081531494140624,1.4813101291656494,-3.369791030883789,-0.013322710990905762
1741033236256634600,31.091634521484377,1.4234800338745117,-3.59218692779541,0.005983471870422363
1741033236266737700,31.101737548828126,1.017385721206665,-3.825857639312744,0.05489695072174072
1741033236276840700,31.1118408203125,0.6028070449829102,-4.066623687744141,-0.05366349220275879
1741033236286943200,31.121943115234377,0.10500407218933105,-4.383514881134033,-0.4739900827407837
1741033236297046500,31.132046630859374,-0.1086580753326416,-4.487651824951172,-0.7581290006637573
1741033236307149300,31.1421494140625,-0.31903505325317383,-4.375643253326416,-0.8009710907936096
1741033236317252600,31.152252685546873,-0.5703279972076416,-4.229201793670654,-0.7655569314956665
1741033236327356200,31.162356201171875,-0.9362531900405884,-3.8796958923339844,-0.6980738639831543
1741033236337661700,31.17266162109375,-1.1192030906677246,-3.5835533142089844,-1.0072295665740967
1741033236347966700,31.182966796875,-0.9266433715820312,-3.32084321975708,-1.202089786529541
1741033236358232600,31.193232666015625,-0.4380793571472168,-3.071476936340332,-1.2866506576538086
1741033236368361700,31.20336181640625,0.15056681632995605,-2.901930332183838,-1.415114164352417
1741033236378464800,31.21346484375,0.605060338973999,-2.8162150382995605,-1.4513523578643799
1741033236388567800,31.22356787109375,0.9722130298614502,-2.788069248199463,-1.479262113571167
1741033236398670800,31.2336708984375,1.661729335784912,-2.637371063232422,-1.4066529273986816
1741033236408774000,31.24377392578125,2.3001315593719482,-2.385626792907715,-1.0985687971115112
1741033236418877000,31.253876953125,2.5635244846343994,-2.066175937652588,-0.8515893816947937
1741033236428979500,31.2639794921875,2.539141893386841,-1.7310380935668945,-0.7790384888648987
1741033236439082800,31.274082763671874,2.2220277786254883,-1.294219970703125,-0.6901000142097473
1741033236449185500,31.284185546875,1.7453117370605469,-0.858799934387207,-0.43289732933044434
1741033236459288800,31.294288818359377,1.5196330547332764,-0.033782958984375,-0.4700053930282593
1741033236469391600,31.3043916015625,1.3212518692016602,0.6593198776245117,-0.42208170890808105
1741033236479495200,31.3144951171875,1.2752189636230469,0.8866109848022461,-0.19434142112731934
1741033236489597700,31.32459765625,0.8813028335571289,1.2787408828735352,0.23897361755371094
1741033236499700500,31.334700439453126,0.03194832801818848,1.5977363586425781,0.5906263589859009
1741033236509803800,31.3448037109375,-0.015349149703979492,1.928126335144043,0.8012422323226929
1741033236519906600,31.354906494140625,0.5484321117401123,2.438831329345703,0.47730863094329834
1741033236530009900,31.365009765625,0.9671611785888672,3.528864860534668,0.43576908111572266
1741033236540112600,31.375112548828124,1.932246208190918,5.188124656677246,1.22100830078125
1741033236550215700,31.385215576171873,2.9583215713500977,5.996639251708984,1.5464094877243042
1741033236560318700,31.395318603515626,0.3365926742553711,5.392712593078613,1.293071985244751
1741033236570421800,31.405421875,-1.4516106843948364,4.511336326599121,1.5728815793991089
1741033236580524500,31.415524658203125,-0.8525396585464478,3.1250171661376953,2.308685541152954
1741033236590627600,31.425627685546875,-0.03919339179992676,1.6714773178100586,3.5081987380981445
1741033236600730400,31.43573046875,0.8497788906097412,0.2949256896972656,4.300897121429443
1741033236610833700,31.445833740234374,1.1594533920288086,-0.243499755859375,3.8618149757385254
1741033236620936400,31.4559365234375,1.1928977966308594,0.38280773162841797,2.3670923709869385
1741033236631040000,31.4660400390625,1.3239219188690186,1.2791767120361328,1.3717045783996582
1741033236641142500,31.476142578125,1.0289795398712158,1.7020587921142578,0.9223310351371765
1741033236651245300,31.486245361328123,0.2219834327697754,2.12005615234375,1.2498481273651123
1741033236661348600,31.4963486328125,-0.6480194330215454,2.5287656784057617,1.6402344703674316
1741033236671451400,31.506451416015626,-0.9738167524337769,2.871647834777832,1.8352324962615967
1741033236681554700,31.5165546875,-0.701763391494751,3.0030126571655273,1.8568370342254639
1741033236691657500,31.526657470703125,-0.5057307481765747,2.712461471557617,1.4650304317474365
1741033236701760800,31.5367607421875,-0.7136670351028442,1.8077373504638672,1.0579960346221924
1741033236711863600,31.546863525390624,-0.7992345094680786,0.5239324569702148,0.6287568211555481
1741033236721966600,31.556966552734377,-0.704352617263794,-0.5926456451416016,0.6246893405914307
1741033236732069400,31.5670693359375,-0.8550641536712646,-1.2701292037963867,0.7730979919433594
1741033236742172400,31.57717236328125,-1.2962150573730469,-1.745650291442871,0.9323328733444214
1741033236752275500,31.587275390625,-1.9327566623687744,-2.0103635787963867,1.0613857507705688
1741033236762378500,31.59737841796875,-2.5313355922698975,-2.221311092376709,0.9993705749511719
1741033236772481300,31.607481201171876,-2.9081778526306152,-2.402308940887451,0.6580857038497925
1741033236782584800,31.617584716796873,-2.7262978553771973,-2.523678779602051,0.17674672603607178
1741033236792687400,31.627687255859374,-2.2842745780944824,-2.687037944793701,-0.21858394145965576
1741033236802790100,31.6377900390625,-1.8032772541046143,-2.8528499603271484,-0.38659805059432983
1741033236812893400,31.6478935546875,-1.24702787399292,-3.051456928253174,-0.5416012406349182
1741033236822996200,31.657996337890626,-0.865314781665802,-3.249685764312744,-0.6332308650016785
1741033236833099500,31.668099609375,-1.040340542793274,-3.266641616821289,-0.6456441879272461
1741033236843202300,31.678202392578125,-1.2775148153305054,-2.857300281524658,-0.41173815727233887
1741033236853305600,31.6883056640625,-1.615646481513977,-2.543018341064453,-0.48021960258483887
1741033236863408000,31.698408203125,-1.6350055932998657,-2.4373559951782227,-0.6607798933982849
1741033236873511200,31.70851123046875,-1.49152672290802,-2.111543655395508,-0.9165087938308716
1741033236883614200,31.7186142578125,-1.29924738407135,-1.6451969146728516,-1.139512538909912
1741033236893717200,31.72871728515625,-0.851075291633606,-1.4455890655517578,-1.4249825477600098
1741033236903820300,31.7388203125,0.08491849899291992,-1.2555742263793945,-1.6086708307266235
1741033236913923300,31.74892333984375,0.9868098497390747,-1.1451950073242188,-1.84026038646698
1741033236924026400,31.7590263671875,1.7402974367141724,-1.0787944793701172,-1.9846692085266113
1741033236934129000,31.76912890625,2.0547080039978027,-0.7836618423461914,-1.9564437866210938
1741033236944232200,31.779232177734375,1.557336449623108,-0.09820270538330078,-1.7331711053848267
1741033236954335000,31.7893349609375,0.8680355548858643,0.5629100799560547,-1.5338947772979736
1741033236964438300,31.799438232421874,0.41530096530914307,0.9861249923706055,-1.3967725038528442
1741033236974541000,31.809541015625,0.37784600257873535,0.9752721786499023,-1.5901036262512207
1741033236984644400,31.819644287109377,0.3189723491668701,0.7876291275024414,-1.6733497381210327
1741033236994747100,31.8297470703125,0.4125072956085205,0.8310127258300781,-1.528256893157959
1741033237004850000,31.839849853515624,0.5267530679702759,0.8940248489379883,-1.256457805633545
1741033237014953000,31.849952880859377,0.5141701698303223,0.9295015335083008,-1.0079150199890137
1741033237025056000,31.860055908203126,0.5423352718353271,1.2054862976074219,-0.6024866104125977
1741033237035159000,31.870158935546876,0.7841465473175049,1.8335208892822266,-0.43600964546203613
1741033237045261800,31.88026171875,0.8623929023742676,3.4308948516845703,0.4423907995223999
1741033237055364900,31.89036474609375,0.069122314453125,5.356492042541504,1.265243649482727
1741033237065467600,31.900467529296876,-1.7741471529006958,6.152189254760742,1.0606845617294312
1741033237075571000,31.910571044921873,-3.725545883178711,5.572140693664551,0.9533275365829468
1741033237085673700,31.920673828125,-3.982481002807617,3.92618465423584,1.3956503868103027
1741033237095777000,31.930777099609376,-2.377009630203247,1.8314790725708008,2.0493178367614746
1741033237105879800,31.9408798828125,-0.6322116851806641,-0.061333656311035156,2.359659433364868
1741033237115982300,31.950982421875,0.34880495071411133,-0.8606014251708984,2.4159741401672363
1741033237126086000,31.9610859375,1.292541265487671,-0.5213508605957031,2.527449607849121
1741033237136188400,31.9711884765625,2.464489698410034,0.4861125946044922,2.4320485591888428
1741033237146292000,31.9812919921875,2.456408977508545,0.9749574661254883,2.107593059539795
1741033237156394800,31.991394775390624,2.2945334911346436,0.7947196960449219,1.5011892318725586
1741033237166498000,32.001498046875,3.019566535949707,0.11134624481201172,-0.09577178955078125
1741033237176600600,32.0116005859375,4.658547401428223,-0.15421581268310547,-1.191817283630371
1741033237186703600,32.02170361328125,4.891160488128662,0.07820415496826172,-0.8234862089157104
1741033237196806700,32.031806640625,3.5453336238861084,0.08159923553466797,-0.4753950238227844
1741033237206909700,32.04190966796875,2.6751506328582764,0.08129024505615234,0.0617905855178833
1741033237217012700,32.0520126953125,1.5962040424346924,-0.45652198791503906,0.2985903024673462
1741033237227115300,32.062115234375,1.1732556819915771,-1.0892219543457031,0.46561694145202637
1741033237237218600,32.072218505859375,0.90022873878479,-1.8688058853149414,0.4119960069656372
1741033237247321300,32.0823212890625,1.2328495979309082,-2.702587127685547,0.3578532934188843
1741033237257424600,32.092424560546874,1.532548427581787,-3.3311710357666016,0.33995580673217773
1741033237267527400,32.10252734375,-0.003214120864868164,-3.9111523628234863,-0.13816344738006592
1741033237277630700,32.11263061523437,-1.9288794994354248,-3.619612216949463,-0.22851526737213135
1741033237287733500,32.1227333984375,-2.7386763095855713,-2.9741439819335938,-0.2361711859703064
1741033237297836000,32.1328359375,-2.490712881088257,-2.5184812545776367,-0.41937994956970215
1741033237307939300,32.14293920898437,-1.7240138053894043,-2.323333740234375,-0.8524588346481323
1741033237318042000,32.1530419921875,-1.1853654384613037,-2.342837333679199,-1.3481248617172241
1741033237328145400,32.1631455078125,-0.5827174186706543,-2.3454017639160156,-2.051299571990967
1741033237338248200,32.173248291015625,-0.06229519844055176,-2.337695598602295,-2.425814628601074
1741033237348351000,32.18335107421875,-0.05806422233581543,-2.633347988128662,-2.514890193939209
1741033237358454000,32.1934541015625,-0.05879402160644531,-3.274153709411621,-2.345696210861206
1741033237368557000,32.20355712890625,0.30395030975341797,-4.02121114730835,-2.2240772247314453
1741033237378660000,32.21366015625,0.5277135372161865,-4.486928939819336,-1.9954259395599365
1741033237388763400,32.223763427734376,0.7935459613800049,-4.667813777923584,-1.732386827468872
1741033237398866200,32.2338662109375,0.957230806350708,-4.856237888336182,-1.4635785818099976
1741033237408968700,32.24396875,1.4052822589874268,-4.950708866119385,-1.5281742811203003
1741033237419072000,32.254072021484376,1.9021384716033936,-5.07133674621582,-1.7456445693969727
1741033237429174800,32.2641748046875,2.2086610794067383,-5.076613426208496,-1.6127166748046875
1741033237439278300,32.2742783203125,2.2384755611419678,-4.788900852203369,-1.4398908615112305
1741033237449380900,32.284380859375,2.051175355911255,-4.340003490447998,-1.372017741203308
1741033237459483600,32.29448364257812,1.6564159393310547,-3.739190101623535,-1.3332031965255737
1741033237469587000,32.3045869140625,1.1285536289215088,-3.112947463989258,-1.4573101997375488
1741033237479689700,32.31468969726563,0.788123369216919,-2.177133560180664,-1.6201014518737793
1741033237489793000,32.32479296875,0.5135905742645264,-1.0022850036621094,-1.634728193283081
1741033237499895800,32.33489575195313,0.33971214294433594,-0.08188056945800781,-1.3454629182815552
1741033237509999000,32.3449990234375,0.5345113277435303,0.39452552795410156,-1.1808594465255737
1741033237520101600,32.3551015625,1.0894458293914795,0.4863262176513672,-1.360772728919983
1741033237530204700,32.36520458984375,1.443105697631836,0.5456085205078125,-1.3321157693862915
1741033237540307700,32.3753076171875,1.551692008972168,0.570037841796875,-1.6366723775863647
1741033237550410800,32.38541064453125,1.7247536182403564,0.5783023834228516,-2.0019166469573975
1741033237560513800,32.395513671875,2.043668031692505,0.6286840438842773,-2.2296767234802246
1741033237570616300,32.4056162109375,2.1646218299865723,0.5479021072387695,-2.5502829551696777
1741033237580719600,32.4157197265625,1.7956211566925049,0.8940505981445312,-2.8812661170959473
1741033237590822400,32.425822509765624,0.8241016864776611,1.812382698059082,-2.6257340908050537
1741033237600925700,32.43592578125,-0.8092433214187622,2.806391716003418,-1.8720585107803345
1741033237611028500,32.44602856445312,-2.3755180835723877,3.993173599243164,-0.8383804559707642
1741033237621131000,32.456131103515624,-1.979166030883789,4.94387149810791,0.8993397951126099
1741033237631234300,32.466234375,-0.10906982421875,5.718318939208984,3.341395616531372
1741033237641337000,32.47633715820312,0.3452718257904053,7.3198137283325195,4.145022869110107
1741033237651440400,32.4864404296875,-2.6173596382141113,7.765795707702637,2.9783830642700195
1741033237661543200,32.49654321289062,-3.074803113937378,6.2961530685424805,1.8084940910339355
1741033237671646000,32.50664599609375,-3.0599474906921387,5.599096298217773,1.369010329246521
1741033237681749000,32.5167490234375,-2.7590808868408203,5.918291091918945,2.028897762298584
1741033237691852000,32.52685205078125,-2.9483094215393066,6.395281791687012,2.952630043029785
1741033237701955000,32.536955078125,-3.60691499710083,6.4358673095703125,3.7031514644622803
1741033237712057900,32.54705786132813,-3.3563170433044434,5.762491226196289,3.993276596069336
1741033237722161000,32.55716088867187,-1.7208237648010254,5.2040510177612305,3.5362019538879395
1741033237732263700,32.567263671875,-0.12157893180847168,4.4846086502075195,2.3030872344970703
1741033237742367000,32.57736694335937,-0.10941100120544434,3.9168224334716797,1.271480917930603
1741033237752469800,32.5874697265625,-0.9085994958877563,3.4381752014160156,0.2832701802253723
1741033237762573300,32.5975732421875,-1.6528716087341309,3.2419443130493164,-0.3674595355987549
1741033237772675800,32.60767578125,-1.8798645734786987,2.7340822219848633,-0.7416332960128784
1741033237782778600,32.617778564453126,-1.561042070388794,1.5323257446289062,-0.7694064378738403
1741033237792882000,32.6278818359375,-0.7764008045196533,-0.039722442626953125,-0.3658040165901184
1741033237802984700,32.637984619140624,-0.33892953395843506,-1.5579833984375,-0.3064180612564087
1741033237813088000,32.648087890625,0.04582715034484863,-2.612018585205078,-0.33926069736480713
1741033237823190500,32.6581904296875,0.3740730285644531,-3.3920273780822754,-0.5210099816322327
1741033237833293600,32.66829345703125,0.4750690460205078,-3.901884078979492,-0.5999467968940735
1741033237843396600,32.67839672851562,0.31892096996307373,-4.137892246246338,-0.5340862274169922
1741033237853499600,32.688499755859375,0.13368380069732666,-4.128772258758545,-0.45394158363342285
1741033237863602700,32.69860278320313,-0.002732992172241211,-4.26993465423584,-0.6107655763626099
1741033237873705200,32.70870532226562,0.12139666080474854,-4.322170734405518,-0.7444300651550293
1741033237883808500,32.71880859375,0.22250735759735107,-4.260776042938232,-0.8304749727249146
1741033237893911300,32.72891137695313,0.3470876216888428,-4.263835906982422,-0.8749597072601318
1741033237904014600,32.7390146484375,0.37027812004089355,-4.302622318267822,-0.9033712148666382
1741033237914117400,32.74911743164063,0.3338838815689087,-4.2269606590271,-0.9747755527496338
1741033237924220000,32.75921997070313,0.48377490043640137,-4.0691986083984375,-1.060537576675415
1741033237934323500,32.769323486328126,0.5899449586868286,-3.7398605346679688,-1.1181565523147583
1741033237944426000,32.77942602539063,0.6719805002212524,-3.2622852325439453,-1.0661102533340454
1741033237954529500,32.789529541015625,0.6466494798660278,-2.767683506011963,-0.9460411071777344
1741033237964632000,32.799632080078126,0.6842288970947266,-2.2074942588806152,-0.899707555770874
1741033237974734800,32.80973486328125,0.8010021448135376,-1.4484939575195312,-0.8895262479782104
1741033237984838100,32.819838134765625,0.9677754640579224,-0.5118093490600586,-0.8791015148162842
1741033237994940700,32.829940673828126,1.0821545124053955,0.5538387298583984,-0.9675053358078003
1741033238005043700,32.84004370117187,1.148244023323059,2.178140640258789,-0.9092305898666382
1741033238015146800,32.850146728515625,0.9952124953269958,3.666189193725586,-1.057542085647583
1741033238025249800,32.86024975585938,0.6700025796890259,4.844600677490234,-1.2652204036712646
1741033238035352800,32.870352783203124,0.5312579870223999,5.675149917602539,-1.6929694414138794
1741033238045455400,32.880455322265625,0.3423793315887451,6.06561279296875,-2.180878162384033
1741033238055558700,32.89055859375,0.15654760599136353,5.944128036499023,-2.675225257873535
1741033238065661400,32.900661376953124,-0.23373353481292725,5.750584602355957,-3.082777500152588
1741033238075764700,32.9107646484375,-0.24210751056671143,6.030065536499023,-3.1491734981536865
1741033238085867500,32.92086743164062,-0.3431626558303833,7.17018985748291,-2.6080946922302246
1741033238095970000,32.930969970703124,-1.0292150974273682,8.640286445617676,-1.555240511894226
1741033238106073600,32.94107348632812,-2.165421485900879,8.689162254333496,-0.999505877494812
1741033238116176100,32.95117602539062,-3.1286935806274414,5.946282386779785,-0.9280604124069214
1741033238126279400,32.96127954101563,-3.0862350463867188,3.462329864501953,-0.4004065990447998
1741033238136382200,32.97138232421875,-2.450824737548828,1.8891897201538086,-0.02104020118713379
1741033238146485000,32.981485107421875,-1.3363878726959229,1.393178939819336,0.8035554885864258
1741033238156588300,32.99158837890625,-0.04178255796432495,1.9564857482910156,2.119617462158203
1741033238166691000,33.001691162109374,1.4070111513137817,3.0289716720581055,3.671581506729126
1741033238176794000,33.01179418945313,2.108490467071533,3.7862071990966797,4.903780937194824
1741033238186897000,33.02189697265625,1.93502676486969,3.3315839767456055,5.058292865753174
1741033238197000000,33.032,1.07014000415802,2.1308956146240234,4.882525444030762
1741033238207103000,33.04210302734375,0.017296671867370605,1.517430305480957,5.877417087554932
1741033238217206000,33.0522060546875,-1.7682740688323975,1.16717529296875,6.709471702575684
1741033238227308800,33.062308837890626,-3.5698914527893066,0.6959733963012695,6.272818565368652
1741033238237411600,33.07241162109375,-4.538932800292969,0.31357765197753906,5.6135149002075195
1741033238247515000,33.082514892578125,-3.635434150695801,-0.17503833770751953,5.0680646896362305
1741033238257617700,33.09261767578125,-1.7581294775009155,-1.115433692932129,4.380799293518066
1741033238267720200,33.10272021484375,-0.08537530899047852,-2.5531673431396484,3.265256404876709
1741033238277823500,33.112823486328125,0.8115837574005127,-3.9371604919433594,1.8827557563781738
1741033238287926300,33.12292626953125,1.2469792366027832,-4.905738830566406,0.8753387928009033
1741033238298029600,33.133029541015624,1.1730749607086182,-5.403304100036621,0.4842410087585449
1741033238308132400,33.14313232421875,0.646519660949707,-5.676139831542969,0.4556922912597656
1741033238318235100,33.15323510742188,-0.29723191261291504,-5.8524627685546875,0.4334564208984375
1741033238328338200,33.163338134765624,-1.1686713695526123,-5.823373794555664,0.29228734970092773
1741033238338441200,33.17344116210938,-1.5212829113006592,-5.727158546447754,-0.059272050857543945
1741033238348544300,33.18354418945312,-1.434143304824829,-5.767429351806641,-0.6657869815826416
1741033238358647000,33.19364697265625,-0.9808329343795776,-5.754914283752441,-1.254252552986145
1741033238368750000,33.20375,-0.34610962867736816,-5.616541862487793,-1.6821272373199463
1741033238378852900,33.21385278320312,0.19519448280334473,-5.401255130767822,-1.9517706632614136
1741033238388956200,33.2239560546875,0.6771509647369385,-5.245208740234375,-2.063796281814575
1741033238399059000,33.23405883789062,0.9608404636383057,-4.977931022644043,-2.0700464248657227
1741033238409161700,33.24416162109375,1.2576549053192139,-4.717049598693848,-2.0191256999969482
1741033238419265000,33.25426513671875,1.4199633598327637,-4.4902238845825195,-2.080946207046509
1741033238429367600,33.26436743164062,1.273730993270874,-4.518546104431152,-2.383047580718994
1741033238439470300,33.27447021484375,1.1551790237426758,-4.287723064422607,-2.5326788425445557
1741033238449573600,33.28457373046875,1.3275794982910156,-3.668883800506592,-2.5424306392669678
1741033238459676400,33.294676513671874,1.5704889297485352,-2.76420259475708,-2.5853612422943115
1741033238469779700,33.30477978515625,1.8262276649475098,-1.9360156059265137,-2.5751819610595703
1741033238479882200,33.31488232421875,2.1413791179656982,-1.2155084609985352,-2.521730899810791
1741033238489985300,33.3249853515625,2.3270766735076904,-0.5736513137817383,-2.310629367828369
1741033238500088300,33.33508837890625,2.446465253829956,0.14055824279785156,-2.033069610595703
1741033238510191400,33.34519140625,2.709667921066284,0.7040262222290039,-1.945481300354004
1741033238520294400,33.35529443359375,2.6564583778381348,1.2200288772583008,-1.7589224576950073
1741033238530397000,33.36539697265625,2.0126266479492188,1.9162750244140625,-1.6400660276412964
1741033238540500200,33.375500244140625,1.5927481651306152,3.0579538345336914,-1.4605419635772705
1741033238550603000,33.38560302734375,1.6653635501861572,4.350980758666992,-1.057647705078125
1741033238560705800,33.39570581054687,1.1715545654296875,5.71796989440918,-0.3739011287689209
1741033238570809000,33.40580908203125,0.16318726539611816,7.055810928344727,0.6400846242904663
1741033238580911600,33.41591162109375,1.4597246646881104,8.464797973632812,1.9195915460586548
1741033238591015200,33.42601513671875,2.0016565322875977,9.561732292175293,2.459352493286133
1741033238601117700,33.43611767578125,-3.7948830127716064,9.892878532409668,1.6169954538345337
1741033238611220500,33.44622045898438,-4.747647285461426,9.660738945007324,2.3744916915893555
1741033238621323800,33.45632373046875,-2.5224618911743164,6.120322227478027,5.632073402404785
1741033238631426300,33.46642626953125,-4.685015678405762,3.486856460571289,6.967162132263184
1741033238641529300,33.476529296875,-3.9604363441467285,2.6282787322998047,6.491862773895264
1741033238651632400,33.48663232421875,-3.123255729675293,1.6356983184814453,5.4749836921691895
1741033238661735400,33.4967353515625,-3.496361017227173,1.3550786972045898,4.155361175537109
1741033238671946000,33.506946044921875,-3.452822685241699,1.7237434387207031,2.935490369796753
1741033238682251300,33.51725122070312,-2.6029887199401855,2.6032180786132812,2.3920865058898926
1741033238692556000,33.52755615234375,-2.19777250289917,3.6114683151245117,2.1934242248535156
1741033238702734600,33.53773461914062,-2.174565553665161,4.273259162902832,2.018770217895508
1741033238712844500,33.54784448242187,-1.9372764825820923,4.2186689376831055,1.6294442415237427
1741033238722947000,33.557947021484374,-1.7660391330718994,3.112452507019043,0.9479591846466064
1741033238733050600,33.56805053710937,-1.2890067100524902,1.5420608520507812,0.23696541786193848
1741033238743153200,33.57815307617187,-0.6104662418365479,-0.1704416275024414,-0.6249960660934448
1741033238753256000,33.588255859375,-0.2819352149963379,-1.4384841918945312,-1.1209633350372314
1741033238763359200,33.59835913085937,-0.25403714179992676,-2.204315662384033,-1.0926443338394165
1741033238773461800,33.60846166992187,-0.2571699619293213,-2.702712059020996,-0.8970058560371399
1741033238783564800,33.618564697265626,-0.33072447776794434,-3.232062339782715,-0.8463808298110962
1741033238793667800,33.62866772460937,-0.21708965301513672,-3.6998496055603027,-0.9872614145278931
1741033238803771000,33.63877099609375,0.04212808609008789,-4.198825359344482,-1.2420934438705444
1741033238813874000,33.6488740234375,0.215651273727417,-4.814984321594238,-1.3735848665237427
1741033238823976400,33.6589765625,0.4008758068084717,-5.264782905578613,-1.4145258665084839
1741033238834079700,33.66907983398438,0.1797642707824707,-5.4984564781188965,-1.483500599861145
1741033238844182500,33.6791826171875,-0.2722059488296509,-5.583920001983643,-1.4994239807128906
1741033238854285300,33.689285400390624,-0.6536881923675537,-5.458165168762207,-1.5415966510772705
1741033238864388600,33.699388671875,-0.7029527425765991,-5.196375846862793,-1.5817222595214844
1741033238874491100,33.7094912109375,-0.6319717168807983,-4.847959995269775,-1.5801374912261963
1741033238884594700,33.7195947265625,-0.8813936710357666,-4.396202564239502,-1.4899048805236816
1741033238894697200,33.729697265625,-0.925579309463501,-3.9075121879577637,-1.3372628688812256
1741033238904800000,33.73980004882812,-0.6581125259399414,-3.5763425827026367,-1.239701271057129
1741033238914903300,33.7499033203125,-0.22908830642700195,-3.297224998474121,-1.2537145614624023
1741033238925005800,33.760005859375,0.1946117877960205,-2.900491714477539,-1.291696310043335
1741033238935108900,33.77010888671875,0.41414546966552734,-2.454862117767334,-1.2808640003204346
1741033238945212000,33.7802119140625,0.326732873916626,-1.9636139869689941,-1.2300783395767212
1741033238955315000,33.79031494140625,0.14157426357269287,-1.3148231506347656,-1.165855050086975
1741033238965418000,33.80041796875,0.08486878871917725,-0.6174259185791016,-1.134811282157898
1741033238975520500,33.8105205078125,0.13102805614471436,0.08152294158935547,-1.0063072443008423
1741033238985623800,33.820623779296874,0.46600794792175293,0.8238563537597656,-0.8724291324615479
1741033238995726600,33.8307265625,0.5249663591384888,1.6513071060180664,-0.8496737480163574
1741033239005829400,33.84082934570313,0.30392205715179443,2.544083595275879,-0.9291629791259766
1741033239015932400,33.850932373046874,0.16775727272033691,3.3261899948120117,-1.018451452255249
1741033239026035200,33.86103515625,0.03065669536590576,3.872150421142578,-1.0711723566055298
1741033239036138000,33.87113793945313,-0.05638563632965088,4.202029228210449,-0.9584146738052368
1741033239046241300,33.8812412109375,-0.03091251850128174,4.199535369873047,-0.7686822414398193
1741033239056344800,33.8913447265625,0.4081442356109619,4.060487747192383,-0.7545204162597656
1741033239066650400,33.901650390625,0.6471865177154541,3.9991464614868164,-0.8450582027435303
1741033239076955400,33.91195532226563,0.8573242425918579,4.466731071472168,-1.0879571437835693
1741033239087221200,33.92222119140625,0.5747254490852356,5.772727966308594,-0.9091575145721436
1741033239097350100,33.93235009765625,-1.171510934829712,7.728758811950684,0.2758476734161377
1741033239107453000,33.94245288085938,-2.9007303714752197,9.086363792419434,1.0386652946472168
1741033239117556000,33.952555908203124,-3.745159864425659,8.429123878479004,0.9317116737365723
1741033239127658800,33.96265869140625,-3.6423416137695312,5.297143936157227,0.6700358390808105
1741033239137761800,33.97276171875,-2.8992180824279785,2.548834800720215,0.7224185466766357
1741033239147864800,33.98286474609375,-1.629652500152588,0.6668643951416016,0.8660581111907959
1741033239157968000,33.9929677734375,-0.41516566276550293,0.065155029296875,1.593764066696167
1741033239168070700,34.00307055664062,0.39999639987945557,0.6218852996826172,2.7564730644226074
1741033239178173400,34.01317333984375,1.1193208694458008,1.4902973175048828,4.056365013122559
1741033239188276700,34.02327685546875,1.3367280960083008,1.8260555267333984,4.809712886810303
1741033239198379500,34.033379638671875,0.6802886724472046,1.4366846084594727,4.583034515380859
1741033239208482000,34.04348193359375,-0.8642693758010864,0.9904117584228516,3.9601669311523438
1741033239218585300,34.05358544921875,-2.491164445877075,0.790431022644043,3.479285717010498
1741033239228688100,34.063688232421875,-3.50819993019104,0.7397003173828125,2.8979902267456055
1741033239238791000,34.073791015625,-3.5456161499023438,0.5660037994384766,2.332186460494995
1741033239248894200,34.08389428710937,-3.079402446746826,-0.10736083984375,1.7594642639160156
1741033239258996700,34.093996826171875,-2.6213643550872803,-1.2594175338745117,0.9262323379516602
1741033239269099500,34.104099609375,-2.192441463470459,-2.465303421020508,0.30414795875549316
1741033239279202800,34.114202880859374,-1.683152198791504,-3.3515424728393555,-0.05265450477600098
1741033239289305900,34.12430590820313,-1.3441600799560547,-3.840728282928467,-0.3017613887786865
1741033239299409000,34.13440893554687,-1.406351089477539,-4.096872329711914,-0.3921389579772949
1741033239309511400,34.144511474609374,-1.5734647512435913,-4.143322467803955,-0.45303893089294434
1741033239319614500,34.15461450195313,-1.7791575193405151,-4.065313339233398,-0.5625100135803223
1741033239329717500,34.16471752929687,-1.655549168586731,-3.9965405464172363,-0.7583702802658081
1741033239339820000,34.174820068359374,-1.432368516921997,-3.9258532524108887,-1.070307970046997
1741033239349923300,34.18492333984375,-1.399801254272461,-3.8685998916625977,-1.3928537368774414
1741033239360026000,34.19502612304687,-1.3558053970336914,-3.7789969444274902,-1.6207714080810547
1741033239370128600,34.205128662109374,-1.2506285905838013,-3.7082691192626953,-1.7596900463104248
1741033239380232200,34.21523217773437,-0.8046145439147949,-3.646023750305176,-1.7813193798065186
1741033239390334700,34.22533471679687,-0.6248157024383545,-3.6376590728759766,-1.8408983945846558
1741033239400438300,34.23543823242188,-0.5488121509552002,-3.606743335723877,-1.8096479177474976
1741033239410540800,34.24554077148437,-0.20571279525756836,-3.5634303092956543,-1.764596700668335
1741033239420643600,34.2556435546875,0.09703421592712402,-3.3913331031799316,-1.7418218851089478
1741033239430747000,34.26574682617188,0.3538322448730469,-3.036975383758545,-1.7036614418029785
1741033239440849400,34.27584936523437,0.5493478775024414,-2.5317955017089844,-1.6265140771865845
1741033239450952400,34.285952392578125,0.7970519065856934,-2.0998783111572266,-1.6825072765350342
1741033239461055500,34.29605541992188,1.0827288627624512,-1.7346343994140625,-1.6070337295532227
1741033239471158000,34.30615795898437,1.1924045085906982,-1.6219244003295898,-1.396661400794983
1741033239481261300,34.31626123046875,1.5038139820098877,-1.5258188247680664,-1.191732406616211
1741033239491364000,34.32636401367188,1.9301891326904297,-1.2322425842285156,-1.1780987977981567
1741033239501466600,34.33646655273437,1.839505910873413,-0.7449474334716797,-1.1434489488601685
1741033239511570200,34.34657006835938,1.8301723003387451,-0.21685504913330078,-0.9375193119049072
1741033239521672700,34.35667260742188,1.8723101615905762,0.3295717239379883,-0.8498681783676147
1741033239531775500,34.366775390625,2.064554214477539,0.9213676452636719,-0.9837609529495239
1741033239541878800,34.37687866210938,2.2149174213409424,1.7814531326293945,-1.0802639722824097
1741033239551981600,34.38698168945312,1.9192047119140625,3.0683212280273438,-1.103557825088501
1741033239562084900,34.3970849609375,0.8551125526428223,3.977724075317383,-0.6961227655410767
1741033239572187400,34.4071875,-0.45642805099487305,4.19453239440918,-0.4259166717529297
1741033239582290400,34.41729052734375,-0.12579655647277832,3.9902820587158203,-0.4792896509170532
1741033239592393500,34.4273935546875,1.2164816856384277,3.8865184783935547,-0.6898854970932007
1741033239602496000,34.43749609375,2.535496473312378,4.312821388244629,0.10032391548156738
1741033239612599000,34.44759912109375,3.378483772277832,4.808919906616211,1.3609355688095093
1741033239622702600,34.45770263671875,0.008849382400512695,4.5089616775512695,1.2522739171981812
1741033239632925000,34.46792504882813,-4.620944023132324,4.9066972732543945,1.456231713294983
1741033239643230200,34.478230224609376,-3.2618656158447266,4.60252571105957,1.3281168937683105
1741033239653535000,34.48853491210937,-2.325014352798462,3.5686349868774414,1.5898152589797974
1741033239663673900,34.498673828125,-1.8288507461547852,2.9339895248413086,2.796416759490967
1741033239673809000,34.508808837890626,-0.8319551944732666,2.425471305847168,4.028982162475586
1741033239683913700,34.51891381835937,-0.4503650665283203,2.0989322662353516,4.282962322235107
1741033239694016300,34.529016357421874,-1.2185677289962769,2.342972755432129,3.37872314453125
1741033239704119800,34.53911987304687,-2.456554889678955,2.7717370986938477,2.1831068992614746
1741033239714222300,34.54922241210937,-3.58333683013916,3.334347724914551,1.7033463716506958
1741033239724325000,34.5593251953125,-3.5722808837890625,3.7273969650268555,1.8467085361480713
1741033239734428400,34.56942846679687,-2.848602533340454,3.552215576171875,1.6811424493789673
1741033239744531200,34.57953125,-2.2903683185577393,2.9059886932373047,1.207370400428772
1741033239754634500,34.58963452148438,-1.817464828491211,1.8937015533447266,0.6482292413711548
1741033239764737000,34.59973706054687,-1.1555261611938477,0.8835268020629883,0.2189323902130127
1741033239774840000,34.609840087890625,-0.34006214141845703,-0.21141338348388672,-0.29445838928222656
1741033239784943000,34.61994311523438,-0.596879243850708,-1.3389406204223633,-0.4590952396392822
1741033239795045600,34.63004565429687,-1.091200590133667,-2.1771812438964844,-0.2885512113571167
1741033239805149000,34.64014892578125,-1.0881983041763306,-2.797250747680664,-0.12096154689788818
1741033239815251700,34.65025170898438,-0.9910068511962891,-3.2218213081359863,-0.07818615436553955
1741033239825354200,34.66035424804687,-1.0403671264648438,-3.400336265563965,-0.07032692432403564
1741033239835457800,34.67045776367188,-1.1224391460418701,-3.741278648376465,-0.205314040184021
1741033239845560300,34.68056030273438,-1.1826353073120117,-4.067641735076904,-0.2935413122177124
1741033239855663000,34.6906630859375,-1.1161341667175293,-4.336612224578857,-0.4296700954437256
1741033239865766400,34.70076635742188,-0.8463045358657837,-4.475697040557861,-0.5256108045578003
1741033239875869000,34.71086889648438,-0.5616143941879272,-4.5725908279418945,-0.646598219871521
1741033239885971700,34.7209716796875,-0.3358832597732544,-4.33442497253418,-0.6937977075576782
1741033239896075000,34.73107495117188,-0.28565847873687744,-4.007269859313965,-0.7938870191574097
1741033239906177500,34.74117749023438,-0.1161644458770752,-3.6187539100646973,-1.0281579494476318
1741033239916280600,34.751280517578124,0.0575176477432251,-3.1933183670043945,-1.266409993171692
1741033239926383600,34.76138354492188,0.22929620742797852,-2.825504779815674,-1.4902088642120361
1741033239936486400,34.771486328125,0.4416501522064209,-2.500749111175537,-1.5455670356750488
1741033239946589400,34.78158935546875,0.651526927947998,-2.2456188201904297,-1.4782860279083252
1741033239956692200,34.79169213867188,0.7113913297653198,-1.9137401580810547,-1.299346685409546
1741033239966795000,34.801794921875,0.6924146413803101,-1.6550912857055664,-1.2425086498260498
1741033239976898300,34.811898193359376,0.878288745880127,-1.476902961730957,-1.251750111579895
1741033239987001000,34.8220009765625,1.1430553197860718,-1.2039213180541992,-1.1839406490325928
1741033239997103600,34.832103515625,1.0062264204025269,-0.6352148056030273,-1.0752191543579102
1741033240007207000,34.84220703125,0.7943772077560425,0.14748477935791016,-1.0903398990631104
1741033240017309700,34.85230981445312,0.6732145547866821,0.7689895629882812,-1.2989020347595215
1741033240027412200,34.862412109375,0.8904895782470703,1.2670822143554688,-1.3382973670959473
1741033240037515800,34.87251586914063,1.3565701246261597,1.4930391311645508,-1.234608769416809
1741033240047618600,34.88261865234375,1.6996557712554932,1.61724853515625,-1.1195276975631714
1741033240057721600,34.8927216796875,1.3153932094573975,1.7022285461425781,-1.2040560245513916
1741033240067824400,34.90282446289063,1.0336904525756836,2.0339794158935547,-1.2356098890304565
1741033240077927200,34.91292724609375,1.0446951389312744,2.487311363220215,-1.2047619819641113
1741033240088030500,34.92303051757813,1.2432911396026611,2.9459800720214844,-1.0899592638015747
1741033240098133000,34.93313305664063,1.391972303390503,3.3690290451049805,-1.1829073429107666
1741033240108236000,34.943236083984374,1.5083177089691162,3.72440242767334,-1.2955557107925415
1741033240118339000,34.95333911132813,1.2124792337417603,4.405200004577637,-1.1643961668014526
1741033240128441600,34.96344165039063,0.26800715923309326,5.502676010131836,-0.677568793296814
1741033240138545000,34.973544921875,-0.798825740814209,6.467864990234375,0.5473697185516357
1741033240148647700,34.98364770507813,-1.0405222177505493,6.254674911499023,0.7563214302062988
1741033240158750200,34.99375024414063,-2.1572437286376953,5.4022321701049805,0.5788695812225342
1741033240168853800,35.003853759765626,-2.7371909618377686,3.8151111602783203,0.8743786811828613
1741033240178956300,35.01395629882813,-2.3496718406677246,1.8718194961547852,1.408667802810669
1741033240189059000,35.02405908203125,-1.752616286277771,0.7716684341430664,2.0295000076293945
1741033240199162400,35.034162353515626,-1.4734562635421753,0.6448802947998047,2.3334531784057617
1741033240209265000,35.04426489257813,-1.336787462234497,1.0770339965820312,3.01454496383667
1741033240219368000,35.05436791992187,-1.4339547157287598,1.5708980560302734,3.5757389068603516
1741033240229471000,35.064470947265626,-2.001121997833252,1.808793067932129,3.623673677444458
1741033240239573500,35.07457348632813,-1.8128385543823242,1.5157594680786133,3.7394232749938965
1741033240249676500,35.08467651367187,-1.020827293395996,1.1286993026733398,3.8725357055664062
1741033240259779600,35.094779541015626,-0.7725082635879517,0.6313638687133789,3.65936541557312
1741033240269882000,35.10488208007813,-0.8477976322174072,0.117889404296875,3.037707805633545
1741033240279985400,35.1149853515625,-0.3322174549102783,-0.2926445007324219,2.254002571105957
1741033240290088200,35.125088134765626,0.16562986373901367,-0.6828536987304688,1.4494616985321045
1741033240300191000,35.13519091796875,-0.20844221115112305,-1.183293342590332,1.036912441253662
1741033240310294300,35.145294189453125,-0.6797428131103516,-1.712329387664795,0.7686684131622314
1741033240320396800,35.155396728515626,-0.41194796562194824,-1.995884895324707,0.44762444496154785
1741033240330499600,35.16549951171875,0.03193473815917969,-2.3014707565307617,0.1362752914428711
1741033240340603000,35.175602783203125,0.5275042057037354,-2.4892797470092773,0.01796412467956543
1741033240350705700,35.18570556640625,0.2976236343383789,-2.5805678367614746,-0.19971716403961182
1741033240360808200,35.19580810546875,0.06235790252685547,-2.7168116569519043,-0.43814265727996826
1741033240370911000,35.20591088867187,0.03962421417236328,-3.1651344299316406,-0.5958290100097656
1741033240381014300,35.21601416015625,0.15405678749084473,-3.686556339263916,-0.7241599559783936
1741033240391116800,35.22611669921875,0.284238338470459,-4.010767459869385,-0.7558788061141968
1741033240401219800,35.2362197265625,0.15232110023498535,-4.194952011108398,-0.9126856327056885
1741033240411323000,35.24632299804688,-0.32151198387145996,-4.195122718811035,-1.0685073137283325
1741033240421425400,35.25642529296875,-0.6253466606140137,-3.8921284675598145,-1.2462080717086792
1741033240431528700,35.26652880859375,-0.4275965690612793,-3.516970157623291,-1.2408409118652344
1741033240441631500,35.27663159179688,-0.30928683280944824,-3.1429009437561035,-1.040718674659729
1741033240451734000,35.28673413085937,-0.49059200286865234,-2.9001283645629883,-0.8489952087402344
1741033240461837300,35.29683740234375,-0.5703988075256348,-2.757711887359619,-0.6304887533187866
1741033240471940000,35.30694018554688,-0.5366003513336182,-2.856721878051758,-0.5206197500228882
1741033240482043000,35.31704296875,-0.4297964572906494,-2.9351806640625,-0.4996131658554077
1741033240492146200,35.32714624023438,-0.28034067153930664,-2.862867832183838,-0.49472498893737793
1741033240502248700,35.33724877929688,0.09148192405700684,-2.983621120452881,-0.6854517459869385
1741033240512351500,35.3473515625,0.9475009441375732,-2.7630343437194824,-0.8362036943435669
1741033240522454800,35.35745483398438,1.611931324005127,-2.1895785331726074,-0.8474642038345337
1741033240532557600,35.3675576171875,1.9543461799621582,-1.441995620727539,-0.7959918975830078
1741033240542660400,35.377660400390624,1.89298677444458,-0.6897363662719727,-0.6416201591491699
1741033240552763400,35.38776342773438,1.689965009689331,-0.1455678939819336,-0.4220033884048462
1741033240562866200,35.3978662109375,1.9292793273925781,0.1240234375,-0.3878054618835449
1741033240572969200,35.40796923828125,1.8927216529846191,0.4411907196044922,-0.43926382064819336
1741033240583072300,35.418072265625,1.7089333534240723,1.0503644943237305,-0.5010174512863159
1741033240593174800,35.4281748046875,1.9811046123504639,2.1315383911132812,-0.2696636915206909
1741033240603277800,35.43827783203125,2.317444324493408,2.749272346496582,0.3463599681854248
1741033240613380900,35.448380859375,2.289278984069824,3.0928001403808594,0.5386884212493896
1741033240623483400,35.4584833984375,2.2097280025482178,3.2988996505737305,0.4333733320236206
1741033240633586700,35.468586669921876,1.767768383026123,3.550591468811035,0.42628681659698486
1741033240643689500,35.478689453125,2.042525053024292,4.001339912414551,0.8115353584289551
1741033240653792000,35.4887919921875,1.6528041362762451,4.253130912780762,0.7792333364486694
1741033240663895600,35.4988955078125,0.2007761001586914,4.043313980102539,0.7336984872817993
1741033240673998000,35.508998046875,-1.6580252647399902,4.241438865661621,0.8847613334655762
1741033240684100900,35.51910083007812,0.0202639102935791,4.584671974182129,1.1792861223220825
1741033240694204200,35.5292041015625,-0.04187440872192383,4.055814743041992,1.4343667030334473
1741033240704306700,35.539306640625,-1.3388338088989258,3.1237239837646484,1.8055336475372314
1741033240714409700,35.54940966796875,-1.8802530765533447,2.1814002990722656,2.0606560707092285
1741033240724512800,35.5595126953125,-1.6488008499145508,1.8395814895629883,1.8343830108642578
1741033240734615300,35.569615234375,-1.9929450750350952,1.764317512512207,1.4667853116989136
1741033240744718000,35.579718017578124,-2.0850019454956055,1.5365419387817383,1.3700544834136963
1741033240754821000,35.58982104492188,-1.9499852657318115,1.3325214385986328,1.4161524772644043
1741033240764924000,35.599923828125,-1.7147588729858398,1.2504281997680664,1.3288843631744385
1741033240775026700,35.610026611328124,-1.3485941886901855,1.3404207229614258,0.9381769895553589
1741033240785130000,35.6201298828125,-0.8572430610656738,1.5941095352172852,0.4005396366119385
1741033240795232800,35.63023266601562,-0.9059264659881592,1.6933879852294922,-0.018509745597839355
1741033240805335300,35.640335205078124,-1.1815509796142578,1.4253911972045898,-0.3322901725769043
1741033240815438600,35.6504384765625,-1.3689285516738892,1.0619659423828125,-0.4323016405105591
1741033240825541400,35.66054125976562,-1.7777321338653564,0.5333032608032227,-0.4342118501663208
1741033240835644000,35.670643798828124,-1.8532543182373047,-0.09523487091064453,-0.3633410930633545
1741033240845747500,35.68074755859375,-1.5052449703216553,-0.7954015731811523,-0.4922560453414917
1741033240855850000,35.69085009765625,-1.1407973766326904,-1.4680442810058594,-0.7223849296569824
1741033240865952800,35.700952880859376,-0.6612218618392944,-2.0956835746765137,-0.747230052947998
1741033240876056000,35.71105615234375,-0.17757558822631836,-2.689034938812256,-0.6424165964126587
1741033240886158600,35.72115869140625,-0.015215873718261719,-3.264894962310791,-0.6677730083465576
1741033240896261600,35.73126171875,-0.18136930465698242,-3.604079246520996,-0.7602750062942505
1741033240906364700,35.74136474609375,-0.336783766746521,-3.8770899772644043,-0.8310767412185669
1741033240916467200,35.75146728515625,-0.5040594339370728,-3.9473648071289062,-1.0323994159698486
1741033240926570500,35.76157055664063,-0.8554308414459229,-3.829660415649414,-1.1315351724624634
1741033240936673300,35.77167333984375,-1.0178724527359009,-3.773162841796875,-1.1881024837493896
1741033240946775800,35.78177587890625,-0.8209996223449707,-3.7655997276306152,-1.1411830186843872
1741033240956878600,35.791878662109376,-0.8017326593399048,-3.4692111015319824,-1.1008522510528564
1741033240966982000,35.80198193359375,-0.7000390291213989,-3.030041217803955,-1.1397682428359985
1741033240977084400,35.81208447265625,-0.36562609672546387,-2.592677116394043,-1.2987931966781616
1741033240987187200,35.822187255859376,-0.3238980770111084,-2.1969127655029297,-1.463209629058838
1741033240997290500,35.83229052734375,-0.32924962043762207,-1.9697141647338867,-1.601861834526062
1741033241007393300,35.842393310546875,-0.20587098598480225,-1.7624926567077637,-1.7253953218460083
1741033241017496000,35.85249609375,0.0663677453994751,-1.3842754364013672,-1.7733917236328125
1741033241027599000,35.86259912109375,0.22282075881958008,-0.9755516052246094,-1.6814265251159668
1741033241037702000,35.872701904296875,0.4485664367675781,-0.692418098449707,-1.574316382408142
1741033241047804700,35.8828046875,0.6250659227371216,-0.44074535369873047,-1.5059363842010498
1741033241057908000,35.892907958984374,0.5875219106674194,-0.2163095474243164,-1.461975336074829
1741033241068010500,35.903010498046875,0.4175482988357544,0.026094436645507812,-1.4262855052947998
1741033241078113500,35.91311352539063,0.3287777900695801,0.31865501403808594,-1.1836200952529907
1741033241088216600,35.923216552734374,0.4067162275314331,0.4220895767211914,-1.2202814817428589
1741033241098319000,35.933319091796875,1.0638457536697388,0.821380615234375,-1.2210732698440552
1741033241108421600,35.943421630859376,1.5262625217437744,1.28662109375,-0.9615464210510254
1741033241118525000,35.95352490234375,1.7161458730697632,1.7321128845214844,-0.953359842300415
1741033241128627700,35.963627685546875,2.5719943046569824,2.155562400817871,-0.8048168420791626
1741033241138730200,35.973730224609376,2.5188050270080566,2.5604515075683594,-0.6071134805679321
1741033241148833800,35.983833740234374,2.23038911819458,2.7685699462890625,-0.7449153661727905
1741033241158936300,35.993936279296875,1.9720878601074219,2.973843574523926,-0.9594142436981201
1741033241169039000,36.0040390625,1.346978783607483,3.364255905151367,-1.179316520690918
1741033241179142400,36.014142333984374,0.8046858310699463,4.180932998657227,-1.1091066598892212
1741033241189245000,36.024244873046875,-0.4534813165664673,5.435152053833008,-0.8528530597686768
1741033241199347700,36.03434765625,-1.2653224468231201,6.598747253417969,-0.36862313747406006
1741033241209450800,36.04445068359375,-1.8983407020568848,7.035384178161621,0.4359614849090576
1741033241219553800,36.0545537109375,-2.7233800888061523,6.756452560424805,0.8933680057525635
1741033241229656300,36.06465625,-3.478832244873047,5.062640190124512,0.5970354080200195
1741033241239759400,36.07475927734375,-3.196119785308838,2.0760269165039062,0.5935337543487549
1741033241249993700,36.08499365234375,-1.8540675640106201,-0.08191299438476562,1.2779030799865723
1741033241260299000,36.095299072265625,-0.7640742063522339,-0.8100805282592773,1.9638185501098633
1741033241270603500,36.105603515625,-0.5091315507888794,-0.20818328857421875,2.7190089225769043
1741033241280763000,36.11576293945313,-0.570915699005127,0.8164606094360352,2.6159825325012207
1741033241290868500,36.125868408203125,0.2009512186050415,1.2522392272949219,2.129444122314453
1741033241300971000,36.135970947265626,0.7097394466400146,1.3022575378417969,2.2781291007995605
1741033241311073500,36.14607348632813,0.04365241527557373,1.1370201110839844,2.514143705368042
1741033241321176300,36.15617626953125,-0.9137998223304749,0.750849723815918,2.6752655506134033
1741033241331327500,36.166327392578125,-1.5218602418899536,0.3502197265625,2.7022130489349365
1741033241341632800,36.1766328125,-1.5801310539245605,0.4496135711669922,2.5053834915161133
1741033241351937800,36.18693774414062,-2.247335433959961,0.5735569000244141,1.7690188884735107
1741033241362147800,36.19714794921875,-2.2130537033081055,0.26264190673828125,0.9658489227294922
1741033241372269000,36.20726904296875,-1.0980664491653442,-0.37795257568359375,0.5870513916015625
1741033241382388200,36.21738818359375,-0.51771080493927,-1.3582286834716797,0.05843400955200195
1741033241392491300,36.2274912109375,-0.9258500337600708,-2.250704288482666,-0.2301572561264038
1741033241402593800,36.23759375,-1.0879442691802979,-2.7077012062072754,-0.4499276876449585
1741033241412696600,36.247696533203126,-0.7194744348526001,-3.0665817260742188,-0.8900142908096313
1741033241422800000,36.2577998046875,0.3664875030517578,-3.3297977447509766,-1.1832034587860107
1741033241432902400,36.26790234375,0.7284822463989258,-3.6183648109436035,-1.3324483633041382
1741033241443005200,36.278005126953126,0.9177126884460449,-3.8594021797180176,-1.2920644283294678
1741033241453108500,36.2881083984375,1.0743238925933838,-4.2415266036987305,-1.4346044063568115
1741033241463211300,36.298211181640625,1.2423648834228516,-4.687891006469727,-1.488037109375
1741033241473313800,36.308313720703126,1.216299295425415,-4.934534072875977,-1.4788233041763306
1741033241483417000,36.3184169921875,1.1040513515472412,-5.017007827758789,-1.4145734310150146
1741033241493520000,36.328519775390625,1.0358388423919678,-4.955883502960205,-1.3996081352233887
1741033241503622400,36.338622314453126,0.9046447277069092,-4.778332233428955,-1.4085381031036377
1741033241513725400,36.34872534179687,0.7889237403869629,-4.526834011077881,-1.2812896966934204
1741033241523828700,36.35882885742188,0.8981773853302002,-4.115830421447754,-1.0578453540802002
1741033241534027500,36.36902758789063,0.9367485046386719,-3.634212017059326,-0.6949291229248047
1741033241544332800,36.379332763671876,0.9550590515136719,-3.275014877319336,-0.38948142528533936
1741033241554637600,36.38963745117187,0.8860602378845215,-3.043699264526367,-0.1118168830871582
1741033241564825600,36.39982568359375,0.5956976413726807,-2.876044273376465,0.048725128173828125
1741033241574936800,36.409936767578124,0.5076131820678711,-2.641695976257324,0.13714909553527832
1741033241585039600,36.42003955078125,0.19353961944580078,-2.2206382751464844,0.16935372352600098
1741033241595143000,36.43014282226562,-0.0383906364440918,-1.7050666809082031,0.11400365829467773
1741033241605245700,36.44024560546875,0.029278993606567383,-1.1577467918395996,0.09836483001708984
1741033241615348200,36.45034814453125,-0.0059185028076171875,-0.566401481628418,0.12897109985351562
1741033241625451500,36.46045141601562,0.20599794387817383,-0.09894943237304688,-0.2309643030166626
1741033241635554300,36.47055419921875,0.6528208255767822,0.32959747314453125,-0.75963294506073
1741033241645657000,36.48065698242188,1.0055193901062012,0.6240139007568359,-1.2642362117767334
1741033241655760400,36.490760498046875,1.5212883949279785,1.197957992553711,-1.7491064071655273
1741033241665863000,36.50086279296875,1.8706848621368408,2.1386842727661133,-2.0657999515533447
1741033241675965400,36.51096533203125,1.8635828495025635,2.930619239807129,-2.348323106765747
1741033241686068500,36.521068359375,1.1445825099945068,3.4359941482543945,-2.025540828704834
1741033241696172000,36.53117211914063,0.890812873840332,3.87587833404541,-1.5067415237426758
1741033241706394400,36.54139428710938,1.9698903560638428,4.499180793762207,-1.1838552951812744
1741033241716699600,36.55169970703125,3.66866397857666,5.6923675537109375,-0.05334806442260742
1741033241727004400,36.56200439453125,4.3513641357421875,6.208831787109375,0.4915125370025635
1741033241737174500,36.57217456054688,0.41936492919921875,5.766009330749512,0.3302478790283203
1741033241747280000,36.58227978515625,-5.1860456466674805,6.696446418762207,0.9798141717910767
1741033241757382700,36.592382568359376,-3.8136911392211914,7.455687522888184,1.6381779909133911
1741033241767486000,36.60248583984375,-1.4803682565689087,6.231828689575195,2.5687153339385986
1741033241777588700,36.612588623046875,-1.120758056640625,3.8369007110595703,3.1800522804260254
1741033241787691300,36.622691162109376,0.17895007133483887,1.9639739990234375,2.9584498405456543
1741033241797794000,36.6327939453125,0.5762698650360107,1.647843360900879,2.8182244300842285
1741033241807897300,36.6428974609375,0.3164956569671631,1.8955230712890625,2.5728888511657715
1741033241818000000,36.652999755859376,0.15992140769958496,2.3319015502929688,2.056828498840332
1741033241828103000,36.66310302734375,-0.7724233865737915,2.633448600769043,1.4962637424468994
1741033241838206000,36.6732060546875,-1.9323617219924927,3.1060400009155273,1.0018064975738525
1741033241848308500,36.68330859375,-3.0437073707580566,3.5977373123168945,0.8233143091201782
1741033241858411800,36.693411865234374,-3.0616235733032227,3.3103275299072266,0.4787338972091675
1741033241868514600,36.7035146484375,-2.299406051635742,2.261664390563965,-0.027695655822753906
1741033241878617000,36.7136171875,-1.0964889526367188,1.0703792572021484,-0.369185209274292
1741033241888720000,36.72371997070312,-0.2655811309814453,0.1213674545288086,-0.7392868995666504
1741033241898823200,36.7338232421875,-0.6394915580749512,-0.9119157791137695,-1.1842684745788574
1741033241908926000,36.74392602539063,-0.824802041053772,-1.8905110359191895,-1.2165682315826416
1741033241919207400,36.75420751953125,-0.31026601791381836,-2.59574556350708,-0.9250105619430542
1741033241929334800,36.764334716796874,0.19348597526550293,-3.029700756072998,-0.6324307322502136
1741033241939592700,36.7745927734375,0.19156181812286377,-3.428043842315674,-0.4712965488433838
1741033241949743600,36.78474365234375,0.005873680114746094,-3.7462339401245117,-0.3229120969772339
1741033241959999000,36.7949990234375,-0.08603036403656006,-4.015016555786133,-0.1662285327911377
1741033241970137600,36.8051376953125,0.22917652130126953,-4.355123996734619,-0.07250452041625977
1741033241980240100,36.815240234375,0.7130199670791626,-4.654857158660889,-0.11188137531280518
1741033241990342700,36.8253427734375,1.0046135187149048,-4.912607192993164,-0.19186854362487793
1741033242000446000,36.83544604492187,1.2956743240356445,-4.955142498016357,-0.09802091121673584
1741033242010548700,36.845548828125,2.185225009918213,-4.841615200042725,-0.06963026523590088
1741033242020651500,36.85565161132813,3.034351110458374,-4.777466297149658,-0.24860048294067383
1741033242030754600,36.86575463867187,3.3355801105499268,-4.605212688446045,-0.5295172929763794
1741033242040857300,36.875857421875,3.1110599040985107,-4.352086067199707,-0.4682478904724121
1741033242050960100,36.88596020507813,2.900407552719116,-3.927426815032959,-0.17174887657165527
1741033242061062700,36.89606274414062,2.029236316680908,-3.247528076171875,0.35443317890167236
1741033242071166200,36.90616625976563,0.943701982498169,-2.601816177368164,1.014054298400879
1741033242081268700,36.91626879882813,0.11504305899143219,-2.0490050315856934,1.4321101903915405
1741033242091371500,36.92637158203125,-0.17739729583263397,-1.359537124633789,1.6505521535873413
1741033242101474800,36.93647485351563,-0.8732001781463623,-0.9857501983642578,1.6771421432495117
1741033242111577300,36.94657739257813,-1.2900937795639038,-0.7456274032592773,1.463978886604309
1741033242121680000,36.95667993164062,-1.561667561531067,-0.5989398956298828,1.017840027809143
1741033242131783000,36.966782958984375,-1.7077856063842773,-0.32654380798339844,0.6200939416885376
1741033242141886000,36.97688598632813,-1.9530919790267944,0.10622882843017578,0.16393065452575684
1741033242151988500,36.98698852539062,-2.4220404624938965,0.6996736526489258,-0.17417967319488525
1741033242162091800,36.997091796875,-2.234649658203125,1.515772819519043,-0.5193488597869873
1741033242172194600,37.00719458007813,-2.345472812652588,2.2560949325561523,-0.6156532764434814
1741033242182297300,37.01729736328125,-2.269865036010742,2.929342269897461,-0.7906345725059509
1741033242192400000,37.02739990234375,-2.1778321266174316,3.339085578918457,-1.0122275352478027
1741033242202503200,37.03750317382813,-1.9759294986724854,3.615817070007324,-1.226370096206665
1741033242212606000,37.04760595703125,-1.6755871772766113,3.8198318481445312,-1.4425042867660522
1741033242222708500,37.05770849609375,-1.5204519033432007,4.0931901931762695,-1.5081998109817505
1741033242232812000,37.06781201171875,-1.5467982292175293,5.12906551361084,-1.149059772491455
1741033242242914600,37.07791455078125,-2.437405586242676,7.0560302734375,-0.666985273361206
1741033242253017000,37.08801708984375,-2.844560146331787,9.068538665771484,-0.3144540786743164
1741033242263120000,37.098119873046876,-2.7275242805480957,9.654890060424805,-0.3934589624404907
1741033242273223200,37.10822314453125,-2.117539882659912,7.179884910583496,-1.4270952939987183
1741033242283325700,37.11832568359375,-1.9741899967193604,3.140833854675293,-2.083193302154541
1741033242293428500,37.128428466796876,-1.9506876468658447,-0.14099502563476562,-2.201179027557373
1741033242303531500,37.13853149414062,-1.8806767463684082,-1.9367527961730957,-2.0485215187072754
1741033242313634300,37.14863427734375,-1.6774632930755615,-2.314812660217285,-1.7814090251922607
1741033242323737000,37.158737060546876,-0.8388084173202515,-0.9526968002319336,-1.1493315696716309
1741033242333840100,37.16884008789062,-0.011140584945678711,1.5363702774047852,-0.29274386167526245
1741033242343943200,37.178943115234375,0.9200239181518555,3.9149580001831055,0.5931239128112793
1741033242354045700,37.189045654296876,1.7376019954681396,4.9996843338012695,1.1250898838043213
1741033242364148200,37.19914819335938,2.19960618019104,4.0447540283203125,1.0355472564697266
1741033242374251800,37.209251708984375,2.067617654800415,1.912968635559082,0.470655620098114
1741033242384354300,37.219354248046876,1.725532054901123,0.3198375701904297,0.14715462923049927
1741033242394457000,37.22945703125,1.053229808807373,-0.5303440093994141,0.22289752960205078
1741033242404560400,37.239560302734375,0.46514058113098145,-1.1348676681518555,0.4983947277069092
1741033242414663000,37.24966284179688,-0.028481245040893555,-1.687253475189209,0.8488770127296448
1741033242424765700,37.259765625,-0.3340871334075928,-2.1593894958496094,1.266819953918457
1741033242434868700,37.26986865234375,-0.5715703964233398,-2.4962844848632812,1.5271492004394531
1741033242445042400,37.28004248046875,-0.8320585489273071,-2.7720203399658203,1.7239495515823364
1741033242455347700,37.29034765625,-1.1226285696029663,-3.0666589736938477,1.8216054439544678
1741033242465652700,37.30065283203125,-1.5604050159454346,-3.362168312072754,1.7692011594772339
1741033242475860700,37.31086083984375,-1.9611384868621826,-3.6616592407226562,1.5962306261062622
1741033242485976800,37.32097680664062,-2.2813720703125,-3.9211788177490234,1.3566560745239258
1741033242496080100,37.331080078125,-2.5353503227233887,-4.157258033752441,1.1321954727172852
1741033242506183000,37.34118286132812,-2.7717223167419434,-4.344337463378906,0.9626450538635254
1741033242516285400,37.35128540039062,-3.322844982147217,-4.421208381652832,0.8925348520278931
1741033242526388200,37.36138818359375,-3.196849822998047,-4.363776683807373,0.9597652554512024
1741033242536491500,37.37149145507812,-2.1801631450653076,-4.117539882659912,1.04349684715271
1741033242546594000,37.38159399414062,-0.43086767196655273,-3.8266406059265137,0.793012797832489
1741033242556696800,37.39169677734375,0.3672811985015869,-3.394986152648926,0.5291315317153931
1741033242566800100,37.40180004882812,-0.5134263038635254,-3.1141562461853027,0.42282021045684814
1741033242576903000,37.41190283203125,-1.4073070287704468,-2.994086265563965,0.35111260414123535
1741033242587005400,37.42200537109375,-1.5793194770812988,-2.967616558074951,0.0938451886177063
1741033242597108200,37.43210815429688,-1.3248311281204224,-3.075737476348877,-0.031413376331329346
1741033242607211500,37.44221142578125,-1.2942280769348145,-3.453183650970459,-0.08323365449905396
1741033242617314000,37.45231396484375,-1.4194823503494263,-3.737987518310547,-0.06787580251693726
1741033242627417000,37.4624169921875,-1.2855244874954224,-3.473464012145996,0.06324172019958496
1741033242637639400,37.47263940429688,-0.9241452217102051,-2.787303924560547,0.13645148277282715
1741033242647945000,37.48294506835938,-0.41231513023376465,-1.7482752799987793,0.2404855489730835
1741033242658249500,37.49324951171875,0.08398723602294922,-0.40645694732666016,0.2179124355316162
1741033242668418300,37.50341821289062,0.42955589294433594,0.3918638229370117,-0.29140913486480713
1741033242678525400,37.513525390625,1.0035569667816162,1.0091028213500977,-0.9105315804481506
1741033242688628000,37.5236279296875,2.747257709503174,1.150181770324707,-1.8452959060668945
1741033242698731500,37.5337314453125,5.169780254364014,0.7141170501708984,-3.355729818344116
1741033242708834000,37.543833984375,6.093570709228516,0.5122652053833008,-4.479832172393799
1741033242718936800,37.55393676757812,5.901374816894531,0.9049882888793945,-4.966872215270996
1741033242729040100,37.5640400390625,5.374513149261475,1.6469154357910156,-4.674801349639893
1741033242739142700,37.574142578125,4.902889251708984,2.628079414367676,-3.6896309852600098
1741033242749245200,37.5842451171875,5.231858253479004,3.611907958984375,-1.9683126211166382
1741033242759348200,37.59434814453125,6.678038597106934,4.165840148925781,-0.6058380007743835
1741033242769451300,37.604451171875,5.715483665466309,4.745882034301758,0.5637432336807251
1741033242779553800,37.6145537109375,2.3299665451049805,5.841843605041504,1.3636431694030762
1741033242789656600,37.62465649414062,-1.0658960342407227,7.0431718826293945,1.1347362995147705
1741033242799759600,37.634759521484376,-2.7857823371887207,7.048871994018555,0.8947137594223022
1741033242809862700,37.64486254882812,-0.5582976341247559,5.935859680175781,1.0680464506149292
1741033242819965200,37.65496508789062,-0.10424041748046875,4.859442710876465,1.212007999420166
1741033242830068500,37.665068359375,-1.2592175006866455,4.22512149810791,1.2043230533599854
1741033242840171300,37.67517114257812,-2.258776903152466,3.946253776550293,1.3309669494628906
1741033242850273800,37.68527368164062,-3.294027805328369,3.7236127853393555,1.6114044189453125
1741033242860376600,37.69537646484375,-3.738624095916748,3.556772232055664,1.8237559795379639
1741033242870480000,37.70547998046875,-3.6005256175994873,3.273167610168457,2.167498826980591
1741033242880582400,37.71558251953125,-3.2172935009002686,2.87319278717041,2.2231297492980957
1741033242890685000,37.725684814453125,-3.0155107975006104,2.0687618255615234,1.7638254165649414
1741033242900788000,37.7357880859375,-2.865527629852295,1.048386573791504,1.3334839344024658
1741033242910891000,37.74589111328125,-2.759662628173828,0.13721561431884766,1.0694236755371094
1741033242920993800,37.75599389648438,-2.6475658416748047,-0.5956220626831055,0.9908954501152039
1741033242931096800,37.76609692382812,-2.5443077087402344,-1.1523690223693848,0.9740002751350403
1741033242941307100,37.77630712890625,-2.4334888458251953,-1.6763896942138672,1.029460072517395
1741033242951612700,37.78661279296875,-2.307180881500244,-2.1065053939819336,1.0905981063842773
1741033242961917200,37.79691723632813,-2.1991283893585205,-2.5402956008911133,1.1042883396148682
1741033242972095700,37.807095703125,-2.2008817195892334,-2.9329123497009277,1.069014549255371
1741033242982205000,37.81720483398438,-2.222172737121582,-3.1819610595703125,1.0623674392700195
1741033242992307700,37.8273076171875,-2.1276726722717285,-3.3385262489318848,1.1379611492156982
1741033243002411000,37.837410888671876,-2.13517165184021,-3.5141735076904297,1.1175823211669922
1741033243012513500,37.84751342773438,-2.2175254821777344,-3.7255587577819824,1.0058826208114624
1741033243022616300,37.8576162109375,-2.344787120819092,-3.9000535011291504,0.8747018575668335
1741033243032719600,37.8677197265625,-2.507333278656006,-3.969346523284912,0.70039302110672
1741033243042822400,37.87782250976562,-2.708312511444092,-3.9036788940429688,0.46152758598327637
1741033243052925000,37.88792504882812,-2.819516181945801,-3.3546242713928223,0.5457120537757874
1741033243063027700,37.89802783203125,-2.7364368438720703,-2.566777229309082,0.8015500903129578
1741033243073131000,37.90813110351562,-2.537621021270752,-1.6889219284057617,0.9811549186706543
1741033243083233500,37.91823364257812,-2.4991352558135986,-0.8191952705383301,0.9795630574226379
1741033243093336000,37.928336181640624,-2.4896998405456543,-0.1195220947265625,0.7885668277740479
1741033243103439400,37.938439453125,-2.5102267265319824,0.15518760681152344,0.2250678539276123
1741033243113542100,37.94854223632812,-2.7446680068969727,0.06244850158691406,-0.5171993970870972
1741033243123644700,37.958644775390624,-2.874114751815796,-0.20086097717285156,-1.1141444444656372
1741033243133747500,37.96874755859375,-2.8319950103759766,-0.5208330154418945,-1.4835487604141235
1741033243143850800,37.97885083007812,-2.6242661476135254,-0.6405458450317383,-1.6799205541610718
1741033243153953500,37.98895361328125,-2.183837890625,-0.523707389831543,-1.7804841995239258
1741033243164056000,37.99905615234375,-1.5386834144592285,-0.15599727630615234,-1.875976800918579
1741033243174159400,38.00915942382812,-0.7182679176330566,0.4904165267944336,-1.8966541290283203
1741033243184262100,38.01926220703125,-0.2456352710723877,1.2705183029174805,-1.955966830253601
1741033243194364700,38.02936474609375,-0.3199925422668457,2.126275062561035,-1.9672877788543701
1741033243204467500,38.03946752929688,-0.6526694297790527,3.055088996887207,-1.899626612663269
1741033243214570800,38.04957080078125,-0.7600142955780029,3.9641427993774414,-1.787413239479065
1741033243224673300,38.05967333984375,-0.8615458011627197,4.5714521408081055,-1.9052587747573853
1741033243234776000,38.06977612304688,-0.8301048278808594,4.735861778259277,-2.2587969303131104
1741033243244878800,38.07987890625,-0.3428049087524414,4.704685211181641,-2.721430778503418
1741033243254982000,38.08998193359375,0.5783736705780029,4.910369873046875,-3.2092559337615967
1741033243265084700,38.10008471679687,2.0107579231262207,5.646603584289551,-3.5918149948120117
1741033243275187200,38.11018725585937,3.2191073894500732,7.10014533996582,-3.217925548553467
1741033243285290500,38.12029052734375,2.709949254989624,8.98197078704834,-2.0193800926208496
1741033243295393300,38.13039331054687,1.240443468093872,8.89816951751709,-1.356670618057251
1741033243305495800,38.14049584960937,0.07451844215393066,5.61863899230957,-1.5695412158966064
1741033243315599000,38.15059912109375,-0.7749314308166504,2.001673698425293,-1.4388573169708252
1741033243325702000,38.16070190429687,-0.8992929458618164,-0.32582664489746094,-1.2065610885620117
1741033243335817200,38.17081713867187,-0.6597006916999817,-1.4093809127807617,-0.9253459572792053
1741033243346122800,38.18112280273437,-0.08020687103271484,-1.0981864929199219,-0.46653908491134644
1741033243356427800,38.191427734375,1.0417637825012207,0.7474641799926758,0.25073492527008057
1741033243366683600,38.20168359375,3.0197806358337402,2.889852523803711,1.5272133350372314
1741033243376810000,38.21181005859375,3.3431758880615234,4.242566108703613,1.9457359313964844
1741033243386913300,38.221913330078124,2.883540153503418,4.193349838256836,1.6833789348602295
1741033243397015800,38.232015869140625,2.5091495513916016,2.875729560852051,1.3521146774291992
1741033243407118300,38.242118408203126,2.1560049057006836,1.105386734008789,1.2412770986557007
1741033243417221600,38.2522216796875,1.3088361024856567,-0.30073070526123047,1.3775365352630615
1741033243427324400,38.262324462890625,0.8588833808898926,-1.1686534881591797,1.9892840385437012
1741033243437427000,38.272427001953126,-0.1974593698978424,-1.5435619354248047,2.963142156600952
1741033243447529700,38.28252978515625,-0.9209961891174316,-1.3421306610107422,3.8879079818725586
1741033243457633000,38.292633056640625,-0.4293791949748993,-1.264364242553711,4.361199378967285
1741033243467735600,38.302735595703126,0.1540599912405014,-1.6420612335205078,4.38798713684082
1741033243477839000,38.312839111328124,0.3039756119251251,-2.3787994384765625,3.8754525184631348
1741033243487953000,38.322952880859376,-0.020895689725875854,-3.418745994567871,3.1247339248657227
1741033243498258200,38.333258056640624,-0.3108053505420685,-4.434246063232422,2.1079914569854736
1741033243508563500,38.3435634765625,-0.4308219850063324,-4.75127649307251,1.4777590036392212
1741033243518819800,38.35381982421875,-0.47037482261657715,-4.879342079162598,1.1010816097259521
1741033243528947000,38.36394702148438,-0.6397569179534912,-5.0965728759765625,0.8382186889648438
1741033243539049500,38.37404956054687,-0.7036917209625244,-5.3056206703186035,0.5975217819213867
1741033243549152500,38.384152587890625,-0.36579298973083496,-5.578624248504639,0.5602788925170898
1741033243559255600,38.39425561523438,-0.23829662799835205,-5.8732075691223145,0.5321629047393799
1741033243569358300,38.4043583984375,-0.16853153705596924,-5.997777462005615,0.8048303127288818
1741033243579460900,38.4144609375,-0.07885992527008057,-5.708461284637451,1.432203769683838
1741033243589564200,38.42456420898438,0.20566999912261963,-5.273936748504639,1.8761827945709229
1741033243599667000,38.4346669921875,0.4046512842178345,-5.18274450302124,1.8911800384521484
1741033243609769500,38.44476953125,0.6410562992095947,-5.285311698913574,1.6439158916473389
1741033243619872000,38.4548720703125,1.1968441009521484,-5.341745853424072,1.5284790992736816
1741033243629975600,38.4649755859375,1.6998378038406372,-5.247406005859375,1.6154510974884033
1741033243640091000,38.4750908203125,2.3269314765930176,-4.982686996459961,1.8973281383514404
1741033243650396400,38.485396484375,3.02543044090271,-4.5228166580200195,2.3733584880828857
1741033243660701400,38.49570141601563,3.643458604812622,-4.079541206359863,2.416609287261963
1741033243670957300,38.50595727539063,3.248183250427246,-3.3010687828063965,2.61152720451355
1741033243681083600,38.51608374023437,2.7198712825775146,-2.122556686401367,2.9239938259124756
1741033243691187000,38.52618701171875,2.055683135986328,-0.6751108169555664,2.9003448486328125
1741033243701289500,38.53628955078125,0.6294862031936646,1.256052017211914,2.453723430633545
1741033243711392000,38.54639208984375,-1.4683244228363037,3.846856117248535,1.4470123052597046
1741033243721495000,38.5564951171875,-2.0739433765411377,6.6056365966796875,-0.4792003035545349
1741033243731598000,38.56659814453125,-3.421123504638672,8.013879776000977,-3.0416760444641113
1741033243741700600,38.57670068359375,-4.615925312042236,7.8088483810424805,-4.663746356964111
1741033243751803400,38.58680346679687,-3.0394787788391113,6.090360641479492,-5.229501247406006
1741033243761906700,38.59690673828125,-0.6548548936843872,4.324957847595215,-5.532296657562256
1741033243772009200,38.60700927734375,2.6186811923980713,3.4885616302490234,-5.737400054931641
1741033243782112000,38.61711206054687,7.43714714050293,3.2714805603027344,-5.301543712615967
1741033243792214500,38.627214599609374,11.07715892791748,4.445195198059082,-2.8661959171295166
1741033243802318000,38.63731811523437,9.953707695007324,7.05843448638916,0.5070362687110901
1741033243812420600,38.64742065429687,6.719781875610352,7.823524475097656,2.021671772003174
1741033243822523400,38.6575234375,2.9646377563476562,5.255413055419922,1.118595004081726
1741033243832686300,38.66768627929687,0.22936129570007324,2.6268396377563477,0.29784637689590454
1741033243842991600,38.67799169921875,-1.3885620832443237,1.2934675216674805,0.5895360708236694
1741033243853296600,38.68829663085938,-2.4384498596191406,0.6590471267700195,1.0324723720550537
1741033243863513900,38.69851391601563,-3.006131172180176,0.33556652069091797,1.3425874710083008
1741033243873632000,38.708632080078125,-3.418773889541626,0.27867698669433594,1.5186727046966553
1741033243883734500,38.718734619140626,-3.721142530441284,0.5413236618041992,1.7859408855438232
1741033243893837800,38.728837890625,-3.5569610595703125,1.0721416473388672,1.6935195922851562
1741033243903940600,38.738940673828125,-3.3675975799560547,1.5569219589233398,1.209902048110962
1741033243914043100,38.749043212890626,-2.808246612548828,1.675278663635254,0.6679967641830444
1741033243924145700,38.75914575195313,-2.4236748218536377,1.3579082489013672,0.11860477924346924
1741033243934249200,38.769249267578125,-2.250657796859741,0.6673612594604492,-0.37711048126220703
1741033243944351700,38.779351806640626,-2.5272088050842285,-0.2518348693847656,-0.6304146647453308
1741033243954454300,38.78945434570313,-2.841036081314087,-1.0954198837280273,-0.732187807559967
1741033243964557000,38.79955712890625,-2.629096746444702,-1.555030345916748,-0.6710943579673767
1741033243974660400,38.80966040039063,-2.4685707092285156,-1.8169798851013184,-0.4302261471748352
1741033243984763100,38.81976318359375,-2.514669418334961,-2.0467538833618164,-0.2038184404373169
1741033243994865700,38.82986572265625,-2.4338037967681885,-2.2016115188598633,-0.017110705375671387
1741033244004968700,38.83996875,-2.3701252937316895,-2.3105316162109375,0.1975088119506836
1741033244015071700,38.85007177734375,-2.3730034828186035,-2.2516393661499023,0.4327050447463989
1741033244025174800,38.8601748046875,-2.1597912311553955,-2.2940025329589844,0.45856809616088867
1741033244035397000,38.870397216796874,-2.0233592987060547,-2.4220314025878906,0.3941972255706787
1741033244045702400,38.88070239257812,-2.0813329219818115,-2.3352346420288086,0.45333898067474365
1741033244056007200,38.891007080078126,-2.2945053577423096,-1.986314296722412,0.4459737539291382
1741033244066175200,38.90117529296875,-2.3318252563476562,-1.520850658416748,0.6144466400146484
1741033244076283000,38.91128295898437,-2.4878177642822266,-1.0621757507324219,0.7916907072067261
1741033244086385700,38.9213857421875,-2.558389902114868,-0.5241193771362305,1.0139654874801636
1741033244096488200,38.93148828125,-2.366886615753174,-0.3980588912963867,1.0269522666931152
1741033244106591000,38.94159106445313,-1.9198137521743774,-0.3544425964355469,0.8463283777236938
1741033244116694300,38.9516943359375,-1.7778617143630981,-0.13995647430419922,0.6473461389541626
1741033244126796800,38.961796875,-1.9346163272857666,-0.3943338394165039,0.3297147750854492
1741033244136899300,38.9718994140625,-2.4888525009155273,-0.7700204849243164,-0.1972038745880127
1741033244147002400,38.98200244140625,-2.731468439102173,-0.8442049026489258,-0.4372958540916443
1741033244157105400,38.99210546875,-2.8818581104278564,-0.5449504852294922,-0.2523989677429199
1741033244167208200,39.00220825195313,-3.0018718242645264,-0.21410655975341797,0.021787405014038086
1741033244177310700,39.01231079101562,-3.42682147026062,0.4612007141113281,0.2855342626571655
1741033244187413800,39.022413818359375,-3.760038375854492,1.4333152770996094,0.4553292989730835
1741033244197516800,39.03251684570313,-3.7553839683532715,2.3443756103515625,0.621516227722168
1741033244207619800,39.042619873046874,-3.3265957832336426,3.213146209716797,0.7235965728759766
1741033244217722000,39.05272216796875,-2.778303861618042,3.8574085235595703,0.77909255027771
1741033244227825400,39.06282543945313,-2.221125602722168,3.907608985900879,0.5044512748718262
1741033244238107000,39.07310693359375,-1.4334299564361572,3.7051658630371094,0.17337024211883545
1741033244248412400,39.08341235351563,-0.5868608951568604,3.759428024291992,0.07163667678833008
1741033244258697500,39.093697509765626,-0.1507244110107422,2.5936594009399414,-0.701543927192688
1741033244268830700,39.103830810546874,-0.6889569759368896,1.0119600296020508,-1.6714465618133545
1741033244278933500,39.11393359375,-0.8056614398956299,1.4507713317871094,-1.5660085678100586
1741033244289036500,39.12403662109375,0.15005826950073242,3.8907976150512695,-0.7277407646179199
1741033244299139300,39.134139404296874,1.3279731273651123,5.572986602783203,-0.7410058379173279
1741033244309241900,39.144241943359376,2.2375829219818115,7.402305603027344,-0.9192029237747192
1741033244319345000,39.15434497070312,3.5605621337890625,9.283535957336426,-0.8054832220077515
1741033244329448000,39.164447998046874,3.985852003097534,9.666831016540527,-0.9993675947189331
1741033244339550500,39.174550537109376,2.996819019317627,8.047842025756836,-2.2095348834991455
1741033244349653200,39.1846533203125,1.1618285179138184,5.580012321472168,-3.8159432411193848
1741033244359756300,39.19475634765625,0.20048046112060547,3.6188716888427734,-5.066758155822754
1741033244369859800,39.20485986328125,0.24427247047424316,1.927032470703125,-6.308252334594727
1741033244380129800,39.2151298828125,1.013296127319336,0.20424556732177734,-6.440141201019287
1741033244390435000,39.22543505859375,2.4512224197387695,-0.8167753219604492,-5.0540666580200195
1741033244400739600,39.23573950195313,3.106020927429199,-2.2192044258117676,-2.833106517791748
1741033244411008500,39.24600854492188,2.9871082305908203,-3.94905948638916,-0.6997004747390747
1741033244421085000,39.2560849609375,2.812277317047119,-4.606673717498779,0.5596137046813965
1741033244431118000,39.2661181640625,2.664029121398926,-4.6957688331604,1.1872164011001587
1741033244441423400,39.27642333984375,2.487802505493164,-4.221077919006348,1.7329918146133423
1741033244451728400,39.28672827148438,2.3965282440185547,-3.201486110687256,2.388432264328003
1741033244461938400,39.2969384765625,1.8549420833587646,-1.2103872299194336,2.599386692047119
1741033244472059600,39.3070595703125,1.1502270698547363,0.44974231719970703,2.335862874984741
1741033244482178300,39.31717822265625,0.3674204349517822,2.2458982467651367,2.3301610946655273
1741033244492281600,39.32728149414063,0.32710617780685425,3.2201576232910156,2.3662736415863037
1741033244502384400,39.33738427734375,0.20094862580299377,2.270623207092285,1.9555578231811523
1741033244512487000,39.34748681640625,-0.287309855222702,0.13341236114501953,1.3717907667160034
1741033244522589700,39.357589599609376,-0.5817379951477051,-2.301064968109131,1.45169198513031
1741033244532692200,39.36769213867188,-0.7115985751152039,-3.8238344192504883,2.4740371704101562
1741033244542795800,39.377795654296875,-0.9344785213470459,-4.679688453674316,4.43724250793457
1741033244552898300,39.387898193359376,-1.3183696269989014,-5.389126777648926,6.370102405548096
1741033244563000800,39.39800073242188,-1.5944631099700928,-6.032322883605957,7.4831390380859375
1741033244573103600,39.408103515625,-1.5208325386047363,-6.680422782897949,7.736728668212891
1741033244583207000,39.41820703125,1.013855218887329,-7.170812606811523,7.032618045806885
1741033244593309400,39.42830932617188,3.0615620613098145,-7.693735122680664,5.996880054473877
1741033244603412200,39.438412109375,1.834036111831665,-8.339599609375,5.155989646911621
1741033244613515000,39.448514892578125,0.8999364972114563,-8.688830375671387,4.180372714996338
1741033244623618600,39.45861865234375,1.2285182476043701,-8.919597625732422,3.1139633655548096
1741033244633817000,39.468817138671874,1.6857962608337402,-8.947003364562988,2.1039843559265137
1741033244644122600,39.47912255859375,1.8764605522155762,-8.704513549804688,1.5184297561645508
1741033244654427400,39.48942749023438,1.7617374658584595,-8.417402267456055,1.1114954948425293
1741033244664578000,39.499578125,0.8853378295898438,-8.1702299118042,0.4729855954647064
1741033244674526500,39.5095263671875,0.15656235814094543,-7.939138889312744,-0.22421978414058685
1741033244684784400,39.51978442382813,0.25434333086013794,-7.434226036071777,-0.7394506931304932
1741033244695089700,39.530089599609376,0.6303155422210693,-6.650088310241699,-1.075146198272705
1741033244705394200,39.54039428710937,0.6884250640869141,-5.838039398193359,-1.4641642570495605
1741033244715676000,39.55067602539062,0.1360357701778412,-4.384968280792236,-1.5852645635604858
1741033244725834800,39.560834716796876,-0.9885188341140747,-1.3264141082763672,-1.1826319694519043
1741033244735937300,39.57093725585938,-3.332442045211792,4.20576286315918,-0.9929882287979126
1741033244746040300,39.58104028320312,-2.8373165130615234,10.319265365600586,-2.4648115634918213
1741033244756143400,39.591143310546876,3.0990428924560547,12.226557731628418,-4.208652496337891
1741033244766246100,39.60124609375,8.817174911499023,10.644256591796875,-4.687629699707031
1741033244776348700,39.6113486328125,10.535694122314453,8.908785820007324,-3.1991288661956787
1741033244786451700,39.62145166015625,9.680743217468262,8.079265594482422,-0.6045445203781128
1741033244796554800,39.6315546875,11.887458801269531,7.058076858520508,0.8235375881195068
1741033244806657300,39.6416572265625,15.209406852722168,5.413647651672363,0.9981796145439148
1741033244816759800,39.651759765625,12.517229080200195,4.309273719787598,0.374597430229187
1741033244826863000,39.66186303710938,8.236358642578125,3.990306854248047,0.6200506091117859
1741033244836966000,39.6719658203125,6.8369550704956055,3.045718193054199,2.2992358207702637
1741033244847068400,39.682068359375,4.579371929168701,3.026503562927246,4.859295845031738
1741033244857171200,39.692171142578125,1.8883628845214844,3.43741512298584,6.805742263793945
1741033244867274500,39.7022744140625,0.241935133934021,3.3956594467163086,7.398839950561523
1741033244877377300,39.712377197265624,-0.45065629482269287,3.113448143005371,6.998831272125244
1741033244887479800,39.722479736328125,-1.2335188388824463,2.908663749694824,6.215438365936279
1741033244897582600,39.73258251953125,-1.7971583604812622,2.8677005767822266,5.232723236083984
1741033244907686000,39.742685791015624,-3.2947943210601807,3.001885414123535,4.959160804748535
1741033244917788400,39.752788330078126,-3.9349610805511475,3.258425712585449,4.3068647384643555
1741033244927891000,39.76289086914063,-4.093389511108398,3.4707460403442383,3.130044937133789
1741033244937994200,39.772994140625,-3.8319690227508545,3.0900611877441406,1.6613614559173584
1741033244948097000,39.783096923828126,-3.4182302951812744,2.34283447265625,0.29173481464385986
1741033244958199800,39.79319970703125,-4.2740678787231445,1.6868600845336914,-0.47307130694389343
1741033244968302300,39.80330224609375,-5.735771179199219,1.4471254348754883,-0.8390683531761169
1741033244978404900,39.81340478515625,-7.480473041534424,0.5859155654907227,-1.2232460975646973
1741033244988508200,39.82350805664063,-8.432999610900879,-0.4721050262451172,-1.214255690574646
1741033244998611000,39.83361083984375,-8.721961975097656,-1.7157769203186035,-1.2959219217300415
1741033245008713500,39.84371337890625,-7.572272300720215,-2.853992462158203,-1.3445160388946533
1741033245018816300,39.853816162109375,-5.96514892578125,-3.797175407409668,-1.3123317956924438
1741033245028919600,39.86391943359375,-5.671131610870361,-4.367008686065674,-0.9996261596679688
1741033245039022000,39.87402197265625,-5.660279273986816,-4.722548961639404,-0.782431423664093
1741033245049124900,39.884124755859375,-5.726401329040527,-4.9921722412109375,-0.7637349367141724
1741033245059227600,39.8942275390625,-5.697144508361816,-5.016883373260498,-0.833954930305481
1741033245069331000,39.9043310546875,-5.256880760192871,-4.784717082977295,-0.8659646511077881
1741033245079433500,39.91443359375,-4.596567153930664,-4.332127571105957,-0.7509322166442871
1741033245089536000,39.924535888671876,-4.302267074584961,-3.8568954467773438,-0.7566685080528259
1741033245099639000,39.93463916015625,-3.709057569503784,-3.3146071434020996,-0.6917234063148499
1741033245109742000,39.9447421875,-2.8895509243011475,-2.5739855766296387,-0.722720742225647
1741033245119844600,39.9548447265625,-2.099825143814087,-1.6744351387023926,-0.7752376198768616
1741033245129947400,39.96494750976562,-1.0312516689300537,-0.9001884460449219,-0.8662312626838684
1741033245140050700,39.97505078125,-0.11646461486816406,-0.2742424011230469,-1.1304855346679688
1741033245150153200,39.9851533203125,0.5073325634002686,0.23078632354736328,-1.3807547092437744
1741033245160256000,39.99525610351562,0.9672937393188477,0.7668933868408203,-1.5854511260986328
1741033245170358500,40.00535864257812,1.2867085933685303,1.2732868194580078,-1.7377243041992188
1741033245180461300,40.01546142578125,1.6034677028656006,1.734339714050293,-1.840368628501892
1741033245190564600,40.02556469726562,1.8731434345245361,2.1718883514404297,-1.8929970264434814
1741033245200667100,40.03566723632812,2.0674562454223633,2.4114084243774414,-1.8522487878799438
1741033245210769700,40.045769775390625,2.005375862121582,2.496356964111328,-1.7302074432373047
1741033245220872700,40.05587280273438,1.797800898551941,2.416421890258789,-1.6794168949127197
1741033245230975700,40.06597583007812,1.5573381185531616,2.331477165222168,-1.5161218643188477
1741033245241078500,40.07607861328125,1.4357647895812988,2.136603355407715,-1.483701229095459
1741033245251181000,40.08618115234375,1.926209568977356,2.1215667724609375,-1.5086137056350708
1741033245261284000,40.0962841796875,3.2483580112457275,1.9728326797485352,-1.773353099822998
1741033245271387100,40.10638720703125,4.552681922912598,1.7961101531982422,-1.9324743747711182
1741033245281489700,40.11648974609375,5.238626480102539,1.606003761291504,-2.292705774307251
1741033245291592200,40.12659228515625,5.894285678863525,1.7670869827270508,-2.7855610847473145
1741033245301695000,40.13669506835937,6.179457187652588,2.5468034744262695,-3.0549123287200928
1741033245311798300,40.14679833984375,4.614306449890137,4.141751289367676,-2.651310682296753
1741033245321901000,40.15690112304687,2.37074613571167,6.068151473999023,-1.5840976238250732
1741033245332003600,40.16700366210937,0.693885326385498,7.087456703186035,-1.0164928436279297
1741033245342106000,40.177106201171874,-0.25076407194137573,6.069000244140625,-0.9295098781585693
1741033245352209700,40.18720971679687,-1.9406784772872925,3.478097915649414,-0.5214000940322876
1741033245362312400,40.1973125,-3.071403980255127,1.188039779663086,-0.004006624221801758
1741033245372463400,40.20746337890625,-3.126757860183716,-0.00740814208984375,0.5922766923904419
1741033245382769000,40.217768798828125,-2.17673397064209,-0.23826217651367188,1.1120884418487549
1741033245393074000,40.22807397460937,-1.433205485343933,0.6693029403686523,1.8288191556930542
1741033245403300400,40.23830029296875,-0.6404109597206116,2.6044368743896484,3.276186466217041
1741033245413420500,40.24842065429687,0.41731569170951843,4.214835166931152,4.840142250061035
1741033245423524000,40.25852416992188,1.7771737575531006,4.834663391113281,6.105477333068848
1741033245433627600,40.268627685546875,1.6603562831878662,4.127995491027832,6.566954612731934
1741033245443873800,40.27887377929687,0.6098673343658447,2.42142391204834,5.88838005065918
1741033245454179000,40.28917895507813,-0.43602466583251953,0.7918853759765625,4.972522735595703
1741033245464483600,40.299483642578124,-0.8205673694610596,-0.39905452728271484,4.642495632171631
1741033245474788000,40.3097880859375,-0.8312253952026367,-1.3880910873413086,4.927333831787109
1741033245485092600,40.32009252929687,-0.993790864944458,-2.3370447158813477,5.315683841705322
1741033245495374600,40.33037451171875,-0.7376022338867188,-3.3871607780456543,5.2281622886657715
1741033245505534000,40.34053393554687,-0.0030316710472106934,-4.396731376647949,4.428432941436768
1741033245515637000,40.350636962890626,1.0245240926742554,-5.072021007537842,3.1490883827209473
1741033245525740000,40.36073999023437,1.6655101776123047,-5.587680816650391,1.8061426877975464
1741033245535842600,40.37084252929687,1.896874189376831,-5.73211669921875,0.8923314809799194
1741033245545945300,40.3809453125,2.1080243587493896,-5.778642654418945,0.2569389343261719
1741033245556048400,40.39104833984375,1.9470255374908447,-5.837776184082031,-0.22182726860046387
1741033245566151400,40.4011513671875,1.4582068920135498,-5.894915580749512,-0.5336344242095947
1741033245576254000,40.41125390625,0.9282392263412476,-5.951136589050293,-0.7088500261306763
1741033245586356500,40.4213564453125,0.3204735517501831,-5.981662750244141,-0.8744003176689148
1741033245596459800,40.43145971679687,-0.1905142068862915,-5.939122200012207,-0.9352623820304871
1741033245606562600,40.4415625,-0.5826458930969238,-5.550699234008789,-0.8006520867347717
1741033245616665000,40.4516650390625,-0.7021191120147705,-4.904439449310303,-0.47275805473327637
1741033245626768000,40.46176782226563,-0.8494329452514648,-4.365900993347168,-0.16519701480865479
1741033245636870400,40.47187036132812,-0.7953976392745972,-3.838308811187744,-0.00624394416809082
1741033245646973700,40.4819736328125,-0.2688894271850586,-3.307229995727539,0.014435648918151855
1741033245657076500,40.49207641601563,0.382948637008667,-2.7749361991882324,-0.06758415699005127
1741033245667179000,40.50217895507812,0.6045982837677002,-2.4196524620056152,-0.19053220748901367
1741033245677281800,40.51228173828125,0.7438818216323853,-2.2971014976501465,-0.3949950933456421
1741033245687385000,40.52238500976563,1.0063248872756958,-2.3524832725524902,-0.614723801612854
1741033245697487600,40.53248754882812,1.5355907678604126,-2.3833541870117188,-0.7960399389266968
1741033245707590100,40.54259008789062,1.9138737916946411,-2.1235084533691406,-0.8559214472770691
1741033245717693000,40.55269287109375,2.2583065032958984,-1.4072866439819336,-0.7161524295806885
1741033245727796000,40.5627958984375,2.46236515045166,-0.25420188903808594,-0.4504612684249878
1741033245737899000,40.57289892578125,2.613353729248047,1.0595970153808594,-0.34654951095581055
1741033245748001500,40.58300146484375,2.460850238800049,2.2683143615722656,-0.3815009593963623
1741033245758104000,40.59310400390625,2.2409205436706543,3.2237653732299805,-0.7511440515518188
1741033245768207400,40.60320727539062,2.1154255867004395,3.8583898544311523,-1.4707834720611572
1741033245778310100,40.61331005859375,2.223439931869507,4.111040115356445,-2.5068328380584717
1741033245788412700,40.62341259765625,2.097156524658203,4.185601234436035,-2.9491684436798096
1741033245798515500,40.63351538085937,1.7520430088043213,4.104495048522949,-2.388650894165039
1741033245808618000,40.64361791992187,1.0528334379196167,4.081525802612305,-1.643823504447937
1741033245818721500,40.65372143554688,1.6882381439208984,4.199280738830566,-1.250714659690857
1741033245828872700,40.663872802734375,3.9239206314086914,4.584836959838867,-0.6440284252166748
1741033245839178000,40.67417797851562,7.701354026794434,5.1658124923706055,0.7930964231491089
1741033245849483000,40.68448291015625,6.380528926849365,5.9205217361450195,3.5327048301696777
1741033245859709700,40.69470971679687,2.2351088523864746,5.602359771728516,4.4731831550598145
1741033245869829400,40.704829345703125,-0.6951885223388672,3.6154794692993164,4.000998020172119
1741033245879932400,40.71493237304688,-2.9140396118164062,1.5707511901855469,3.9155285358428955
1741033245890035200,40.72503515625,-2.9830541610717773,0.535944938659668,4.002971172332764
1741033245900138000,40.735137939453125,-1.4117002487182617,0.3290748596191406,3.7480039596557617
1741033245910240500,40.745240478515626,-0.21345388889312744,0.6880550384521484,3.452467679977417
1741033245920343000,40.75534301757813,0.293210506439209,1.5058298110961914,3.3738880157470703
1741033245930446600,40.765446533203125,-0.10873162746429443,2.4463577270507812,3.379973888397217
1741033245940549000,40.775549072265626,-0.8831669092178345,3.070370674133301,3.1088812351226807
1741033245950651600,40.78565161132813,-1.5358057022094727,3.146625518798828,2.440765857696533
1741033245960754400,40.79575439453125,-1.74062979221344,2.8658952713012695,1.5999979972839355
1741033245970857700,40.805857666015626,-1.4638874530792236,2.3095312118530273,0.8017098903656006
1741033245980960500,40.81596044921875,-1.2348966598510742,1.615072250366211,0.2654014229774475
1741033245991063000,40.82606298828125,-1.3337739706039429,0.8865804672241211,-0.11388570070266724
1741033246001165600,40.83616552734375,-1.2319157123565674,0.0074634552001953125,-0.41369760036468506
1741033246011268600,40.8462685546875,-1.0730029344558716,-0.9924278259277344,-0.6856481432914734
1741033246021371600,40.85637158203125,-1.0011523962020874,-1.887794017791748,-0.8448705077171326
1741033246031474200,40.86647412109375,-1.0817300081253052,-2.6489105224609375,-0.8555156588554382
1741033246041577000,40.876576904296876,-1.1557477712631226,-3.235722541809082,-0.7077345848083496
1741033246051679500,40.88667944335938,-1.0199862718582153,-3.6426315307617188,-0.42263662815093994
1741033246061782800,40.89678271484375,-0.693237841129303,-3.9631409645080566,-0.17004621028900146
1741033246071885600,40.906885498046876,-0.3403070569038391,-4.225026607513428,0.042974233627319336
1741033246081988000,40.91698803710938,-0.19377437233924866,-4.406796455383301,0.2161005735397339
1741033246092090600,40.92709057617188,-0.13842764496803284,-4.496657848358154,0.36047399044036865
1741033246102194200,40.937194091796876,-0.005766607820987701,-4.534927845001221,0.42660701274871826
1741033246112296700,40.94729663085938,0.19046403467655182,-4.591362953186035,0.44682037830352783
1741033246122399500,40.9573994140625,0.3313868045806885,-4.627193927764893,0.47984230518341064
1741033246132502000,40.967501953125,0.3556426763534546,-4.4508490562438965,0.6403688192367554
1741033246142604800,40.977604736328125,0.40540701150894165,-4.241725921630859,0.7383602857589722
1741033246152708000,40.9877080078125,0.4629564881324768,-3.9979772567749023,0.8020018339157104
1741033246162810600,40.997810546875,0.4697691798210144,-3.843203544616699,0.6588674783706665
1741033246172913200,41.0079130859375,0.422751784324646,-3.602511405944824,0.420326828956604
1741033246183016200,41.01801611328125,0.405898779630661,-3.2235021591186523,0.30774641036987305
1741033246193119200,41.028119140625,0.4794999957084656,-2.6625475883483887,0.2621577978134155
1741033246203221800,41.0382216796875,0.6320089101791382,-1.9240212440490723,0.2969290018081665
1741033246213324500,41.048324462890626,0.8220459222793579,-1.1916236877441406,0.279704213142395
1741033246223427000,41.05842700195313,1.175549864768982,-0.38750171661376953,0.20321249961853027
1741033246233530400,41.0685302734375,1.409250259399414,0.5777301788330078,0.12596964836120605
1741033246243633200,41.078633056640626,1.780550479888916,1.587407112121582,-0.07779884338378906
1741033246253735700,41.08873559570313,2.196052074432373,2.4618616104125977,-0.5195002555847168
1741033246263838200,41.09883813476562,2.7368321418762207,3.130147933959961,-1.1918686628341675
1741033246273941000,41.10894091796875,3.740615129470825,3.5580320358276367,-2.032550573348999
1741033246284044500,41.11904443359375,4.971466064453125,3.6879453659057617,-2.9261975288391113
1741033246294183700,41.12918359375,5.705551624298096,3.825784683227539,-3.220004081726074
1741033246304489000,41.13948901367188,5.632467269897461,4.1185712814331055,-2.9775238037109375
1741033246314794200,41.149794189453125,4.896803855895996,4.452099800109863,-2.6852071285247803
1741033246325015800,41.16001586914062,3.3264377117156982,4.922204971313477,-2.355947494506836
1741033246335036000,41.170035888671876,1.7326558828353882,5.664298057556152,-1.933966040611267
1741033246345151000,41.18015087890625,-0.38089120388031006,6.896805763244629,-1.3111977577209473
1741033246355456300,41.190456298828124,-2.8534305095672607,8.049972534179688,-0.8725932240486145
1741033246365761000,41.20076098632813,-4.451467514038086,7.55760383605957,-0.5756587982177734
1741033246376065500,41.2110654296875,-4.7320427894592285,5.261501312255859,-0.6609618663787842
1741033246386253300,41.22125341796875,-4.18568754196167,2.3377790451049805,-1.0500836372375488
1741033246396363800,41.23136376953125,-3.2943472862243652,-0.040694236755371094,-1.3762277364730835
1741033246406466300,41.24146630859375,-2.6884307861328125,-1.3145256042480469,-1.3453874588012695
1741033246416569000,41.251569091796874,-2.43007230758667,-1.4183244705200195,-0.901814877986908
1741033246426696400,41.26169653320313,-2.2680134773254395,-0.2946329116821289,0.7067903280258179
1741033246437001700,41.27200170898438,-1.8801777362823486,1.2282028198242188,3.32887601852417
1741033246447306800,41.282306640625,-1.1431916952133179,2.7312183380126953,6.280652046203613
1741033246457553000,41.29255297851562,0.03858029842376709,3.4001855850219727,8.32170295715332
1741033246467677200,41.30267724609375,1.0121313333511353,3.363053321838379,9.713001251220703
1741033246477780200,41.3127802734375,1.3920022249221802,2.4827394485473633,9.850805282592773
1741033246487883000,41.32288305664063,1.5007305145263672,1.5329160690307617,9.367910385131836
1741033246497985500,41.33298559570313,1.3364835977554321,0.5319490432739258,8.449851036071777
1741033246508088000,41.34308813476562,1.0394549369812012,-0.823765754699707,6.812905311584473
1741033246518191400,41.35319140625,0.4449681043624878,-2.1348156929016113,4.835495948791504
1741033246528294100,41.36329418945313,-0.5796322822570801,-3.187589168548584,2.948859930038452
1741033246538396700,41.37339672851562,-2.7555294036865234,-3.194549560546875,1.2391645908355713
1741033246548499500,41.38349951171875,-5.0635833740234375,-2.2193570137023926,-0.3810311555862427
1741033246558602000,41.39360205078125,-4.835416316986084,-1.283909797668457,-1.7496154308319092
1741033246568705500,41.40370556640625,-2.7101364135742188,-0.8899154663085938,-2.5426747798919678
1741033246578808000,41.41380810546875,-0.7348636388778687,-0.29637908935546875,-2.689912796020508
1741033246588910600,41.42391064453125,0.45183849334716797,0.10143470764160156,-2.5739853382110596
1741033246599013000,41.43401318359375,1.7256906032562256,-0.5714540481567383,-1.9806596040725708
1741033246609116200,41.4441162109375,2.7233293056488037,-2.090747833251953,-1.6595616340637207
1741033246619219200,41.45421923828125,3.1713061332702637,-3.5119752883911133,-1.7238712310791016
1741033246629322000,41.46432202148438,2.515538454055786,-4.550790309906006,-2.138456344604492
1741033246639424500,41.47442456054687,1.4218692779541016,-5.048943042755127,-2.2287747859954834
1741033246649527000,41.48452709960937,0.31826186180114746,-5.654366970062256,-2.3852810859680176
1741033246659630000,41.494630126953126,-1.1450276374816895,-6.182645797729492,-2.083681106567383
1741033246669733000,41.50473315429687,-1.6190659999847412,-6.344821929931641,-1.3354780673980713
1741033246679835600,41.51483569335937,-1.338958501815796,-6.238696098327637,-1.000954031944275
1741033246689938400,41.5249384765625,-1.8189480304718018,-6.300050735473633,-0.24387383460998535
1741033246700041700,41.53504174804687,-2.3512539863586426,-6.891958236694336,0.6283490657806396
1741033246710144300,41.54514428710937,-0.42548322677612305,-7.372433662414551,0.819307804107666
1741033246720247000,41.5552470703125,0.3727993965148926,-7.659384727478027,0.4234120845794678
1741033246730349600,41.565349609375,1.2702016830444336,-7.408736705780029,-0.018706560134887695
1741033246740452400,41.57545239257813,1.271803855895996,-6.928696155548096,-0.3266606330871582
1741033246750555600,41.5855556640625,0.5675787925720215,-6.251030921936035,-0.1944270133972168
1741033246760658200,41.595658203125,-0.08338546752929688,-5.079092979431152,0.030644893646240234
1741033246770761000,41.60576098632812,0.3295884132385254,-3.705094337463379,0.12354302406311035
1741033246780863500,41.61586352539062,1.8408207893371582,-2.2814860343933105,0.06790304183959961
1741033246790966500,41.625966552734376,4.57443904876709,0.0030312538146972656,0.19856619834899902
1741033246801069600,41.63606958007812,9.297983169555664,3.123103141784668,0.3557155132293701
1741033246811172000,41.64617211914062,13.98356819152832,6.252591133117676,0.505333662033081
1741033246821274600,41.656274658203124,18.29334259033203,7.830718994140625,-0.8968299627304077
1741033246831377400,41.66637744140625,17.972700119018555,6.934168815612793,-3.502017021179199
1741033246841480400,41.67648046875,13.749775886535645,4.202424049377441,-4.903787612915039
1741033246851583200,41.686583251953124,7.333284854888916,2.0659446716308594,-3.2064414024353027
1741033246861686000,41.69668603515625,2.0482735633850098,2.491884231567383,-0.26579535007476807
1741033246871788500,41.70678857421875,-2.0250203609466553,5.169452667236328,0.6557581424713135
1741033246881891000,41.71689111328125,5.480975151062012,5.994569778442383,0.2790910005569458
1741033246891994600,41.72699462890625,8.180996894836426,4.015084266662598,3.0611813068389893
1741033246902097200,41.73709716796875,6.100442886352539,1.7057151794433594,6.231571197509766
1741033246912199700,41.74719970703125,2.5755574703216553,0.7441291809082031,8.169564247131348
1741033246922302700,41.757302734375,-1.1302587985992432,0.7898588180541992,9.043889999389648
1741033246932465700,41.76746557617187,-3.204831838607788,1.3350114822387695,9.238616943359375
1741033246942771000,41.77777099609375,-5.649972438812256,2.643482208251953,9.39959716796875
1741033246953076000,41.788075927734376,-7.778399467468262,3.942328453063965,8.75381088256836
1741033246963293200,41.79829321289063,-10.159738540649414,4.531530380249023,7.222464084625244
1741033246973411000,41.8084111328125,-11.624914169311523,4.881625175476074,5.100751876831055
1741033246983513600,41.818513671875,-12.788863182067871,4.539800643920898,2.07321834564209
1741033246993616400,41.82861645507813,-14.044445037841797,3.708346366882324,0.10269880294799805
1741033247003719000,41.83871899414063,-13.095955848693848,1.6097183227539062,-1.1123409271240234
1741033247013822200,41.848822265625,-10.71696662902832,-0.4623727798461914,-1.7087459564208984
1741033247023925000,41.85892504882813,-8.956619262695312,-1.2736291885375977,-1.3012946844100952
1741033247034027500,41.86902758789063,-7.865754127502441,-1.087733268737793,-0.4177970886230469
1741033247044130000,41.87913012695312,-6.823959827423096,-0.5638952255249023,0.606643795967102
1741033247054232800,41.88923291015625,-5.6736040115356445,0.0572052001953125,1.3678427934646606
1741033247064336100,41.89933618164063,-4.400721073150635,0.4847526550292969,1.673516035079956
1741033247074439000,41.90943896484375,-3.3276796340942383,0.6401758193969727,1.7072594165802002
1741033247084541400,41.91954150390625,-2.5304136276245117,0.49910736083984375,1.3446580171585083
1741033247094644000,41.92964404296875,-1.5436183214187622,0.07143974304199219,0.7484701871871948
1741033247104747000,41.9397470703125,-0.7816312313079834,-0.34589195251464844,0.4420750141143799
1741033247114850000,41.94985009765625,-0.30319905281066895,-0.9031839370727539,0.2788645029067993
1741033247124952600,41.95995263671875,0.11802887916564941,-1.553332805633545,0.1422969102859497
1741033247135055400,41.97005541992188,0.41419291496276855,-2.2971935272216797,-0.051998138427734375
1741033247145158000,41.98015795898438,0.580186128616333,-3.0420475006103516,-0.3428635597229004
1741033247155261200,41.99026123046875,0.5454516410827637,-3.6651220321655273,-0.6380997896194458
1741033247165364000,42.00036401367188,0.5142896175384521,-4.135590076446533,-0.9247207641601562
1741033247175466500,42.01046655273438,0.5166959762573242,-4.481385231018066,-1.1330631971359253
1741033247185569000,42.02056909179687,0.5231151580810547,-4.764312267303467,-1.3421611785888672
1741033247195671800,42.030671875,0.4826040267944336,-4.869330883026123,-1.4758672714233398
1741033247205775000,42.04077514648438,0.45566606521606445,-4.8287739753723145,-1.4880836009979248
1741033247215877600,42.05087768554687,0.4277667999267578,-4.705944538116455,-1.4174692630767822
1741033247225980400,42.06098046875,0.2952890396118164,-4.467292308807373,-1.349445104598999
1741033247236083000,42.0710830078125,0.01587653160095215,-4.158585071563721,-1.2879453897476196
1741033247246185700,42.08118579101563,-0.34630584716796875,-3.8318748474121094,-1.2704057693481445
1741033247256289000,42.0912890625,-0.5119363069534302,-3.452052116394043,-1.1514332294464111
1741033247266391600,42.1013916015625,-0.7258445024490356,-2.985914707183838,-1.0616893768310547
1741033247276494300,42.11149438476563,-0.9530900716781616,-2.42783784866333,-1.0331103801727295
1741033247286596900,42.12159692382812,-1.1029469966888428,-1.7598633766174316,-1.0386666059494019
1741033247296700000,42.131699951171875,-0.9007525444030762,-1.093648910522461,-1.0591216087341309
1741033247306803000,42.14180297851563,-0.4925572872161865,-0.5025568008422852,-1.061110496520996
1741033247316905500,42.15190551757812,-0.1906123161315918,0.07732677459716797,-1.092023491859436
1741033247327008800,42.1620087890625,-0.0763239860534668,0.6252679824829102,-1.1481339931488037
1741033247337110800,42.17211083984375,-0.12995433807373047,1.2324905395507812,-1.2461779117584229
1741033247347392300,42.182392333984374,-0.14671838283538818,1.9045486450195312,-1.336294412612915
1741033247357697500,42.19269750976562,-0.15125024318695068,2.4670677185058594,-1.4757750034332275
1741033247367982800,42.20298291015625,-0.16752088069915771,2.8993892669677734,-1.557744026184082
1741033247378116900,42.213116943359374,-0.09815335273742676,3.037687301635742,-1.7098299264907837
1741033247388219400,42.223219482421875,0.14677047729492188,2.9105472564697266,-1.880983591079712
1741033247398322000,42.233322021484376,0.411696195602417,2.7751855850219727,-1.9933239221572876
1741033247408424700,42.2434248046875,0.7501193284988403,2.6234540939331055,-2.0590741634368896
1741033247418527500,42.25352758789062,2.6500229835510254,2.2261104583740234,-2.2972042560577393
1741033247428630500,42.263630615234376,8.766193389892578,2.2590017318725586,-2.794079303741455
1741033247438733300,42.2737333984375,7.288393020629883,3.3048763275146484,-2.483752489089966
1741033247448835800,42.2838359375,3.7511770725250244,4.289519309997559,-1.5008318424224854
1741033247458938400,42.2939384765625,-0.5374947786331177,6.044705390930176,-0.5203533172607422
1741033247469041700,42.30404174804688,-2.465982675552368,6.883664131164551,0.016089916229248047
1741033247479145200,42.314145263671875,-3.2167651653289795,5.150215148925781,0.004519224166870117
1741033247489247200,42.324247314453125,-3.206564426422119,1.5160198211669922,-0.6546013355255127
1741033247499528700,42.33452880859375,-3.002554416656494,-0.7263813018798828,-0.778759241104126
1741033247509834000,42.344833984375,-3.421874523162842,-0.6750106811523438,-0.20202696323394775
1741033247520119000,42.355119140625,-3.5971741676330566,0.5904760360717773,0.3995954990386963
1741033247530252300,42.365252197265626,-3.3580398559570312,2.219575881958008,0.900146484375
1741033247540355000,42.37535498046875,-2.450674295425415,3.437368392944336,1.5469787120819092
1741033247550457900,42.38545776367187,-1.278894066810608,3.7477521896362305,2.1997315883636475
1741033247560561000,42.395560791015626,-0.26379668712615967,3.46915340423584,2.7949843406677246
1741033247570663700,42.40566357421875,0.40834033489227295,2.423616409301758,3.116234540939331
1741033247580766200,42.41576611328125,0.6390849351882935,1.1989803314208984,3.388517379760742
1741033247590868700,42.42586865234375,0.3751251697540283,0.20996952056884766,3.4770731925964355
1741033247600972000,42.43597192382813,-0.07598590850830078,-0.6218633651733398,3.449709415435791
1741033247611075300,42.446075439453125,-0.559760570526123,-1.3665647506713867,3.348784923553467
1741033247621177900,42.456177734375,-1.1250245571136475,-2.0314273834228516,3.027744770050049
1741033247631435300,42.466435302734375,-1.7988828420639038,-2.830331802368164,2.2543044090270996
1741033247641740800,42.47674072265625,-2.1982898712158203,-3.6011290550231934,1.4038995504379272
1741033247652045300,42.48704541015625,-2.583909749984741,-3.944570541381836,0.691076397895813
1741033247662183000,42.49718286132813,-2.6861133575439453,-3.7195425033569336,0.16555142402648926
1741033247672285400,42.50728540039062,-2.267651081085205,-3.28120756149292,0.01538097858428955
1741033247682388200,42.51738818359375,-1.8327873945236206,-3.0079517364501953,-0.028966665267944336
1741033247692491500,42.52749145507813,-1.4434473514556885,-2.7836904525756836,-0.1705176830291748
1741033247702594000,42.53759399414062,-1.2976669073104858,-2.7184629440307617,-0.6693958044052124
1741033247712697000,42.547697021484375,-1.4251643419265747,-2.5167174339294434,-1.0619704723358154
1741033247722799900,42.5577998046875,-1.2782807350158691,-2.4432358741760254,-1.470773696899414
1741033247732997400,42.56799731445312,-0.773240327835083,-2.63309383392334,-1.8915374279022217
1741033247743303000,42.57830297851562,-0.02557063102722168,-3.0391149520874023,-2.254640817642212
1741033247753607700,42.588607666015626,0.3961939811706543,-3.5540313720703125,-2.395078659057617
1741033247763796000,42.5987958984375,0.665830135345459,-4.0205817222595215,-2.3580126762390137
1741033247773907200,42.6089072265625,0.8013980388641357,-4.108692169189453,-1.9430806636810303
1741033247784010500,42.619010498046876,0.6224534511566162,-3.7987565994262695,-1.335986852645874
1741033247794113300,42.62911328125,0.21532058715820312,-3.6033191680908203,-0.821537435054779
1741033247804215800,42.6392158203125,-0.0343015193939209,-3.4062066078186035,-0.5031920075416565
1741033247814318600,42.649318603515624,0.0005724430084228516,-2.929752826690674,-0.23158526420593262
1741033247824421000,42.659421142578125,-0.02929377555847168,-2.2534170150756836,-0.17878687381744385
1741033247834524400,42.6695244140625,0.003467559814453125,-1.4555530548095703,-0.17396903038024902
1741033247844627200,42.679627197265624,-0.04598641395568848,-0.6263294219970703,-0.4218751788139343
1741033247854729700,42.689729736328125,-0.1984570026397705,0.26070308685302734,-0.6507783532142639
1741033247864832300,42.69983227539063,-0.2815096378326416,1.0294170379638672,-0.7912501692771912
1741033247874935300,42.70993530273437,-0.2699105739593506,1.5084905624389648,-0.8372679352760315
1741033247885038300,42.720038330078125,-0.5173954963684082,1.5993766784667969,-1.0580050945281982
1741033247895141400,42.73014135742188,-1.1333155632019043,1.6862096786499023,-1.5224831104278564
1741033247905149700,42.74014965820312,-1.0109508037567139,2.311311721801758,-2.305473566055298
1741033247915312400,42.7503125,1.0724608898162842,3.3481531143188477,-2.926663637161255
1741033247925617700,42.76061767578125,3.2875077724456787,3.580934524536133,-2.853778839111328
1741033247935745000,42.7707451171875,5.153040885925293,3.399630546569824,-2.6504859924316406
1741033247946026500,42.78102661132812,6.795737266540527,3.0862693786621094,-2.2187659740448
1741033247956331800,42.79133178710938,9.601775169372559,1.5430192947387695,-2.3218860626220703
1741033247966637000,42.801636962890626,10.52862548828125,0.20414447784423828,-2.5504140853881836
1741033247976941600,42.81194165039062,7.753201007843018,0.6714487075805664,-1.7330641746520996
1741033247987212500,42.822212646484374,3.592369556427002,2.252920150756836,-0.265338659286499
1741033247997357000,42.83235717773437,0.6654486656188965,3.628970146179199,0.9368924498558044
1741033248007459600,42.84245947265625,-2.051774501800537,4.450963973999023,1.5695762634277344
1741033248017562600,42.85256274414063,-4.42415714263916,4.725574493408203,1.5878942012786865
1741033248027665700,42.86266577148437,-5.247316360473633,3.603517532348633,1.263154149055481
1741033248037768200,42.872768310546874,-5.970120429992676,2.329300880432129,1.6896275281906128
1741033248047871000,42.88287109375,-6.342597484588623,1.9492855072021484,2.657622814178467
1741033248057973500,42.89297338867188,-6.180173873901367,2.191573143005371,3.3869974613189697
1741033248068076800,42.903076904296874,-5.243505477905273,2.5370254516601562,3.2127020359039307
1741033248078179600,42.9131796875,-3.8205196857452393,2.8260421752929688,2.7541229724884033
1741033248088282000,42.9232822265625,-2.4302985668182373,2.9612417221069336,2.511457920074463
1741033248098384600,42.93338452148438,-1.4427006244659424,2.961902618408203,2.3256990909576416
1741033248108487400,42.9434873046875,-0.9501960277557373,2.5076417922973633,1.9605193138122559
1741033248118590700,42.9535908203125,-0.9647433757781982,1.777099609375,1.4477546215057373
1741033248128693500,42.96369360351562,-1.2941362857818604,1.0502033233642578,0.9187135100364685
1741033248138796000,42.973796142578124,-1.7043626308441162,0.3568248748779297,0.49385011196136475
1741033248148898600,42.983898681640625,-2.08011794090271,-0.308837890625,0.1312825083732605
1741033248159001000,42.9940009765625,-2.288444995880127,-0.9579496383666992,-0.14724582433700562
1741033248169104100,43.00410424804687,-2.3432421684265137,-1.584244728088379,-0.44638171792030334
1741033248179207200,43.014207275390625,-2.378387928009033,-2.025236129760742,-0.5865844488143921
1741033248189310000,43.02431005859375,-2.3557801246643066,-2.2912230491638184,-0.6515291333198547
1741033248199412500,43.03441259765625,-2.2794265747070312,-2.42683744430542,-0.6617474555969238
1741033248209515000,43.04451489257813,-2.318199634552002,-2.5067996978759766,-0.6829373240470886
1741033248219618300,43.054618408203126,-2.260129451751709,-2.6669797897338867,-0.7374463081359863
1741033248229721000,43.06472119140625,-2.102076530456543,-2.9509787559509277,-0.8543024063110352
1741033248239823600,43.07482373046875,-1.958589792251587,-3.240147113800049,-0.963542103767395
1741033248249926400,43.084926513671874,-1.9165418148040771,-3.412322998046875,-0.9972497224807739
1741033248260029000,43.09502880859375,-1.7943742275238037,-3.4052529335021973,-0.9973863959312439
1741033248270132200,43.10513232421875,-1.584362268447876,-3.028564453125,-0.9167741537094116
1741033248280235000,43.115235107421874,-1.4446150064468384,-2.651888847351074,-0.9328944683074951
1741033248290337500,43.125337646484375,-1.3677688837051392,-2.26312255859375,-0.9597599506378174
1741033248300440000,43.13544018554688,-1.2547380924224854,-1.9311838150024414,-0.9901999831199646
1741033248310542800,43.14554296875,-1.1448458433151245,-1.7638311386108398,-1.1480154991149902
1741033248320645600,43.155645751953124,-1.0564570426940918,-1.5656161308288574,-1.2327075004577637
1741033248330749000,43.1657490234375,-0.857099175453186,-1.5164074897766113,-1.3327159881591797
1741033248340851500,43.1758515625,-0.5155527591705322,-1.5559110641479492,-1.562951683998108
1741033248350954000,43.1859541015625,0.09404897689819336,-1.4689064025878906,-1.6801799535751343
1741033248361056500,43.19605639648437,1.1380884647369385,-1.036116600036621,-1.57930326461792
1741033248371159800,43.20615991210938,2.0967867374420166,-0.2921266555786133,-1.4024111032485962
1741033248381263000,43.21626318359375,2.653191089630127,0.5945663452148438,-1.3559255599975586
1741033248391509200,43.22650927734375,2.8292465209960938,1.3980741500854492,-1.5845733880996704
1741033248401814800,43.23681469726562,2.707597255706787,2.092099189758301,-1.7287020683288574
1741033248412119300,43.247119384765625,2.443307399749756,2.438037872314453,-1.8467259407043457
1741033248422268000,43.257267822265625,2.390043258666992,2.5027284622192383,-1.9071377515792847
1741033248432370400,43.267370361328126,2.748762369155884,2.1795148849487305,-2.0694456100463867
1741033248442473200,43.27747314453125,3.2610435485839844,1.824575424194336,-2.4364404678344727
1741033248452575700,43.28757568359375,3.348923921585083,1.7491655349731445,-2.655121326446533
1741033248462678500,43.297678466796874,3.114457845687866,2.352280616760254,-2.539478302001953
1741033248472781800,43.30778173828125,2.1788647174835205,3.656680107116699,-2.1605331897735596
1741033248482884400,43.31788427734375,-0.17988041043281555,5.901389122009277,-1.1944503784179688
1741033248492987000,43.32798681640625,-2.6581435203552246,8.351391792297363,-0.10817289352416992
1741033248503089700,43.338089599609376,-4.274738788604736,9.540233612060547,0.5922232866287231
1741033248513192700,43.34819262695312,-4.6284308433532715,7.510220527648926,0.3474355936050415
1741033248523295700,43.358295654296874,-3.4741969108581543,3.708254814147949,-0.3827962875366211
1741033248533398300,43.368398193359376,-2.2971322536468506,0.7138814926147461,-0.6881527304649353
1741033248543500800,43.37850073242188,-1.3849177360534668,-1.1971302032470703,-0.7208614349365234
1741033248553603300,43.38860327148438,-0.6912590861320496,-2.066147804260254,-0.4610767364501953
1741033248563706000,43.3987060546875,-0.22137156128883362,-1.873629093170166,0.11662757396697998
1741033248573809400,43.40880932617188,0.3522825837135315,-0.21519184112548828,1.6765220165252686
1741033248583912200,43.418912109375,1.9430181980133057,2.153803825378418,3.7404072284698486
1741033248594014700,43.4290146484375,3.1389973163604736,3.978120803833008,5.7644362449646
1741033248604117200,43.4391171875,2.71331524848938,4.316211700439453,6.7475972175598145
1741033248614220000,43.449219970703126,1.4595069885253906,3.013254165649414,6.0094404220581055
1741033248624323300,43.4593232421875,0.22502297163009644,1.4367780685424805,4.753386974334717
1741033248634425900,43.46942578125,-0.37477999925613403,0.30922794342041016,3.901684045791626
1741033248644528600,43.479528564453126,-0.7784085273742676,-0.4177513122558594,3.3334429264068604
1741033248654631200,43.48963110351563,-1.1498184204101562,-0.9789094924926758,2.948040723800659
1741033248664734200,43.49973413085937,-1.5253896713256836,-1.4327154159545898,2.735713481903076
1741033248674944500,43.50994458007813,-1.7197637557983398,-2.0164365768432617,2.3124773502349854
1741033248685250000,43.52025,-1.6559184789657593,-2.7276740074157715,1.5254617929458618
1741033248695554800,43.53055493164062,-1.1475430727005005,-3.3235206604003906,0.8024572134017944
1741033248705732600,43.54073266601562,-0.3107743263244629,-3.706371307373047,0.27960503101348877
1741033248715842300,43.55084228515625,0.5179125070571899,-3.880222797393799,-0.10955286026000977
1741033248725945000,43.56094506835937,1.4093821048736572,-4.120603084564209,-0.37871360778808594
1741033248736047600,43.571047607421875,1.6983948945999146,-4.334115028381348,-0.5419409275054932
1741033248746150100,43.581150146484376,1.4328739643096924,-4.603034973144531,-0.6991901993751526
1741033248756253000,43.5912529296875,0.8795886039733887,-4.818722248077393,-0.8005685806274414
1741033248766355700,43.60135571289062,0.46738219261169434,-4.902510643005371,-0.8609591722488403
1741033248776459000,43.611458984375,0.12017083168029785,-4.871612548828125,-0.9975942969322205
1741033248786561500,43.6215615234375,-0.2833840847015381,-4.8524861335754395,-1.1424213647842407
1741033248796664000,43.6316640625,-0.5196118354797363,-4.79908561706543,-1.242527723312378
1741033248806766600,43.6417666015625,-0.5860633850097656,-4.659734725952148,-1.2354557514190674
1741033248816869600,43.65186962890625,-0.5719306468963623,-4.472383499145508,-1.089463233947754
1741033248826972700,43.66197265625,-0.42234158515930176,-4.283720016479492,-0.9291673898696899
1741033248837075500,43.672075439453124,-0.32425737380981445,-4.113525867462158,-0.8830596804618835
1741033248847178000,43.682177978515625,-0.21500849723815918,-3.823925495147705,-0.8189935684204102
1741033248857280500,43.692280517578126,-0.1562635898590088,-3.3473567962646484,-0.5824565291404724
1741033248867383300,43.70238330078125,-0.19029521942138672,-2.8562307357788086,-0.4268779754638672
1741033248877486600,43.712486572265625,-0.16721487045288086,-2.2318310737609863,-0.2791860103607178
1741033248887589000,43.722589111328126,0.09080767631530762,-1.3482356071472168,-0.09724617004394531
1741033248897692000,43.73269189453125,0.24326634407043457,-0.16902446746826172,0.15392398834228516
1741033248907794400,43.74279443359375,0.22300958633422852,1.1544160842895508,0.4070378541946411
1741033248917897000,43.75289697265625,-0.06680917739868164,2.3540525436401367,0.3617459535598755
1741033248927999700,43.762999755859376,-0.964452862739563,3.3772382736206055,-0.032691240310668945
1741033248938103300,43.77310327148437,-0.6742293834686279,4.365660667419434,-1.06895112991333
1741033248948205800,43.783205810546875,1.8864424228668213,4.979975700378418,-3.27085018157959
1741033248958308400,43.793308349609376,5.256615161895752,5.2579145431518555,-5.2784810066223145
1741033248968411100,43.8034111328125,5.9791107177734375,5.682827949523926,-5.44611930847168
1741033248978609200,43.813609130859376,4.076596260070801,5.911991119384766,-3.1033010482788086
1741033248988914400,43.82391455078125,4.757107734680176,6.265933036804199,-1.2139955759048462
1741033248999219200,43.83421923828125,8.364075660705566,6.663148880004883,0.7275179624557495
1741033249009407500,43.844407470703125,10.387060165405273,4.663898468017578,2.535268545150757
1741033249019518700,43.854518798828124,4.3798828125,4.19150447845459,3.0752007961273193
1741033249029622000,43.8646220703125,-0.09198737144470215,4.171398162841797,2.843407154083252
1741033249039724800,43.87472485351562,-2.3682615756988525,3.511465072631836,2.7617368698120117
1741033249049827300,43.884827392578124,-3.7966244220733643,2.4270458221435547,3.0964255332946777
1741033249059930000,43.89493017578125,-4.671581268310547,1.6068391799926758,3.5097739696502686
1741033249070032600,43.90503271484375,-5.28758430480957,1.6440238952636719,3.8367342948913574
1741033249080135400,43.91513549804687,-5.132011890411377,2.1036767959594727,3.958892345428467
1741033249090238700,43.92523876953125,-4.176034927368164,2.791905403137207,3.92941951751709
1741033249100341200,43.93534130859375,-2.1679463386535645,2.9783401489257812,3.217775344848633
1741033249110444000,43.94544409179687,-0.4551811218261719,3.0680999755859375,2.6207809448242188
1741033249120546600,43.955546630859374,0.8735270500183105,2.8181400299072266,2.145785331726074
1741033249130649000,43.965649169921875,1.404404878616333,2.304187774658203,1.4300203323364258
1741033249140752100,43.97575219726563,0.875654935836792,1.473496437072754,0.5538272857666016
1741033249150855200,43.985855224609374,-0.15805888175964355,0.5833501815795898,-0.20723628997802734
1741033249160957700,43.995957763671875,-0.9296181201934814,-0.27228832244873047,-0.7899479269981384
1741033249171060500,44.006060546875,-1.1874479055404663,-0.9373455047607422,-1.0155636072158813
1741033249181163000,44.0161630859375,-1.2514389753341675,-1.6007838249206543,-1.081173300743103
1741033249191265500,44.026265625,-1.3646094799041748,-2.3545279502868652,-1.1540108919143677
1741033249201368800,44.036368896484376,-1.4861867427825928,-3.0283002853393555,-1.172982096672058
1741033249211471600,44.0464716796875,-1.7159254550933838,-3.8008861541748047,-1.196109652519226
1741033249221574100,44.05657421875,-1.822022557258606,-4.346185684204102,-0.9717988967895508
1741033249231677000,44.066677001953124,-1.7011690139770508,-4.5622053146362305,-0.5878491997718811
1741033249241779500,44.076779541015625,-1.467202067375183,-4.542236328125,-0.23692047595977783
1741033249251882200,44.08688232421875,-1.331261396408081,-4.42421293258667,0.022531747817993164
1741033249261985500,44.096985595703124,-1.1165761947631836,-4.370687961578369,0.09649074077606201
1741033249272088000,44.107088134765625,-0.7943565845489502,-4.386989593505859,0.04906892776489258
1741033249282190600,44.11719067382813,-0.40984857082366943,-4.334354400634766,-0.0008467435836791992
1741033249292293400,44.12729345703125,-0.03380310535430908,-4.251492500305176,-0.0811692476272583
1741033249302396000,44.13739599609375,0.33356285095214844,-4.118910312652588,-0.18028903007507324
1741033249312499000,44.1474990234375,0.5863741040229797,-3.8457512855529785,-0.29651927947998047
1741033249322602000,44.15760205078125,0.6852194666862488,-3.351973056793213,-0.30653947591781616
1741033249332704500,44.16770458984375,0.8508546352386475,-2.747347831726074,-0.3347618579864502
1741033249342807000,44.17780712890625,0.990293025970459,-2.1417603492736816,-0.36108672618865967
1741033249352909800,44.187909912109376,1.1736540794372559,-1.6297860145568848,-0.4343067407608032
1741033249363012400,44.19801245117188,1.3061561584472656,-1.115804672241211,-0.49764370918273926
1741033249373116000,44.208115966796875,1.3936080932617188,-0.5546369552612305,-0.4412221312522888
1741033249383218400,44.218218505859376,1.5310477018356323,-0.029419898986816406,-0.5084444880485535
1741033249393321000,44.22832104492188,1.6625988483428955,0.49649810791015625,-0.7372757196426392
1741033249403423500,44.23842358398438,1.6961643695831299,0.896336555480957,-0.9976150989532471
1741033249413526300,44.2485263671875,1.7274401187896729,1.2156600952148438,-1.2895338535308838
1741033249423629000,44.258629150390625,1.8357956409454346,1.6093559265136719,-1.5092440843582153
1741033249433732400,44.268732421875,1.7993335723876953,1.8692941665649414,-1.8576589822769165
1741033249443835000,44.2788349609375,1.5965222120285034,2.1812963485717773,-2.15020489692688
1741033249453937400,44.2889375,1.4877393245697021,2.487391471862793,-2.3879756927490234
1741033249464040000,44.2990400390625,1.424636960029602,2.758927345275879,-2.48909592628479
1741033249474142700,44.30914282226563,1.1575915813446045,3.0318994522094727,-2.5129268169403076
1741033249484245800,44.31924584960937,0.7143604159355164,3.266068458557129,-2.525034189224243
1741033249494348800,44.32934887695313,0.3457798659801483,3.4632091522216797,-2.560905933380127
1741033249504451300,44.33945141601563,-0.09201088547706604,4.008543014526367,-2.3602495193481445
1741033249514553900,44.34955395507812,-0.593887209892273,5.0810394287109375,-1.9870840311050415
1741033249524656400,44.35965649414062,-1.4642138481140137,6.674957275390625,-1.4346013069152832
1741033249534759200,44.36975927734375,-2.025747537612915,7.977627754211426,-0.6899482011795044
1741033249544862500,44.37986254882812,-2.3783273696899414,8.450211524963379,-0.0971379280090332
1741033249554965200,44.38996533203125,-1.8604356050491333,6.591274261474609,-0.2888861894607544
1741033249565067800,44.40006787109375,-1.2334067821502686,3.754471778869629,-0.30869096517562866
1741033249575170300,44.41017041015625,-0.8019019365310669,1.0746965408325195,-0.4487352967262268
1741033249585273000,44.42027319335938,-0.8139591217041016,-0.8209257125854492,-0.5029200911521912
1741033249595375900,44.4303759765625,-0.9898704290390015,-1.5667142868041992,-0.273908793926239
1741033249605479000,44.44047900390625,-1.1566892862319946,-0.973480224609375,0.37920045852661133
1741033249615581700,44.45058178710938,-0.7565517425537109,0.6342411041259766,1.5619378089904785
1741033249625684200,44.46068432617187,0.1420276165008545,2.524646759033203,3.4474735260009766
1741033249635786800,44.47078686523437,1.0242804288864136,3.8842639923095703,5.618722915649414
1741033249645889500,44.4808896484375,1.5212292671203613,3.52337646484375,6.940486907958984
1741033249655992600,44.49099267578125,1.3470954895019531,1.9210577011108398,6.442479133605957
1741033249666095400,44.50109545898437,0.9502747058868408,0.5933351516723633,5.481021404266357
1741033249676198100,44.5111982421875,0.4178889989852905,-0.39321136474609375,4.70402193069458
1741033249686300700,44.52130078125,0.022064208984375,-1.2447776794433594,4.176945686340332
1741033249696403200,44.5314033203125,-0.3972854018211365,-2.212409019470215,3.7141313552856445
1741033249706506000,44.54150610351562,-0.6872015595436096,-3.1027307510375977,3.2108068466186523
1741033249716608500,44.5516083984375,-1.022292971611023,-4.00764274597168,2.4922666549682617
1741033249726711800,44.5617119140625,-1.417860507965088,-4.647876739501953,1.5642876625061035
1741033249736814600,44.57181469726562,-2.2213892936706543,-4.7609992027282715,0.6707262992858887
1741033249746917000,44.581917236328124,-2.637389659881592,-4.688769817352295,0.00431513786315918
1741033249757019600,44.59201953125,-1.965844988822937,-4.854743480682373,-0.46876418590545654
1741033249767122700,44.60212280273438,-0.9931960105895996,-5.056604385375977,-0.6227407455444336
1741033249777321200,44.6123212890625,-0.2939271926879883,-5.0794878005981445,-0.531844437122345
1741033249787626800,44.62262670898438,0.45983338356018066,-4.895205020904541,-0.24070286750793457
1741033249797931500,44.632931640625,0.9345977306365967,-4.617727279663086,-0.08824789524078369
1741033249808119000,44.643119140625,1.109919548034668,-4.439069747924805,-0.2682638168334961
1741033249818230800,44.653230712890625,1.0912914276123047,-4.337374687194824,-0.5364046096801758
1741033249828333600,44.66333349609375,1.0519468784332275,-4.420293807983398,-0.8349594473838806
1741033249838436400,44.67343627929687,1.0140440464019775,-4.597162246704102,-1.0641404390335083
1741033249848539000,44.683538818359374,1.1539363861083984,-4.732685565948486,-1.2470271587371826
1741033249858641400,44.693641357421875,1.0886743068695068,-4.610952377319336,-1.2871564626693726
1741033249868744000,44.703743896484376,1.1490952968597412,-4.153700351715088,-1.1353193521499634
1741033249878846700,44.7138466796875,1.1374738216400146,-3.585749626159668,-0.8936684727668762
1741033249888950000,44.723949951171875,0.9178392887115479,-2.9598188400268555,-0.681877613067627
1741033249899052800,44.734052734375,0.7130250930786133,-2.2984228134155273,-0.4899635910987854
1741033249909155300,44.7441552734375,0.4551835060119629,-1.6743979454040527,-0.2966623902320862
1741033249919257900,44.7542578125,0.3272206783294678,-0.935546875,-0.05104398727416992
1741033249929360600,44.764360595703124,0.36783909797668457,-0.02152252197265625,0.1298060417175293
1741033249939463700,44.77446362304688,0.6336054801940918,0.8758926391601562,0.21671712398529053
1741033249949566500,44.78456640625,0.3055238723754883,1.7874116897583008,0.2576636075973511
1741033249959669200,44.794669189453124,-1.0342170000076294,2.5677003860473633,0.31559836864471436
1741033249969771800,44.804771728515625,-2.2750515937805176,3.233950614929199,0.1411229372024536
1741033249979874300,44.814874267578126,-2.235999345779419,3.625274658203125,-0.6452039480209351
1741033249989977000,44.82497705078125,-0.6081811189651489,3.8523054122924805,-2.4337024688720703
1741033250000079600,44.83507958984375,1.1736011505126953,3.9117746353149414,-4.8141188621521
1741033250010183000,44.84518286132813,1.7275314331054688,4.261379241943359,-6.010015487670898
1741033250020285700,44.85528564453125,1.8600809574127197,4.780505180358887,-5.1637773513793945
1741033250030388200,44.86538818359375,3.9326953887939453,4.801395416259766,-3.417123556137085
1741033250040490800,44.87549072265625,7.96786642074585,3.719745635986328,-1.525566816329956
1741033250050593500,44.885593505859376,11.505410194396973,2.8400983810424805,-0.011374294757843018
1741033250060696300,44.8956962890625,12.483840942382812,2.9210710525512695,1.5984536409378052
1741033250070799400,44.90579931640625,8.173255920410156,3.4493656158447266,2.1282989978790283
1741033250080902100,44.915902099609376,4.081123352050781,3.989954948425293,2.044311761856079
1741033250091004700,44.92600463867188,0.44750237464904785,3.5579423904418945,0.8024463653564453
1741033250101107200,44.93610717773438,-2.3635733127593994,2.4201040267944336,0.14855867624282837
1741033250111210000,44.9462099609375,-3.3796727657318115,1.3896961212158203,0.9698057174682617
1741033250121312500,44.9563125,-3.8916068077087402,1.289865493774414,2.8466877937316895
1741033250131415800,44.96641577148438,-3.6764421463012695,1.8758020401000977,4.460262775421143
1741033250141518600,44.9765185546875,-3.7245988845825195,2.805328369140625,5.94120979309082
1741033250151621000,44.98662109375,-4.055014610290527,3.394695281982422,6.347042083740234
1741033250161723600,44.9967236328125,-4.5777974128723145,3.4704723358154297,5.716994762420654
1741033250171826400,45.00682641601563,-4.746164321899414,3.478830337524414,4.687065124511719
1741033250181929000,45.01692895507812,-4.321612358093262,3.3755292892456055,3.651324510574341
1741033250192031700,45.02703173828125,-3.580084800720215,2.645810127258301,2.6463847160339355
1741033250202135000,45.03713500976563,-2.876542806625366,1.7221412658691406,1.8570199012756348
1741033250212237600,45.04723754882812,-2.684490919113159,1.045090675354004,1.2246677875518799
1741033250222340000,45.05734008789062,-2.221796751022339,0.2517576217651367,0.6198513507843018
1741033250232443000,45.06744287109375,-2.0003113746643066,-0.4370079040527344,0.03532218933105469
1741033250242545400,45.07754541015625,-2.013728380203247,-1.0111455917358398,-0.4242292046546936
1741033250252648000,45.08764794921875,-2.125988483428955,-1.4481000900268555,-0.6432703733444214
1741033250262751000,45.0977509765625,-2.19486141204834,-1.853795051574707,-0.6159629821777344
1741033250272854000,45.10785400390625,-2.0957484245300293,-2.305455207824707,-0.44003546237945557
1741033250282956500,45.11795654296875,-1.809962511062622,-2.9561514854431152,-0.3427170515060425
1741033250293059300,45.12805932617187,-1.422914981842041,-3.6849923133850098,-0.43011996150016785
1741033250303161900,45.13816186523437,-0.9474014043807983,-4.393784523010254,-0.6495809555053711
1741033250313264400,45.148264404296874,-0.47596609592437744,-4.994095802307129,-0.8058591485023499
1741033250323368000,45.15836791992187,-0.057478904724121094,-5.422640323638916,-0.8187546133995056
1741033250333470500,45.16847045898437,0.2150951623916626,-5.3989152908325195,-0.6639608144760132
1741033250343573200,45.1785732421875,0.2672215700149536,-5.045109748840332,-0.5371608138084412
1741033250353675800,45.18867578125,0.14543592929840088,-4.5435638427734375,-0.41727009415626526
1741033250363778300,45.1987783203125,0.12578225135803223,-4.280329704284668,-0.5147469639778137
1741033250373880800,45.208880859375,0.35883259773254395,-4.263125896453857,-0.8000444769859314
1741033250383983900,45.21898388671875,0.7990871667861938,-4.484544277191162,-1.2446962594985962
1741033250394087000,45.2290869140625,1.1679775714874268,-4.680028915405273,-1.5806578397750854
1741033250404189700,45.23918969726562,1.2347220182418823,-4.514665603637695,-1.7478525638580322
1741033250414292200,45.249292236328124,1.3906311988830566,-3.894395351409912,-1.547996997833252
1741033250424395300,45.25939526367188,1.55747389793396,-2.9115710258483887,-1.31454598903656
1741033250434617600,45.26961767578125,1.7205568552017212,-1.8447895050048828,-1.2295289039611816
1741033250444923000,45.2799228515625,1.8054254055023193,-0.6221294403076172,-1.2082903385162354
1741033250455227600,45.2902275390625,1.7951602935791016,0.5961074829101562,-1.1343305110931396
1741033250465395700,45.300395751953126,1.7401881217956543,1.567159652709961,-1.2084838151931763
1741033250475502600,45.31050268554687,1.633790135383606,2.3916406631469727,-1.2988383769989014
1741033250485605400,45.32060546875,1.6061418056488037,2.808523178100586,-1.6125279664993286
1741033250495708000,45.3307080078125,1.635298252105713,2.8831634521484375,-2.0033931732177734
1741033250505811200,45.34081127929687,1.6243129968643188,2.7582693099975586,-2.2800726890563965
1741033250515914000,45.3509140625,1.4929778575897217,2.652128219604492,-2.380760908126831
1741033250526016500,45.3610166015625,1.3520139455795288,2.868302345275879,-2.2069718837738037
1741033250536119000,45.371119140625,1.706803560256958,3.328312873840332,-2.0643529891967773
1741033250546221800,45.38122192382812,2.3169777393341064,4.040927886962891,-1.996814489364624
1741033250556324400,45.39132446289062,2.5748138427734375,4.755612373352051,-2.1283020973205566
1741033250566427400,45.401427490234376,2.5903873443603516,5.372602462768555,-2.303114175796509
1741033250576530400,45.41153051757812,2.2914352416992188,5.743631362915039,-2.34380841255188
1741033250586633000,45.42163305664062,0.8495838642120361,6.187735557556152,-1.8871678113937378
1741033250596735500,45.431735595703124,-1.0494771003723145,6.649203300476074,-1.0776431560516357
1741033250606838300,45.44183837890625,-2.6487081050872803,6.879339218139648,-0.4734995365142822
1741033250616940800,45.45194091796875,-3.2384355068206787,6.03841495513916,-0.18611812591552734
1741033250627044000,45.462044189453124,-3.051610231399536,4.109958648681641,-0.1697673797607422
1741033250637325800,45.472325927734374,-2.630173921585083,1.9847955703735352,-0.0721060037612915
1741033250647631000,45.48263110351562,-2.0599417686462402,-0.06556224822998047,-0.11213111877441406
1741033250657916200,45.49291625976562,-1.6388862133026123,-1.5338077545166016,-0.22033584117889404
1741033250668048600,45.50304858398437,-1.374312162399292,-2.290823459625244,-0.2976633310317993
1741033250678151400,45.5131513671875,-1.0005130767822266,-2.257964611053467,-0.01364445686340332
1741033250688254700,45.52325463867187,-0.1085023283958435,-0.9967479705810547,1.205297589302063
1741033250698357200,45.53335717773437,1.136802077293396,0.8364524841308594,2.874640464782715
1741033250708459800,45.543459716796875,2.141535997390747,2.396768569946289,4.594088077545166
1741033250718562600,45.5535625,2.4139792919158936,2.907076835632324,5.946539402008057
1741033250728665000,45.5636650390625,1.674046516418457,1.9210777282714844,5.54939603805542
1741033250738767600,45.573767578125,0.7076508402824402,0.9797267913818359,4.665236949920654
1741033250748871000,45.583870849609376,-0.035635173320770264,0.2400217056274414,3.8309435844421387
1741033250758973700,45.5939736328125,-0.5468041896820068,-0.2636899948120117,3.326314687728882
1741033250769076500,45.60407641601562,-0.9574750065803528,-0.9688644409179688,2.9445033073425293
1741033250779179000,45.614178955078124,-1.2862688302993774,-1.8076882362365723,2.546828508377075
1741033250789281500,45.624281494140625,-1.3080310821533203,-2.5583763122558594,2.1059765815734863
1741033250799384000,45.634384033203126,-1.8300197124481201,-3.3037562370300293,1.3622758388519287
1741033250809486800,45.64448681640625,-2.750141143798828,-3.486100673675537,0.47873902320861816
1741033250819590100,45.654590087890625,-2.7493736743927,-3.5849409103393555,-0.22808623313903809
1741033250829693000,45.66469287109375,-2.470426559448242,-3.7312941551208496,-0.6878076791763306
1741033250839795500,45.67479541015625,-1.8443586826324463,-4.026745319366455,-1.0268735885620117
1741033250849898000,45.68489794921875,-0.6260796785354614,-4.430509090423584,-1.0654001235961914
1741033250860000500,45.69500048828125,0.4285447597503662,-4.743752479553223,-0.9413328170776367
1741033250870103300,45.705103271484376,1.1258584260940552,-4.909224033355713,-0.7410755157470703
1741033250880205800,45.71520581054688,1.327849268913269,-4.824108123779297,-0.5214334726333618
1741033250890308900,45.72530883789062,1.3288557529449463,-4.786631107330322,-0.4105898141860962
1741033250900412000,45.735411865234376,1.3641865253448486,-4.754677772521973,-0.4126136898994446
1741033250910514400,45.74551440429688,1.2771470546722412,-4.751499652862549,-0.5511147975921631
1741033250920617000,45.75561694335938,1.3632607460021973,-4.811121463775635,-0.7182819843292236
1741033250930719700,45.7657197265625,1.4925146102905273,-4.829176425933838,-0.7677915692329407
1741033250940823000,45.77582299804688,1.4704244136810303,-4.51533317565918,-0.6508765816688538
1741033250951104800,45.78610473632813,1.3279352188110352,-4.017370223999023,-0.45524704456329346
1741033250961410000,45.79641015625,0.9735729694366455,-3.5154495239257812,-0.3688058853149414
1741033250971695000,45.806695068359375,0.46431708335876465,-2.9689059257507324,-0.17584562301635742
1741033250981827600,45.81682763671875,-0.01833319664001465,-2.32059907913208,-0.045938849449157715
1741033250991930000,45.82693017578125,-0.27124929428100586,-1.503612995147705,0.030002236366271973
1741033251002033000,45.83703295898437,-0.36719369888305664,-0.4770631790161133,0.1392805576324463
1741033251012136200,45.84713623046875,-0.42693471908569336,0.7077856063842773,0.2998403310775757
1741033251022239200,45.8572392578125,-0.9422427415847778,1.9636001586914062,0.38783907890319824
1741033251032437800,45.867437744140624,-1.9058839082717896,3.095656394958496,0.17670917510986328
1741033251042743000,45.87774291992187,-2.35459303855896,3.911820411682129,-0.2834089994430542
1741033251053047800,45.8880478515625,-1.5807901620864868,4.369833946228027,-1.2602224349975586
1741033251063235600,45.89823559570313,0.4967308044433594,4.428713798522949,-3.219604015350342
1741033251073346600,45.9083466796875,1.883772611618042,4.40876579284668,-4.965106964111328
1741033251083449300,45.91844946289063,2.4590466022491455,4.240215301513672,-5.33676290512085
1741033251093551900,45.9285517578125,3.8126094341278076,4.1322021484375,-4.6870198249816895
1741033251103654400,45.938654296875,7.826613426208496,2.8430023193359375,-3.7765398025512695
1741033251113757200,45.948757080078124,11.56161117553711,1.6402311325073242,-2.052690029144287
1741033251123859700,45.958859619140625,13.945425987243652,0.7569198608398438,0.03195631504058838
1741033251133963000,45.968962890625,8.969164848327637,0.9639644622802734,0.29054391384124756
1741033251144065800,45.979065673828124,4.451328277587891,1.8209562301635742,0.07076793909072876
1741033251154168300,45.989168212890625,3.0586998462677,3.09053897857666,0.5436524152755737
1741033251164270800,45.99927075195313,0.966193675994873,3.886310577392578,0.8085827827453613
1741033251174373600,46.00937353515625,-1.5468218326568604,3.9619712829589844,0.8812916874885559
1741033251184476200,46.01947607421875,-3.4616031646728516,3.967036247253418,1.1840533018112183
1741033251194578700,46.02957861328125,-4.8778181076049805,4.062941551208496,1.8732223510742188
1741033251204682000,46.03968188476563,-5.883164405822754,4.47038459777832,2.9460883140563965
1741033251214784800,46.04978466796875,-6.673390865325928,5.1083984375,4.058644771575928
1741033251224887300,46.05988720703125,-6.501221656799316,5.3413496017456055,4.559582710266113
1741033251234990000,46.069989990234376,-6.345278739929199,4.77552604675293,4.41233491897583
1741033251245092600,46.08009252929688,-6.357250213623047,3.8648223876953125,3.916464328765869
1741033251255195100,46.09019506835938,-5.35893440246582,2.854792594909668,2.906663179397583
1741033251265298000,46.1002978515625,-3.8912878036499023,2.0228805541992188,1.9118353128433228
1741033251275401200,46.11040112304688,-2.814424753189087,1.2804594039916992,1.123823881149292
1741033251285503700,46.12050366210938,-1.845158338546753,0.3858909606933594,0.5610356330871582
1741033251295606500,46.1306064453125,-1.2151826620101929,-0.5834941864013672,0.08330833911895752
1741033251305709000,46.140708984375,-1.1336348056793213,-1.392319679260254,-0.22725459933280945
1741033251315811600,46.1508115234375,-1.3622249364852905,-2.0571188926696777,-0.421331524848938
1741033251325914400,46.16091430664063,-1.49019455909729,-2.8701047897338867,-0.5638036131858826
1741033251336017000,46.17101684570312,-1.4094693660736084,-3.6726250648498535,-0.580381453037262
1741033251346120000,46.181119873046875,-1.1769537925720215,-4.400829315185547,-0.48778122663497925
1741033251356223000,46.19122290039063,-0.8987793922424316,-4.975094318389893,-0.34098386764526367
1741033251366325500,46.20132543945312,-0.6250548362731934,-5.276453971862793,-0.13776344060897827
1741033251376428000,46.21142797851562,-0.5403333902359009,-5.3486247062683105,-0.03563106060028076
1741033251386530800,46.22153076171875,-0.5043343305587769,-5.259594917297363,0.04030907154083252
1741033251396633300,46.23163330078125,-0.40259242057800293,-5.078512191772461,0.1602972149848938
1741033251406736000,46.24173583984375,-0.26970189809799194,-4.893735408782959,0.2594720125198364
1741033251416838700,46.25183862304687,-0.01112055778503418,-4.725721836090088,0.352836549282074
1741033251426942000,46.26194189453125,0.31975239515304565,-4.57102632522583,0.44906818866729736
1741033251437044500,46.27204443359375,0.615078866481781,-4.336865425109863,0.5586252808570862
1741033251447147300,46.28214721679687,0.6827967166900635,-3.974184036254883,0.575649619102478
1741033251457249800,46.29224975585937,0.6629880666732788,-3.521510601043701,0.5697446465492249
1741033251467352300,46.302352294921874,0.5514708757400513,-2.9698891639709473,0.4945507049560547
1741033251477455000,46.312455078125,0.4799376428127289,-2.2742176055908203,0.3386075496673584
1741033251487557600,46.3225576171875,0.3814021348953247,-1.5191774368286133,0.19259905815124512
1741033251497660700,46.33266064453125,0.35390612483024597,-0.7284030914306641,0.09782910346984863
1741033251507763700,46.342763671875,0.292819082736969,0.021718978881835938,0.021638035774230957
1741033251517866200,46.3528662109375,0.24688786268234253,0.6573410034179688,-0.12298834323883057
1741033251527968800,46.36296875,0.17193001508712769,1.2029895782470703,-0.35186517238616943
1741033251538071600,46.373071533203124,0.2274002879858017,1.647329330444336,-0.7464924454689026
1741033251548174000,46.383174072265625,0.32329419255256653,2.230558395385742,-1.2174084186553955
1741033251558276600,46.393276611328126,1.1790456771850586,2.586562156677246,-2.330760955810547
1741033251568379400,46.40337939453125,2.5227084159851074,2.432178497314453,-4.120521545410156
1741033251578482700,46.413482666015625,2.9046506881713867,2.7143354415893555,-4.8726115226745605
1741033251588585200,46.423585205078126,2.219784736633301,3.163084030151367,-4.561874866485596
1741033251598700800,46.43370068359375,1.2154450416564941,3.426459312438965,-3.995940685272217
1741033251609006000,46.444006103515626,0.7620710134506226,3.2863216400146484,-3.5358052253723145
1741033251619311400,46.454311279296874,1.0648765563964844,3.1105642318725586,-3.517651081085205
1741033251629567000,46.46456689453125,1.9626126289367676,3.1698265075683594,-3.6399173736572266
1741033251639693000,46.47469311523437,2.5119473934173584,3.7173681259155273,-3.354820728302002
1741033251649795800,46.4847958984375,2.1089463233947754,4.6979169845581055,-2.544700860977173
1741033251659898400,46.4948984375,0.5219596028327942,6.076888084411621,-1.181748867034912
1741033251670001000,46.5050009765625,-0.6747055649757385,7.0970964431762695,0.027315378189086914
1741033251680103700,46.51510375976562,-1.6775615215301514,6.903912544250488,0.3048126697540283
1741033251690206200,46.525206298828124,-1.9609321355819702,4.911435127258301,-0.35085415840148926
1741033251700309500,46.5353095703125,-1.8308932781219482,2.4589080810546875,-1.0029994249343872
1741033251710412300,46.54541235351562,-1.769152045249939,0.6325178146362305,-1.3738881349563599
1741033251720514800,46.555514892578124,-1.7144660949707031,-0.2857551574707031,-1.4674102067947388
1741033251730618000,46.5656181640625,-1.6522083282470703,-0.35108375549316406,-1.2530109882354736
1741033251740911900,46.575911865234374,-1.1805503368377686,0.6198225021362305,-0.33589357137680054
1741033251751217200,46.58621704101562,-0.5036843419075012,2.3807754516601562,1.7187548875808716
1741033251761492200,46.5964921875,0.07669579982757568,4.075343132019043,4.32750940322876
1741033251771622700,46.60662255859375,0.8261187672615051,4.712791442871094,7.189720630645752
1741033251781725200,46.61672509765625,1.2805980443954468,3.522552490234375,8.554527282714844
1741033251791828000,46.62682788085937,1.3619322776794434,1.6496248245239258,7.648445129394531
1741033251801930500,46.636930419921875,1.1730186939239502,0.2848339080810547,6.204010486602783
1741033251812033000,46.647032958984376,0.7587966918945312,-0.7400493621826172,4.971426963806152
1741033251822135800,46.6571357421875,-0.0010538697242736816,-1.7099981307983398,4.110843658447266
1741033251832238800,46.66723876953125,-0.7797858715057373,-2.5817627906799316,3.2552099227905273
1741033251842342000,46.677341796875,-1.4216082096099854,-3.2145423889160156,2.322999954223633
1741033251852444400,46.6874443359375,-2.5634078979492188,-3.4438886642456055,1.3431646823883057
1741033251862547000,46.697546875,-3.571791887283325,-3.256410598754883,0.40834033489227295
1741033251872649500,46.7076494140625,-3.4759438037872314,-3.2408628463745117,-0.3718335032463074
1741033251882752300,46.717752197265625,-2.471494197845459,-3.5429043769836426,-0.8852567672729492
1741033251892854800,46.727854736328126,-1.066417932510376,-3.9574127197265625,-0.9773639440536499
1741033251902957600,46.73795751953125,-0.05422168970108032,-4.224654197692871,-0.7557996511459351
1741033251913060900,46.748060791015625,0.4278446435928345,-4.494259357452393,-0.5963840484619141
1741033251923163400,46.758163330078126,0.7855703830718994,-4.715325832366943,-0.42791682481765747
1741033251933266000,46.76826586914063,1.1311081647872925,-4.895482063293457,-0.26491808891296387
1741033251943368700,46.77836865234375,1.3001450300216675,-4.921807289123535,-0.08083558082580566
1741033251953471200,46.78847119140625,1.5739567279815674,-4.949750900268555,-0.046999454498291016
1741033251963573800,46.79857373046875,1.7347512245178223,-4.984553813934326,-0.08291661739349365
1741033251973676500,46.80867651367188,1.7640624046325684,-4.984905242919922,-0.17949771881103516
1741033251983779000,46.81877905273438,1.703439712524414,-4.899795055389404,-0.26748180389404297
1741033251993882000,46.828882080078124,1.6111900806427002,-4.692084312438965,-0.25139689445495605
1741033252003985200,46.83898510742188,1.4576544761657715,-4.351881504058838,-0.13789892196655273
1741033252014087700,46.84908764648438,1.273017406463623,-3.946991443634033,-0.009040474891662598
1741033252024190200,46.85919018554687,1.0877950191497803,-3.523343563079834,0.11532187461853027
1741033252034293000,46.86929296875,0.8754725456237793,-3.058053970336914,0.23450171947479248
1741033252044395500,46.8793955078125,0.6857726573944092,-2.4257335662841797,0.3933889865875244
1741033252054498000,46.889498046875,0.5223398208618164,-1.6278467178344727,0.5060360431671143
1741033252064600800,46.89960083007813,0.03763103485107422,-0.6303462982177734,0.6477797627449036
1741033252074704100,46.9097041015625,-0.5470174551010132,0.3320903778076172,0.7213438749313354
1741033252084806700,46.919806640625,-1.0559818744659424,1.1021947860717773,0.4316125512123108
1741033252094909400,46.92990942382813,-1.4882844686508179,1.5532722473144531,-0.18161940574645996
1741033252105012000,46.94001196289062,-1.654274821281433,2.0239429473876953,-1.0564314126968384
1741033252115114500,46.950114501953124,-0.7703239917755127,2.567829132080078,-2.5908637046813965
1741033252125217500,46.96021752929688,0.797553300857544,2.6052427291870117,-4.170688152313232
1741033252135416000,46.970416015625,1.3422808647155762,2.3115310668945312,-4.675809860229492
1741033252145721600,46.9807216796875,1.869732141494751,2.1636276245117188,-4.601248741149902
1741033252156026400,46.9910263671875,3.6505956649780273,2.219174385070801,-5.015299320220947
1741033252166214000,47.0012138671875,5.450675964355469,3.0756988525390625,-4.250497817993164
1741033252176325000,47.0113251953125,8.2283935546875,4.427763938903809,-1.9698867797851562
1741033252186427600,47.021427734375,11.955020904541016,5.157075881958008,-0.11787552386522293
1741033252196530200,47.0315302734375,11.591730117797852,5.692780494689941,1.1854431629180908
1741033252206633000,47.04163305664063,7.312648773193359,5.570718765258789,0.9188651442527771
1741033252216736300,47.051736328125,3.1864659786224365,4.686834335327148,-0.20831668376922607
1741033252226838800,47.0618388671875,0.7799594402313232,3.3181724548339844,-0.2851297855377197
1741033252236941600,47.07194165039063,-0.19836926460266113,2.0812835693359375,0.5117176175117493
1741033252247044000,47.08204418945313,-0.1692800521850586,1.609419822692871,1.9699914455413818
1741033252257146600,47.09214672851562,0.07814931869506836,2.053898811340332,3.5512492656707764
1741033252267249400,47.10224951171875,-0.09277856349945068,3.274503707885742,5.008297920227051
1741033252277352000,47.11235205078125,-0.6854605674743652,4.751303672790527,6.508540153503418
1741033252287455000,47.122455078125,-2.0052409172058105,5.573276519775391,7.188691139221191
1741033252297558000,47.13255810546875,-3.071929931640625,5.313459396362305,6.32370662689209
1741033252307660500,47.14266064453125,-3.6863698959350586,4.492983818054199,4.862135410308838
1741033252317763000,47.15276318359375,-3.423823833465576,3.2356090545654297,3.2428386211395264
1741033252327865900,47.16286596679687,-2.819150924682617,1.4882755279541016,1.957788348197937
1741033252337968400,47.17296850585937,-2.651646852493286,-0.23667621612548828,1.2001984119415283
1741033252348071000,47.18307080078125,-2.6824865341186523,-1.6660842895507812,0.8575396537780762
1741033252358173700,47.193173583984375,-2.698657274246216,-2.6844987869262695,0.6960300207138062
1741033252368276200,47.20327612304688,-3.0168843269348145,-3.2499146461486816,0.727252721786499
1741033252378379500,47.213379638671874,-3.7099087238311768,-3.4746594429016113,0.9955883026123047
1741033252388482300,47.223482421875,-5.53273868560791,-3.3358778953552246,1.604493260383606
1741033252398584800,47.23358471679688,-8.286931991577148,-2.566143035888672,2.7718658447265625
1741033252408687600,47.2436875,-9.827005386352539,-1.99873685836792,3.6710216999053955
1741033252418790700,47.253790771484375,-9.98365592956543,-2.1776180267333984,3.5221595764160156
1741033252428964400,47.26396435546875,-8.83520221710205,-3.2187962532043457,2.6669371128082275
1741033252439269600,47.27426953125,-6.78983736038208,-4.230881214141846,1.8434839248657227
1741033252449574700,47.28457470703125,-5.352321624755859,-5.1248779296875,1.252801537513733
1741033252459782100,47.2947822265625,-3.9248008728027344,-5.879649639129639,0.5883439183235168
1741033252469898000,47.30489794921875,-3.272254467010498,-6.080585479736328,0.25148606300354004
1741033252480000500,47.31500048828125,-2.327908754348755,-6.113635063171387,-0.15053912997245789
1741033252490103000,47.32510302734375,-1.3109397888183594,-5.851043701171875,-0.494773268699646
1741033252500205800,47.335205810546874,-0.38187170028686523,-5.461845397949219,-1.0147079229354858
1741033252510308400,47.345308349609375,2.2629802227020264,-5.29488468170166,-2.120849132537842
1741033252520411600,47.35541162109375,5.766544342041016,-4.813932418823242,-3.0668601989746094
1741033252530527200,47.36552734375,7.752769947052002,-3.151052474975586,-2.1603007316589355
1741033252540832500,47.37583251953125,8.239213943481445,-1.1255970001220703,-0.613255500793457
1741033252551137800,47.3861376953125,7.152450084686279,0.13344669342041016,0.3146536350250244
1741033252561393400,47.39639331054688,5.213044166564941,0.28439903259277344,0.1787877082824707
1741033252571518700,47.406518798828124,3.470686435699463,-0.11657238006591797,-0.5560734272003174
1741033252581621800,47.41662182617188,2.40124773979187,-0.4004487991333008,-1.3751534223556519
1741033252591724800,47.42672485351562,2.3016481399536133,-0.05921173095703125,-1.8524198532104492
1741033252601827300,47.436827392578124,3.1481082439422607,0.5919704437255859,-2.035595655441284
1741033252611930000,47.44693017578125,4.37568473815918,1.2668218612670898,-2.074861526489258
1741033252622032600,47.45703271484375,4.965278625488281,1.8068199157714844,-2.103386640548706
1741033252632135200,47.46713525390625,4.933430194854736,2.070871353149414,-2.2557804584503174
1741033252642238000,47.47723803710937,4.545541763305664,2.29927921295166,-2.287665843963623
1741033252652340500,47.487340576171874,2.942007064819336,2.335005760192871,-1.9846866130828857
1741033252662443000,47.497443115234375,2.401447296142578,2.425421714782715,-1.4853435754776
1741033252672546600,47.50754663085937,3.776583671569824,2.684880256652832,-0.9800093173980713
1741033252682649000,47.517649169921874,2.9603466987609863,3.1258697509765625,-0.5224502086639404
1741033252692751600,47.527751708984376,1.863704800605774,3.6743831634521484,-0.2875685691833496
1741033252702854400,47.5378544921875,0.6771165132522583,4.5610551834106445,-0.7803024053573608
1741033252712957000,47.54795703125,-0.12239092588424683,5.559974670410156,-1.110814094543457
1741033252723059700,47.558059814453124,-1.2336034774780273,6.467320442199707,-1.0193403959274292
1741033252733234700,47.568234619140625,-2.3166608810424805,7.051207542419434,-0.6913816332817078
1741033252743540000,47.5785400390625,-3.2863214015960693,6.7753400802612305,-0.18233722448349
1741033252753845000,47.58884497070313,-3.3361897468566895,4.630953788757324,-0.3240143060684204
1741033252764052000,47.599052001953126,-2.6913301944732666,1.9275808334350586,-0.6227649450302124
1741033252774167300,47.609167236328126,-2.1357271671295166,-0.1707620620727539,-0.718198299407959
1741033252784270000,47.61927001953125,-1.9795372486114502,-1.3539438247680664,-0.8722797632217407
1741033252794372600,47.62937255859375,-1.7337183952331543,-1.3640098571777344,-0.784843921661377
1741033252804475100,47.63947509765625,-1.2904329299926758,-0.08644390106201172,-0.22425639629364014
1741033252814578000,47.649577880859376,-0.6160860657691956,1.9477195739746094,1.1431303024291992
1741033252824681200,47.65968115234375,0.13790547847747803,3.8643999099731445,3.2493326663970947
1741033252834783700,47.66978369140625,1.1875653266906738,4.800575256347656,5.585651397705078
1741033252844886500,47.679886474609376,1.7704250812530518,4.081951141357422,6.880234718322754
1741033252854989000,47.68998901367188,1.6880429983139038,1.9748735427856445,6.298126220703125
1741033252865091600,47.70009155273438,1.212890863418579,0.29758453369140625,5.22216272354126
1741033252875194400,47.7101943359375,0.3684830665588379,-0.6101808547973633,4.429915904998779
1741033252885297000,47.720296875,-0.3965091109275818,-1.2101564407348633,3.941178560256958
1741033252895400000,47.73039990234375,-1.1761935949325562,-1.8668828010559082,3.6104204654693604
1741033252905598500,47.74059838867188,-1.887470006942749,-2.5665316581726074,3.239806652069092
1741033252915903700,47.75090380859375,-2.784933567047119,-3.3062243461608887,2.4986391067504883
1741033252926078500,47.76107836914063,-4.047024726867676,-3.588348865509033,1.3877663612365723
1741033252936312600,47.7713125,-4.522572040557861,-3.7815775871276855,0.4375882148742676
1741033252946499600,47.78149951171875,-3.8190605640411377,-4.160182476043701,-0.32402288913726807
1741033252956610600,47.791610595703126,-2.1989195346832275,-4.709676742553711,-0.8752038478851318
1741033252966713000,47.80171313476563,-0.5476266145706177,-5.145087718963623,-1.107367753982544
1741033252976815900,47.81181591796875,0.5785611867904663,-5.312918186187744,-0.9846904873847961
1741033252986918400,47.82191845703125,1.1012654304504395,-5.346096515655518,-0.6477841734886169
1741033252997021000,47.83202099609375,1.2436797618865967,-5.303135871887207,-0.47193199396133423
1741033253007123700,47.84212377929688,1.3717361688613892,-5.3272294998168945,-0.4296988844871521
1741033253017226200,47.85222631835938,1.6482150554656982,-5.359044551849365,-0.4774059057235718
1741033253027328800,47.86232885742187,1.9675891399383545,-5.2413458824157715,-0.5689492225646973
1741033253037431800,47.872431884765625,2.2853167057037354,-5.080149173736572,-0.5989595651626587
1741033253047534800,47.88253491210938,2.446636915206909,-4.84187650680542,-0.5051342248916626
1741033253057637400,47.89263745117187,2.595341444015503,-4.460398197174072,-0.36903542280197144
1741033253067740200,47.902740234375,2.5995161533355713,-4.00919246673584,-0.2841131091117859
1741033253077842700,47.9128427734375,2.369166851043701,-3.5376739501953125,-0.2779872417449951
1741033253087945200,47.9229453125,2.1296708583831787,-3.011557102203369,-0.27687525749206543
1741033253098048500,47.93304858398437,1.7289509773254395,-2.4626073837280273,-0.2413453459739685
1741033253108150800,47.94315087890625,1.5584301948547363,-1.9189453125,-0.18247151374816895
1741033253118253000,47.953253173828124,1.4364614486694336,-1.2016305923461914,-0.09783816337585449
1741033253128355800,47.96335595703125,1.238308072090149,-0.2844228744506836,0.1303236484527588
1741033253138649300,47.9736494140625,1.0335389375686646,0.7103061676025391,0.3143291473388672
1741033253148954400,47.983954345703125,0.7863537073135376,1.719573974609375,0.3642655611038208
1741033253159230000,47.99422998046875,0.36933863162994385,2.55037784576416,0.25479233264923096
1741033253169361000,48.00436083984375,0.0048590898513793945,3.1945247650146484,-0.09352892637252808
1741033253179463400,48.01446337890625,-0.1385495662689209,3.7868080139160156,-1.044930100440979
1741033253189566200,48.02456616210937,-0.23342633247375488,4.1923065185546875,-3.221381187438965
1741033253199669000,48.0346689453125,-0.7307424545288086,3.9956674575805664,-4.727814674377441
1741033253209772300,48.04477221679687,-0.479464054107666,3.46859073638916,-3.670311450958252
1741033253219874800,48.05487475585937,0.2018742561340332,3.3873891830444336,-2.7439582347869873
1741033253229977300,48.064977294921874,2.326195478439331,3.345334053039551,-2.856339693069458
1741033253240080000,48.075079833984375,6.499862194061279,2.343234062194824,-3.277005434036255
1741033253250182700,48.0851826171875,10.517983436584473,1.5369987487792969,-2.302708864212036
1741033253260285200,48.09528515625,10.211004257202148,1.376948356628418,-1.4904839992523193
1741033253270387700,48.1053876953125,5.101114273071289,2.248551368713379,-1.0113877058029175
1741033253280490500,48.115490478515625,2.4606759548187256,3.2686681747436523,-0.23438867926597595
1741033253290593000,48.125593017578126,1.3929829597473145,4.042174339294434,0.563653826713562
1741033253300695600,48.13569555664063,-0.4540274143218994,4.498198509216309,1.3688000440597534
1741033253310799000,48.145799072265625,-1.7036151885986328,4.010190010070801,2.2775487899780273
1741033253320901600,48.155901611328126,-2.7270100116729736,2.7961740493774414,2.640292167663574
1741033253331004200,48.16600415039063,-3.2592406272888184,2.1036500930786133,3.3355255126953125
1741033253341107000,48.17610693359375,-3.588571071624756,2.3444719314575195,4.321638584136963
1741033253351209500,48.18620947265625,-3.3273839950561523,3.116543769836426,5.087680816650391
1741033253361312000,48.19631201171875,-3.45005464553833,3.997982978820801,5.416673183441162
1741033253371414800,48.206414794921876,-3.7066407203674316,4.365154266357422,5.091765880584717
1741033253381517300,48.21651733398438,-4.021814346313477,4.188997268676758,3.966393232345581
1741033253391619800,48.22661987304687,-3.980081081390381,3.5267038345336914,2.830620765686035
1741033253401723100,48.23672314453125,-3.9237003326416016,2.581724166870117,1.952430009841919
1741033253411826000,48.24682592773438,-3.6962807178497314,1.4436798095703125,1.3127895593643188
1741033253421928400,48.25692846679687,-3.4717226028442383,0.3198738098144531,0.8701316118240356
1741033253432031200,48.26703125,-3.104978322982788,-0.7713937759399414,0.43357589840888977
1741033253442133800,48.2771337890625,-2.7250823974609375,-1.6485748291015625,0.004942536354064941
1741033253452236300,48.287236328125,-2.336374282836914,-2.3760266304016113,-0.3311237096786499
1741033253462339000,48.29733911132813,-1.9087073802947998,-2.9902544021606445,-0.6009536981582642
1741033253472441600,48.30744165039062,-1.5086231231689453,-3.6070871353149414,-0.7734981775283813
1741033253482544000,48.31754418945312,-1.1736161708831787,-4.133909225463867,-0.8806297779083252
1741033253492646700,48.327646728515624,-0.8785516023635864,-4.5764384269714355,-0.920379638671875
1741033253502749700,48.33774975585938,-0.6394221186637878,-4.922630786895752,-0.8450055122375488
1741033253512852700,48.34785278320312,-0.4011372923851013,-5.096920490264893,-0.6939697265625
1741033253522955500,48.35795556640625,-0.05440986156463623,-5.0917181968688965,-0.3686477541923523
1741033253533058000,48.36805810546875,0.5127795934677124,-4.880698204040527,-0.014962255954742432
1741033253543160600,48.37816064453125,1.025848627090454,-4.599588871002197,0.13858413696289062
1741033253553263000,48.38826318359375,1.3586113452911377,-4.311299800872803,0.02505272626876831
1741033253563366000,48.398365966796874,1.51541268825531,-3.96414852142334,-0.1896612048149109
1741033253573468400,48.408468505859375,1.528632640838623,-3.686772346496582,-0.3951365351676941
1741033253583571000,48.418571044921876,1.4623907804489136,-3.403768539428711,-0.5875867605209351
1741033253593673700,48.428673828125,1.412419080734253,-3.0526232719421387,-0.7272642850875854
1741033253603776300,48.4387763671875,1.427719235420227,-2.618783473968506,-0.780627429485321
1741033253613879800,48.4488798828125,1.3751767873764038,-2.221963882446289,-0.881614625453949
1741033253623982300,48.458982421875,1.2828481197357178,-1.7730121612548828,-0.9883677363395691
1741033253634084900,48.4690849609375,1.0856271982192993,-1.2380151748657227,-1.009076714515686
1741033253644187400,48.4791875,0.8968816995620728,-0.6418552398681641,-1.0986117124557495
1741033253654290200,48.489290283203125,0.876615583896637,-0.12553977966308594,-1.2298295497894287
1741033253664392700,48.49939282226563,1.186232566833496,0.4102182388305664,-1.320147156715393
1741033253674495200,48.5094951171875,1.5990840196609497,0.8841829299926758,-1.4278414249420166
1741033253684598000,48.51959790039062,1.7078113555908203,1.2925119400024414,-1.5147298574447632
1741033253694700500,48.52970043945312,1.4412057399749756,1.6665916442871094,-1.5736231803894043
1741033253704803000,48.539802978515624,1.0499911308288574,2.0078678131103516,-1.6685516834259033
1741033253714906400,48.54990625,0.6648367643356323,2.318728446960449,-1.8839569091796875
1741033253725009200,48.56000903320312,0.6008039712905884,2.708751678466797,-2.112551689147949
1741033253735111700,48.570111572265624,0.6522704362869263,3.208662986755371,-2.04018497467041
1741033253745214500,48.58021435546875,0.33778226375579834,3.586912155151367,-1.9139020442962646
1741033253755317000,48.59031689453125,-0.13217639923095703,3.7801103591918945,-1.8586773872375488
1741033253765419500,48.60041943359375,-0.2595475912094116,3.680974006652832,-2.0357534885406494
1741033253775522300,48.61052221679687,-0.39926600456237793,3.71433162689209,-2.2827863693237305
1741033253785624800,48.620624755859374,-0.5006712079048157,4.237234115600586,-2.3983428478240967
1741033253795727400,48.630727294921876,-0.833585262298584,5.12709903717041,-2.0263853073120117
1741033253805830000,48.64082983398438,-1.8873361349105835,6.293398857116699,-1.2725653648376465
1741033253815933000,48.65093286132812,-3.2196409702301025,6.972721099853516,-0.3714427947998047
1741033253826095900,48.66109594726562,-4.1988983154296875,6.306952476501465,-0.03206956386566162
1741033253836401200,48.67140112304688,-3.846101760864258,3.6359987258911133,-0.28003501892089844
1741033253846706200,48.6817060546875,-3.5704734325408936,1.4633140563964844,0.21161943674087524
1741033253856923000,48.6919228515625,-2.891805410385132,-0.4213581085205078,0.25897401571273804
1741033253867040500,48.70204052734375,-1.9389674663543701,-1.5717849731445312,0.24337047338485718
1741033253877143000,48.71214306640625,-0.7829551100730896,-1.8574118614196777,0.28015464544296265
1741033253887245600,48.72224560546875,0.46463441848754883,-1.275069236755371,0.5482071042060852
1741033253897348400,48.73234838867187,1.742678165435791,0.21999359130859375,1.4240535497665405
1741033253907451600,48.74245166015625,3.0027413368225098,2.115227699279785,3.2094297409057617
1741033253917554400,48.75255444335937,3.2025084495544434,3.1675519943237305,4.834501266479492
1741033253927657700,48.76265771484375,2.3213231563568115,3.166049003601074,5.9078569412231445
1741033253937771500,48.772771484375,0.695534348487854,2.0383377075195312,5.673648357391357
1741033253948076800,48.78307690429688,-0.34987279772758484,0.9519548416137695,4.824303150177002
1741033253958382000,48.793382080078125,-0.5691492557525635,0.42038917541503906,3.7550101280212402
1741033253968638000,48.803637939453125,-0.8070130348205566,-0.1519489288330078,2.2501883506774902
1741033253978764300,48.813764404296876,-0.6813150644302368,-0.8061923980712891,0.514514684677124
1741033253988867300,48.82386743164062,-0.166276752948761,-1.5795717239379883,-0.6021223068237305
1741033253998970000,48.83397021484375,0.4924076795578003,-2.5894036293029785,-1.0842130184173584
1741033254009072600,48.84407275390625,1.0365211963653564,-3.500509738922119,-0.7815673351287842
1741033254019175200,48.854175048828125,1.327221155166626,-4.066378593444824,-0.27485424280166626
1741033254029277700,48.864277587890626,1.2365208864212036,-4.3922624588012695,0.03179144859313965
1741033254039380500,48.87438037109375,1.1703681945800781,-4.786523342132568,0.1495734453201294
1741033254049483000,48.88448291015625,0.9448161125183105,-5.107867240905762,0.24015498161315918
1741033254059585500,48.89458544921875,0.5044039487838745,-5.436999320983887,0.23897230625152588
1741033254069688300,48.904688232421876,-0.07559454441070557,-5.630490303039551,0.25156545639038086
1741033254079791600,48.91479150390625,-0.41454923152923584,-5.703431129455566,0.1651090383529663
1741033254089905400,48.924905517578125,-0.5302176475524902,-5.4337992668151855,0.07291579246520996
1741033254100211000,48.9352109375,-0.34412825107574463,-4.7491302490234375,0.16289114952087402
1741033254110516000,48.94551586914063,-0.20597505569458008,-3.9916162490844727,0.24571216106414795
1741033254120761300,48.95576123046875,-0.2803003787994385,-3.3381247520446777,0.3075803518295288
1741033254130876200,48.96587622070312,-0.44172370433807373,-2.6728038787841797,0.3421928882598877
1741033254141001500,48.97600146484375,-0.3168529272079468,-2.2262940406799316,0.13480758666992188
1741033254151104300,48.98610424804688,-0.2138841152191162,-2.0516762733459473,-0.1363205909729004
1741033254161206800,48.99620678710937,-0.29305052757263184,-2.1093039512634277,-0.3375067114830017
1741033254171309300,49.00630932617187,-0.434334397315979,-2.192065715789795,-0.3290712237358093
1741033254181412000,49.016412109375,-0.49326515197753906,-2.162519931793213,-0.21974241733551025
1741033254191514600,49.0265146484375,-0.387658953666687,-2.1147117614746094,-0.1348588466644287
1741033254201617200,49.0366171875,-0.27025723457336426,-1.9165329933166504,-0.17912501096725464
1741033254211719700,49.0467197265625,-0.06547379493713379,-1.1966753005981445,-0.18348240852355957
1741033254221823200,49.0568232421875,0.37215471267700195,-0.2852945327758789,-0.2878749966621399
1741033254231925800,49.06692578125,0.5441319942474365,0.8425254821777344,-0.3060828447341919
1741033254242028500,49.07702856445312,0.6707181930541992,1.8309059143066406,-0.5209037065505981
1741033254252131000,49.087131103515624,0.5450735092163086,2.497675895690918,-0.942780077457428
1741033254262233600,49.097233642578125,0.025632619857788086,3.0730037689208984,-1.5132684707641602
1741033254272336100,49.107336181640626,1.0349993705749512,3.9376630783081055,-3.167198419570923
1741033254282439000,49.11743896484375,3.07236385345459,4.3983612060546875,-5.962382793426514
1741033254292541400,49.12754150390625,3.8037545680999756,3.57419490814209,-5.610097408294678
1741033254302644000,49.13764404296875,4.080532073974609,2.739895820617676,-2.960482120513916
1741033254312746800,49.147746826171876,4.0962324142456055,2.8570404052734375,-1.4280340671539307
1741033254322849300,49.15784936523438,4.526506423950195,3.387864112854004,-0.6480222940444946
1741033254332951800,49.16795190429688,7.538908958435059,3.6550559997558594,0.2155592441558838
1741033254343055000,49.17805517578125,9.999940872192383,3.4543609619140625,0.9974479675292969
1741033254353158000,49.18815795898438,5.925807476043701,2.6982975006103516,0.5483016967773438
1741033254363260400,49.19826049804688,1.8559281826019287,3.4242610931396484,0.9355576038360596
1741033254373363200,49.20836328125,0.06128048896789551,4.556920051574707,1.802417278289795
1741033254383465700,49.2184658203125,-1.7739908695220947,4.551143646240234,2.2991669178009033
1741033254393568300,49.228568359375,-3.708782434463501,3.326251983642578,2.7035536766052246
1741033254403671000,49.23867114257813,-5.307742118835449,1.8864374160766602,3.1809303760528564
1741033254413773600,49.24877368164063,-5.596220970153809,1.1257781982421875,3.5240273475646973
1741033254423876000,49.2588759765625,-4.916377067565918,1.461629867553711,3.7737627029418945
1741033254433979000,49.26897875976562,-3.4208006858825684,2.110605239868164,3.2630980014801025
1741033254444141800,49.27914184570312,-2.1968398094177246,2.538839340209961,2.302708625793457
1741033254454447400,49.289447265625,-1.4035725593566895,3.049677848815918,2.010758876800537
1741033254464752000,49.299752197265626,-0.565455436706543,3.4104557037353516,1.9087233543395996
1741033254474969000,49.309968994140625,-0.36946558952331543,3.451186180114746,1.6488012075424194
1741033254485086700,49.32008666992188,-0.8177655935287476,2.843606948852539,1.1696823835372925
1741033254495189200,49.33018920898437,-1.5137231349945068,1.9018001556396484,0.5781912803649902
1741033254505291800,49.34029174804687,-1.9400171041488647,0.7516288757324219,-0.022740304470062256
1741033254515394300,49.350394287109374,-1.9002915620803833,-0.4516792297363281,-0.4818029999732971
1741033254525497000,49.3604970703125,-1.876874566078186,-1.4244213104248047,-0.742493748664856
1741033254535599600,49.370599609375,-1.8387166261672974,-2.198721408843994,-0.8799347877502441
1741033254545702100,49.3807021484375,-1.7444244623184204,-2.785940647125244,-0.9195650815963745
1741033254555805700,49.3908056640625,-1.6673028469085693,-3.230529308319092,-0.9338274002075195
1741033254565908200,49.400908203125,-1.6150805950164795,-3.59853458404541,-0.8334544897079468
1741033254576011000,49.41101098632812,-1.4973156452178955,-3.9034457206726074,-0.5882498621940613
1741033254586113500,49.42111352539062,-1.1512677669525146,-4.101709365844727,-0.2027711570262909
1741033254596216000,49.431216064453125,-0.770565927028656,-4.24521017074585,0.047435462474823
1741033254606318600,49.441318603515626,-0.5575115084648132,-4.326915740966797,0.18034082651138306
1741033254616421400,49.45142138671875,-0.3463413119316101,-4.320862293243408,0.17000919580459595
1741033254626524000,49.46152392578125,-0.18513897061347961,-4.357583045959473,-0.08471840620040894
1741033254636626400,49.47162646484375,0.0012846887111663818,-4.209568023681641,-0.33622726798057556
1741033254646729200,49.481729248046875,0.32968929409980774,-3.957796573638916,-0.4516029953956604
1741033254656831700,49.491831787109376,0.7032977938652039,-3.5584449768066406,-0.5208135843276978
1741033254666934300,49.50193432617188,1.1354470252990723,-3.0610857009887695,-0.5496351718902588
1741033254677036800,49.51203686523438,1.5209542512893677,-2.6004509925842285,-0.5526736974716187
1741033254687140400,49.522140380859376,1.7327940464019775,-2.1626410484313965,-0.5911746025085449
1741033254697243000,49.53224291992188,1.82481050491333,-1.8460378646850586,-0.7024654746055603
1741033254707345700,49.542345703125,1.7933686971664429,-1.6530952453613281,-0.8339933753013611
1741033254717448200,49.5524482421875,1.8103655576705933,-1.3726272583007812,-0.861221194267273
1741033254727550700,49.56255078125,1.7651909589767456,-0.8646478652954102,-0.8262919187545776
1741033254737653500,49.57265356445313,1.6158356666564941,-0.3375892639160156,-0.8722591996192932
1741033254747756000,49.58275610351563,1.652437686920166,0.20824146270751953,-0.8435126543045044
1741033254757858600,49.59285864257812,2.096158742904663,0.7554025650024414,-0.879069983959198
1741033254767961000,49.60296118164062,2.5071511268615723,1.2228012084960938,-1.1091622114181519
1741033254778064000,49.61306396484375,2.6951358318328857,1.7535829544067383,-1.2072312831878662
1741033254788166400,49.62316650390625,2.6924524307250977,2.2637100219726562,-1.3180841207504272
1741033254798269400,49.63326953125,2.2619500160217285,2.71591854095459,-1.4477627277374268
1741033254808491800,49.64349169921875,1.655031442642212,3.0260543823242188,-1.6292818784713745
1741033254818797300,49.65379736328125,0.8184130191802979,3.16263484954834,-2.0957820415496826
1741033254829101800,49.66410180664062,0.19995665550231934,3.2987823486328125,-2.561389446258545
1741033254839270000,49.67426977539063,-0.26560527086257935,3.4568681716918945,-2.9331116676330566
1741033254849376800,49.684376708984374,-0.5620623826980591,3.835552215576172,-2.9938158988952637
1741033254859479600,49.6944794921875,-1.109893798828125,4.710451126098633,-2.5546579360961914
1741033254869582000,49.70458203125,-2.4386110305786133,6.059823036193848,-1.6737926006317139
1741033254879684600,49.7146845703125,-4.1807427406311035,7.321282386779785,-0.7922118902206421
1741033254889787400,49.72478735351562,-5.637598991394043,7.628435134887695,-0.46267062425613403
1741033254899890000,49.734889892578124,-5.254436492919922,5.713264465332031,-0.6468276381492615
1741033254909992400,49.744992431640625,-3.854722023010254,2.640263557434082,-0.4951306879520416
1741033254920095500,49.75509545898438,-2.9004547595977783,0.16828250885009766,-0.24373912811279297
1741033254930198500,49.765198486328124,-2.21806001663208,-1.2045669555664062,-0.19064456224441528
1741033254940301000,49.775301025390625,-1.4870097637176514,-1.4420404434204102,-0.27553120255470276
1741033254950403800,49.78540380859375,-0.5663329362869263,-0.6752309799194336,-0.17630481719970703
1741033254960506400,49.79550634765625,0.6870505809783936,1.187173843383789,1.1095330715179443
1741033254970609000,49.80560888671875,2.1750824451446533,3.455775260925293,3.6865081787109375
1741033254980711700,49.815711669921875,3.803727626800537,4.834822654724121,6.327394962310791
1741033254990814200,49.825814208984376,4.152444839477539,4.120184898376465,7.032632827758789
1741033255000916700,49.83591674804688,2.856492519378662,2.240471839904785,6.012364387512207
1741033255011019300,49.84601928710938,1.0880131721496582,0.5601987838745117,4.954589366912842
1741033255021122000,49.8561220703125,-0.7318165302276611,-0.5767679214477539,4.132232666015625
1741033255031224600,49.866224609375,-2.4758660793304443,-1.084646224975586,3.519033670425415
1741033255041327000,49.8763271484375,-2.9410526752471924,-1.2355070114135742,2.847102642059326
1741033255051430000,49.88642993164063,-2.5251431465148926,-1.8133211135864258,1.8269331455230713
1741033255061532700,49.89653271484375,-1.8450912237167358,-2.854292392730713,0.6802864670753479
1741033255071635700,49.9066357421875,-0.45535433292388916,-3.885608673095703,-0.055267155170440674
1741033255081738500,49.91673852539063,0.9617568850517273,-4.57123327255249,-0.3859439492225647
1741033255091841000,49.92684106445312,1.7963160276412964,-4.887825965881348,-0.3976099491119385
1741033255101943600,49.93694360351562,2.4719719886779785,-5.11449670791626,-0.2507956624031067
1741033255112046300,49.94704638671875,2.7170872688293457,-5.324398040771484,-0.2073943018913269
1741033255122148900,49.95714892578125,2.462428569793701,-5.551485061645508,-0.2943098545074463
1741033255132251400,49.96725146484375,1.7225009202957153,-5.682533264160156,-0.34988051652908325
1741033255142354200,49.97735424804687,1.0359963178634644,-5.59980583190918,-0.31422972679138184
1741033255152456700,49.98745678710937,0.5758899450302124,-5.446857929229736,-0.33955061435699463
1741033255162559200,49.997559326171874,0.46097898483276367,-5.125603675842285,-0.1940022110939026
1741033255172661800,50.007661865234375,0.6171748638153076,-4.655939102172852,0.022408127784729004
1741033255182764500,50.0177646484375,0.6481964588165283,-4.286919593811035,0.14482617378234863
1741033255192867000,50.0278671875,0.5668190717697144,-3.898998737335205,0.3152822256088257
1741033255202969600,50.03796948242187,0.4991401433944702,-3.4998836517333984,0.4373435974121094
1741033255213072400,50.048072265625,0.32909536361694336,-3.2600550651550293,0.519119143486023
1741033255223175700,50.05817578125,0.053495168685913086,-3.061936855316162,0.4978914260864258
1741033255233278200,50.0682783203125,-0.14917969703674316,-2.8907389640808105,0.45479053258895874
1741033255243381000,50.078381103515625,-0.21938037872314453,-2.7001867294311523,0.40458106994628906
1741033255253483500,50.0884833984375,-0.11294424533843994,-2.3626980781555176,0.45125633478164673
1741033255263586000,50.0985859375,0.09653866291046143,-1.754176139831543,0.5275534987449646
1741033255273688800,50.10868872070313,0.15135681629180908,-0.8350372314453125,0.6362094283103943
1741033255283791400,50.11879125976562,0.25302934646606445,0.1727428436279297,0.6768665909767151
1741033255293894000,50.12889379882812,0.2655785083770752,1.2346935272216797,0.6067810654640198
1741033255303996700,50.13899658203125,0.021757125854492188,2.364086151123047,0.4165523052215576
1741033255314099200,50.14909912109375,-0.3737061023712158,3.347500801086426,0.17530572414398193
1741033255324201700,50.15920166015625,-0.6067615747451782,3.9484786987304688,-0.431503027677536
1741033255334304300,50.16930419921875,0.3779127597808838,4.319100379943848,-2.1619277000427246
1741033255344407000,50.179406982421874,1.5549150705337524,4.096613883972168,-4.654677867889404
1741033255354509600,50.189509521484375,1.6467177867889404,3.2174482345581055,-5.326104164123535
1741033255364612000,50.199612060546876,3.378809928894043,2.6814260482788086,-4.620659828186035
1741033255374715000,50.20971484375,5.475605487823486,2.7401390075683594,-3.362663984298706
1741033255384818200,50.219818115234375,6.072381019592285,3.3576879501342773,-1.53598952293396
1741033255394921000,50.2299208984375,8.256988525390625,4.332002639770508,0.17654955387115479
1741033255405023500,50.2400234375,9.915884971618652,4.674013137817383,1.6819746494293213
1741033255415126000,50.2501259765625,5.392543792724609,4.668296813964844,1.8513447046279907
1741033255425228500,50.260228515625,1.7758147716522217,4.581023216247559,1.3731191158294678
1741033255435331300,50.270331298828125,-0.35126328468322754,4.374283790588379,0.9846909642219543
1741033255445433900,50.28043383789063,-2.679980993270874,3.458505630493164,1.064284324645996
1741033255455536400,50.29053637695313,-3.682345151901245,2.369574546813965,1.5387187004089355
1741033255465639200,50.30063916015625,-4.38770866394043,1.9064445495605469,2.247422218322754
1741033255475741700,50.31074169921875,-4.759857654571533,2.1071577072143555,3.1180999279022217
1741033255485844200,50.32084423828125,-4.691802978515625,2.7613353729248047,3.66548490524292
1741033255495946800,50.33094677734375,-4.552459239959717,3.5372982025146484,4.088301658630371
1741033255506049500,50.34104956054688,-4.183965682983398,3.8545093536376953,4.103372573852539
1741033255516152000,50.35115209960937,-3.5152246952056885,3.545269012451172,3.4175093173980713
1741033255526254600,50.36125463867187,-3.106863260269165,3.119523048400879,2.470000982284546
1741033255536357400,50.371357421875,-2.695030927658081,2.410769462585449,1.4527642726898193
1741033255546460700,50.38146069335937,-2.306835174560547,1.6146392822265625,0.8267112374305725
1741033255556563500,50.3915634765625,-2.177394390106201,0.6735134124755859,0.38670098781585693
1741033255566666000,50.401666015625,-2.0269556045532227,-0.44495677947998047,-0.01531393826007843
1741033255576768500,50.4117685546875,-1.8060011863708496,-1.3108530044555664,-0.19254806637763977
1741033255586871000,50.42187109375,-1.587944746017456,-1.9770264625549316,-0.36978280544281006
1741033255596973800,50.43197387695312,-1.3282387256622314,-2.6071481704711914,-0.5917052030563354
1741033255607076400,50.442076416015624,-1.1581896543502808,-3.1672468185424805,-0.7977994084358215
1741033255617179000,50.452178955078125,-1.0414209365844727,-3.554053783416748,-0.900056004524231
1741033255627281700,50.46228173828125,-0.9015488624572754,-3.8487191200256348,-0.9814943075180054
1741033255637384200,50.47238427734375,-0.6692477464675903,-4.053248882293701,-1.0538970232009888
1741033255647486700,50.48248681640625,-0.40965723991394043,-4.221795082092285,-1.0629194974899292
1741033255657589200,50.49258935546875,-0.18589401245117188,-4.338866710662842,-1.0726975202560425
1741033255667692000,50.502692138671875,-0.05889153480529785,-4.247806072235107,-0.9340283870697021
1741033255677794600,50.51279467773438,-0.032453060150146484,-4.028934478759766,-0.6005678176879883
1741033255687897000,50.52289697265625,-0.11224830150604248,-3.7751808166503906,-0.3589814305305481
1741033255698000000,50.53299975585937,-0.24888765811920166,-3.6405205726623535,-0.35621654987335205
1741033255708102400,50.54310229492187,-0.3566012382507324,-3.398344039916992,-0.4856397211551666
1741033255718205200,50.553205078125,-0.4224945306777954,-2.904879570007324,-0.5854000449180603
1741033255728308500,50.56330859375,-0.46805810928344727,-2.4187707901000977,-0.7390810251235962
1741033255738411000,50.57341088867187,-0.48880553245544434,-2.092801570892334,-1.002853512763977
1741033255748513500,50.583513427734374,-0.3966926336288452,-1.6609492301940918,-1.1482137441635132
1741033255758616300,50.5936162109375,-0.29621315002441406,-1.1779899597167969,-1.237700343132019
1741033255768718800,50.60371875,-0.03865206241607666,-0.8189878463745117,-1.3342106342315674
1741033255778821400,50.6138212890625,0.9928843975067139,-0.4825410842895508,-1.4422640800476074
1741033255788924200,50.62392407226562,2.459887981414795,-0.042130470275878906,-1.50931715965271
1741033255799026700,50.634026611328125,2.117015838623047,0.39832496643066406,-1.4445586204528809
1741033255809129200,50.644129150390626,1.0787959098815918,0.6878204345703125,-1.3564770221710205
1741033255819232000,50.65423193359375,0.2842986583709717,0.9644355773925781,-1.3962504863739014
1741033255829334500,50.66433447265625,-0.08092141151428223,1.219742774963379,-1.640973448753357
1741033255839437000,50.67443701171875,0.3396613597869873,1.5352954864501953,-2.0061593055725098
1741033255849539600,50.68453955078125,0.8243556022644043,1.8666601181030273,-2.3175108432769775
1741033255859642400,50.694642333984376,1.3560947179794312,2.1287145614624023,-2.525686740875244
1741033255869745000,50.70474487304688,1.6806395053863525,2.3066349029541016,-2.6878724098205566
1741033255879847400,50.71484741210938,1.5102128982543945,2.6277027130126953,-2.933030366897583
1741033255889950200,50.7249501953125,0.9983325600624084,2.860675811767578,-3.0673751831054688
1741033255900053000,50.735052978515625,0.39483219385147095,2.9613990783691406,-3.17879581451416
1741033255910156000,50.74515600585938,0.2655125856399536,3.4342164993286133,-3.0815534591674805
1741033255920258800,50.7552587890625,-0.07115751504898071,4.62729549407959,-2.5247890949249268
1741033255930361300,50.765361328125,-0.2424134612083435,6.5107269287109375,-1.373915433883667
1741033255940463900,50.7754638671875,-0.6465798020362854,7.9672136306762695,-0.1659354567527771
1741033255950566700,50.78556665039063,-2.363508701324463,7.750370025634766,0.39525485038757324
1741033255960669200,50.79566918945312,-2.8209354877471924,4.904987335205078,0.09137833118438721
1741033255970771700,50.80577172851562,-2.5387837886810303,1.6099634170532227,-0.21367138624191284
1741033255980874500,50.81587451171875,-2.3482437133789062,-0.6064186096191406,-0.1824939250946045
1741033255990977000,50.82597705078125,-2.033841371536255,-1.5513944625854492,0.04075556993484497
1741033256001079600,50.83607958984375,-1.642213225364685,-1.5043821334838867,0.130121648311615
1741033256011182000,50.84618212890625,-0.8550245761871338,-0.48000240325927734,0.19392704963684082
1741033256021284900,50.85628491210937,0.1410583257675171,1.5266942977905273,1.1872751712799072
1741033256031387400,50.866387451171875,1.7785371541976929,3.2922439575195312,2.781803607940674
1741033256041490000,50.876489990234376,3.3771204948425293,4.36644172668457,4.719867706298828
1741033256051592700,50.8865927734375,3.726048707962036,4.082476615905762,5.6342267990112305
1741033256061695200,50.8966953125,2.7638497352600098,2.463137626647949,5.214020729064941
1741033256071797800,50.9067978515625,1.2756824493408203,1.1476573944091797,4.874101638793945
1741033256081900500,50.916900634765625,-0.3205593228340149,0.33568572998046875,5.002261638641357
1741033256092003000,50.927003173828126,-1.5004600286483765,-0.7191734313964844,4.953862190246582
1741033256102105600,50.93710571289063,-2.2626187801361084,-1.574777603149414,4.895636558532715
1741033256112208100,50.9472080078125,-2.849905014038086,-2.3659777641296387,4.6391706466674805
1741033256122311400,50.9573115234375,-2.582529306411743,-3.2733712196350098,3.8295254707336426
1741033256132414200,50.96741430664063,-2.3308916091918945,-4.219547271728516,2.772531747817993
1741033256142517000,50.97751708984375,-2.447268009185791,-4.4218831062316895,1.8141390085220337
1741033256152619500,50.98761962890625,-1.3072612285614014,-4.2787604331970215,1.245715618133545
1741033256162722000,50.99772216796875,0.24418318271636963,-4.002889633178711,0.9174367189407349
1741033256172824600,51.007824462890625,1.1863434314727783,-3.6259326934814453,0.749099612236023
1741033256182927400,51.01792724609375,1.7610269784927368,-3.593327045440674,0.40127789974212646
1741033256193030000,51.02802978515625,2.0686724185943604,-3.825261116027832,-0.009311318397521973
1741033256203132400,51.03813232421875,1.9655516147613525,-4.220318794250488,-0.644425630569458
1741033256213235200,51.048235107421874,1.5662178993225098,-4.828344345092773,-1.3450089693069458
1741033256223337700,51.058337646484375,1.2914810180664062,-5.272019386291504,-1.7529619932174683
1741033256233440300,51.068440185546876,1.079089879989624,-5.507498741149902,-1.9398527145385742
1741033256243543000,51.07854296875,0.8867635726928711,-5.568285942077637,-1.9170589447021484
1741033256253645600,51.0886455078125,1.065464973449707,-5.583904266357422,-1.6057333946228027
1741033256263748000,51.098748046875,1.30604887008667,-5.396632671356201,-1.0723559856414795
1741033256273850600,51.1088505859375,1.328096628189087,-4.836919784545898,-0.3893393278121948
1741033256283953400,51.11895336914063,1.2965638637542725,-4.192807197570801,0.03425610065460205
1741033256294056000,51.12905590820313,1.2690885066986084,-3.4897642135620117,0.4619002342224121
1741033256304158500,51.13915844726562,1.1589388847351074,-2.652679443359375,0.8650385141372681
1741033256314261200,51.14926123046875,1.1311733722686768,-1.6609930992126465,1.3053491115570068
1741033256324363800,51.15936376953125,0.9090619087219238,-0.5403213500976562,1.7097980976104736
1741033256334466300,51.16946630859375,0.641197681427002,0.6151056289672852,1.9386950731277466
1741033256344568800,51.17956884765625,0.07054257392883301,1.6218814849853516,1.90451180934906
1741033256354671900,51.189671875,-0.5658193826675415,2.762287139892578,1.7154567241668701
1741033256364775000,51.19977490234375,-1.0987948179244995,3.5268125534057617,1.082334041595459
1741033256374877700,51.20987768554688,-1.4085395336151123,3.607102394104004,-0.004196882247924805
1741033256384980200,51.21998022460937,-2.045400857925415,3.6852149963378906,-1.7150200605392456
1741033256395082800,51.230082763671874,-1.0761126279830933,4.184604644775391,-4.537459850311279
1741033256405185500,51.240185546875,0.8344440460205078,4.009754180908203,-7.638457298278809
1741033256415288000,51.2502880859375,3.1688592433929443,3.6430139541625977,-7.817261219024658
1741033256425390600,51.260390625,6.458095550537109,2.7363853454589844,-5.5224409103393555
1741033256435493000,51.2704931640625,9.40495491027832,1.0535945892333984,-2.6430225372314453
1741033256445596000,51.280595947265624,11.5560302734375,-0.6582794189453125,-0.18584197759628296
1741033256455698400,51.290698486328125,10.760904312133789,-1.8447628021240234,1.1356024742126465
1741033256465801000,51.300801025390626,4.408280372619629,-0.7878360748291016,1.3727328777313232
1741033256475903700,51.31090380859375,1.044461727142334,1.178426742553711,1.7127659320831299
1741033256486006300,51.32100634765625,0.7940828800201416,3.845407485961914,2.924700975418091
1741033256496108800,51.33110888671875,0.7983806133270264,5.689864158630371,4.279451370239258
1741033256506211600,51.341211669921876,-1.152907133102417,5.519075393676758,4.266368865966797
1741033256516314000,51.35131420898438,-2.150327682495117,3.6738452911376953,3.3218140602111816
1741033256526416600,51.36141674804688,-2.9151082038879395,2.1505069732666016,2.559267044067383
1741033256536519200,51.37151928710937,-2.7682132720947266,1.815805435180664,2.4859654903411865
1741033256546622000,51.3816220703125,-1.5909284353256226,2.3301658630371094,2.8329453468322754
1741033256556724500,51.391724365234374,0.15372085571289062,2.7992630004882812,3.1868338584899902
1741033256566827000,51.401826904296875,1.7039027214050293,3.5624876022338867,4.2837815284729
1741033256576929800,51.4119296875,1.5060136318206787,3.9037742614746094,5.327157020568848
1741033256587032300,51.4220322265625,0.3852970600128174,3.616988182067871,5.354126453399658
1741033256597134800,51.432134765625,-0.9351860284805298,2.641512870788574,4.377037525177002
1741033256607237400,51.4422373046875,-1.8497533798217773,1.6738004684448242,3.4046053886413574
1741033256617340200,51.452340087890626,-2.1880621910095215,0.7939434051513672,2.4746251106262207
1741033256627442700,51.46244262695313,-2.065793991088867,-0.0014390945434570312,1.807403802871704
1741033256637546200,51.472546142578125,-1.8351408243179321,-0.9229459762573242,1.180600881576538
1741033256647648800,51.482648681640626,-1.8498334884643555,-1.7772774696350098,0.5906153917312622
1741033256657751300,51.49275122070313,-2.055124521255493,-2.480985164642334,0.24241048097610474
1741033256667854000,51.50285400390625,-2.314688205718994,-2.9407548904418945,0.14570081233978271
1741033256677956600,51.51295654296875,-2.426485061645508,-3.2592720985412598,0.2164536714553833
1741033256688059100,51.52305908203125,-2.429593324661255,-3.581906318664551,0.3420373201370239
1741033256698161700,51.53316162109375,-2.4719629287719727,-3.822539806365967,0.5521090030670166
1741033256708264400,51.54326440429688,-2.5636065006256104,-4.001046180725098,0.6543680429458618
1741033256718367000,51.55336694335937,-2.6223907470703125,-4.028238296508789,0.5801486968994141
1741033256728469500,51.56346948242187,-2.38228702545166,-4.045773506164551,0.3597147464752197
1741033256738572300,51.573572265625,-2.2497200965881348,-4.099417209625244,0.08535599708557129
1741033256748674800,51.5836748046875,-2.0175304412841797,-4.059556007385254,-0.20181965827941895
1741033256758777300,51.59377734375,-1.7696495056152344,-3.8893632888793945,-0.32830810546875
1741033256768880000,51.60388012695312,-1.4927024841308594,-3.5678491592407227,-0.2731130123138428
1741033256778982700,51.61398266601562,-1.6597130298614502,-3.0820655822753906,-0.19004201889038086
1741033256789085200,51.624085205078124,-2.361826181411743,-2.7327022552490234,-0.2922590970993042
1741033256799187700,51.634187744140625,-3.0057191848754883,-2.356825828552246,-0.43882203102111816
1741033256809290500,51.64429052734375,-3.214324712753296,-1.6874055862426758,-0.4085160493850708
1741033256819393000,51.65439306640625,-3.068563222885132,-1.0176191329956055,-0.32606709003448486
1741033256829495600,51.66449560546875,-2.9722554683685303,-0.4706287384033203,-0.3774057626724243
1741033256839598300,51.674598388671875,-3.2343859672546387,0.11428546905517578,-0.44919729232788086
1741033256849700900,51.684700927734376,-3.122457265853882,0.7082347869873047,-0.4314258098602295
1741033256859803400,51.69480346679688,-3.010106325149536,1.5825586318969727,-0.255049467086792
1741033256869906000,51.70490600585938,-2.8348090648651123,2.5600996017456055,-0.16158854961395264
1741033256880008700,51.7150087890625,-2.617359161376953,3.271493911743164,-0.31947386264801025
1741033256890111200,51.725111328125,-2.5115416049957275,3.9478940963745117,-0.5226995348930359
1741033256900213800,51.7352138671875,-2.2519259452819824,4.536097526550293,-0.8304779529571533
1741033256910316500,51.74531665039063,-2.0967395305633545,4.937605857849121,-1.0297755002975464
1741033256920419000,51.75541918945312,-1.845449686050415,5.043363571166992,-1.2342302799224854
1741033256930521300,51.76552124023438,-1.5182650089263916,5.253537178039551,-1.3322334289550781
1741033256940624000,51.77562377929687,-1.2203960418701172,5.400101661682129,-1.476116418838501
1741033256950726700,51.7857265625,-0.9678752422332764,5.600423812866211,-1.5184047222137451
1741033256960829200,51.7958291015625,-0.8922147750854492,5.484827995300293,-1.662454605102539
1741033256970931700,51.805931640625,-0.9592447280883789,4.894248008728027,-1.927985429763794
1741033256981034500,51.81603442382813,-0.6459589004516602,4.915689468383789,-1.6519737243652344
1741033256991137800,51.8261376953125,-0.15301036834716797,5.727080345153809,-0.929963231086731
1741033257001240300,51.836240234375,-0.012375354766845703,6.486281394958496,-0.442341685295105
1741033257011343000,51.84634301757813,0.05294370651245117,7.14237117767334,-0.1493932008743286
1741033257021446000,51.85644580078125,0.08561563491821289,6.103335380554199,-0.8886324167251587
1741033257031632600,51.86663256835938,-0.04859161376953125,2.971494674682617,-2.4371867179870605
1741033257041938000,51.87693798828125,-0.23706436157226562,0.014908790588378906,-3.043243408203125
1741033257052243000,51.887242919921874,-0.4832625389099121,-1.4322404861450195,-2.3485255241394043
1741033257062439700,51.897439697265625,-1.5880203247070312,-1.6159415245056152,-1.4484096765518188
1741033257072552700,51.907552734375,-1.940373182296753,-1.349299430847168,-0.585898756980896
1741033257082655200,51.9176552734375,-2.0591604709625244,-0.2235126495361328,0.36574769020080566
1741033257092757800,51.9277578125,-2.0169677734375,0.9117708206176758,0.5649312734603882
1741033257102860500,51.93786059570313,-1.6065263748168945,1.5814828872680664,0.5341917276382446
1741033257112963000,51.94796313476562,0.028843402862548828,1.663661003112793,0.6969358921051025
1741033257123065600,51.95806567382812,3.0818727016448975,1.3698348999023438,0.8065247535705566
1741033257133168400,51.96816845703125,3.0482380390167236,0.8929023742675781,0.8633475303649902
1741033257143271000,51.97827099609375,2.4624834060668945,0.21935462951660156,0.735072135925293
1741033257153373400,51.98837353515625,1.8366115093231201,-0.5654163360595703,0.6997191905975342
1741033257163476000,51.99847607421875,1.494145154953003,-1.067129135131836,1.1533801555633545
1741033257173578800,52.008578857421874,1.1449172496795654,-1.3641304969787598,1.8235282897949219
1741033257183681300,52.018681396484375,0.972001314163208,-1.77266263961792,2.2263896465301514
1741033257193783800,52.02878369140625,0.9591844081878662,-2.345975399017334,1.959322214126587
1741033257203886600,52.03888647460938,1.0781054496765137,-2.787405014038086,1.5333704948425293
1741033257213989000,52.04898901367188,1.4974875450134277,-3.0945029258728027,0.9067118167877197
1741033257224091600,52.05909155273437,1.7486927509307861,-3.4726309776306152,0.10516929626464844
1741033257234194200,52.069194091796874,1.8455755710601807,-3.8286871910095215,-0.5164909362792969
1741033257244297000,52.079296875,1.484867811203003,-4.149206161499023,-0.9631150960922241
1741033257254399500,52.0893994140625,1.0937061309814453,-4.456283092498779,-1.448664903640747
1741033257264502000,52.099501953125,0.7706639766693115,-4.782311916351318,-1.8420100212097168
1741033257274604800,52.10960473632812,0.5328027009963989,-5.123579502105713,-2.111154317855835
1741033257284707300,52.119707275390624,0.6479853391647339,-5.371626853942871,-2.3668088912963867
1741033257294809900,52.129809814453125,0.34107089042663574,-5.385002136230469,-2.5323269367218018
1741033257304912600,52.13991259765625,-0.13200175762176514,-5.330813407897949,-2.569885730743408
1741033257315015200,52.15001513671875,-0.5143641233444214,-5.122358322143555,-2.490272283554077
1741033257325117700,52.16011767578125,-1.0271344184875488,-4.843548774719238,-2.280456066131592
1741033257335220700,52.170220703125,-1.3750754594802856,-4.418139934539795,-2.0400919914245605
1741033257345323800,52.18032373046875,-1.7302839756011963,-3.8559670448303223,-1.7492092847824097
1741033257355426300,52.19042626953125,-2.1238741874694824,-3.3265395164489746,-1.4997895956039429
1741033257365529000,52.200529052734375,-2.349640130996704,-2.7819814682006836,-1.197012186050415
1741033257375631600,52.210631591796876,-2.3140430450439453,-2.2252578735351562,-0.8621029853820801
1741033257385734100,52.22073413085938,-2.3319692611694336,-1.714003086090088,-0.6638826131820679
1741033257395837000,52.2308369140625,-2.331163167953491,-1.0545654296875,-0.4762997627258301
1741033257405939500,52.240939453125,-2.2645795345306396,-0.3313894271850586,-0.17003679275512695
1741033257416042000,52.2510419921875,-2.0399324893951416,0.5465984344482422,0.16864871978759766
1741033257426144500,52.26114453125,-1.6771531105041504,1.617873191833496,0.3254568576812744
1741033257436247300,52.27124731445313,-0.7610769271850586,2.6878585815429688,0.2977595329284668
1741033257446349800,52.28134985351563,0.15033555030822754,3.5970840454101562,0.016486406326293945
1741033257456452400,52.29145239257812,1.0351330041885376,4.154508590698242,-0.3673264980316162
1741033257466555100,52.30155517578125,2.107948064804077,4.439144134521484,-0.9238181114196777
1741033257476657700,52.31165771484375,3.3506217002868652,4.351103782653809,-1.3409671783447266
1741033257486760200,52.32176025390625,5.446905136108398,4.18330192565918,-1.6751512289047241
1741033257496862700,52.33186279296875,7.806097507476807,3.569361686706543,-2.1226186752319336
1741033257506965500,52.34196557617187,9.522306442260742,2.350348472595215,-2.851041316986084
1741033257517068000,52.352068115234374,10.766922950744629,0.8917779922485352,-3.6920928955078125
1741033257527170600,52.362170654296875,9.73031997680664,0.6268510818481445,-3.6676387786865234
1741033257537273300,52.3722734375,6.870447158813477,1.8427791595458984,-2.297827959060669
1741033257547375900,52.3823759765625,4.3481621742248535,3.6681509017944336,-0.987712025642395
1741033257557478400,52.392478515625,3.292654037475586,5.082895278930664,0.5242259502410889
1741033257567581200,52.402581298828125,3.315077543258667,5.130791664123535,2.156904697418213
1741033257577683700,52.41268359375,3.276515483856201,4.081731796264648,3.9267544746398926
1741033257587786200,52.4227861328125,2.2345728874206543,2.2412948608398438,5.057888031005859
1741033257597888800,52.432888671875,0.46932172775268555,1.2169809341430664,5.668259143829346
1741033257607991600,52.44299145507812,-1.2554188966751099,1.6132440567016602,6.195525646209717
1741033257618094000,52.45309399414062,-3.1323635578155518,2.555591583251953,6.438314437866211
1741033257628233500,52.4632333984375,-5.1614532470703125,3.580164909362793,6.446473121643066
1741033257638538800,52.47353881835937,-5.983847618103027,4.951626777648926,6.5851335525512695
1741033257648843800,52.48384375,-5.189953804016113,5.930777549743652,6.581429481506348
1741033257659079700,52.49407958984375,-3.4981610774993896,5.767709732055664,6.069487571716309
1741033257669201700,52.50420166015625,-2.124229907989502,3.9869232177734375,4.711367130279541
1741033257679412000,52.51441186523437,-1.143428087234497,1.8209123611450195,3.3959646224975586
1741033257689586700,52.524586669921874,-1.0864579677581787,0.1568136215209961,2.073808431625366
1741033257699809000,52.53480908203125,-1.3041722774505615,-0.9931526184082031,1.0732073783874512
1741033257710114300,52.5451142578125,-1.598484992980957,-1.4746980667114258,0.5918118953704834
1741033257720301600,52.55530151367188,-1.7817106246948242,-1.6225876808166504,0.5441992878913879
1741033257730412000,52.565412109375,-1.8932908773422241,-1.940232276916504,0.5819154381752014
1741033257740705500,52.57570556640625,-2.0061116218566895,-2.460653305053711,0.600306510925293
1741033257751010800,52.5860107421875,-2.0782017707824707,-2.9859089851379395,0.6059309244155884
1741033257761286000,52.59628588867187,-2.227691888809204,-3.490152359008789,0.5422263145446777
1741033257771415600,52.60641552734375,-2.4114573001861572,-3.989260673522949,0.46368634700775146
1741033257781518000,52.61651806640625,-2.592550754547119,-4.4344482421875,0.31508779525756836
1741033257791620900,52.626620849609374,-2.741971015930176,-4.843856334686279,0.21496915817260742
1741033257801723400,52.636723388671875,-2.8035473823547363,-5.053891181945801,0.2296900749206543
1741033257811826000,52.646825927734376,-2.708862781524658,-5.227349758148193,0.25709474086761475
1741033257821928700,52.6569287109375,-2.665256977081299,-5.250410556793213,0.32665109634399414
1741033257832031200,52.66703125,-2.662647247314453,-5.078845977783203,0.3193063735961914
1741033257842133800,52.6771337890625,-2.7513391971588135,-4.6954803466796875,0.25596916675567627
1741033257852236500,52.687236572265626,-2.6487417221069336,-4.133650779724121,0.17628192901611328
1741033257862339800,52.69733984375,-2.335282325744629,-3.49931001663208,0.07562589645385742
1741033257872441900,52.70744189453125,-1.985595464706421,-2.9228501319885254,-0.18822145462036133
1741033257882544400,52.71754443359375,-1.5725593566894531,-2.4867753982543945,-0.587751030921936
1741033257892838000,52.727837890625,-1.079805612564087,-2.0625076293945312,-0.7950295209884644
1741033257903143200,52.73814306640625,-0.8453507423400879,-1.4958281517028809,-0.8035974502563477
1741033257913418500,52.74841845703125,-0.6949360370635986,-0.6909704208374023,-0.5924123525619507
1741033257923549700,52.7585498046875,-0.4711155891418457,0.057541847229003906,-0.3786468505859375
1741033257933712600,52.768712646484374,-0.2782711982727051,0.83990478515625,-0.1789100170135498
1741033257944018200,52.77901806640625,-0.024163007736206055,1.5334711074829102,0.012108564376831055
1741033257954323000,52.78932299804688,0.007218480110168457,1.935098648071289,-0.03677630424499512
1741033257964539400,52.799539306640625,-0.043947815895080566,2.117807388305664,-0.24782001972198486
1741033257974656500,52.809656494140626,-0.07808828353881836,2.219583511352539,-0.5597752332687378
1741033257984759000,52.81975903320313,0.1671583652496338,2.493989944458008,-0.7132006883621216
1741033257994861800,52.82986181640625,0.406192421913147,2.8588151931762695,-0.7711892127990723
1741033258004964400,52.83996435546875,0.8825119733810425,3.2724924087524414,-0.887030839920044
1741033258015067000,52.85006689453125,1.386613130569458,3.739813804626465,-0.9881801605224609
1741033258025169700,52.860169677734376,1.951002597808838,3.9065380096435547,-1.3317298889160156
1741033258035272200,52.87027221679688,2.6199934482574463,3.746551513671875,-2.0942375659942627
1741033258045374700,52.88037475585938,3.747661590576172,3.2400150299072266,-3.2641525268554688
1741033258055477200,52.89047729492187,6.5215044021606445,2.8122482299804688,-4.729680061340332
1741033258065580000,52.900580078125,8.868228912353516,3.347142219543457,-5.275918006896973
1741033258075682600,52.9106826171875,8.153270721435547,5.333186149597168,-3.3874096870422363
1741033258085785000,52.92078515625,5.987762451171875,6.9807538986206055,-0.8972001075744629
1741033258095888000,52.93088793945312,3.8792643547058105,5.989343643188477,0.023117542266845703
1741033258105990400,52.94099047851562,2.3595988750457764,2.2958240509033203,-0.43230462074279785
1741033258116093000,52.951093017578124,1.2710944414138794,-0.7052440643310547,-0.6219882965087891
1741033258126196000,52.96119604492188,-0.16709929704666138,-1.8715181350708008,-0.25296854972839355
1741033258136418300,52.971418212890626,-1.3847863674163818,-0.7661523818969727,1.1760952472686768
1741033258146723800,52.981723876953126,-1.5028986930847168,1.4031944274902344,3.1654105186462402
1741033258157028400,52.9920283203125,-0.07715344429016113,3.4935007095336914,5.124154090881348
1741033258167196700,53.00219677734375,2.242539882659912,4.787797927856445,7.1019511222839355
1741033258177302800,53.012302734375,3.803802967071533,4.335619926452637,7.923698425292969
1741033258187405300,53.0224052734375,4.278815269470215,2.7270240783691406,7.3953657150268555
1741033258197507800,53.0325078125,4.518524169921875,0.7662153244018555,6.363579750061035
1741033258207610400,53.0426103515625,4.098389625549316,-0.7868061065673828,5.612175464630127
1741033258217713200,53.052713134765625,3.0427205562591553,-1.5226011276245117,5.194167613983154
1741033258227815700,53.062815673828126,2.0743091106414795,-1.7160401344299316,4.750923156738281
1741033258237918200,53.07291821289063,1.1137888431549072,-1.7298836708068848,4.310429573059082
1741033258248020700,53.08302075195313,0.1323528289794922,-1.88250732421875,3.5112483501434326
1741033258258123500,53.09312353515625,-0.6816880702972412,-2.099397659301758,2.6224279403686523
1741033258268226000,53.10322607421875,-1.1228152513504028,-2.405104637145996,1.7365450859069824
1741033258278328600,53.11332861328125,-1.4592325687408447,-2.684520721435547,0.9030377864837646
1741033258288431400,53.12343139648438,-1.6422370672225952,-2.988555908203125,0.28015410900115967
1741033258298534000,53.13353393554687,-1.8023285865783691,-3.367847442626953,-0.27079570293426514
1741033258308636400,53.14363647460937,-1.8584527969360352,-3.8021936416625977,-0.6591410040855408
1741033258318739200,53.1537392578125,-1.8996942043304443,-4.2458624839782715,-0.8901674747467041
1741033258328841700,53.163841796875,-1.999854564666748,-4.728853225708008,-1.0998790264129639
1741033258338944300,53.1739443359375,-2.241593599319458,-5.032491207122803,-1.2910054922103882
1741033258349046800,53.184046875,-2.2096307277679443,-5.222507953643799,-1.3511213064193726
1741033258359149600,53.19414965820312,-2.2068562507629395,-5.205459117889404,-1.2689356803894043
1741033258369252000,53.204252197265625,-2.211638927459717,-4.927669525146484,-0.9058645963668823
1741033258379354600,53.214354736328126,-2.1826889514923096,-4.46510648727417,-0.43884551525115967
1741033258389457400,53.22445751953125,-2.319413900375366,-4.115574836730957,-0.12665784358978271
1741033258399560000,53.23455981445313,-2.505903482437134,-4.043328762054443,-0.09121668338775635
1741033258409662500,53.24466235351562,-2.2647705078125,-3.5580573081970215,-0.17259466648101807
1741033258419765500,53.254765625,-2.1788175106048584,-2.952026844024658,-0.23801934719085693
1741033258429964000,53.264964111328126,-2.1174659729003906,-2.4647927284240723,-0.18790113925933838
1741033258440269600,53.27526953125,-2.2359225749969482,-2.0254740715026855,-0.13562655448913574
1741033258450574300,53.28557421875,-2.191469192504883,-1.5576953887939453,-0.12489867210388184
1741033258460761900,53.29576196289062,-2.123502731323242,-1.1874017715454102,-0.20044052600860596
1741033258470873000,53.305873046875,-2.1035642623901367,-0.7590131759643555,-0.24106478691101074
1741033258480975600,53.3159755859375,-2.097679615020752,-0.32879066467285156,-0.3285626173019409
1741033258491078100,53.326078125,-1.92818284034729,0.07297420501708984,-0.45773375034332275
1741033258501181000,53.336180908203126,-1.6855555772781372,0.5229520797729492,-0.7907360792160034
1741033258511283500,53.34628344726563,-1.25193452835083,0.9802417755126953,-1.2538797855377197
1741033258521386000,53.35638598632813,-0.706092357635498,1.3102359771728516,-1.985654592514038
1741033258531488800,53.36648876953125,0.18329787254333496,1.6121330261230469,-3.283121109008789
1741033258541640000,53.376639892578126,1.4217123985290527,1.8894872665405273,-3.9742767810821533
1741033258551945200,53.3869453125,3.139463186264038,2.0917768478393555,-5.012772560119629
1741033258562250200,53.39725024414062,4.680870532989502,2.4900941848754883,-5.65339469909668
1741033258572476400,53.40747631835937,5.476139068603516,3.2293930053710938,-4.102987289428711
1741033258582595600,53.417595703125,5.378836154937744,4.146461486816406,-2.2444002628326416
1741033258592698400,53.427698486328126,4.605914115905762,5.571425437927246,-1.0847121477127075
1741033258602801000,53.43780078125,3.2227938175201416,7.35323429107666,-0.7310097217559814
1741033258612903400,53.4479033203125,2.6569552421569824,8.54716682434082,-0.658024787902832
1741033258623006000,53.458005859375,3.5682904720306396,7.834765434265137,-0.3547734022140503
1741033258633108700,53.46810864257812,5.633988380432129,4.770209312438965,0.5794752836227417
1741033258643211300,53.478211181640624,5.992463111877441,2.21132755279541,1.5457923412322998
1741033258653313800,53.488313720703125,2.7509708404541016,0.9457187652587891,1.6821962594985962
1741033258663416600,53.49841650390625,-0.8572906255722046,1.0672874450683594,2.250101089477539
1741033258673519000,53.50851904296875,-3.1185109615325928,2.1533737182617188,3.4517345428466797
1741033258683621600,53.51862158203125,-4.3796281814575195,3.013082504272461,4.276134014129639
1741033258693724400,53.528724365234375,-4.51567268371582,4.056425094604492,5.520025253295898
1741033258703827000,53.538826904296876,-3.4621188640594482,4.639229774475098,6.3540358543396
1741033258713929500,53.54892944335938,-2.4430317878723145,4.63410758972168,6.6230878829956055
1741033258724032000,53.55903198242188,-2.170686721801758,4.025913238525391,5.861150741577148
1741033258734135000,53.569135009765624,-2.5125832557678223,2.6235103607177734,3.9799673557281494
1741033258744345600,53.579345703125,-2.598181962966919,1.476212501525879,2.393913507461548
1741033258754651000,53.58965087890625,-2.7682442665100098,0.5746383666992188,1.2325520515441895
1741033258764955600,53.59995556640625,-3.1298272609710693,-0.1371288299560547,0.5276789665222168
1741033258775133000,53.6101328125,-3.3858957290649414,-0.8468914031982422,0.14219212532043457
1741033258785241900,53.620241943359375,-3.7859551906585693,-1.577199935913086,0.00627744197845459
1741033258795344400,53.630344482421876,-4.149075984954834,-2.259246826171875,0.029931068420410156
1741033258805447000,53.64044702148438,-4.043078422546387,-2.8401060104370117,0.11792325973510742
1741033258815549400,53.65054956054688,-3.8723373413085938,-3.4385409355163574,0.11658227443695068
1741033258825652200,53.66065234375,-3.5856704711914062,-3.9594016075134277,0.057616233825683594
1741033258835754800,53.67075463867187,-3.3161489963531494,-4.472904205322266,-0.0158994197845459
1741033258845857300,53.680857177734374,-2.9773173332214355,-4.818381309509277,0.02743089199066162
1741033258855960000,53.6909599609375,-2.381831169128418,-5.004117965698242,0.23569810390472412
1741033258866062600,53.7010625,-1.802419900894165,-5.037809371948242,0.40336084365844727
1741033258876165000,53.7111650390625,-1.4732158184051514,-4.987402439117432,0.6081913709640503
1741033258886268000,53.721267822265624,-1.1624128818511963,-4.8068132400512695,0.788333535194397
1741033258896370400,53.731370361328125,-0.8785983324050903,-4.500826358795166,0.9277071952819824
1741033258906473500,53.74147338867188,-0.6097710728645325,-4.154209613800049,1.0913686752319336
1741033258916575500,53.75157543945313,-0.25643688440322876,-3.649651050567627,1.2326022386550903
1741033258926677800,53.761677734375,0.1843585968017578,-3.009370803833008,1.2893339395523071
1741033258936935200,53.77193505859375,0.5916529893875122,-2.412449359893799,1.1509929895401
1741033258947240700,53.78224072265625,1.1161777973175049,-1.957169532775879,0.7416123151779175
1741033258957545200,53.79254516601563,1.4005684852600098,-1.5813641548156738,0.3059391975402832
1741033258967682800,53.80268286132812,1.9517107009887695,-0.9143285751342773,0.05073738098144531
1741033258977785300,53.812785400390624,2.3121678829193115,-0.26900672912597656,-0.1537621021270752
1741033258987887900,53.822887939453125,2.4536211490631104,0.2322835922241211,-0.3412203788757324
1741033258997990700,53.83299072265625,2.5160131454467773,0.6226511001586914,-0.571009635925293
1741033259008093200,53.84309326171875,2.47052264213562,0.7701425552368164,-0.7755329608917236
1741033259018195700,53.85319580078125,2.3053324222564697,0.7077302932739258,-0.9861898422241211
1741033259028298500,53.863298583984374,2.146883487701416,0.5431890487670898,-1.096002459526062
1741033259038401000,53.873401123046875,2.057856559753418,0.5823240280151367,-1.0078105926513672
1741033259048503600,53.883503662109376,1.9929821491241455,0.9101400375366211,-0.9753512144088745
1741033259058606300,53.8936064453125,1.9427803754806519,1.5644397735595703,-1.0306164026260376
1741033259068708900,53.903708984375,1.7341991662979126,2.380512237548828,-1.1907398700714111
1741033259078811400,53.91381127929687,1.6071149110794067,3.1768360137939453,-1.4451406002044678
1741033259088914000,53.923913818359374,1.3278228044509888,3.702861785888672,-1.875412106513977
1741033259099016700,53.9340166015625,1.6564632654190063,3.718221664428711,-2.593729019165039
1741033259109119200,53.944119140625,2.0417490005493164,3.2751502990722656,-3.3094005584716797
1741033259119221800,53.9542216796875,2.519021511077881,3.0899715423583984,-3.7320303916931152
1741033259129324500,53.96432446289062,2.7879574298858643,3.8715057373046875,-3.7000138759613037
1741033259139427000,53.974427001953124,2.49080228805542,5.227570533752441,-2.971485137939453
1741033259149528800,53.98452880859375,1.8174704313278198,6.411255836486816,-1.701968789100647
1741033259159631400,53.99463134765625,1.0794217586517334,6.934835433959961,0.03932070732116699
1741033259169734100,54.004734130859376,-0.4104236364364624,5.609574317932129,0.7184185981750488
1741033259179836700,54.01483666992188,-1.4518976211547852,2.3727006912231445,-0.2192291021347046
1741033259189939200,54.02493920898438,-1.7617194652557373,-0.02729511260986328,-0.6841387748718262
1741033259200041700,54.03504174804687,-1.2798707485198975,-1.1369209289550781,-0.3253951072692871
1741033259210144500,54.04514453125,-0.24444448947906494,-1.0923137664794922,0.6911075115203857
1741033259220247000,54.0552470703125,1.2231593132019043,-0.7182025909423828,1.752832293510437
1741033259230349600,54.065349609375,3.6256661415100098,-0.08670330047607422,3.9075026512145996
1741033259240452400,54.07545239257813,5.7694597244262695,0.9209737777709961,7.202020168304443
1741033259250555000,54.08555493164062,7.597753047943115,2.66251277923584,11.163763046264648
1741033259260657400,54.095657470703124,7.678676605224609,3.5260086059570312,13.5670166015625
1741033259270760200,54.10576025390625,4.9698944091796875,1.3997621536254883,11.52212142944336
1741033259280862700,54.11586279296875,1.8720166683197021,-0.8935365676879883,7.149065017700195
1741033259290965200,54.12596533203125,-0.13645601272583008,-1.4815974235534668,4.010037899017334
1741033259301067800,54.13606787109375,-1.1260085105895996,-1.5029888153076172,2.1559534072875977
1741033259311170600,54.146170654296874,-1.4364370107650757,-1.3402433395385742,0.7549573183059692
1741033259321273000,54.156273193359375,-1.1464970111846924,-1.240645408630371,-0.31055963039398193
1741033259331375600,54.166375732421876,-1.0462327003479004,-1.3337326049804688,-1.1537472009658813
1741033259341478400,54.176478515625,-1.1782898902893066,-1.6777143478393555,-1.7580881118774414
1741033259351581000,54.18658081054687,-1.5915946960449219,-2.305398464202881,-1.9566051959991455
1741033259361683500,54.19668334960937,-1.9074323177337646,-3.0771126747131348,-1.776641845703125
1741033259371786200,54.2067861328125,-2.4778406620025635,-3.4128971099853516,-1.4625521898269653
1741033259381888800,54.216888671875,-2.1691360473632812,-3.72935152053833,-1.3715134859085083
1741033259391991300,54.2269912109375,-1.6028825044631958,-4.1690144538879395,-1.3098655939102173
1741033259402093800,54.23709375,-1.3631385564804077,-4.491293430328369,-1.273789405822754
1741033259412196600,54.24719653320312,-1.424658179283142,-4.746870994567871,-1.23482346534729
1741033259422299100,54.257299072265624,-1.3739867210388184,-4.827088356018066,-1.1812686920166016
1741033259432401700,54.267401611328125,-1.201865553855896,-4.711688995361328,-1.1348305940628052
1741033259442504400,54.27750439453125,-1.043845772743225,-4.675836563110352,-1.1789685487747192
1741033259452607000,54.28760693359375,-1.2314820289611816,-4.4679341316223145,-1.2362449169158936
1741033259462709500,54.29770947265625,-1.2652602195739746,-4.432061195373535,-1.39119553565979
1741033259472812300,54.307812255859375,-1.0618747472763062,-4.467380046844482,-1.4444425106048584
1741033259482914800,54.317914794921876,-0.9795396327972412,-4.29619836807251,-1.1576569080352783
1741033259493017300,54.32801733398438,-0.9845950603485107,-3.9367828369140625,-0.7505156993865967
1741033259503120000,54.33811987304688,-1.1907105445861816,-3.557866096496582,-0.45034754276275635
1741033259513222700,54.34822265625,-1.5290902853012085,-3.2364559173583984,-0.2589460611343384
1741033259523325200,54.3583251953125,-1.888931393623352,-2.5617542266845703,-0.1318439245223999
1741033259533427700,54.368427734375,-2.196734666824341,-1.6974453926086426,-0.13612759113311768
1741033259543530500,54.37853051757813,-2.3950610160827637,-0.7247247695922852,-0.3187577724456787
1741033259553632500,54.38863256835938,-2.4066503047943115,0.38167762756347656,-0.4818669557571411
1741033259563734800,54.39873486328125,-2.099614143371582,1.431868553161621,-0.5646083354949951
1741033259573837300,54.40883740234375,-1.446658968925476,2.1796340942382812,-0.5819650888442993
1741033259583940000,54.41894018554687,-0.878610372543335,2.614443778991699,-0.653295636177063
1741033259594042600,54.429042724609374,-0.7211761474609375,2.787348747253418,-0.9102040529251099
1741033259604145200,54.439145263671875,-0.8128520250320435,2.946497917175293,-1.3720076084136963
1741033259614247700,54.44924755859375,0.2143688201904297,3.087606430053711,-3.1067466735839844
1741033259624350500,54.4593505859375,2.8754682540893555,3.395885467529297,-5.143742561340332
1741033259634453000,54.46945288085937,6.614083290100098,3.439234733581543,-6.551728248596191
1741033259644555500,54.47955541992187,12.18520450592041,3.6873178482055664,-6.348217964172363
1741033259654658600,54.489658447265626,15.156489372253418,4.818294525146484,-3.1465651988983154
1741033259664833300,54.49983325195313,11.908327102661133,5.686774253845215,-0.9294467568397522
1741033259675138600,54.510138671875,6.610240459442139,6.180471420288086,-0.12373828887939453
1741033259685443000,54.52044311523437,5.046952247619629,5.901086807250977,0.9460315704345703
1741033259695649800,54.53064990234375,6.651240825653076,3.9478702545166016,2.495277166366577
1741033259705765000,54.54076513671875,4.887564182281494,1.638930320739746,4.042413711547852
1741033259715868000,54.55086791992188,1.2103235721588135,0.8314838409423828,5.3393449783325195
1741033259725970400,54.56097045898437,-1.9578460454940796,1.352468490600586,6.755008697509766
1741033259736073000,54.57107299804687,-3.414297580718994,2.560114860534668,7.972739219665527
1741033259746175700,54.58117578125,-4.103799343109131,3.8032684326171875,8.527883529663086
1741033259756278300,54.5912783203125,-3.7078166007995605,4.467340469360352,7.725687026977539
1741033259766380800,54.601380859375,-3.041900873184204,4.30020809173584,6.096156120300293
1741033259776483600,54.61148364257812,-2.6299803256988525,3.7733850479125977,4.571552276611328
1741033259786586000,54.62158618164062,-3.0560343265533447,3.620652198791504,3.5846190452575684
1741033259796689000,54.63168896484375,-3.6246981620788574,2.7190980911254883,2.1907355785369873
1741033259806840000,54.64184008789063,-4.357107162475586,1.4825105667114258,0.9221720695495605
1741033259817145300,54.652145263671876,-4.968099594116211,0.2698659896850586,0.07894158363342285
1741033259827449900,54.66244995117187,-5.110339164733887,-0.6731367111206055,-0.47153180837631226
1741033259837673200,54.672673095703125,-5.062630653381348,-1.3030900955200195,-0.6921524405479431
1741033259847795700,54.682795654296875,-4.79963493347168,-1.7432098388671875,-0.5324154496192932
1741033259857898000,54.69289794921875,-4.40821647644043,-2.24853515625,-0.23635601997375488
1741033259868000800,54.70300073242188,-4.154943466186523,-2.7421960830688477,-0.01875936985015869
1741033259878103300,54.71310327148438,-3.8604557514190674,-3.166083812713623,0.0808877944946289
1741033259888205800,54.72320581054687,-3.716587543487549,-3.610764980316162,0.11313188076019287
1741033259898308600,54.73330859375,-3.6186883449554443,-4.002530097961426,0.12171649932861328
1741033259908411100,54.7434111328125,-3.472442626953125,-4.350116729736328,0.1413487195968628
1741033259918513700,54.753513671875,-3.2301948070526123,-4.6538567543029785,0.15365242958068848
1741033259928616400,54.76361645507812,-2.961196184158325,-4.88248872756958,0.15247488021850586
1741033259938719000,54.77371899414062,-2.6103320121765137,-5.019796371459961,0.14118731021881104
1741033259948821500,54.783821533203124,-2.2328667640686035,-4.941662788391113,0.21696650981903076
1741033259958924000,54.793924072265625,-1.7561452388763428,-4.565722465515137,0.3757895231246948
1741033259969026800,54.80402685546875,-1.2309668064117432,-4.011975288391113,0.5502525568008423
1741033259979129300,54.81412939453125,-0.7629486322402954,-3.375621795654297,0.6742768287658691
1741033259989231900,54.82423193359375,-0.3402804136276245,-2.818106174468994,0.6184310913085938
1741033259999334700,54.834334716796874,0.09382390975952148,-2.307823657989502,0.4349188804626465
1741033260009437200,54.844437255859376,0.37354540824890137,-1.8109760284423828,0.20650529861450195
1741033260019539700,54.85453979492188,0.5529674291610718,-1.533045768737793,-0.12649881839752197
1741033260029642500,54.864642578125,0.6378087997436523,-1.3730459213256836,-0.5102472305297852
1741033260039745000,54.8747451171875,0.7832056283950806,-0.9925365447998047,-0.5762115716934204
1741033260049847600,54.88484765625,0.9252747297286987,-0.4359445571899414,-0.506517767906189
1741033260059950000,54.8949501953125,1.144727349281311,0.12188053131103516,-0.4581969976425171
1741033260070052900,54.90505297851563,1.3667455911636353,0.7628793716430664,-0.5028995275497437
1741033260080155400,54.9151552734375,1.617652416229248,1.4032478332519531,-0.5716007947921753
1741033260090258000,54.9252578125,2.1312451362609863,1.9902629852294922,-0.7024824619293213
1741033260100360700,54.93536059570312,2.649834156036377,2.3490400314331055,-1.0575790405273438
1741033260110463200,54.945463134765625,2.986984968185425,2.6590967178344727,-1.3028321266174316
1741033260120565800,54.955565673828126,3.0951948165893555,2.8361520767211914,-1.6091690063476562
1741033260130668300,54.96566821289063,3.182314395904541,3.098271369934082,-1.963613748550415
1741033260140771000,54.97577099609375,3.55887770652771,3.4047937393188477,-2.465088129043579
1741033260150873000,54.985873046875,4.061718463897705,3.6429624557495117,-3.177704334259033
1741033260160975400,54.99597534179688,4.6460041999816895,4.24237060546875,-3.6814427375793457
1741033260171078000,55.00607788085937,4.795515537261963,5.351681709289551,-3.3681719303131104
1741033260181180700,55.0161806640625,4.003259658813477,6.962760925292969,-2.5539612770080566
1741033260191283200,55.026283203125,2.7932024002075195,8.500770568847656,-1.1077107191085815
1741033260201385700,55.0363857421875,1.4026284217834473,9.007506370544434,0.19886398315429688
1741033260211488500,55.04648852539062,0.3142068386077881,6.8094282150268555,0.1542114019393921
1741033260221591000,55.05659106445312,-0.9569236636161804,3.3117780685424805,-0.6594620943069458
1741033260231693600,55.066693603515624,-1.7211483716964722,0.4499187469482422,-1.0709288120269775
1741033260241796400,55.07679638671875,-1.7133009433746338,-1.3879575729370117,-1.0504050254821777
1741033260251899000,55.08689892578125,-1.043344497680664,-1.775496482849121,-0.24953389167785645
1741033260262001400,55.09700146484375,-0.45746517181396484,-0.8586416244506836,1.226075291633606
1741033260272104000,55.10710400390625,-0.0964592695236206,0.8050613403320312,3.0622973442077637
1741033260282206700,55.117206787109374,0.8865223526954651,2.8057336807250977,5.194115161895752
1741033260292309200,55.127309326171876,1.619591236114502,3.6247920989990234,6.127358913421631
1741033260302411800,55.13741186523438,1.796960473060608,3.1978912353515625,6.007734298706055
1741033260312514600,55.1475146484375,1.6672192811965942,2.112783432006836,5.377147197723389
1741033260322617000,55.1576171875,1.7498209476470947,1.135293960571289,4.688574314117432
1741033260332719600,55.1677197265625,1.6102564334869385,0.308990478515625,4.023561954498291
1741033260342822100,55.177822265625,1.3872830867767334,-0.4027891159057617,3.5285451412200928
1741033260352925000,55.18792504882813,1.2198975086212158,-1.1236534118652344,3.2960824966430664
1741033260363027500,55.19802734375,1.277021884918213,-1.9470429420471191,3.0591559410095215
1741033260373130000,55.2081298828125,0.8633446097373962,-2.8443164825439453,2.888833522796631
1741033260383232800,55.21823266601562,0.39951586723327637,-3.7771267890930176,2.7100024223327637
1741033260393335300,55.228335205078125,0.076235830783844,-4.429826259613037,2.5133705139160156
1741033260403437800,55.238437744140626,-0.5172263383865356,-4.786032676696777,2.3819751739501953
1741033260413540600,55.24854052734375,-0.7944443225860596,-5.069609642028809,2.3462376594543457
1741033260423643000,55.25864282226563,-0.9880417585372925,-5.2845916748046875,2.2012343406677246
1741033260433745000,55.26874487304688,-0.9475057125091553,-5.34656286239624,1.9564040899276733
1741033260443847400,55.27884741210938,-0.664954423904419,-5.340695858001709,1.5871531963348389
1741033260453950200,55.2889501953125,-0.20957356691360474,-5.299295425415039,1.1299723386764526
1741033260464052700,55.299052734375,0.23665231466293335,-5.206263065338135,0.6781706809997559
1741033260474155300,55.3091552734375,0.5665236115455627,-5.131731033325195,0.23343586921691895
1741033260484257800,55.3192578125,0.6788069605827332,-4.988725185394287,-0.18495190143585205
1741033260494360600,55.32936059570312,0.7584983110427856,-4.874809265136719,-0.5791326761245728
1741033260504463000,55.33946313476562,0.9327330589294434,-4.7885355949401855,-0.8772375583648682
1741033260514565600,55.349565673828124,1.1251863241195679,-4.711798191070557,-1.0901367664337158
1741033260524668400,55.35966845703125,1.1365841627120972,-4.66714334487915,-1.3633112907409668
1741033260534771000,55.36977099609375,0.8327261209487915,-4.689907073974609,-1.52933931350708
1741033260544873500,55.37987353515625,0.3888430595397949,-4.81631326675415,-1.6595349311828613
1741033260554976000,55.38997607421875,0.48905086517333984,-4.699883937835693,-1.4602699279785156
1741033260565078800,55.400078857421875,0.6514408588409424,-4.114585876464844,-0.9174734950065613
1741033260575181300,55.410181396484376,0.5718322992324829,-3.326131820678711,-0.6777621507644653
1741033260585283800,55.42028393554688,0.4853399991989136,-2.0055274963378906,-0.48595374822616577
1741033260595386600,55.43038671875,0.4292025566101074,-0.1774129867553711,-0.1542578935623169
1741033260605489200,55.4404892578125,0.6872162818908691,1.7622184753417969,0.11779534816741943
1741033260615591700,55.450591796875,0.8712834119796753,3.8116092681884766,0.3119617700576782
1741033260625694500,55.460694580078126,0.4797067642211914,5.6306867599487305,0.4421567916870117
1741033260635797000,55.470796875,-0.6411468982696533,7.028648376464844,0.34301161766052246
1741033260645899500,55.4808994140625,-1.2693395614624023,7.685037612915039,-0.18647783994674683
1741033260656002000,55.491001953125,-1.1463696956634521,6.352542877197266,-1.5093047618865967
1741033260666104800,55.501104736328124,0.5387470722198486,3.967714309692383,-3.332934856414795
1741033260676207400,55.511207275390625,4.531835079193115,1.5948677062988281,-3.9811930656433105
1741033260686309400,55.521309326171874,9.764439582824707,0.15575027465820312,-4.414376735687256
1741033260696411600,55.53141162109375,12.743804931640625,-0.890803337097168,-5.276859283447266
1741033260706514400,55.541514404296876,10.000961303710938,0.46989917755126953,-4.855344295501709
1741033260716617000,55.55161694335938,5.680603981018066,3.070746421813965,-2.7673144340515137
1741033260726719500,55.56171948242188,4.270602226257324,4.679166793823242,-1.1702595949172974
1741033260736822300,55.571822265625,2.988624334335327,4.689318656921387,-0.3854682445526123
1741033260746924800,55.5819248046875,1.5387630462646484,3.794912338256836,0.5668473243713379
1741033260757027300,55.59202734375,0.818493127822876,2.560483932495117,1.2382779121398926
1741033260767129900,55.6021298828125,-0.005352497100830078,1.741755485534668,1.6514511108398438
1741033260777232600,55.61223266601562,-0.5332152843475342,1.787515640258789,2.3745975494384766
1741033260787335200,55.62233520507812,-0.6074347496032715,2.7712182998657227,3.4928343296051025
1741033260797437700,55.632437744140624,-0.9697651863098145,4.164499282836914,4.779557228088379
1741033260807540500,55.64254052734375,-1.5534892082214355,5.374329566955566,5.860421180725098
1741033260817643000,55.65264306640625,-2.1242311000823975,6.1267194747924805,6.430288314819336
1741033260827745500,55.66274560546875,-2.672126293182373,5.870821952819824,5.9713850021362305
1741033260837848300,55.67284838867187,-3.057185173034668,4.138545989990234,4.317881107330322
1741033260847950800,55.682950927734375,-3.132467269897461,1.826371192932129,2.4834954738616943
1741033260858053400,55.693053466796876,-3.121777296066284,0.31049633026123047,1.5090484619140625
1741033260868156000,55.70315600585938,-3.051243305206299,-0.601567268371582,1.0064828395843506
1741033260878258700,55.7132587890625,-2.898602247238159,-1.2128181457519531,0.7418280839920044
1741033260888361200,55.723361328125,-2.5466084480285645,-1.7332148551940918,0.769757091999054
1741033260898463700,55.73346362304687,-2.176121711730957,-2.1512088775634766,1.0217492580413818
1741033260908566500,55.74356640625,-1.7845892906188965,-2.589345932006836,1.265535593032837
1741033260918669300,55.75366943359375,-1.417245864868164,-2.9120335578918457,1.4563581943511963
1741033260928820200,55.7638203125,-1.031928539276123,-3.0956220626831055,1.5583889484405518
1741033260939125800,55.77412573242187,-0.5081219673156738,-3.098146438598633,1.7665807008743286
1741033260949430300,55.78443017578125,0.38795948028564453,-2.725895881652832,2.014036178588867
1741033260959653000,55.794653076171876,2.06349515914917,-1.6632080078125,2.0647530555725098
1741033260969775900,55.80477587890625,4.055642127990723,-0.8610525131225586,1.4442245960235596
1741033260979878400,55.81487841796875,4.542765140533447,-1.2849979400634766,0.2739224433898926
1741033260989981200,55.82498120117187,2.6746644973754883,-2.646336078643799,-0.16054868698120117
1741033261000083700,55.835083740234374,0.49925124645233154,-4.573141574859619,-0.3130817115306854
1741033261010186200,55.845186279296875,-1.276777982711792,-5.821370601654053,-0.390997052192688
1741033261020288800,55.85528881835938,-2.5890941619873047,-5.98879861831665,-0.37843579053878784
1741033261030391600,55.8653916015625,-2.711982011795044,-5.77402400970459,0.055030643939971924
1741033261040494000,55.875494140625,-2.1422982215881348,-5.248762607574463,0.8095408082008362
1741033261050596600,55.8855966796875,-1.453243613243103,-4.469229698181152,1.5299286842346191
1741033261060699100,55.89569921875,-0.7972233295440674,-3.899691581726074,1.9286415576934814
1741033261070801200,55.90580126953125,-0.2907611131668091,-3.35715389251709,2.0357017517089844
1741033261080903700,55.915903564453124,-0.020764127373695374,-3.2897143363952637,1.490247368812561
1741033261091006200,55.926006103515626,0.4668039083480835,-3.419508457183838,0.8208236694335938
1741033261101109000,55.93610888671875,1.050641655921936,-3.204680919647217,0.549871027469635
1741033261111211500,55.94621142578125,1.059151530265808,-2.950625419616699,0.3048144280910492
1741033261121314000,55.95631396484375,0.7441349029541016,-2.7688803672790527,0.15267598628997803
1741033261131416600,55.96641650390625,0.6109852194786072,-2.8350510597229004,-0.08226668834686279
1741033261141519400,55.976519287109376,-0.1231694221496582,-2.788487434387207,-0.20685338973999023
1741033261151622000,55.98662182617188,-1.6134629249572754,-2.3478798866271973,-0.253823459148407
1741033261161724400,55.99672436523438,-5.515630722045898,-0.484954833984375,0.2982776165008545
1741033261171827200,56.0068271484375,-13.070765495300293,2.182861328125,0.5714644193649292
1741033261181929700,56.0169296875,-18.50611686706543,4.147331237792969,0.5340296030044556
1741033261192032300,56.0270322265625,-17.930830001831055,4.207310676574707,-0.010045468807220459
1741033261202135000,56.03713500976563,-15.124626159667969,2.92722225189209,-0.0409168004989624
1741033261212237600,56.04723754882812,-12.555693626403809,2.816286087036133,0.05782896280288696
1741033261222340000,56.05734008789062,-10.866804122924805,3.8061065673828125,0.1322191059589386
1741033261232442600,56.067442626953124,-9.10225772857666,4.710304260253906,0.11016997694969177
1741033261242545400,56.07754541015625,-6.937962532043457,5.029411315917969,0.292310893535614
1741033261252648000,56.08764794921875,-4.276300430297852,4.450121879577637,1.1925243139266968
1741033261262750500,56.09775048828125,-2.4295132160186768,3.3335886001586914,3.1735565662384033
1741033261272853200,56.10785327148437,-1.7252357006072998,2.218221664428711,5.527834892272949
1741033261282955800,56.117955810546874,-0.7012632489204407,1.3971710205078125,7.143993377685547
1741033261293057800,56.128057861328124,0.4799778461456299,1.1690120697021484,7.97102689743042
1741033261303160000,56.13816015625,1.6248878240585327,1.3396387100219727,8.192995071411133
1741033261313262800,56.148262939453126,3.5373876094818115,1.6085138320922852,8.326614379882812
1741033261323365400,56.15836547851563,4.861695289611816,1.8937578201293945,7.853969097137451
1741033261333468000,56.16846801757813,5.339567184448242,2.1388092041015625,6.90359354019165
1741033261343570400,56.1785703125,7.130124092102051,2.1654672622680664,6.494777202606201
1741033261353673200,56.18867309570312,7.582624435424805,1.469564437866211,5.318807601928711
1741033261363775700,56.198775634765624,6.968238830566406,0.0866384506225586,3.8766980171203613
1741033261373878300,56.208878173828126,5.450716018676758,-1.462860107421875,2.685904026031494
1741033261383981000,56.21898095703125,4.580448150634766,-2.2403736114501953,1.7787030935287476
1741033261394083800,56.22908374023437,3.452176570892334,-2.3216419219970703,0.9631495475769043
1741033261404187000,56.239186767578126,-2.226612091064453,-1.2063379287719727,0.37119102478027344
1741033261414360300,56.2493603515625,2.329596519470215,-1.7291507720947266,-0.24164676666259766
1741033261424571000,56.25957080078125,8.429923057556152,-2.652770519256592,-0.08392798900604248
1741033261434769400,56.269769287109376,10.473267555236816,-2.8431215286254883,1.1100976467132568
1741033261445074700,56.28007470703125,8.450041770935059,-3.4203906059265137,0.8290804624557495
1741033261455279000,56.29027905273438,6.866438865661621,-4.247824668884277,0.596493124961853
1741033261465395700,56.300395751953126,6.016962051391602,-5.008087158203125,0.5423076152801514
1741033261475498200,56.31049829101563,4.926759719848633,-5.232771396636963,0.24483728408813477
1741033261485600800,56.32060083007813,3.493880271911621,-5.0766191482543945,-0.2522623538970947
1741033261495703300,56.33070336914062,2.203538417816162,-4.8329267501831055,-0.44350332021713257
1741033261505806000,56.34080615234375,1.684004783630371,-5.0478925704956055,-0.6872938275337219
1741033261515908600,56.35090869140625,1.4187824726104736,-5.337532997131348,-0.6722412109375
1741033261526011100,56.36101123046875,1.3888883590698242,-5.64609432220459,-0.4307866096496582
1741033261536114000,56.37111401367188,1.5128164291381836,-5.991589546203613,-0.26522862911224365
1741033261546216400,56.38121655273437,1.1146650314331055,-6.162546157836914,0.07572442293167114
1741033261556319000,56.39131909179687,0.5926697254180908,-6.292030334472656,0.5914406776428223
1741033261566421800,56.401421875,-0.09874796867370605,-6.231659412384033,0.7387791872024536
1741033261576524300,56.411524169921876,-0.7053525447845459,-6.174698829650879,0.9204778671264648
1741033261586626800,56.42162670898438,-0.42119789123535156,-5.856632232666016,0.946735143661499
1741033261596729300,56.43172924804688,0.1198575496673584,-5.426156044006348,0.8187347054481506
1741033261606832000,56.44183203125,0.6369888782501221,-5.043771743774414,0.40507668256759644
1741033261616934100,56.45193408203125,1.1942689418792725,-4.506917953491211,0.08876317739486694
1741033261627036400,56.46203637695312,1.736283302307129,-4.516477584838867,-0.2025519609451294
1741033261637139000,56.47213891601562,2.1145365238189697,-4.547268867492676,0.1293744444847107
1741033261647241700,56.48224169921875,2.8937828540802,-3.728450298309326,0.6099414229393005
1741033261657344300,56.49234423828125,3.8599178791046143,-2.8783979415893555,0.5711823105812073
1741033261667446800,56.50244677734375,4.870932102203369,-2.0630311965942383,0.4658394455909729
1741033261677549600,56.51254956054687,5.473628044128418,-0.49817943572998047,0.8684725165367126
1741033261687652000,56.522652099609374,5.826147079467773,1.5315313339233398,1.9706153869628906
1741033261697754600,56.532754638671875,5.138120651245117,3.2738819122314453,3.2346551418304443
1741033261707857200,56.542857177734376,4.182900428771973,4.524421691894531,3.2348310947418213
1741033261717960000,56.5529599609375,3.661907434463501,5.583817481994629,3.371842861175537
1741033261728062500,56.5630625,2.8716843128204346,6.206907272338867,3.5499300956726074
1741033261738165000,56.5731650390625,0.5785602331161499,6.625858306884766,2.9864211082458496
1741033261748267800,56.583267822265626,-1.65428626537323,6.972729682922363,1.7849326133728027
1741033261758370300,56.59337036132813,-1.213230013847351,6.762378692626953,1.0303449630737305
1741033261768472800,56.60347290039063,0.07249271869659424,6.214089393615723,0.3422289490699768
1741033261778575600,56.61357568359375,-0.7064887285232544,5.304414749145508,-0.7550795078277588
1741033261788678100,56.62367822265625,-1.4591573476791382,4.9061279296875,-1.0658124685287476
1741033261798780700,56.63378076171875,-2.3414146900177,5.283293724060059,-0.15094509720802307
1741033261808883200,56.64388330078125,-2.898615837097168,5.231578826904297,0.9250900745391846
1741033261818985200,56.653985107421875,-2.3413915634155273,4.479633331298828,2.0044281482696533
1741033261829087700,56.664087646484376,-2.2772607803344727,3.7396812438964844,2.4206976890563965
1741033261839190300,56.67419018554688,-2.492879629135132,3.1081104278564453,2.275831699371338
1741033261849292800,56.68429272460938,-2.3960883617401123,2.833799362182617,1.9597364664077759
1741033261859395600,56.6943955078125,-2.1566412448883057,3.259866714477539,1.9844906330108643
1741033261869498000,56.704498046875,-1.6351782083511353,4.085379600524902,2.3354287147521973
1741033261879600600,56.7146005859375,-1.355772852897644,4.652894973754883,2.392005443572998
1741033261889703400,56.72470336914063,-1.313116192817688,4.632351875305176,1.9421496391296387
1741033261899806000,56.73480590820313,-1.7618367671966553,4.105245590209961,1.4547085762023926
1741033261909908500,56.74490844726562,-1.8634486198425293,3.4204835891723633,1.263075590133667
1741033261920011000,56.755010986328124,-0.8080127239227295,2.772235870361328,1.29341721534729
1741033261930113800,56.76511376953125,1.499298095703125,2.041839599609375,0.9025338888168335
1741033261940216300,56.77521630859375,6.43084192276001,1.4700307846069336,0.41303229331970215
1741033261950318800,56.78531884765625,4.922768592834473,1.1309404373168945,0.9564532041549683
1741033261960421600,56.79542163085937,-0.24523580074310303,-0.2685413360595703,1.3384783267974854
1741033261970524200,56.805524169921874,-3.4368951320648193,-1.7382574081420898,1.1724765300750732
1741033261980626700,56.815626708984375,-5.030782222747803,-2.5010924339294434,0.8944793939590454
1741033261990729500,56.8257294921875,-5.184513568878174,-2.8190274238586426,0.7419281601905823
1741033262000832000,56.83583203125,-4.817705154418945,-3.000178813934326,1.0082602500915527
1741033262010933800,56.84593383789063,-3.95746111869812,-3.22097110748291,1.4106758832931519
1741033262021036300,56.85603637695313,-2.963791847229004,-3.544712543487549,1.6422464847564697
1741033262031138800,56.86613891601562,-2.361968517303467,-3.9959654808044434,1.5272530317306519
1741033262041241600,56.87624169921875,-2.0762805938720703,-4.063339710235596,1.586471438407898
1741033262051344100,56.88634423828125,-1.9238097667694092,-4.132440090179443,1.6800777912139893
1741033262061446700,56.89644677734375,-1.5953373908996582,-4.223784446716309,1.74379301071167
1741033262071549400,56.90654956054688,-1.2845275402069092,-4.35871696472168,1.7671089172363281
1741033262081652000,56.91665185546875,-1.0066249370574951,-4.570957183837891,1.664201021194458
1741033262091754500,56.92675439453125,-0.9078564643859863,-4.83060884475708,1.509761095046997
1741033262101857300,56.936857177734375,-1.0870596170425415,-4.986428260803223,1.3043415546417236
1741033262111959800,56.946959716796876,-1.2803754806518555,-4.944618225097656,1.1080389022827148
1741033262122062300,56.95706225585938,-1.1176056861877441,-4.627861499786377,0.967353343963623
1741033262132164900,56.96716479492188,-0.9550745487213135,-4.21510648727417,0.9526662826538086
1741033262142267600,56.977267578125,-0.6851853132247925,-3.8845677375793457,0.9657566547393799
1741033262152370200,56.9873701171875,-0.341320276260376,-3.547673225402832,0.8344756364822388
1741033262162472700,56.99747265625,0.14103269577026367,-3.1314797401428223,0.7863556146621704
1741033262172575200,57.0075751953125,0.6214578747749329,-2.555300712585449,0.8447250127792358
1741033262182677200,57.01767724609375,1.0308029651641846,-1.877305507659912,0.8935563564300537
1741033262192779800,57.02777978515625,1.3798954486846924,-1.0246448516845703,0.987834095954895
1741033262202882300,57.03788232421875,1.8770065307617188,-0.2885551452636719,0.9241204261779785
1741033262212985000,57.04798510742187,2.369422435760498,0.3051767349243164,0.6905361413955688
1741033262223087600,57.058087646484374,2.834404945373535,1.047196388244629,0.514380931854248
1741033262233190100,57.068190185546875,2.9822335243225098,2.0012760162353516,0.5138577222824097
1741033262243292700,57.078292724609376,3.2178914546966553,2.7596092224121094,0.28264880180358887
1741033262253395500,57.0883955078125,3.08618426322937,3.382643699645996,-0.11352360248565674
1741033262263498000,57.098498046875,3.097425699234009,3.605886459350586,-0.8816714882850647
1741033262273600500,57.1086005859375,2.897050619125366,3.643575668334961,-1.8847732543945312
1741033262283703300,57.118703369140626,3.723649740219116,3.289365768432617,-3.783656358718872
1741033262293805800,57.12880590820313,6.148787021636963,2.1695690155029297,-7.538569927215576
1741033262303908400,57.13890844726563,7.510780334472656,2.455925941467285,-8.342657089233398
1741033262314011100,57.14901123046875,7.225249767303467,4.232617378234863,-5.535402774810791
1741033262324113700,57.15911376953125,6.920698165893555,5.911383628845215,-2.846512794494629
1741033262334216200,57.16921630859375,6.46221923828125,6.73431396484375,-1.448859453201294
1741033262344318700,57.179318603515625,3.825040340423584,7.255197525024414,-0.8487290143966675
1741033262354420500,57.18942041015625,0.701400637626648,7.159188270568848,-0.5864652395248413
1741033262364523300,57.199523193359376,-1.2539873123168945,6.000785827636719,-0.19770550727844238
1741033262374625800,57.20962573242188,-1.6110426187515259,3.5434160232543945,-0.0873337984085083
1741033262384728300,57.21972827148438,-1.2968378067016602,1.0725488662719727,-0.34507524967193604
1741033262394831000,57.2298310546875,-0.42117613554000854,-0.5822582244873047,-0.48154544830322266
1741033262404933600,57.23993359375,0.02946852147579193,-1.3221006393432617,-0.36106574535369873
1741033262415036200,57.2500361328125,-0.6324216723442078,-0.8814830780029297,0.15654540061950684
1741033262425139500,57.26013940429687,-1.6357200145721436,0.25778961181640625,0.9345105886459351
1741033262435385600,57.27038549804688,-2.272592067718506,1.6565847396850586,1.8484853506088257
1741033262445691000,57.28069091796875,-1.7682185173034668,2.741774559020996,2.839651107788086
1741033262455994600,57.29099462890625,-0.5735442638397217,3.238205909729004,3.9910073280334473
1741033262466143200,57.30114331054688,0.39323270320892334,2.707284927368164,4.531064510345459
1741033262476245800,57.31124584960938,1.0587847232818604,1.6707353591918945,4.673603534698486
1741033262486348500,57.3213486328125,1.7181525230407715,0.6670141220092773,4.766751289367676
1741033262496451000,57.331451171875,1.9185184240341187,-0.2457265853881836,4.719202995300293
1741033262506553600,57.3415537109375,1.5068377256393433,-1.3068695068359375,4.177643775939941
1741033262516656400,57.35165649414063,1.5198168754577637,-2.1058311462402344,4.009994029998779
1741033262526759000,57.36175903320313,1.3214062452316284,-2.884509563446045,3.8231632709503174
1741033262536861400,57.371861328125,0.7331319451332092,-3.754255771636963,3.748286247253418
1741033262546964000,57.3819638671875,0.043415606021881104,-4.467820167541504,3.6508047580718994
1741033262557066800,57.392066650390625,-0.3638133406639099,-4.717944622039795,3.5390641689300537
1741033262567169800,57.40216967773438,-0.5894849896430969,-4.7199554443359375,3.3341965675354004
1741033262577404200,57.412404052734374,-1.0630501508712769,-4.698083400726318,2.8708040714263916
1741033262587709400,57.42270947265625,-1.509078025817871,-4.632931709289551,2.0842933654785156
1741033262598013200,57.43301318359375,-2.1697499752044678,-4.306301593780518,1.2303167581558228
1741033262608171500,57.443171630859375,-2.326610803604126,-4.085476398468018,0.47980213165283203
1741033262618275600,57.453275634765625,-1.5365116596221924,-4.336252689361572,-0.12552905082702637
1741033262628378000,57.463378173828126,-0.3118823766708374,-4.7302069664001465,-0.6678057312965393
1741033262638480600,57.47348071289063,0.7688895463943481,-4.895411968231201,-1.0469919443130493
1741033262648583400,57.48358349609375,1.6915535926818848,-5.188532829284668,-1.4332491159439087
1741033262658686200,57.493686279296874,2.0514612197875977,-5.3407416343688965,-1.7204341888427734
1741033262668849200,57.50384912109375,1.911194086074829,-5.122824668884277,-1.8731375932693481
1741033262679154400,57.51415454101563,1.7395654916763306,-4.746438980102539,-1.8207255601882935
1741033262689459000,57.524458984375,1.7821366786956787,-4.234817028045654,-1.6981151103973389
1741033262699675400,57.53467529296875,1.7015118598937988,-3.421142578125,-1.471038579940796
1741033262709793000,57.54479296875,1.1303935050964355,-2.755791187286377,-1.3633443117141724
1741033262719895600,57.5548955078125,-0.06746518611907959,-2.2565622329711914,-1.251037836074829
1741033262729998000,57.564998046875,-1.1691861152648926,-1.8118557929992676,-1.0951669216156006
1741033262740100900,57.57510083007813,-1.6536142826080322,-1.3069591522216797,-0.7620928287506104
1741033262750203400,57.58520336914062,-1.6680331230163574,-0.48201656341552734,-0.44192254543304443
1741033262760306000,57.59530590820312,-1.615158200263977,0.8261642456054688,0.08925938606262207
1741033262770408400,57.605408447265624,-1.6189911365509033,2.2784719467163086,0.63419508934021
1741033262780511200,57.61551123046875,-1.7801061868667603,3.6716365814208984,1.001006007194519
1741033262790613800,57.62561376953125,-1.82180655002594,4.761621475219727,0.9679226875305176
1741033262800716300,57.63571630859375,-1.5173230171203613,5.089881896972656,0.33765673637390137
1741033262810818800,57.64581884765625,-1.3609706163406372,4.552483558654785,-0.7836734652519226
1741033262820920800,57.6559208984375,-2.398329734802246,3.9604501724243164,-1.9867794513702393
1741033262831023400,57.6660234375,-3.717258930206299,2.912630081176758,-3.0717759132385254
1741033262841126000,57.6761259765625,-3.7444021701812744,1.974355697631836,-3.9488720893859863
1741033262851228700,57.686228759765626,-0.7945095300674438,2.0257043838500977,-4.291690349578857
1741033262861331200,57.69633129882813,2.7813308238983154,3.361330032348633,-3.446014165878296
1741033262871433700,57.70643383789063,6.048603534698486,5.197437286376953,-2.4062249660491943
1741033262881536300,57.71653637695312,9.1165771484375,6.103452682495117,-1.8828301429748535
1741033262891639000,57.72663916015625,8.833544731140137,6.6258344650268555,-1.4710458517074585
1741033262901741600,57.736741455078125,5.195346355438232,6.498081207275391,-1.0210113525390625
1741033262911844000,57.746843994140626,2.8817920684814453,4.481232643127441,-0.3307582139968872
1741033262921947000,57.75694677734375,2.1433255672454834,2.1476545333862305,0.5185135006904602
1741033262932049400,57.76704931640625,1.5869195461273193,1.030705451965332,1.0162274837493896
1741033262942152000,57.77715185546875,0.7205562591552734,0.6496477127075195,1.04341721534729
1741033262952254700,57.787254638671875,-0.26941537857055664,0.7098073959350586,0.7945746183395386
1741033262962357000,57.79735693359375,-1.0693200826644897,1.0864219665527344,0.6972317695617676
1741033262972459000,57.807458984375,-1.8524723052978516,1.6684303283691406,1.0094246864318848
1741033262982561500,57.8175615234375,-2.379136323928833,1.9609785079956055,1.6154738664627075
1741033262992664300,57.82766430664063,-2.9726462364196777,2.1506519317626953,2.3503847122192383
1741033263002766800,57.83776684570312,-3.3797802925109863,2.156475067138672,2.609330177307129
1741033263012869400,57.84786938476562,-3.5666685104370117,1.7896337509155273,2.2288103103637695
1741033263022972000,57.857971923828124,-3.2052879333496094,1.0036544799804688,1.2811702489852905
1741033263033074700,57.86807470703125,-2.7313756942749023,0.20718860626220703,0.588469386100769
1741033263043177200,57.87817724609375,-2.785485029220581,-0.36406993865966797,0.35908961296081543
1741033263053279700,57.88827978515625,-3.04868483543396,-0.9351930618286133,0.4362930357456207
1741033263063382500,57.898382568359374,-2.8775625228881836,-1.5997095108032227,0.5392723083496094
1741033263073485000,57.908485107421875,-2.2509961128234863,-2.1242713928222656,0.6876922845840454
1741033263083587600,57.918587646484376,-1.6648199558258057,-2.443514823913574,0.8176295757293701
1741033263093690000,57.92869018554688,-0.6402027606964111,-2.436917781829834,0.9895913004875183
1741033263103793000,57.93879296875,1.1668050289154053,-2.45166015625,0.8935953378677368
1741033263113894700,57.94889477539063,2.994551420211792,-2.44742488861084,0.6696459054946899
1741033263123997200,57.9589970703125,2.758396863937378,-3.2225260734558105,0.14090809226036072
1741033263134099700,57.969099609375,0.06031346321105957,-4.416142463684082,0.08438840508460999
1741033263144202500,57.979202392578124,-3.0223679542541504,-5.150723457336426,0.1404609978199005
1741033263154305000,57.989304931640625,-4.294299602508545,-5.339093208312988,0.14638492465019226
1741033263164407600,57.999407470703126,-4.075860023498535,-5.25797176361084,0.3258904814720154
1741033263174510300,58.00951025390625,-3.5909061431884766,-4.980194091796875,0.4009373188018799
1741033263184612900,58.01961279296875,-3.3052847385406494,-4.842196941375732,0.04630124568939209
1741033263194715400,58.02971533203125,-2.904052734375,-4.863125801086426,-0.41373157501220703
1741033263204818200,58.039818115234375,-3.174099922180176,-4.62999963760376,-0.5358403921127319
1741033263214920700,58.049920654296876,-3.2325918674468994,-4.001976490020752,-0.3465847671031952
1741033263225023200,58.06002319335938,-3.015909194946289,-3.271878242492676,-0.24396854639053345
1741033263235125800,58.07012573242187,-3.0524027347564697,-2.4734768867492676,-0.10156765580177307
1741033263245228500,58.080228515625,-3.7274489402770996,-1.4799013137817383,0.13807332515716553
1741033263255330300,58.09033032226562,-4.915797233581543,-0.38062095642089844,0.33627042174339294
1741033263265432800,58.10043286132812,-5.644346237182617,0.42551517486572266,0.48478683829307556
1741033263275535400,58.110535400390624,-6.065124034881592,0.7457704544067383,0.5135019421577454
1741033263285638100,58.12063818359375,-6.271548271179199,0.4676647186279297,0.4781147837638855
1741033263295740700,58.13074072265625,-6.203926086425781,0.03176593780517578,0.6061771512031555
1741033263305843200,58.14084326171875,-5.831016540527344,-0.28424835205078125,0.7061233520507812
1741033263315946000,58.150946044921874,-5.28070068359375,-0.3799867630004883,0.7573442459106445
1741033263326048500,58.161048583984375,-4.970375061035156,-0.052654266357421875,0.740424633026123
1741033263336151000,58.171151123046876,-4.970010757446289,0.53997802734375,0.660576343536377
1741033263346253600,58.18125366210938,-4.802088260650635,1.3509950637817383,0.7054530382156372
1741033263356356400,58.1913564453125,-4.395234107971191,2.1814022064208984,0.6888871192932129
1741033263366459000,58.201458984375,-4.031554222106934,3.104310989379883,0.9265810251235962
1741033263376561400,58.2115615234375,-3.1182799339294434,4.050502777099609,1.3000779151916504
1741033263386663400,58.22166333007812,-1.9832754135131836,5.271445274353027,1.9185056686401367
1741033263396766000,58.231765869140624,-0.9100836515426636,6.536879539489746,2.2003889083862305
1741033263406868500,58.241868408203125,-0.32725775241851807,7.939745903015137,2.4833431243896484
1741033263416971000,58.251970947265626,0.47308433055877686,8.790484428405762,2.6068215370178223
1741033263427073800,58.26207373046875,1.6783933639526367,7.584305763244629,1.9799973964691162
1741033263437176300,58.27217626953125,2.3492751121520996,4.107420921325684,0.6930211782455444
1741033263447278800,58.28227880859375,3.020873546600342,1.0415077209472656,-0.29319703578948975
1741033263457381400,58.29238134765625,2.8762521743774414,-0.7078161239624023,-0.6578426361083984
1741033263467484200,58.302484130859376,1.7154349088668823,-1.8079142570495605,-0.7383648753166199
1741033263477586700,58.31258666992188,1.3830128908157349,-2.1885290145874023,-0.5992384552955627
1741033263487689200,58.32268920898437,2.5815088748931885,-1.3661813735961914,0.2319822907447815
1741033263497792000,58.3327919921875,3.528127908706665,0.1858224868774414,1.5965617895126343
1741033263507894500,58.34289453125,4.451546669006348,1.6002788543701172,3.247562885284424
1741033263517996500,58.35299658203125,5.244528770446777,2.0373916625976562,4.489353656768799
1741033263528098800,58.363098876953124,4.565335273742676,1.2404861450195312,4.207308769226074
1741033263538201600,58.37320166015625,3.711726188659668,0.3767862319946289,3.1434059143066406
1741033263548304100,58.38330419921875,2.317751407623291,-0.1812448501586914,2.2108054161071777
1741033263558406700,58.39340673828125,0.4581030011177063,-0.38489246368408203,1.7448506355285645
1741033263568509200,58.40350927734375,-0.5103009939193726,-0.33757495880126953,1.448656678199768
1741033263578612000,58.413612060546875,0.0279502272605896,-0.5908355712890625,1.115645170211792
1741033263588714500,58.423714599609376,1.3043097257614136,-1.2654390335083008,0.8758794069290161
1741033263598817000,58.43381713867188,1.970698595046997,-1.9389252662658691,0.800627589225769
1741033263608919800,58.443919921875,2.0264573097229004,-2.519784450531006,0.7784241437911987
1741033263619022300,58.45402221679687,2.060938596725464,-2.925258159637451,0.9773781299591064
1741033263629124900,58.46412475585937,2.101471185684204,-2.930850028991699,1.1175827980041504
1741033263639227100,58.47422705078125,2.2030458450317383,-3.0848121643066406,0.914831280708313
1741033263649329400,58.484329345703124,2.0502262115478516,-3.1597671508789062,0.5210133790969849
1741033263659432400,58.49443237304688,1.835433006286621,-3.3428592681884766,0.2550530433654785
1741033263669642800,58.50464282226562,1.6836929321289062,-3.3920230865478516,0.08438372611999512
1741033263679948000,58.51494799804688,1.866938591003418,-3.3477187156677246,-0.12964361906051636
1741033263690252300,58.52525219726562,1.5246388912200928,-3.3272294998168945,-0.41480153799057007
1741033263700429800,58.53542993164063,0.780254602432251,-3.541416645050049,-0.8012621402740479
1741033263710539000,58.5455390625,-0.020474672317504883,-4.022673606872559,-1.0176079273223877
1741033263720641500,58.5556416015625,-0.3968716859817505,-4.485387802124023,-1.0219106674194336
1741033263730744000,58.565744140625,-0.5048567056655884,-5.016202449798584,-1.0512511730194092
1741033263740846800,58.575846923828124,-0.4960683584213257,-5.224112510681152,-0.7589244842529297
1741033263750949400,58.585949462890625,-0.19581067562103271,-5.102861404418945,-0.26180940866470337
1741033263761052000,58.596052001953126,-0.03410375118255615,-4.819784164428711,0.14898550510406494
1741033263771154700,58.60615478515625,-0.13690567016601562,-4.375159740447998,0.437602162361145
1741033263781257200,58.61625732421875,-0.30897974967956543,-3.7762961387634277,0.5909633636474609
1741033263791359700,58.62635986328125,-0.5723766088485718,-3.086968421936035,0.6130373477935791
1741033263801462300,58.63646215820312,-0.7218567132949829,-2.243704319000244,0.6171215772628784
1741033263811564500,58.646564453125,-0.9651774168014526,-1.3002185821533203,0.6102957725524902
1741033263821666800,58.656666748046874,-1.1026861667633057,-0.2437763214111328,0.6598317623138428
1741033263831769300,58.666769287109375,-1.2106444835662842,0.8650732040405273,0.7060118317604065
1741033263841872000,58.676871826171876,-1.7789697647094727,1.9882869720458984,0.604479968547821
1741033263851974700,58.686974609375,-2.1794235706329346,2.7605648040771484,0.032311975955963135
1741033263862077200,58.6970771484375,-1.9913893938064575,2.7860279083251953,-0.787158727645874
1741033263872179700,58.7071796875,-1.5778779983520508,2.5039243698120117,-1.6476263999938965
1741033263882282500,58.717282470703125,-1.2729719877243042,2.237344741821289,-2.2871899604797363
1741033263892385000,58.72738500976563,-1.472290277481079,2.5609779357910156,-2.812619686126709
1741033263902487600,58.73748754882813,-2.11126708984375,3.97940731048584,-3.293686628341675
1741033263912590000,58.74759008789062,-0.26056599617004395,5.808791160583496,-3.567469358444214
1741033263922692900,58.75769287109375,3.709397315979004,7.3347930908203125,-3.272122621536255
1741033263932844000,58.76784399414063,4.183391094207764,9.115435600280762,-2.179231882095337
1741033263943149300,58.7781494140625,4.388989448547363,9.912753105163574,-1.2470489740371704
1741033263953454000,58.7884541015625,5.139575958251953,7.960165023803711,-0.3427099287509918
1741033263963679700,58.7986796875,3.7414357662200928,4.354340553283691,0.035634398460388184
1741033263973799000,58.808798828125,2.313800811767578,1.9717893600463867,0.12646183371543884
1741033263983901700,58.81890161132812,0.9096329212188721,0.7629547119140625,-0.4757305383682251
1741033263994004700,58.829004638671876,0.06201672554016113,0.549067497253418,-1.0975741147994995
1741033264004251000,58.8392509765625,-0.31099629402160645,1.15692138671875,-1.1482223272323608
1741033264014556200,58.84955615234375,-0.5802218914031982,2.2187280654907227,-0.604330837726593
1741033264024860000,58.85985986328125,-1.0091021060943604,2.9607982635498047,0.11878673732280731
1741033264035008500,58.87000854492187,-1.492427945137024,3.088571548461914,0.595672607421875
1741033264045111300,58.880111328125,-2.0321555137634277,2.75787353515625,0.8796053528785706
1741033264055213800,58.8902138671875,-2.2247581481933594,1.9343280792236328,0.7052615880966187
1741033264065316400,58.90031640625,-2.236886501312256,0.9231243133544922,0.4122013449668884
1741033264075419100,58.91041918945312,-2.0922746658325195,-0.07807731628417969,0.3375589847564697
1741033264085521700,58.920521728515624,-2.6163835525512695,-1.1232929229736328,0.28420713543891907
1741033264095624200,58.930624267578125,-3.273317575454712,-2.129213809967041,0.3016894459724426
1741033264105727000,58.94072705078125,-3.5594124794006348,-2.9118051528930664,0.3737146854400635
1741033264115829500,58.95082958984375,-3.9880080223083496,-3.4603285789489746,0.5300407409667969
1741033264125931500,58.960931640625,-3.9495739936828613,-3.8276233673095703,0.7204446792602539
1741033264136033800,58.97103369140625,-3.740978956222534,-4.151093006134033,0.8399254083633423
1741033264146136300,58.98113623046875,-3.759282350540161,-4.351038932800293,0.9870288968086243
1741033264156239000,58.99123901367187,-4.039795875549316,-4.38744592666626,1.0906270742416382
1741033264166341600,59.001341552734374,-4.150545120239258,-4.362236976623535,1.174960732460022
1741033264176444200,59.011444091796875,-4.215346336364746,-4.307997226715088,1.268296480178833
1741033264186547000,59.021546875,-4.169772624969482,-4.331713676452637,1.2381377220153809
1741033264196649500,59.0316494140625,-3.764862298965454,-4.45775842666626,0.983738362789154
1741033264206752000,59.041751953125,-3.417968273162842,-4.592023849487305,0.7833824753761292
1741033264216854800,59.051854736328124,-3.134840726852417,-4.596832275390625,0.685938835144043
1741033264226957300,59.061957275390625,-2.975722312927246,-4.544215679168701,0.6230592131614685
1741033264237059600,59.0720595703125,-3.030418872833252,-4.370391368865967,0.6061106324195862
1741033264247161600,59.08216162109375,-3.1285014152526855,-4.050797462463379,0.7527238130569458
1741033264257264000,59.09226416015625,-3.2612857818603516,-3.641871929168701,0.9353392720222473
1741033264267367000,59.10236694335938,-3.5255990028381348,-3.0730228424072266,1.1270103454589844
1741033264277469400,59.11246948242187,-3.9660580158233643,-2.2822279930114746,1.3222987651824951
1741033264287572000,59.12257202148437,-4.3761887550354,-1.6087541580200195,1.2724027633666992
1741033264297674800,59.1326748046875,-4.586567401885986,-1.1469974517822266,0.9005751609802246
1741033264307777300,59.14277734375,-4.6490864753723145,-0.8675479888916016,0.49017107486724854
1741033264317879800,59.1528798828125,-4.656680583953857,-0.5903034210205078,0.323309063911438
1741033264327982600,59.16298266601562,-4.6464924812316895,-0.24774932861328125,0.32037657499313354
1741033264338085000,59.173085205078124,-4.643976211547852,0.3520183563232422,0.5330419540405273
1741033264348187600,59.183187744140625,-4.726442813873291,1.1720447540283203,0.7891975045204163
1741033264358289400,59.19328930664062,-4.762773036956787,2.1770429611206055,1.0965334177017212
1741033264368392000,59.20339184570312,-4.704741954803467,3.2611160278320312,1.4695817232131958
1741033264378494700,59.21349462890625,-4.499573230743408,4.477072715759277,1.9246139526367188
1741033264388597200,59.22359716796875,-3.7479496002197266,5.622869491577148,2.360450506210327
1741033264398699800,59.23369970703125,-2.9304208755493164,6.545437812805176,2.7402000427246094
1741033264408802600,59.24380249023437,-1.987508773803711,7.2304487228393555,2.8006181716918945
1741033264418905000,59.253905029296874,-0.9731602668762207,7.646791458129883,2.320952892303467
1741033264429007600,59.264007568359375,0.09783166646957397,7.963255882263184,1.372366189956665
1741033264439110400,59.2741103515625,1.0862475633621216,8.108735084533691,0.14290225505828857
1741033264449213000,59.284212890625,0.7520326375961304,7.692474365234375,-1.0262746810913086
1741033264459315500,59.2943154296875,0.9713704586029053,5.822696685791016,-2.2614078521728516
1741033264469417500,59.30441748046875,2.120436906814575,3.532451629638672,-2.985860586166382
1741033264479520000,59.31452001953125,2.7273998260498047,2.2031450271606445,-2.910442352294922
1741033264489623000,59.324623046875,2.312440872192383,1.3693809509277344,-2.9785428047180176
1741033264499725300,59.334725341796876,1.9914723634719849,0.47493648529052734,-3.0485243797302246
1741033264510006800,59.3450068359375,2.2220778465270996,-0.40739917755126953,-3.0689730644226074
1741033264520312000,59.35531201171875,2.6815695762634277,-0.7056570053100586,-2.4330596923828125
1741033264530596400,59.36559643554688,2.2834482192993164,-0.5484590530395508,-1.6179027557373047
1741033264540729600,59.3757294921875,1.869234561920166,0.06356430053710938,-0.776984691619873
1741033264550832000,59.38583203125,2.867715835571289,1.010878562927246,-0.00903773307800293
1741033264560934700,59.3959345703125,3.6641693115234375,1.9266242980957031,0.6895121335983276
1741033264571037400,59.40603735351562,3.2427706718444824,2.424532890319824,0.9939157962799072
1741033264581140000,59.41613989257812,1.991690993309021,2.161914825439453,0.8681554794311523
1741033264591242500,59.426242431640624,2.3397629261016846,1.6668062210083008,1.1010435819625854
1741033264601345000,59.436344970703125,3.317553758621216,1.1326007843017578,1.8825266361236572
1741033264611447300,59.446447265625,4.1354265213012695,0.7334470748901367,2.916904926300049
1741033264621549600,59.456549560546875,4.510620594024658,0.027769088745117188,3.318464994430542
1741033264631652000,59.46665209960938,4.737599849700928,-1.054978370666504,2.979645252227783
1741033264641754600,59.47675463867188,4.351530075073242,-1.986464500427246,2.5656251907348633
1741033264651857400,59.486857421875,3.3690412044525146,-2.694185256958008,2.213210105895996
1741033264661960700,59.49696069335938,2.288141965866089,-3.298187255859375,1.9812215566635132
1741033264672254200,59.50725415039062,1.4882749319076538,-3.7099313735961914,1.8485504388809204
1741033264682559500,59.5175595703125,1.0402154922485352,-4.326493740081787,1.4297680854797363
1741033264692834000,59.527833984375,0.7235419750213623,-4.892236709594727,0.977454423904419
1741033264702964200,59.53796411132812,0.29189014434814453,-5.370763301849365,0.6504510641098022
1741033264713067000,59.54806689453125,-0.0648881196975708,-5.682845115661621,0.5364704132080078
1741033264723169800,59.55816967773438,-0.5910181999206543,-5.714568138122559,0.4896148443222046
1741033264733356500,59.5683564453125,-0.5891729593276978,-5.663846969604492,0.6118413209915161
1741033264743662000,59.578662109375,-0.5138266086578369,-5.447644233703613,0.5312119722366333
1741033264753966300,59.58896630859375,-0.2725989818572998,-5.585707664489746,0.25029826164245605
1741033264764163300,59.59916333007813,-0.0014081001281738281,-5.837843894958496,-0.03289210796356201
1741033264774276600,59.60927661132813,-0.34719204902648926,-5.905808925628662,-0.36750441789627075
1741033264784379100,59.61937915039063,-0.9515893459320068,-6.750801086425781,-0.5851853489875793
1741033264794481200,59.62948120117188,-1.5437885522842407,-7.447989463806152,-0.43822968006134033
1741033264804583700,59.63958374023437,-0.7097930908203125,-7.722075462341309,0.0807192325592041
1741033264814686200,59.64968627929687,0.17997074127197266,-7.333775520324707,0.579444408416748
1741033264824788700,59.659788818359374,0.20987701416015625,-6.818073272705078,0.7990067005157471
1741033264834891300,59.669891357421875,0.7686090469360352,-6.171500205993652,0.9440256357192993
1741033264844994000,59.679994140625,1.6111459732055664,-5.310869216918945,1.1624380350112915
1741033264855096600,59.6900966796875,2.38057541847229,-4.4124369621276855,1.2758935689926147
1741033264865199000,59.70019921875,2.8495378494262695,-3.0638537406921387,1.2776508331298828
1741033264875302000,59.710302001953124,3.4830620288848877,-0.7686948776245117,1.2174934148788452
1741033264885404700,59.72040478515625,3.9052846431732178,2.8958616256713867,1.3352683782577515
1741033264895603500,59.730603515625,3.018129587173462,8.619731903076172,2.5661535263061523
1741033264905908700,59.74090869140625,0.7849910259246826,14.301015853881836,4.301825046539307
1741033264916213000,59.751212890625,-2.006195545196533,16.483489990234375,4.351835250854492
1741033264926375200,59.76137524414062,-4.1158447265625,12.87327766418457,2.120424270629883
1741033264936504300,59.77150439453125,-3.2172322273254395,6.538294792175293,-0.5556822419166565
1741033264946613500,59.781613525390625,0.9951047897338867,1.713949203491211,-3.5307297706604004
1741033264956716300,59.79171630859375,1.3589763641357422,-0.2724885940551758,-6.704432487487793
1741033264966818800,59.80181884765625,1.6876881122589111,-1.4614081382751465,-10.096776962280273
1741033264976921300,59.81192138671875,0.3651752471923828,-0.7882547378540039,-12.721634864807129
1741033264987048700,59.822048583984376,1.0547471046447754,3.043246269226074,-10.859041213989258
1741033264997354200,59.832354248046876,3.090550661087036,7.970738410949707,-5.800887107849121
1741033265007659000,59.84265893554687,4.44675350189209,10.039759635925293,-0.4942612051963806
1741033265017904000,59.852904052734374,2.6205742359161377,7.99899959564209,2.419459342956543
1741033265028027600,59.86302758789063,0.4445779323577881,3.4731321334838867,2.426886558532715
1741033265038130200,59.87313012695312,-1.3377621173858643,0.34398651123046875,1.902884840965271
1741033265048232700,59.88323266601562,-1.985113501548767,-0.876093864440918,1.4865151643753052
1741033265058335500,59.89333544921875,-2.171600580215454,-0.24608135223388672,1.3820574283599854
1741033265068438000,59.90343798828125,-2.6603009700775146,1.5302486419677734,1.595947027206421
1741033265078540500,59.91354052734375,-3.539250373840332,3.8068084716796875,2.26285719871521
1741033265088643300,59.92364331054687,-3.648911476135254,5.386898994445801,2.643237590789795
1741033265098745900,59.93374584960937,-3.1127450466156006,5.8691606521606445,2.760011911392212
1741033265108848400,59.943848388671874,-3.265928030014038,4.603998184204102,2.543696403503418
1741033265118950100,59.9539501953125,-3.3650600910186768,2.7072067260742188,2.160429000854492
1741033265129052700,59.964052734375,-3.180720567703247,1.7911186218261719,2.274733781814575
1741033265139155500,59.974155517578126,-3.300006866455078,1.2830028533935547,2.4356958866119385
1741033265149258000,59.98425805664063,-2.880063056945801,0.6488313674926758,2.322148084640503
1741033265159360500,59.99436059570313,-2.5169856548309326,-0.20113849639892578,2.0371053218841553
1741033265169463300,60.00446337890625,-2.6732547283172607,-0.9385499954223633,1.862879753112793
1741033265179565800,60.01456591796875,-2.9020605087280273,-1.6712770462036133,1.7410801649093628
1741033265189668400,60.02466845703125,-2.996263027191162,-2.4990358352661133,1.5503976345062256
1741033265199771100,60.03477124023438,-2.906303644180298,-3.3583359718322754,1.3301570415496826
1741033265209873700,60.04487377929688,-2.7898848056793213,-4.1090922355651855,1.1525113582611084
1741033265219975700,60.0549755859375,-2.5805916786193848,-4.675683975219727,1.0562658309936523
1741033265230078000,60.06507788085938,-2.294074296951294,-5.074866771697998,1.013567566871643
1741033265240180500,60.07518041992188,-1.9432952404022217,-5.410618305206299,1.0248104333877563
1741033265250283300,60.085283203125,-1.5507128238677979,-5.6444172859191895,1.0646878480911255
1741033265260385800,60.0953857421875,-1.1584196090698242,-5.76914644241333,1.106911540031433
1741033265270488300,60.10548828125,-0.8669259548187256,-5.756996154785156,1.2076520919799805
1741033265280591000,60.11559106445313,-0.7040002346038818,-5.6668701171875,1.3440154790878296
1741033265290693600,60.12569360351562,-0.5726422071456909,-5.456283092498779,1.586034893989563
1741033265300796200,60.13579614257812,-0.19309306144714355,-5.202988147735596,1.9380016326904297
1741033265310898700,60.145898681640624,0.15112385153770447,-4.950562953948975,2.218130111694336
1741033265321000700,60.15600073242187,0.3401297926902771,-4.614938735961914,2.3536791801452637
1741033265331103200,60.166103271484374,0.4712109863758087,-4.059072494506836,2.4847280979156494
1741033265341205800,60.176205810546875,0.615727424621582,-3.5481104850769043,2.3133649826049805
1741033265351308300,60.18630834960938,0.5048398971557617,-2.927990436553955,1.9173108339309692
1741033265361411000,60.1964111328125,0.6132729649543762,-2.131269931793213,1.5656715631484985
1741033265371513600,60.206513671875,0.9396822452545166,-1.0391387939453125,1.3651584386825562
1741033265381616000,60.2166162109375,1.127692699432373,0.25739097595214844,1.2349101305007935
1741033265391719000,60.226718994140626,0.7351136803627014,2.0358877182006836,1.3613945245742798
1741033265401821400,60.23682153320313,0.5771598219871521,3.5989131927490234,1.426242470741272
1741033265411924000,60.24692407226563,0.6830447316169739,4.7566680908203125,1.3399322032928467
1741033265422026000,60.25702587890625,1.0109277963638306,5.6472578048706055,1.2045434713363647
1741033265432128500,60.26712841796875,1.182830810546875,5.767728805541992,0.6028679609298706
1741033265442231000,60.27723095703125,1.8468422889709473,5.087028503417969,-0.4820834994316101
1741033265452333600,60.28733349609375,2.6565561294555664,4.790412902832031,-1.1733760833740234
1741033265462436400,60.297436279296875,3.5732202529907227,4.685624122619629,-2.0471925735473633
1741033265472539000,60.307538818359376,5.3580217361450195,4.09390926361084,-4.281810283660889
1741033265482641400,60.31764135742188,8.873770713806152,3.2072315216064453,-7.752336502075195
1741033265492744000,60.32774389648438,9.134167671203613,3.5526580810546875,-8.472616195678711
1741033265502846700,60.3378466796875,7.410160064697266,5.338621139526367,-6.201638221740723
1741033265512949000,60.34794897460937,4.958826541900635,7.640617370605469,-2.690366744995117
1741033265523051500,60.358051513671874,2.3644118309020996,8.904121398925781,0.20003676414489746
1741033265533261800,60.36826171875,-0.11366090923547745,7.263614654541016,0.8315755128860474
1741033265543567400,60.3785673828125,-1.0850987434387207,3.491901397705078,-0.07275879383087158
1741033265553871400,60.38887133789063,-1.3483766317367554,0.5384035110473633,-0.8184379935264587
1741033265564049200,60.399049072265626,-1.7866789102554321,-1.079453468322754,-1.026552438735962
1741033265574158000,60.40915795898437,-1.7358689308166504,-2.006381034851074,-1.2305551767349243
1741033265584260600,60.419260498046874,-2.0092101097106934,-2.3020029067993164,-1.3303130865097046
1741033265594363100,60.429363037109376,-1.7321703433990479,-1.333251953125,-1.0133510828018188
1741033265604466000,60.4394658203125,-1.0979434251785278,0.655548095703125,-0.516754150390625
1741033265614568400,60.449568359375,-0.6341913342475891,2.5802431106567383,0.059679627418518066
1741033265624671000,60.4596708984375,-0.6988700032234192,3.6144237518310547,0.6257963180541992
1741033265634773500,60.4697734375,-0.19203951954841614,3.6421546936035156,1.4584591388702393
1741033265644875500,60.47987548828125,0.18793195486068726,2.681123733520508,2.0046191215515137
1741033265654978000,60.48997802734375,1.383743405342102,1.5932788848876953,2.8213562965393066
1741033265665080600,60.50008056640625,3.3205952644348145,0.7255363464355469,4.009389877319336
1741033265675183400,60.51018334960938,3.914750099182129,-0.1345386505126953,4.898880481719971
1741033265685286000,60.52028588867187,3.8569350242614746,-1.110610008239746,5.153405666351318
1741033265695388400,60.53038842773437,3.3941903114318848,-1.8602986335754395,5.253863334655762
1741033265705491000,60.540490966796874,3.04115629196167,-2.9138736724853516,4.889225006103516
1741033265715593700,60.55059375,2.5212063789367676,-4.324470043182373,3.8835225105285645
1741033265725696300,60.5606962890625,1.3378891944885254,-5.4967522621154785,3.509864330291748
1741033265735798300,60.57079833984375,0.9852880239486694,-5.994525909423828,3.761111259460449
1741033265745900500,60.58090063476563,0.683513879776001,-6.253413200378418,3.5447726249694824
1741033265756003300,60.59100341796875,0.2655142545700073,-6.4697160720825195,3.0724143981933594
1741033265766105900,60.60110595703125,0.13422909379005432,-6.645244598388672,2.2736268043518066
1741033265776208400,60.61120849609375,0.1045735776424408,-6.87927770614624,1.5915247201919556
1741033265786311200,60.621311279296876,0.03203690052032471,-6.85698938369751,1.0487079620361328
1741033265796413700,60.63141357421875,0.5672773718833923,-6.617580413818359,0.7638803720474243
1741033265806516200,60.64151611328125,0.6200113296508789,-6.24029016494751,0.5240708589553833
1741033265816618500,60.65161840820313,1.0218453407287598,-5.65528678894043,0.26210618019104004
1741033265826720800,60.661720703125,1.2648777961730957,-4.958546161651611,-0.1663837432861328
1741033265836823300,60.6718232421875,1.3551876544952393,-4.669514179229736,-0.7458988428115845
1741033265846925800,60.68192578125,1.4077651500701904,-4.331267356872559,-1.2554751634597778
1741033265857028400,60.6920283203125,1.3630589246749878,-4.441703796386719,-1.672302484512329
1741033265867131100,60.702131103515626,1.1251628398895264,-4.505647659301758,-1.9106526374816895
1741033265877233700,60.71223364257813,0.6497542858123779,-4.5931315422058105,-2.048971652984619
1741033265887336200,60.72233618164063,0.47121500968933105,-4.301990509033203,-1.9569118022918701
1741033265897439000,60.73243896484375,0.18918627500534058,-3.7395095825195312,-1.7307424545288086
1741033265907541500,60.74254150390625,-0.3667362630367279,-2.9593615531921387,-1.6281590461730957
1741033265917643300,60.75264331054687,-1.004172682762146,-2.0896644592285156,-1.4725797176361084
1741033265927745800,60.762745849609374,-1.6484192609786987,-1.0660362243652344,-1.1246103048324585
1741033265937848600,60.7728486328125,-1.6985278129577637,0.4013700485229492,-0.2536538243293762
1741033265947951000,60.782951171875,-1.8999762535095215,2.0982093811035156,0.6790677905082703
1741033265958053600,60.7930537109375,-2.374532461166382,3.547112464904785,1.2783877849578857
1741033265968156200,60.80315625,-3.0526561737060547,4.898399353027344,1.429795503616333
1741033265978259000,60.813259033203124,-3.7031497955322266,5.753913879394531,1.1851931810379028
1741033265988361500,60.823361572265625,-3.6089091300964355,6.028817176818848,0.7389369606971741
1741033265998463700,60.833463623046875,-2.817448377609253,5.5721893310546875,-0.19222113490104675
1741033266008565800,60.843565673828124,-1.951927661895752,4.901013374328613,-1.0301458835601807
1741033266018668500,60.85366845703125,-2.8298134803771973,4.572299957275391,-1.6144700050354004
1741033266028771000,60.86377099609375,-0.8722994327545166,3.4966917037963867,-2.063654899597168
1741033266038873600,60.87387353515625,0.4336395263671875,3.302194595336914,-2.593482255935669
1741033266048976400,60.88397631835937,0.5819027423858643,2.8961868286132812,-4.5778937339782715
1741033266059079000,60.894078857421874,1.0019338130950928,4.010204315185547,-6.427462100982666
1741033266069181400,60.904181396484375,3.7850942611694336,5.816009521484375,-7.691765785217285
1741033266079284000,60.91428393554688,9.898303031921387,6.477797508239746,-7.822701930999756
1741033266089386000,60.924385986328126,9.081831932067871,5.691432952880859,-5.161985874176025
1741033266099488500,60.93448852539063,6.41039514541626,3.0115442276000977,-1.8440706729888916
1741033266109591000,60.94459106445313,3.8881266117095947,0.24180126190185547,0.20658844709396362
1741033266119693800,60.95469384765625,2.5404202938079834,-1.1382055282592773,1.7518548965454102
1741033266129856800,60.96485668945313,2.306577682495117,-0.6624202728271484,2.9986026287078857
1741033266140162300,60.97516235351563,2.8492894172668457,1.171957015991211,3.916689157485962
1741033266150466800,60.985466796875,1.6618045568466187,3.3079519271850586,4.288330078125
1741033266160683300,60.99568334960937,0.6544727087020874,5.322453498840332,4.728276252746582
1741033266170800600,61.00580053710937,0.7553480863571167,6.263463973999023,4.724118709564209
1741033266180903400,61.0159033203125,0.19482409954071045,6.008216857910156,4.144123077392578
1741033266191006000,61.026005859375,-0.09299767017364502,4.417620658874512,2.7109367847442627
1741033266201108000,61.03610791015625,0.21407783031463623,1.9443578720092773,1.130157232284546
1741033266211210200,61.046210205078125,-1.002347469329834,0.04732704162597656,0.04480963945388794
1741033266221312800,61.05631274414063,-1.9117602109909058,-1.0119504928588867,-0.7417659759521484
1741033266231416300,61.066416259765624,-1.8501427173614502,-1.7960782051086426,-0.759273886680603
1741033266241721900,61.076721923828124,-1.7182130813598633,-2.716970443725586,-0.6488097906112671
1741033266252027000,61.08702685546875,-1.6791415214538574,-3.5290780067443848,-0.4041596055030823
1741033266262291700,61.09729174804688,-1.8453426361083984,-4.0540080070495605,-0.17303824424743652
1741033266272419800,61.107419921875,-1.7657314538955688,-4.427268028259277,0.08110368251800537
1741033266282522600,61.11752270507812,-1.8004372119903564,-4.764689922332764,0.2266772985458374
1741033266292625200,61.127625244140624,-1.8619163036346436,-5.1073808670043945,0.3745614290237427
1741033266302727700,61.137727783203125,-1.7473458051681519,-5.42033052444458,0.48092544078826904
1741033266312830000,61.147829833984375,-1.537768840789795,-5.640078544616699,0.6061191558837891
1741033266322932200,61.15793212890625,-1.0304465293884277,-5.764437198638916,0.7137202024459839
1741033266333034800,61.16803466796875,-0.5917532444000244,-5.847836494445801,0.7152537107467651
1741033266343137300,61.17813720703125,-0.2576461732387543,-5.955984115600586,0.5998913049697876
1741033266353239800,61.18823974609375,0.07255175709724426,-5.9297943115234375,0.5968170166015625
1741033266363342600,61.19834252929687,0.26781854033470154,-5.709284782409668,0.6712758541107178
1741033266373445000,61.208445068359374,0.43813028931617737,-5.321969509124756,0.7992132902145386
1741033266383547600,61.218547607421876,0.6149756908416748,-4.793890953063965,0.90430748462677
1741033266393650200,61.22865014648438,0.5664690732955933,-4.171872615814209,0.8709046840667725
1741033266403752200,61.238752197265626,0.467556893825531,-3.4526963233947754,0.7093921899795532
1741033266413854700,61.24885473632813,0.28535163402557373,-2.462646484375,0.7078255414962769
1741033266423957200,61.25895727539063,-0.0028780698776245117,-1.3491601943969727,0.6991772651672363
1741033266434060000,61.26906005859375,-0.5034520626068115,-0.20081806182861328,0.7351531982421875
1741033266444162600,61.27916259765625,-0.9759969711303711,0.9170989990234375,0.8400154113769531
1741033266454265000,61.28926513671875,-1.7817974090576172,2.0870885848999023,1.139754295349121
1741033266464367600,61.29936767578125,-2.648672103881836,3.3002920150756836,1.4472322463989258
1741033266474470400,61.30947045898437,-3.131281852722168,4.522687911987305,1.5093514919281006
1741033266484572400,61.31957250976563,-3.367219924926758,5.559676170349121,1.1093952655792236
1741033266494674700,61.3296748046875,-3.6763064861297607,6.160102844238281,0.23536086082458496
1741033266504777200,61.33977709960938,-3.178213596343994,6.206255912780762,-0.6159934997558594
1741033266514880000,61.3498798828125,-2.1533708572387695,6.3436174392700195,-1.2357151508331299
1741033266524982500,61.359982421875,-0.21006254851818085,6.446285247802734,-1.6960906982421875
1741033266535085000,61.3700849609375,0.861781656742096,6.742096900939941,-1.9874149560928345
1741033266545187800,61.38018774414063,1.1492083072662354,7.815047264099121,-1.727744460105896
1741033266555290400,61.39029028320312,1.9177777767181396,8.3949556350708,-1.7659757137298584
1741033266565393000,61.40039282226562,2.206744432449341,7.416969299316406,-2.111236810684204
1741033266575494700,61.41049462890625,1.5847384929656982,4.669611930847168,-2.5436556339263916
1741033266585597400,61.42059741210937,1.3821884393692017,1.8353118896484375,-2.9664106369018555
1741033266595700200,61.4307001953125,1.4983071088790894,0.20758533477783203,-3.1986703872680664
1741033266605863200,61.44086328125,1.8242387771606445,0.25783348083496094,-2.5124943256378174
1741033266616168400,61.45116845703125,2.1319124698638916,1.714242935180664,-1.0157376527786255
1741033266626473000,61.461472900390625,2.1236186027526855,2.981663703918457,-0.06601762771606445
1741033266636686800,61.47168676757813,2.633293867111206,3.5838441848754883,0.42166006565093994
1741033266646806800,61.481806884765625,3.5501370429992676,3.1034650802612305,0.1338430643081665
1741033266656909300,61.491909423828126,4.225064277648926,1.9260835647583008,-0.4355407953262329
1741033266667011800,61.50201171875,3.9022891521453857,0.9603147506713867,-0.5410317182540894
1741033266677114600,61.51211450195313,3.0412750244140625,0.3896369934082031,0.052300095558166504
1741033266687217200,61.52221704101562,3.2115044593811035,-0.04353523254394531,1.1491258144378662
1741033266697319000,61.53231884765625,3.2537941932678223,-0.1962432861328125,2.246579170227051
1741033266707421400,61.54242138671875,3.4766480922698975,-0.5325651168823242,3.156273603439331
1741033266717524200,61.552524169921874,2.717193841934204,-1.4467220306396484,3.5019779205322266
1741033266727626800,61.562626708984375,1.9591630697250366,-2.5820140838623047,3.4822957515716553
1741033266737729300,61.572729248046876,1.5225328207015991,-3.398303508758545,3.366002321243286
1741033266747832000,61.58283203125,1.2784550189971924,-4.006523609161377,2.962191104888916
1741033266757934600,61.5929345703125,0.905081033706665,-4.612143516540527,2.4524025917053223
1741033266768037000,61.603037109375,0.7141308784484863,-5.293215274810791,1.856190800666809
1741033266778139400,61.613139404296874,0.55739426612854,-5.935205459594727,1.2842851877212524
1741033266788241700,61.62324169921875,0.6472639441490173,-6.5177083015441895,0.6795302629470825
1741033266798344200,61.63334423828125,0.8213446736335754,-6.845539093017578,0.35546350479125977
1741033266808446700,61.64344677734375,1.2034659385681152,-7.089439392089844,0.18426644802093506
1741033266818549200,61.65354931640625,1.6100612878799438,-7.138810634613037,0.07250189781188965
1741033266828652000,61.66365209960937,1.725775957107544,-7.132505416870117,-0.07450902462005615
1741033266838754600,61.67375463867187,1.6265662908554077,-7.263018608093262,-0.34656471014022827
1741033266848857000,61.683857177734374,0.9512417912483215,-7.290040969848633,-0.6357601881027222
1741033266858958800,61.69395874023437,0.32888394594192505,-7.254575252532959,-0.5114729404449463
1741033266869061600,61.7040615234375,0.9170621037483215,-6.99857234954834,-0.4864051342010498
1741033266879164200,61.7141640625,0.7639032006263733,-6.762307167053223,-0.5410451889038086
1741033266889267000,61.72426684570313,0.7405648827552795,-6.601332664489746,-0.4911845922470093
1741033266899370200,61.734370361328125,0.5332287549972534,-6.103950500488281,-0.2719748020172119
1741033266909532000,61.744531982421876,0.4789716601371765,-5.349575996398926,-0.028239965438842773
1741033266919837200,61.754837158203124,0.005210787057876587,-4.0763258934021,0.1130596399307251
1741033266930141700,61.7651416015625,-1.1422538757324219,-2.093536376953125,0.09158241748809814
1741033266940358700,61.77535864257813,-2.4776344299316406,0.8349905014038086,0.45873498916625977
1741033266950476000,61.78547607421875,-3.7705070972442627,4.517428398132324,1.5603593587875366
1741033266960578300,61.79557836914063,-4.335621356964111,7.846363067626953,2.410219192504883
1741033266970680800,61.80568090820312,-3.891417980194092,9.310320854187012,1.89463472366333
1741033266980783400,61.81578344726562,-5.04858922958374,9.009233474731445,1.030905842781067
1741033266990886100,61.82588623046875,-4.884359359741211,7.048916816711426,-0.4175657629966736
1741033267000988700,61.83598876953125,-4.220561504364014,5.082863807678223,-1.6941120624542236
1741033267011091200,61.84609130859375,-3.7535171508789062,3.4450197219848633,-2.8325531482696533
1741033267021193700,61.85619384765625,-2.7888267040252686,2.2976455688476562,-3.7843141555786133
1741033267031295700,61.86629565429688,-1.158818244934082,3.353555679321289,-4.232077121734619
1741033267041398300,61.87639819335938,-1.6174430847167969,6.577178001403809,-4.682716369628906
1741033267051500800,61.88650073242187,0.43775618076324463,7.434120178222656,-5.077215671539307
1741033267061603600,61.896603515625,1.3023700714111328,8.038989067077637,-3.733335256576538
1741033267071706000,61.9067060546875,3.8373403549194336,5.885993003845215,-1.4250695705413818
1741033267081808600,61.91680859375,4.6627349853515625,4.359855651855469,0.8204064965248108
1741033267091911200,61.9269111328125,5.613132476806641,3.7774124145507812,2.3079962730407715
1741033267102013400,61.93701342773438,4.972540855407715,4.066737174987793,2.7902538776397705
1741033267112115700,61.94711572265625,3.414778232574463,5.01895809173584,2.8086371421813965
1741033267122218800,61.95721875,1.6048014163970947,5.828263282775879,2.6941592693328857
1741033267132465000,61.96746484375,0.3011786937713623,5.958587646484375,2.6906933784484863
1741033267142770200,61.97777026367187,-0.10436439514160156,4.942399978637695,2.5610294342041016
1741033267153074200,61.98807421875,-0.09403109550476074,2.8921566009521484,2.0389223098754883
1741033267163222800,61.99822290039062,-0.4127105474472046,1.0294532775878906,1.6263433694839478
1741033267173325300,62.0083251953125,-0.2830132246017456,-0.27962303161621094,1.478798270225525
1741033267183427800,62.018427734375,-0.4730035066604614,-1.1679668426513672,1.2885241508483887
1741033267193530600,62.028530517578126,-0.2558138370513916,-1.7379369735717773,1.227965235710144
1741033267203633000,62.0386328125,0.2773470878601074,-2.28072452545166,1.2210984230041504
1741033267213735000,62.04873486328125,0.6653339862823486,-2.9329042434692383,1.1369743347167969
1741033267223837700,62.05883764648438,0.49847614765167236,-3.6200079917907715,0.9855327606201172
1741033267234024400,62.0690244140625,0.1303647756576538,-4.314582824707031,0.8868750333786011
1741033267244330000,62.079330078125,-0.456132709980011,-5.043612480163574,0.779137909412384
1741033267254634200,62.08963427734375,-1.0236364603042603,-5.588350296020508,0.7135472893714905
1741033267264808200,62.09980810546875,-1.474930763244629,-6.071704864501953,0.578186571598053
1741033267274935300,62.10993530273438,-1.6950652599334717,-6.448596000671387,0.384280800819397
1741033267285046500,62.12004663085938,-1.5278780460357666,-6.695708751678467,0.242825448513031
1741033267295149300,62.1301494140625,-1.0979335308074951,-6.843972682952881,0.07211500406265259
1741033267305251800,62.140251953125,-0.6151465177536011,-6.917758464813232,-0.04840564727783203
1741033267315354400,62.150354248046874,-0.22655034065246582,-6.960405349731445,-0.16653382778167725
1741033267325457200,62.16045703125,-0.12512415647506714,-7.058600425720215,-0.33061227202415466
1741033267335559700,62.1705595703125,0.00284421443939209,-7.066280364990234,-0.44961604475975037
1741033267345662200,62.180662109375,0.20637750625610352,-6.839853286743164,-0.5503164529800415
1741033267355764000,62.19076391601563,0.326019287109375,-6.305149078369141,-0.6646656394004822
1741033267365866800,62.20086669921875,0.4518634080886841,-5.677032470703125,-0.8537030220031738
1741033267375969300,62.21096923828125,0.5457456111907959,-4.8869524002075195,-0.9541443586349487
1741033267386071800,62.22107177734375,0.47060978412628174,-3.8784003257751465,-0.9430077075958252
1741033267396174300,62.23117431640625,0.11715817451477051,-2.582883834838867,-0.7372020483016968
1741033267406277000,62.24127709960938,-1.6793923377990723,-0.7724714279174805,0.13123267889022827
1741033267416379600,62.25137963867188,-5.148097038269043,1.7376461029052734,1.5852621793746948
1741033267426481700,62.26148168945313,-8.523025512695312,4.050409317016602,2.2865686416625977
1741033267436584000,62.271583984375,-10.20327377319336,5.185416221618652,2.032170295715332
1741033267446686700,62.28168676757812,-9.673589706420898,4.903332710266113,1.622168779373169
1741033267456789200,62.291789306640624,-7.399431228637695,3.688971519470215,1.2078148126602173
1741033267466891800,62.301891845703125,-5.44326114654541,3.116501808166504,0.869853138923645
1741033267476994600,62.31199462890625,-4.437822341918945,3.2914199829101562,0.6633920669555664
1741033267487097000,62.32209716796875,-3.8728387355804443,4.29088020324707,0.9674663543701172
1741033267497199600,62.33219970703125,-3.086841106414795,5.686670303344727,1.6846667528152466
1741033267507301400,62.34230126953125,-1.1500147581100464,6.943370819091797,2.1305155754089355
1741033267517404200,62.35240405273437,0.8549734354019165,7.5980730056762695,1.73544442653656
1741033267527506700,62.36250659179687,1.8183664083480835,7.274524688720703,0.8511178493499756
1741033267537609200,62.372609130859374,2.0072436332702637,6.824316024780273,0.40953052043914795
1741033267547711700,62.382711669921875,1.7800312042236328,4.506600379943848,-0.4038032293319702
1741033267557814500,62.392814453125,2.15079402923584,1.0764026641845703,-1.385737657546997
1741033267567917600,62.40291748046875,3.44295597076416,-1.3231477737426758,-2.33748197555542
1741033267578019600,62.41301953125,5.3936920166015625,-2.042149543762207,-2.7410435676574707
1741033267588252700,62.42325268554688,6.61248779296875,-1.3980169296264648,-2.862912654876709
1741033267598558200,62.43355810546875,7.433023452758789,0.21140098571777344,-2.519813299179077
1741033267608862000,62.44386206054688,7.0509538650512695,2.6566667556762695,-1.4701488018035889
1741033267619021000,62.45402099609375,6.198596477508545,5.0001115798950195,-0.3568873405456543
1741033267629126000,62.4641259765625,4.306334495544434,5.7642669677734375,0.05822288990020752
1741033267639228400,62.474228515625,2.611335277557373,4.676011085510254,0.16297626495361328
1741033267649331000,62.4843310546875,1.9374361038208008,2.8921003341674805,0.7054270505905151
1741033267659433700,62.494433837890625,2.3785033226013184,1.3005781173706055,0.9738479852676392
1741033267669585000,62.5045849609375,3.321702480316162,0.28368091583251953,1.0661194324493408
1741033267679890200,62.51489013671875,3.18809175491333,-0.7546482086181641,1.158588171005249
1741033267690195000,62.52519482421875,2.343290328979492,-1.8568463325500488,1.292462944984436
1741033267700420600,62.53542065429688,2.0926740169525146,-2.700514793395996,1.5387130975723267
1741033267710539800,62.54553979492187,1.5090854167938232,-3.2062759399414062,1.7425252199172974
1741033267720642600,62.555642578125,0.12978459894657135,-3.311295986175537,2.244342803955078
1741033267730745000,62.5657451171875,-0.20688818395137787,-2.993544578552246,2.7888598442077637
1741033267740847600,62.57584765625,0.27321985363960266,-3.388698101043701,2.644460678100586
1741033267750950400,62.58595043945313,0.8840298056602478,-4.220989227294922,2.0293493270874023
1741033267761053000,62.59605297851562,1.5880976915359497,-5.137878894805908,1.4224216938018799
1741033267771154700,62.60615478515625,2.1123135089874268,-6.046896934509277,1.0454676151275635
1741033267781257200,62.61625732421875,2.084446430206299,-6.823004245758057,0.7739633321762085
1741033267791360000,62.626360107421874,2.1070058345794678,-7.387152194976807,0.579556941986084
1741033267801462500,62.636462646484375,1.9613654613494873,-7.815867900848389,0.4419078826904297
1741033267811565000,62.64656494140625,1.6848376989364624,-8.118524551391602,0.2528691291809082
1741033267821667800,62.65666772460938,1.4117231369018555,-8.278031349182129,-0.013394713401794434
1741033267831830800,62.66683081054688,1.0718272924423218,-8.407896041870117,-0.3773384690284729
1741033267842136300,62.67713623046875,0.7260173559188843,-8.603857040405273,-0.6486701369285583
1741033267852440800,62.68744091796875,0.6168307065963745,-8.576251983642578,-0.8445533514022827
1741033267862656800,62.69765673828125,1.0001521110534668,-8.252763748168945,-0.9361535906791687
1741033267872774000,62.70777392578125,1.2672172784805298,-7.697754859924316,-0.9701700806617737
1741033267882876400,62.71787646484375,1.5496406555175781,-6.744948387145996,-0.7505707740783691
1741033267892979200,62.72797924804688,1.8929622173309326,-5.480252265930176,-0.45129555463790894
1741033267903081700,62.73808178710937,2.008024215698242,-3.7671823501586914,-0.16501384973526
1741033267913184300,62.748184326171874,2.0247538089752197,-1.410940170288086,-0.06157362461090088
1741033267923286800,62.758286865234375,1.7226706743240356,2.2247543334960938,0.10965728759765625
1741033267933388800,62.768388916015624,0.17830073833465576,7.385807037353516,0.5563651323318481
1741033267943491300,62.7784912109375,-1.1820173263549805,13.135210037231445,2.271268367767334
1741033267953593900,62.78859375,-0.7719820737838745,16.953140258789062,4.170617580413818
1741033267963696400,62.7986962890625,-1.1115925312042236,14.358538627624512,2.9100563526153564
1741033267973799200,62.80879907226562,-1.5781513452529907,7.462634086608887,-0.41695424914360046
1741033267983901700,62.81890161132812,-0.5809396505355835,2.937291145324707,-3.053574562072754
1741033267994004000,62.82900390625,2.015834331512451,-0.0851755142211914,-4.816449165344238
1741033268004106000,62.83910595703125,2.6483001708984375,-1.6594667434692383,-5.8351054191589355
1741033268014208800,62.849208740234374,2.446394205093384,-0.8351316452026367,-6.182863235473633
1741033268024311800,62.85931176757813,3.2902419567108154,2.409097671508789,-5.088907241821289
1741033268034522000,62.869522216796874,6.318389892578125,4.343912124633789,-4.264585494995117
1741033268044827600,62.87982763671875,3.856017827987671,5.720229148864746,-1.5375120639801025
1741033268055131600,62.89013159179687,1.1047348976135254,6.2284746170043945,1.2400503158569336
1741033268065309700,62.900309814453124,-0.6145329475402832,5.766923904418945,1.8269095420837402
1741033268075418000,62.910418212890626,-1.843733549118042,5.392325401306152,1.4873327016830444
1741033268085520600,62.92052075195313,-1.4691522121429443,5.718812942504883,1.2011491060256958
1741033268095623400,62.93062353515625,-1.414070725440979,6.596981048583984,1.3333553075790405
1741033268105725700,62.9407255859375,-2.3870925903320312,7.214062690734863,1.972521185874939
1741033268115827700,62.95082763671875,-2.6192667484283447,6.799498558044434,2.86049747467041
1741033268125930200,62.96093017578125,-2.4707705974578857,5.046076774597168,3.2088675498962402
1741033268136032800,62.97103271484375,-2.25361704826355,2.794344902038574,2.970979928970337
1741033268146135600,62.981135498046875,-2.2955105304718018,0.8667688369750977,2.577235698699951
1741033268156238000,62.991238037109376,-2.099602222442627,-0.7099514007568359,2.213193893432617
1741033268166340600,63.00134057617188,-1.6336326599121094,-1.7290363311767578,2.033982992172241
1741033268176443000,63.01144287109375,-1.12261962890625,-2.153238296508789,1.938957691192627
1741033268186545200,63.02154516601563,-0.7103811502456665,-2.5346298217773438,1.694183349609375
1741033268196647700,63.03164770507812,-0.255168080329895,-2.883577823638916,1.6796743869781494
1741033268206750200,63.04175024414062,0.5290995836257935,-3.301572799682617,1.5518051385879517
1741033268216853500,63.051853515625,1.128178358078003,-4.012330055236816,1.3081125020980835
1741033268226802200,63.06180224609375,0.8472143411636353,-4.756181716918945,1.1033949851989746
1741033268237060000,63.07206005859375,0.07926344871520996,-5.5629096031188965,0.9473735690116882
1741033268247365400,63.08236547851563,-0.4443935751914978,-6.022550106048584,1.0004667043685913
1741033268257670400,63.09267041015625,-0.6800134181976318,-6.321871757507324,1.0462055206298828
1741033268267974000,63.10297387695312,-0.7119817733764648,-6.625968933105469,0.8683913350105286
1741033268278277600,63.11327758789062,-1.1236239671707153,-7.124922752380371,0.36782383918762207
1741033268288581000,63.1235810546875,-1.6820802688598633,-7.417123794555664,-0.06399287283420563
1741033268298827800,63.13382788085938,-2.165922164916992,-7.44659423828125,-0.26977962255477905
1741033268308963800,63.1439638671875,-2.4429516792297363,-7.145235061645508,-0.37553149461746216
1741033268319066400,63.15406640625,-2.300276756286621,-6.859343528747559,-0.49060702323913574
1741033268329169000,63.1641689453125,-2.0979647636413574,-6.356983184814453,-0.5190495848655701
1741033268339271000,63.17427099609375,-1.4922382831573486,-5.41813325881958,-0.5099697113037109
1741033268349373400,63.18437353515625,-1.6517119407653809,-4.340194225311279,-0.4736914038658142
1741033268359476000,63.19447607421875,-2.9977238178253174,-2.8283987045288086,-0.27144160866737366
1741033268369578500,63.20457861328125,-4.421070098876953,-1.131561279296875,-0.004988193511962891
1741033268379681300,63.21468139648437,-6.717215538024902,0.5994462966918945,0.23127561807632446
1741033268389783800,63.22478369140625,-7.488555431365967,2.0876035690307617,0.4317939877510071
1741033268399886300,63.23488623046875,-6.984405517578125,2.587005615234375,0.5759569406509399
1741033268409988000,63.24498803710937,-6.554966926574707,2.6025772094726562,0.8112174272537231
1741033268420091000,63.2550908203125,-5.722780704498291,2.8240203857421875,1.1364690065383911
1741033268430193700,63.26519360351563,-4.986551284790039,3.510523796081543,1.5806891918182373
1741033268440356600,63.275356689453126,-4.168365478515625,4.736202239990234,2.159273862838745
1741033268450662000,63.285661865234374,-2.378692626953125,6.069875717163086,2.7608819007873535
1741033268460966400,63.29596630859375,0.6414212584495544,6.740862846374512,2.896925210952759
1741033268471182800,63.306182861328125,2.278964042663574,6.735263824462891,2.0909512042999268
1741033268481300500,63.31630053710938,3.337754011154175,6.406014442443848,1.1303669214248657
1741033268491402500,63.32640258789063,5.5330810546875,5.580967903137207,0.1723024845123291
1741033268501504800,63.3365048828125,6.729072570800781,4.494244575500488,-0.23598015308380127
1741033268511607300,63.34660717773438,6.012828826904297,2.569009780883789,-0.44746947288513184
1741033268521710000,63.3567099609375,4.065627574920654,0.7908096313476562,-0.7712420225143433
1741033268531812600,63.3668125,3.020371198654175,0.035099029541015625,-1.0340391397476196
1741033268541915100,63.3769150390625,3.388857841491699,0.17350482940673828,-1.3135522603988647
1741033268552017700,63.387017578125,5.402248382568359,2.3055410385131836,-0.952936589717865
1741033268562119700,63.39711962890625,6.772014617919922,5.3403215408325195,0.19927769899368286
1741033268572222200,63.40722216796875,7.045669078826904,7.004148483276367,0.7425693869590759
1741033268582324700,63.41732470703125,5.679603576660156,6.241825103759766,0.3293647766113281
1741033268592427300,63.42742724609375,3.9872055053710938,4.020977973937988,0.1294795274734497
1741033268602530000,63.43753002929687,3.3551478385925293,1.8092985153198242,0.642539381980896
1741033268612632800,63.4476328125,2.8871350288391113,0.4894752502441406,1.129655122756958
1741033268622831600,63.45783154296875,2.6214962005615234,-0.3757972717285156,1.3608818054199219
1741033268633137000,63.468136962890625,2.0122077465057373,-1.0223283767700195,1.7061715126037598
1741033268643441200,63.47844116210938,1.4708616733551025,-1.2930307388305664,2.3952536582946777
1741033268653628000,63.4886279296875,1.3156746625900269,-1.601475715637207,3.0239899158477783
1741033268663739000,63.49873876953125,1.0689480304718018,-2.227029800415039,3.2291903495788574
1741033268673841400,63.50884130859375,0.9175528883934021,-2.620286464691162,3.727168560028076
1741033268683944000,63.51894384765625,1.089310646057129,-3.2083325386047363,3.9033923149108887
1741033268694046700,63.529046630859376,1.2605477571487427,-4.013876914978027,3.4455552101135254
1741033268704149200,63.53914916992188,1.4281970262527466,-4.894528388977051,2.691901683807373
1741033268714251000,63.5492509765625,1.6088181734085083,-5.831071853637695,1.9136372804641724
1741033268724353500,63.559353515625,1.6870322227478027,-6.628392219543457,1.2472554445266724
1741033268734456000,63.5694560546875,1.3886768817901611,-7.278484344482422,0.7349166870117188
1741033268744558800,63.57955883789062,1.1820261478424072,-7.704678058624268,0.41882383823394775
1741033268754661400,63.589661376953124,1.009889006614685,-7.986648082733154,0.21002328395843506
1741033268764764000,63.599763916015625,0.9541656374931335,-8.160741806030273,-0.10157006978988647
1741033268774866200,63.6098662109375,0.7203351259231567,-8.193780899047852,-0.3543388247489929
1741033268784968400,63.619968505859376,0.7070197463035583,-8.079107284545898,-0.569459855556488
1741033268795071000,63.63007104492188,0.8520373106002808,-7.736785888671875,-0.6896540522575378
1741033268805173500,63.64017358398438,1.3168456554412842,-6.901604175567627,-0.3272862434387207
1741033268815276300,63.6502763671875,1.3089137077331543,-6.117167949676514,-0.03777456283569336
1741033268825378800,63.66037890625,1.4480321407318115,-5.173798561096191,0.234755277633667
1741033268835481300,63.6704814453125,1.7587636709213257,-3.7507004737854004,0.5083118677139282
1741033268845583000,63.6805830078125,1.7436771392822266,-1.8166394233703613,0.7436002492904663
1741033268855685600,63.690685546875,1.6313927173614502,0.9189767837524414,1.2324472665786743
1741033268865788400,63.700788330078126,1.3941560983657837,4.540361404418945,1.7640212774276733
1741033268875891000,63.71089086914063,1.7831650972366333,7.9455671310424805,1.7379424571990967
1741033268885993500,63.72099340820313,2.4732229709625244,9.385483741760254,1.3080511093139648
1741033268896096300,63.73109619140625,1.7705239057540894,7.675779342651367,-0.22517746686935425
1741033268906198500,63.74119848632812,-1.0813978910446167,4.367053985595703,-1.799298882484436
1741033268916300500,63.75130053710937,-0.7823317050933838,1.866530418395996,-2.3525543212890625
1741033268926403000,63.761403076171874,0.9561852216720581,0.16292667388916016,-3.4551267623901367
1741033268936505900,63.771505859375,1.240189790725708,-0.02344226837158203,-4.144126892089844
1741033268946608400,63.7816083984375,-0.17975330352783203,1.9967927932739258,-4.1259355545043945
1741033268956711000,63.7917109375,-0.5357362031936646,4.04029655456543,-3.862964153289795
1741033268966813700,63.80181372070312,2.3004539012908936,5.666140556335449,-2.1040117740631104
1741033268976915500,63.81191552734375,2.8510031700134277,6.865141868591309,-0.21808911859989166
1741033268987018000,63.82201806640625,1.7749314308166504,7.264501571655273,1.8288755416870117
1741033268997120500,63.83212060546875,0.6981086730957031,7.928139686584473,3.0642216205596924
1741033269007223800,63.84222387695313,0.058983802795410156,8.195677757263184,3.3772332668304443
1741033269017517600,63.852517578125,-1.2851548194885254,7.904987335205078,3.043306350708008
1741033269027822600,63.86282250976563,-2.137080669403076,7.202310562133789,2.6345014572143555
1741033269038097200,63.87309716796875,-2.2512149810791016,6.035948753356934,2.364478588104248
1741033269048227600,63.8832275390625,-1.9310307502746582,4.450418472290039,2.266972303390503
1741033269058329900,63.893329833984374,-1.6196846961975098,2.7648372650146484,2.033353805541992
1741033269068432000,63.903431884765624,-1.2469958066940308,1.4477128982543945,1.792441725730896
1741033269078534700,63.91353466796875,-0.9369114637374878,0.5915412902832031,1.5049769878387451
1741033269088637200,63.92363720703125,-0.5603339672088623,0.13207530975341797,1.2693040370941162
1741033269098739700,63.93373974609375,1.0061235427856445,0.05695819854736328,1.3362066745758057
1741033269108842500,63.94384252929687,4.931741714477539,-0.4216747283935547,1.2584611177444458
1741033269118944500,63.95394458007812,7.401676654815674,-1.1892385482788086,1.3495450019836426
1741033269129046800,63.964046875,2.631680965423584,-2.2887325286865234,1.8999446630477905
1741033269139149300,63.9741494140625,-0.7118437886238098,-4.071442127227783,1.760775089263916
1741033269149251800,63.984251953125,-2.6706814765930176,-5.255258083343506,1.6382465362548828
1741033269159354600,63.99435473632813,-3.8530142307281494,-6.306614875793457,1.2931407690048218
1741033269169458000,64.0044580078125,-4.250033855438232,-7.005648612976074,1.0181578397750854
1741033269179763500,64.01476342773438,-4.707947731018066,-7.194953918457031,0.7939141988754272
1741033269190068500,64.025068359375,-4.641504287719727,-7.07244873046875,0.6744621396064758
1741033269200333000,64.0353330078125,-4.048677444458008,-6.955751419067383,0.558897852897644
1741033269210460700,64.04546069335937,-3.110668897628784,-6.782528400421143,0.6043520569801331
1741033269220563500,64.0555634765625,-1.900979995727539,-6.567673206329346,0.5163099765777588
1741033269230666000,64.065666015625,-1.295825719833374,-6.2904486656188965,0.19614402949810028
1741033269240768500,64.0757685546875,-0.9691390991210938,-6.085177421569824,-0.27795717120170593
1741033269250871300,64.08587133789062,-0.719780683517456,-5.74558687210083,-0.6544450521469116
1741033269260973300,64.09597338867188,-0.8431339263916016,-5.165416240692139,-0.48491209745407104
1741033269271075600,64.10607568359374,-1.6310601234436035,-4.42227840423584,-0.11684605479240417
1741033269281178000,64.11617822265625,-2.547647476196289,-3.4036412239074707,0.12064830958843231
1741033269291280600,64.12628076171875,-3.3693037033081055,-2.1892309188842773,0.4200446605682373
1741033269301383400,64.13638354492187,-4.029995441436768,-1.1870002746582031,0.6572290658950806
1741033269311486000,64.14648583984375,-4.689594268798828,-0.6179847717285156,0.6740283966064453
1741033269321588500,64.15658837890625,-5.5520477294921875,-0.2867755889892578,0.40471717715263367
1741033269331690200,64.16669018554687,-6.421214580535889,0.18993568420410156,-0.02249854803085327
1741033269341793000,64.17679296875,-7.10161018371582,0.7197561264038086,-0.19664812088012695
1741033269351895600,64.1868955078125,-7.1794562339782715,1.146925926208496,0.04036140441894531
1741033269361998000,64.196998046875,-6.875067234039307,1.4436454772949219,0.7461543679237366
1741033269372100900,64.20710083007812,-5.777419567108154,1.6304168701171875,1.9528692960739136
1741033269382203400,64.21720336914062,-4.329733371734619,2.1618833541870117,3.1697535514831543
1741033269392305700,64.2273056640625,-3.2214996814727783,3.1088027954101562,4.181530475616455
1741033269402407700,64.23740771484376,-0.7611318230628967,4.03925895690918,5.134884834289551
1741033269412510500,64.24751049804688,1.31827712059021,5.829092025756836,5.695148944854736
1741033269422613000,64.25761303710938,3.216217041015625,6.211490631103516,4.308029651641846
1741033269432716000,64.26771606445313,3.5092148780822754,4.850286483764648,2.6673223972320557
1741033269443412200,64.278412109375,3.9265189170837402,2.8964738845825195,1.2468574047088623
1741033269453514500,64.28851440429688,4.315075874328613,1.7056236267089844,-0.20353412628173828
1741033269463617000,64.29861694335938,5.227022171020508,1.8059883117675781,-0.7851032614707947
1741033269473719600,64.30871948242188,4.838686943054199,2.94069766998291,-0.9743211269378662
1741033269483822300,64.318822265625,7.265570163726807,5.192546844482422,-0.2981368601322174
1741033269493924600,64.32892456054688,8.550853729248047,7.213902473449707,1.1474018096923828
1741033269504026600,64.33902661132812,9.149751663208008,6.781488418579102,1.485783338546753
1741033269514129200,64.34912915039062,8.355152130126953,4.250617980957031,1.2419602870941162
1741033269524231700,64.35923168945313,5.897899150848389,1.9349861145019531,1.7483875751495361
1741033269534334500,64.36933447265625,3.142730236053467,0.666111946105957,1.6722726821899414
1741033269544437000,64.37943701171875,1.047213077545166,-0.018611907958984375,1.5933107137680054
1741033269554539300,64.38953930664063,0.48596736788749695,-0.4086875915527344,1.6779897212982178
1741033269564641300,64.39964135742187,0.467213898897171,-0.7891025543212891,1.8987383842468262
1741033269574744000,64.409744140625,0.7212244272232056,-1.3302545547485352,1.736257791519165
1741033269584846600,64.4198466796875,1.1740624904632568,-1.9138298034667969,1.5044937133789062
1741033269594949000,64.42994921875,1.326353907585144,-2.306626319885254,1.4667985439300537
1741033269605052000,64.44005200195312,1.7923598289489746,-2.7861218452453613,1.2906007766723633
1741033269615154400,64.45015454101562,2.4602506160736084,-3.5083727836608887,1.2344611883163452
1741033269625256200,64.46025610351562,3.7792153358459473,-4.322461128234863,1.4366307258605957
1741033269635358700,64.47035864257812,3.9270875453948975,-5.262341022491455,1.5079715251922607
1741033269645461500,64.48046142578124,3.2454962730407715,-6.156582832336426,1.3167803287506104
1741033269655564000,64.49056396484374,2.5953762531280518,-6.951040744781494,1.063739538192749
1741033269665666600,64.50066650390625,2.2077064514160156,-7.518518447875977,0.945460855960846
1741033269675769000,64.51076904296875,1.5677850246429443,-7.915704250335693,0.8384021520614624
1741033269685870800,64.52087084960938,0.9993658065795898,-8.127978324890137,0.6533511877059937
1741033269695973600,64.5309736328125,0.37416398525238037,-8.31423282623291,0.4373018145561218
1741033269706076200,64.541076171875,-0.03268146514892578,-8.511582374572754,0.40529364347457886
1741033269716178700,64.5511787109375,-0.24211406707763672,-8.753097534179688,0.2795896828174591
1741033269726281500,64.56128149414063,0.06470727920532227,-8.778943061828613,0.2355896234512329
1741033269736384000,64.57138403320313,0.8066830635070801,-8.352513313293457,0.05857962369918823
1741033269746486000,64.58148608398437,1.1743583679199219,-7.80936861038208,-0.031160444021224976
1741033269756588300,64.59158837890625,1.4325673580169678,-7.228118896484375,0.00217437744140625
1741033269766691000,64.60169116210938,1.4233415126800537,-6.602479457855225,0.0781106948852539
1741033269776793600,64.61179370117188,2.5802714824676514,-5.530543327331543,0.42688488960266113
1741033269786896100,64.62189624023438,4.194754600524902,-3.529149055480957,1.2242672443389893
1741033269796998700,64.63199853515626,5.289953231811523,-0.35034656524658203,2.1463074684143066
1741033269807100700,64.6421005859375,6.583640098571777,4.486269950866699,3.1798672676086426
1741033269817203200,64.652203125,6.213734149932861,10.482433319091797,4.392589569091797
1741033269827305700,64.6623056640625,4.886761665344238,14.623714447021484,4.941845417022705
1741033269837408300,64.672408203125,2.550445556640625,14.127098083496094,4.037456512451172
1741033269847511000,64.68251098632813,-0.34110069274902344,8.569493293762207,1.469724416732788
1741033269857613300,64.69261328125,-3.0238025188446045,3.094655990600586,-0.7945561408996582
1741033269867715300,64.70271533203125,-3.1853177547454834,-0.0255889892578125,-3.048694372177124
1741033269877818400,64.712818359375,-1.8843255043029785,-1.1896839141845703,-4.827365875244141
1741033269888029000,64.72302880859375,2.7380964756011963,-0.16537857055664062,-5.052286148071289
1741033269898334200,64.73333422851563,4.667813301086426,2.875162124633789,-3.3665473461151123
1741033269908638200,64.74363818359375,1.788468837738037,4.547618865966797,-1.4387223720550537
1741033269918816000,64.75381591796875,-1.1415197849273682,5.5391340255737305,-0.07277902960777283
1741033269928925700,64.76392578125,-1.7197684049606323,6.870810508728027,0.8765426278114319
1741033269939207400,64.77420751953125,-1.42974853515625,8.508700370788574,1.3159834146499634
1741033269949512700,64.7845126953125,-2.365480422973633,9.441458702087402,1.3756715059280396
1741033269959796700,64.79479663085938,-3.0634069442749023,8.674696922302246,1.0045897960662842
1741033269969928400,64.80492846679688,-2.415562152862549,7.498056411743164,0.9123833775520325
1741033269980031200,64.81503125,-1.4140242338180542,6.605512619018555,1.7188255786895752
1741033269990133800,64.8251337890625,-0.5829129219055176,5.210419654846191,2.6017794609069824
1741033270000236300,64.835236328125,-0.4104163646697998,3.295877456665039,2.9227402210235596
1741033270010338600,64.84533862304687,-0.8294861316680908,1.3861446380615234,2.738802671432495
1741033270020440800,64.85544091796875,-1.1398568153381348,-0.014491081237792969,2.438326120376587
1741033270030543400,64.86554345703125,-1.1968061923980713,-0.7212762832641602,2.127121925354004
1741033270040646000,64.87564599609375,-0.6963036060333252,-0.737849235534668,1.9792249202728271
1741033270050748700,64.88574877929688,0.9175357818603516,-0.5869560241699219,1.8205726146697998
1741033270060851200,64.89585131835938,4.274282455444336,-0.6486282348632812,1.4666097164154053
1741033270070954500,64.90595458984374,6.59227180480957,-1.4211502075195312,0.5726075768470764
1741033270081212400,64.91621240234375,2.2302298545837402,-2.762451648712158,0.2808440923690796
1741033270091517700,64.926517578125,-0.4931356906890869,-4.514174461364746,0.33818626403808594
1741033270101812500,64.9368125,-2.518805503845215,-5.775718688964844,0.44147858023643494
1741033270111957200,64.94695727539063,-3.704389810562134,-6.667675971984863,0.49819067120552063
1741033270122059800,64.95705981445313,-3.6152126789093018,-7.212053298950195,0.5838698148727417
1741033270132162300,64.96716235351562,-3.4141733646392822,-7.588189601898193,0.6193560361862183
1741033270142265000,64.97726513671876,-2.8397326469421387,-7.910600662231445,0.6351367235183716
1741033270152367600,64.98736767578124,-1.7753422260284424,-7.923611164093018,0.6724737286567688
1741033270162470000,64.99746997070312,-0.7980241775512695,-7.832450866699219,0.7068777680397034
1741033270172572000,65.00757202148438,-0.37541890144348145,-7.346624374389648,0.854546308517456
1741033270182674700,65.0176748046875,-0.7458302974700928,-6.801795959472656,0.34557169675827026
1741033270192777200,65.02777709960938,-0.46596670150756836,-6.158051490783691,-0.12389004230499268
1741033270202879700,65.03787963867188,-0.7877810001373291,-5.158541202545166,-0.10925590991973877
1741033270212982300,65.04798217773437,-1.2470829486846924,-4.070775508880615,0.2799716889858246
1741033270223084300,65.05808422851563,-1.7036776542663574,-3.080146312713623,0.976334810256958
1741033270233186800,65.06818676757813,-2.3384358882904053,-2.301380157470703,1.7247480154037476
1741033270243289300,65.07828930664063,-2.1894803047180176,-1.670022964477539,2.162398338317871
1741033270253392000,65.08839184570313,-1.8322925567626953,-1.303123950958252,2.192796230316162
1741033270263494700,65.09849462890625,-1.5914700031280518,-1.1033449172973633,1.8337918519973755
1741033270273597200,65.10859716796875,-2.259554386138916,-0.8009214401245117,1.0862252712249756
1741033270283699000,65.11869897460937,-3.3190605640411377,-0.5967922210693359,0.19565314054489136
1741033270293801500,65.12880151367187,-4.739812850952148,-0.4939584732055664,-0.7443703413009644
1741033270303904300,65.138904296875,-6.064493179321289,-0.534423828125,-1.6424567699432373
1741033270314006800,65.1490068359375,-7.189189910888672,-0.31702518463134766,-2.053378105163574
1741033270324109300,65.159109375,-8.017110824584961,0.21456241607666016,-1.7838895320892334
1741033270334211600,65.16921166992188,-8.654361724853516,1.0031538009643555,-1.1049509048461914
1741033270344313600,65.17931372070312,-8.888392448425293,1.933812141418457,-0.08219462633132935
1741033270354416400,65.18941650390624,-8.721075057983398,2.8263282775878906,1.580622911453247
1741033270364519000,65.19951879882812,-7.516479015350342,4.66120719909668,3.898827075958252
1741033270374621400,65.20962133789062,-3.314077377319336,7.961704254150391,6.917556285858154
1741033270384724200,65.21972412109375,0.7793699502944946,10.500282287597656,8.230178833007812
1741033270394826000,65.22982592773438,3.1113762855529785,8.942092895507812,6.871128082275391
1741033270404928500,65.23992846679687,4.493507385253906,4.638689994812012,4.215562343597412
1741033270415031000,65.25003100585937,5.947664737701416,1.4076309204101562,1.4896842241287231
1741033270425133800,65.2601337890625,6.665792465209961,0.7929220199584961,0.1118893027305603
1741033270435236400,65.270236328125,7.32750940322876,2.169774055480957,-0.1508268117904663
1741033270445339000,65.2803388671875,7.502572536468506,4.815258979797363,0.3592159152030945
1741033270455440600,65.29044067382813,6.528243541717529,6.948220252990723,1.0845718383789062
1741033270465543400,65.30054345703125,8.846296310424805,7.228760719299316,1.706103801727295
1741033270475646000,65.31064599609375,10.378997802734375,5.320976257324219,2.262166738510132
1741033270485748500,65.32074853515626,8.460419654846191,2.6010379791259766,2.481875419616699
1741033270495851000,65.33085107421876,5.024829864501953,0.66571044921875,2.0737521648406982
1741033270505953300,65.34095336914062,2.545470952987671,-0.7500448226928711,1.540578842163086
1741033270516055600,65.3510556640625,1.1384721994400024,-1.3651094436645508,1.4692208766937256
1741033270526158600,65.36115869140625,0.6917092800140381,-1.594944953918457,1.6662757396697998
1741033270536404700,65.37140478515624,1.2344868183135986,-2.0949811935424805,1.5402710437774658
1741033270546710000,65.3817099609375,1.822804570198059,-2.818105697631836,1.2193119525909424
1741033270557014000,65.39201391601563,2.4725239276885986,-3.479422092437744,1.0243775844573975
1741033270567162600,65.40216259765624,3.0530192852020264,-3.9731078147888184,1.189375877380371
1741033270577265200,65.41226513671874,3.1967413425445557,-4.477555274963379,1.4830090999603271
1741033270587367000,65.42236694335938,2.9350383281707764,-4.949466705322266,1.8434982299804688
1741033270597469400,65.43246948242188,2.7985668182373047,-5.406521320343018,2.052271604537964
1741033270607572200,65.442572265625,2.7385101318359375,-6.012907028198242,1.921571969985962
1741033270617674800,65.4526748046875,2.143989086151123,-6.523506164550781,1.8007934093475342
1741033270627777000,65.46277709960937,1.5216373205184937,-6.983179092407227,1.3983633518218994
1741033270637879000,65.47287915039063,1.1235532760620117,-7.317661285400391,0.9338207244873047
1741033270647981600,65.48298168945313,0.8142687082290649,-7.628688812255859,0.49460750818252563
1741033270658084400,65.49308447265625,0.8389064073562622,-7.8691086769104,0.2788180112838745
1741033270668187000,65.50318676757813,0.682166576385498,-8.163017272949219,0.037554025650024414
1741033270678289400,65.51328930664063,0.503730058670044,-8.331090927124023,-0.1007537841796875
1741033270688391400,65.52339135742187,0.4746493101119995,-8.073251724243164,-0.0917009711265564
1741033270698494000,65.53349389648437,1.3923370838165283,-7.473697662353516,0.07028883695602417
1741033270708596500,65.54359643554687,2.1429367065429688,-6.745938301086426,0.3042600154876709
1741033270718699000,65.55369897460938,2.5700876712799072,-6.116590976715088,0.3750309348106384
1741033270728802600,65.56380249023438,3.3738770484924316,-5.261073112487793,0.5334699153900146
1741033270739084300,65.57408422851563,4.110482692718506,-3.972527503967285,0.7998595833778381
1741033270749211400,65.58421142578125,4.482561111450195,-1.825455665588379,1.02040696144104
1741033270759517000,65.59451684570313,4.7000885009765625,1.3210735321044922,1.5027801990509033
1741033270769775900,65.60477587890625,4.213214874267578,5.962120056152344,2.4257805347442627
1741033270779907600,65.61490747070313,3.1049630641937256,10.356717109680176,3.360305070877075
1741033270790010400,65.62501025390625,0.6011910438537598,12.601653099060059,3.504937171936035
1741033270800113000,65.63511279296876,-1.8178331851959229,11.074542999267578,2.327594757080078
1741033270810215400,65.64521533203126,-2.5913186073303223,6.181907653808594,-0.09264940023422241
1741033270820318200,65.65531811523438,-2.5641870498657227,2.1985673904418945,-2.15824031829834
1741033270830420200,65.66542016601562,-2.42130708694458,0.10843849182128906,-3.841254234313965
1741033270840522500,65.6755224609375,0.819371223449707,-0.18616294860839844,-4.909287452697754
1741033270850625000,65.685625,4.222216606140137,2.896047592163086,-4.286540508270264
1741033270860727800,65.69572778320313,2.331666946411133,5.293482780456543,-2.8234407901763916
1741033270870830300,65.70583032226563,-0.8607372045516968,5.995797157287598,-2.0983166694641113
1741033270880932900,65.71593286132813,-1.5864737033843994,5.386699676513672,-1.7939014434814453
1741033270891034600,65.72603466796875,-0.2444782257080078,5.098452568054199,-1.1277164220809937
1741033270901137200,65.73613720703125,-0.5345990657806396,5.751276016235352,-0.650279700756073
1741033270911240000,65.74623999023437,-1.8043878078460693,6.7624406814575195,-0.2063426375389099
1741033270921342700,65.7563427734375,-2.2373833656311035,7.711367607116699,0.11533528566360474
1741033270931445500,65.76644555664062,-2.0521774291992188,8.136837005615234,0.6016200184822083
1741033270941618400,65.77661840820312,-1.38482666015625,7.709554672241211,1.2515913248062134
1741033270951924000,65.78692407226562,-0.8194074630737305,6.239922523498535,1.7079187631607056
1741033270962228200,65.79722827148437,-0.3204507827758789,4.4342851638793945,1.8293383121490479
1741033270972435500,65.807435546875,-0.059415578842163086,2.8314990997314453,1.5319180488586426
1741033270982551300,65.81755126953125,-0.05059504508972168,1.647115707397461,1.079461932182312
1741033270992653800,65.82765380859375,0.017119169235229492,0.8502998352050781,0.5942715406417847
1741033271002756600,65.83775659179688,0.09364628791809082,0.1713104248046875,0.14843380451202393
1741033271012858400,65.8478583984375,0.04385662078857422,-0.5740966796875,0.06346249580383301
1741033271022961000,65.8579609375,0.17066097259521484,-1.1446189880371094,0.28904247283935547
1741033271033063400,65.8680634765625,0.3986794948577881,-1.6788597106933594,0.651951014995575
1741033271043166000,65.878166015625,0.2698756456375122,-2.262481212615967,0.9147417545318604
1741033271053268700,65.88826879882812,0.2073659896850586,-2.9680113792419434,1.140936017036438
1741033271063371000,65.89837109375,0.37406647205352783,-3.7777915000915527,1.3230727910995483
1741033271073473000,65.90847314453126,0.24338531494140625,-4.447329521179199,1.620663046836853
1741033271083575600,65.91857543945312,0.21239447593688965,-4.985337257385254,2.001739978790283
1741033271093678300,65.92867822265625,0.37575840950012207,-5.41187858581543,2.2777349948883057
1741033271103780900,65.93878076171875,0.4598976969718933,-5.784121513366699,2.411709785461426
1741033271113883100,65.94888305664062,0.4309091567993164,-5.895615100860596,2.771552085876465
1741033271123985200,65.95898510742188,0.37265533208847046,-5.653339862823486,3.3859643936157227
1741033271134088000,65.969087890625,0.4461269676685333,-5.4561028480529785,3.662562847137451
1741033271144190500,65.9791904296875,0.4971311092376709,-5.444786548614502,3.720048666000366
1741033271154293000,65.98929296875,0.7528618574142456,-5.398246765136719,3.6729629039764404
1741033271164395800,65.99939575195313,1.1076269149780273,-5.342367172241211,3.592561721801758
1741033271174497500,66.00949755859375,1.1496410369873047,-5.282655239105225,3.479412794113159
1741033271184600000,66.01960009765625,1.1573376655578613,-5.355464458465576,3.2523975372314453
1741033271194702600,66.02970263671875,1.4423083066940308,-5.278563499450684,3.3134825229644775
1741033271204805000,66.03980517578125,1.5735214948654175,-5.026650428771973,3.2893481254577637
1741033271214907600,66.04990771484376,1.4417966604232788,-4.808504104614258,2.8246219158172607
1741033271225009700,66.060009765625,0.8660674095153809,-4.641571044921875,2.324479579925537
1741033271235112200,66.0701123046875,-0.3912491798400879,-4.274991035461426,1.7521495819091797
1741033271245214700,66.08021459960938,-2.192981719970703,-3.6799960136413574,1.1755892038345337
1741033271255317500,66.0903173828125,-5.276993274688721,-2.815629482269287,0.7933869361877441
1741033271265420000,66.100419921875,-9.643754959106445,-2.1016173362731934,-0.1308807134628296
1741033271275522300,66.11052221679688,-13.080562591552734,-1.4230360984802246,-0.8862029910087585
1741033271285624300,66.12062426757812,-13.937360763549805,-1.1780414581298828,-1.1015183925628662
1741033271295727000,66.13072705078125,-12.945466995239258,-1.7391514778137207,-0.9486786127090454
1741033271305829600,66.14082958984375,-11.483765602111816,-2.396367073059082,-0.5920180678367615
1741033271315932200,66.15093212890625,-11.299125671386719,-2.0602340698242188,-0.19182395935058594
1741033271326034200,66.1610341796875,-12.134652137756348,-0.6639738082885742,0.052390486001968384
1741033271336136700,66.17113671875,-12.905863761901855,1.9927797317504883,0.7506310939788818
1741033271346239200,66.1812392578125,-12.80493450164795,5.567722320556641,2.6480445861816406
1741033271356341800,66.191341796875,-9.725093841552734,8.927083015441895,5.36669397354126
1741033271366444300,66.2014443359375,-4.66562557220459,10.961398124694824,7.633413791656494
1741033271376546800,66.211546875,-0.13964378833770752,10.76202392578125,9.071012496948242
1741033271386648800,66.22164892578125,2.851414203643799,8.124982833862305,8.856711387634277
1741033271396751400,66.23175146484375,5.810189247131348,5.379814147949219,8.427092552185059
1741033271406854000,66.24185400390625,8.588492393493652,5.266131401062012,8.553030967712402
1741033271416956700,66.25195678710938,8.195974349975586,6.117440223693848,8.099230766296387
1741033271427059000,66.26205883789062,9.70824909210205,4.617603302001953,5.638240337371826
1741033271437161000,66.27216088867188,13.366327285766602,3.694638252258301,3.904157876968384
1741033271447263500,66.28226342773438,14.695496559143066,3.2551374435424805,2.37868332862854
1741033271457366300,66.2923662109375,15.197882652282715,2.009993553161621,0.8808547258377075
1741033271467468800,66.30246875,13.402080535888672,-0.8280029296875,-0.3900238275527954
1741033271477571300,66.3125712890625,9.405780792236328,-3.2376747131347656,-1.0438735485076904
1741033271487673300,66.32267333984375,5.423117160797119,-3.6701645851135254,-0.6523265242576599
1741033271497775900,66.33277587890625,3.3398094177246094,-3.7624826431274414,-0.19169452786445618
1741033271507878400,66.34287841796875,2.5995073318481445,-3.472463607788086,0.25881853699684143
1741033271517981000,66.35298095703125,-1.5330442190170288,-2.4488120079040527,0.7156342267990112
1741033271528083500,66.36308349609375,-3.5104403495788574,-1.0058059692382812,0.7878415584564209
1741033271538185200,66.37318530273437,2.2669429779052734,-2.210348606109619,0.40244442224502563
1741033271548288000,66.3832880859375,4.707884788513184,-3.5263471603393555,0.7829877138137817
1741033271558390500,66.393390625,5.484812259674072,-4.484521865844727,0.9317728877067566
1741033271568493000,66.4034931640625,5.935521125793457,-5.203428268432617,0.6195160150527954
1741033271578595800,66.41359594726562,5.6463422775268555,-5.8350419998168945,0.11836603283882141
1741033271588698000,66.42369799804688,4.557162761688232,-6.644362449645996,-0.09046447277069092
1741033271598800100,66.43380004882812,3.1531710624694824,-7.477206230163574,0.12988436222076416
1741033271608902700,66.44390258789062,2.144831418991089,-7.874373912811279,0.5397753715515137
1741033271619005400,66.45400537109376,1.2368853092193604,-8.013864517211914,0.6829454898834229
1741033271629108000,66.46410791015624,0.25160741806030273,-8.10609245300293,0.6811691522598267
1741033271639210000,66.4742099609375,-0.10910391807556152,-8.284867286682129,0.6372873783111572
1741033271649312300,66.48431225585938,-0.0024003982543945312,-8.470101356506348,0.5709089040756226
1741033271659415000,66.4944150390625,-0.21983718872070312,-8.55200481414795,0.4657498598098755
1741033271669517600,66.504517578125,-0.40008652210235596,-8.592576026916504,0.4871627390384674
1741033271679620000,66.5146201171875,0.033931612968444824,-8.141190528869629,0.687195360660553
1741033271689722600,66.52472265625,0.7826814651489258,-7.384062767028809,0.9130659103393555
1741033271699824400,66.53482446289063,1.526735544204712,-6.627589702606201,0.939410924911499
1741033271709927200,66.54492724609375,2.4004344940185547,-5.676380157470703,1.0266940593719482
1741033271720029700,66.55502978515625,3.6706247329711914,-4.22753381729126,1.2967419624328613
1741033271730132200,66.56513232421875,4.59545373916626,-1.9669809341430664,1.7574794292449951
1741033271740234500,66.575234375,4.3526458740234375,1.6794548034667969,2.56536602973938
1741033271750336800,66.58533666992187,1.851736068725586,7.298518180847168,3.6197011470794678
1741033271760439300,66.59543920898437,1.1974376440048218,11.855491638183594,3.248735189437866
1741033271770541800,66.60554174804687,3.7509396076202393,13.275571823120117,1.4860814809799194
1741033271780644600,66.61564453125,4.3562421798706055,11.269147872924805,-1.4945884943008423
1741033271790746600,66.62574658203125,3.694032669067383,7.090253829956055,-3.7420310974121094
1741033271800849000,66.63584887695312,1.612356185913086,4.244572639465332,-5.119329452514648
1741033271810951400,66.64595141601562,3.217452049255371,1.2518501281738281,-5.81078577041626
1741033271821054200,66.65605419921874,7.930965423583984,-1.6555390357971191,-5.473533630371094
1741033271831156700,66.66615673828124,9.047593116760254,-2.749922752380371,-4.7039690017700195
1741033271841259300,66.67625927734375,5.7384033203125,-0.8427820205688477,-3.1557199954986572
1741033271851361000,66.68636108398438,4.561191558837891,2.6996660232543945,-1.5571361780166626
1741033271861463600,66.69646362304688,4.177280902862549,5.510891914367676,0.06835281848907471
1741033271871566300,66.70656640625,3.815246820449829,7.083259582519531,2.2301650047302246
1741033271881668900,66.7166689453125,2.203894853591919,8.22020435333252,3.733804225921631
1741033271891771100,66.72677124023437,0.746983528137207,9.149291038513184,4.407593727111816
1741033271901873200,66.736873046875,-0.12608027458190918,9.076194763183594,5.084258079528809
1741033271911976000,66.74697583007813,-1.3729546070098877,8.482205390930176,5.840204238891602
1741033271922078500,66.75707836914063,-2.374375343322754,7.681466102600098,6.411232948303223
1741033271932181000,66.76718090820313,-3.157043933868408,6.469448089599609,6.343986988067627
1741033271942283300,66.777283203125,-3.5368432998657227,4.524998664855957,5.316671371459961
1741033271952385500,66.78738549804687,-3.4596879482269287,2.4685802459716797,4.113439083099365
1741033271962488000,66.79748803710937,-3.3533756732940674,0.9726676940917969,3.3658721446990967
1741033271972590600,66.80759057617188,-3.6781017780303955,0.07629871368408203,2.858157157897949
1741033271982693400,66.817693359375,-3.781205415725708,-0.4992799758911133,2.372290849685669
1741033271992796000,66.8277958984375,-3.4419002532958984,-0.7845573425292969,2.026052951812744
1741033272002897700,66.83789770507812,-2.698625087738037,-1.2408380508422852,1.87098228931427
1741033272013000200,66.84800024414062,-1.2579325437545776,-1.5122976303100586,2.189544677734375
1741033272023102700,66.85810278320312,3.8661272525787354,0.17446327209472656,2.6429848670959473
1741033272033205500,66.86820556640625,12.374439239501953,2.0274581909179688,2.659722328186035
1741033272043307800,66.87830786132812,14.839378356933594,0.12252044677734375,2.5720362663269043
1741033272053409800,66.88840991210938,6.382392883300781,-3.975961208343506,3.6907832622528076
1741033272063512300,66.89851220703125,-0.4212043285369873,-7.514388084411621,4.17657470703125
1741033272073615000,66.90861499023437,-4.9744367599487305,-8.802058219909668,3.2467823028564453
1741033272083717600,66.91871752929687,-4.703921318054199,-9.130457878112793,2.424142837524414
1741033272093819600,66.92881958007813,-3.670408248901367,-9.292738914489746,2.0052404403686523
1741033272103922000,66.938921875,-3.5369935035705566,-9.373001098632812,1.2826862335205078
1741033272114024700,66.94902465820313,-3.5090768337249756,-8.667608261108398,1.1482948064804077
1741033272124127200,66.95912719726563,-4.034207344055176,-7.4673848152160645,1.5873149633407593
1741033272134229800,66.96922973632813,-4.285894393920898,-6.2178544998168945,1.980326533317566
1741033272144332500,66.97933251953125,-3.7008962631225586,-5.220791816711426,2.242497444152832
1741033272154434300,66.98943432617187,-3.267056465148926,-4.559943199157715,2.482663631439209
1741033272164536800,66.99953686523438,-3.7460312843322754,-4.0474114418029785,2.9947376251220703
1741033272174639400,67.00963940429688,-3.992382049560547,-3.6739892959594727,3.307637929916382
1741033272184742000,67.01974194335938,-3.315035820007324,-3.3506760597229004,3.7023439407348633
1741033272194844400,67.02984448242188,-2.7470436096191406,-3.21356201171875,3.976581573486328
1741033272204946400,67.03994653320312,-2.257498264312744,-3.4377026557922363,3.905538320541382
1741033272215049000,67.05004907226562,-2.0464749336242676,-3.9326059818267822,3.139592409133911
1741033272225151500,67.0601513671875,-2.188272476196289,-4.31709098815918,2.0012431144714355
1741033272235254300,67.07025415039062,-3.0454554557800293,-4.333609580993652,1.018312692642212
1741033272245356300,67.08035620117188,-4.221341609954834,-4.133599758148193,0.3034428358078003
1741033272255458600,67.09045849609375,-5.126340389251709,-4.060009956359863,-0.376509428024292
1741033272265561000,67.10056103515625,-6.157637119293213,-3.915858745574951,-0.7740750312805176
1741033272275664000,67.11066381835937,-6.853916168212891,-3.8013529777526855,-0.7643123865127563
1741033272285766400,67.12076635742187,-6.847828388214111,-3.886157989501953,-0.6333458423614502
1741033272295868400,67.13086840820313,-6.591121196746826,-3.7071962356567383,-0.2766265869140625
1741033272305970700,67.140970703125,-7.397540092468262,-3.222548007965088,0.0022124052047729492
1741033272316073500,67.15107348632813,-9.500123023986816,-2.3981270790100098,0.1823887825012207
1741033272326354200,67.16135424804688,-11.990335464477539,-1.2563462257385254,0.3266342282295227
1741033272336658700,67.17165869140625,-13.298150062561035,-0.03855133056640625,1.109929084777832
1741033272346935800,67.18193579101562,-12.818008422851562,1.1904001235961914,2.6401073932647705
1741033272357077800,67.19207788085937,-11.509241104125977,3.276108741760254,5.660332202911377
1741033272367180000,67.20217993164063,-8.951292991638184,6.408909797668457,10.351819038391113
1741033272377282000,67.21228198242187,-5.679159641265869,9.342927932739258,15.587121963500977
1741033272387384600,67.22238452148437,-0.19197916984558105,10.594993591308594,19.954553604125977
1741033272397487000,67.23248706054687,6.0711517333984375,10.7362642288208,21.077678680419922
1741033272407590000,67.24258984375,9.527183532714844,9.120549201965332,18.433298110961914
1741033272417692000,67.25269189453125,11.20028018951416,6.031277656555176,13.19960880279541
1741033272427794200,67.26279418945313,13.607731819152832,2.776693344116211,8.898824691772461
1741033272437896700,67.27289672851562,14.614097595214844,0.6947088241577148,5.782398223876953
1741033272447999500,67.28299951171876,14.503382682800293,0.5195846557617188,3.962834119796753
1741033272458102000,67.29310205078124,11.846823692321777,0.18207454681396484,1.9907203912734985
1741033272468203800,67.30320385742188,9.240668296813965,-1.6177864074707031,0.10253292322158813
1741033272478306300,67.31330639648438,7.256534576416016,-3.3426003456115723,-0.7788001894950867
1741033272488409000,67.3234091796875,5.365096569061279,-4.251690864562988,-0.6176224946975708
1741033272498511600,67.33351171875,3.9067015647888184,-3.9039392471313477,-0.1746276617050171
1741033272508614100,67.3436142578125,2.7059144973754883,-2.8383636474609375,0.007718980312347412
1741033272518716000,67.3537158203125,-4.682785987854004,-0.3019399642944336,0.9227821230888367
1741033272528818700,67.36381860351563,-3.7213404178619385,0.7024593353271484,0.9799405336380005
1741033272538921200,67.37392114257813,4.845097064971924,-2.650820732116699,0.9077146053314209
1741033272549023700,67.38402368164063,10.223636627197266,-4.825344085693359,1.1788017749786377
1741033272559126300,67.39412622070313,13.418038368225098,-5.44359016418457,0.361636221408844
1741033272569228500,67.404228515625,11.56600284576416,-5.879426002502441,-0.26344847679138184
1741033272579330800,67.41433081054687,8.77323055267334,-6.1858625411987305,-0.16806861758232117
1741033272589433300,67.42443334960937,6.774685859680176,-6.588407516479492,-0.35281282663345337
1741033272599535900,67.43453588867187,5.269239902496338,-6.816970348358154,-0.46294987201690674
1741033272609638700,67.444638671875,3.9850974082946777,-7.523448944091797,-0.3586825132369995
1741033272619740400,67.45474047851563,2.8740057945251465,-8.20075798034668,-0.06476408243179321
1741033272629843000,67.46484301757812,1.7785290479660034,-8.599201202392578,0.42698487639427185
1741033272639945500,67.47494555664062,0.971596360206604,-8.870210647583008,0.7195684909820557
1741033272650048300,67.48504833984374,0.5908621549606323,-9.161601066589355,0.9223990440368652
1741033272660150500,67.49515063476562,0.2537093162536621,-9.23277473449707,1.069792628288269
1741033272670252500,67.50525244140626,0.5020560026168823,-8.84271240234375,1.274347186088562
1741033272680355000,67.51535498046874,1.4455369710922241,-8.042464256286621,1.7300066947937012
1741033272690457900,67.52545776367188,2.1311535835266113,-7.525721549987793,1.763564944267273
1741033272700560400,67.53556030273438,2.4897189140319824,-6.662161827087402,1.8145806789398193
1741033272710662700,67.54566259765625,2.9011430740356445,-5.161083698272705,1.9051647186279297
1741033272720764700,67.5557646484375,2.8671841621398926,-2.864748001098633,1.9961661100387573
1741033272730867200,67.5658671875,1.0862858295440674,1.028233528137207,2.274973154067993
1741033272740970000,67.57596997070313,0.18305444717407227,5.709318161010742,1.4583349227905273
1741033272751072500,67.58607250976563,4.602860450744629,10.071370124816895,0.4143378734588623
1741033272761174500,67.59617456054687,8.21013069152832,13.775707244873047,-0.6206719279289246
1741033272771276800,67.60627685546875,7.547164440155029,16.12248992919922,-2.198164701461792
1741033272781379600,67.61637963867187,3.894752025604248,13.8212308883667,-2.938206195831299
1741033272791482000,67.62648217773437,1.0024058818817139,9.148626327514648,-3.1994752883911133
1741033272801584600,67.63658471679688,9.011608123779297,1.6508359909057617,-2.8833706378936768
1741033272811686400,67.64668627929687,11.651447296142578,-2.1527233123779297,-2.333519697189331
1741033272821789200,67.6567890625,7.30838680267334,-1.3116087913513184,-1.7113232612609863
1741033272831891700,67.6668916015625,3.3247575759887695,0.48662281036376953,-1.7890207767486572
1741033272841994200,67.676994140625,3.2459940910339355,1.175729751586914,-1.1645642518997192
1741033272852096800,67.6870966796875,4.963099479675293,1.5296106338500977,1.0385737419128418
1741033272862198800,67.69719873046876,6.409624099731445,2.836653709411621,3.061882972717285
1741033272872301300,67.70730126953126,6.10709285736084,4.812749862670898,4.854457855224609
1741033272882403800,67.71740380859374,5.091981887817383,6.865499496459961,6.513154029846191
1741033272892506400,67.72750634765625,3.2236127853393555,8.393168449401855,8.455235481262207
1741033272902608600,67.73760864257812,1.216270089149475,9.03158187866211,10.450197219848633
1741033272912711000,67.7477109375,-0.8887492418289185,8.085280418395996,10.9329195022583
1741033272922813400,67.7578134765625,-3.230025053024292,6.369061470031738,10.1578369140625
1741033272932916000,67.767916015625,-4.463076114654541,4.213580131530762,8.268327713012695
1741033272943018800,67.77801879882813,-4.688338756561279,1.9568748474121094,5.7771077156066895
1741033272953121300,67.78812133789063,-4.141763210296631,0.11324310302734375,3.8832223415374756
1741033272963223000,67.79822314453125,-3.542407989501953,-1.054652214050293,2.8647806644439697
1741033272973325600,67.80832568359375,-3.312343120574951,-1.7916717529296875,2.345994472503662
1741033272983428400,67.81842846679687,-3.3437533378601074,-2.4227070808410645,2.085862636566162
1741033272993531000,67.82853076171875,-3.4004621505737305,-2.9481682777404785,1.96647047996521
1741033273003633200,67.83863305664063,-3.312457799911499,-3.5113368034362793,1.7749688625335693
1741033273013735200,67.84873510742187,-3.211467742919922,-4.067302703857422,1.6017147302627563
1741033273023838000,67.858837890625,-3.040755033493042,-4.5614471435546875,1.519364833831787
1741033273033940500,67.8689404296875,-2.7112622261047363,-5.0564093589782715,1.4486608505249023
1741033273044043000,67.87904296875,-2.3128881454467773,-5.456124305725098,1.3990527391433716
1741033273054145300,67.88914526367188,-1.9811521768569946,-5.706985950469971,1.375903606414795
1741033273064247600,67.89924755859376,-1.2175384759902954,-5.473280906677246,1.6047074794769287
1741033273074350000,67.90935009765624,2.9530858993530273,-3.705552101135254,2.385528326034546
1741033273084452600,67.91945263671874,16.047061920166016,-1.0817375183105469,2.520695209503174
1741033273094555100,67.92955517578125,16.009374618530273,-2.9394044876098633,3.384572744369507
1741033273104657200,67.9396572265625,3.4595205783843994,-6.2809648513793945,5.029284954071045
1741033273114759700,67.949759765625,-3.9865124225616455,-7.369423866271973,4.80911922454834
1741033273124862200,67.9598623046875,-7.368607997894287,-7.062570571899414,3.9133121967315674
1741033273134964700,67.96996484375,-7.5072021484375,-6.781899452209473,2.988689661026001
1741033273145067300,67.9800673828125,-8.140558242797852,-6.518581867218018,2.340301036834717
1741033273155169300,67.99016918945313,-8.694923400878906,-5.388422966003418,2.380864143371582
1741033273165271800,68.00027172851563,-8.500809669494629,-4.302576541900635,2.7965526580810547
1741033273175374300,68.01037426757813,-8.320564270019531,-3.4890527725219727,2.7432990074157715
1741033273185477000,68.02047705078125,-7.567056179046631,-2.88924503326416,1.9164979457855225
1741033273195579100,68.0305791015625,-7.040377616882324,-2.5433597564697266,0.918952226638794
1741033273205681400,68.04068139648437,-6.499171733856201,-2.481377601623535,-0.021756768226623535
1741033273215784000,68.05078393554687,-6.913330554962158,-2.257289409637451,-0.4108903408050537
1741033273225886700,68.06088671875,-7.9901580810546875,-2.0478034019470215,-0.13256919384002686
1741033273235989200,68.0709892578125,-8.52951431274414,-1.7841343879699707,0.2493349313735962
1741033273246234400,68.081234375,-8.931906700134277,-1.4496707916259766,0.4590861201286316
1741033273256539000,68.09153881835938,-9.20351505279541,-1.1913375854492188,0.3037039041519165
1741033273266842600,68.10184252929687,-9.439289093017578,-0.9932489395141602,0.0720376968383789
1741033273276992800,68.11199267578125,-9.57634162902832,-0.8051395416259766,-0.1275862455368042
1741033273287095600,68.12209545898438,-9.262431144714355,-0.6076536178588867,-0.03559410572052002
1741033273297197800,68.13219775390625,-9.0819091796875,-0.07818126678466797,0.4664711356163025
1741033273307299800,68.1422998046875,-9.725532531738281,1.2814397811889648,1.3225083351135254
1741033273317438200,68.15243823242187,-10.498842239379883,3.6101341247558594,2.887953996658325
1741033273327742700,68.16274267578125,-8.877198219299316,5.826510429382324,5.088225364685059
1741033273338046700,68.17304663085937,-4.951963424682617,6.142378807067871,6.953502655029297
1741033273348279800,68.18327978515624,-1.1652196645736694,5.209207534790039,8.289862632751465
1741033273358406700,68.19340673828125,0.667861819267273,4.252119064331055,8.202027320861816
1741033273368508700,68.2035087890625,2.0086116790771484,3.1978349685668945,7.022855281829834
1741033273378611000,68.21361083984375,4.593390464782715,2.69451904296875,7.077426910400391
1741033273388713700,68.22371362304688,8.754671096801758,4.094254493713379,8.14482307434082
1741033273398816300,68.23381616210938,11.011250495910645,6.068513870239258,8.59703540802002
1741033273408918800,68.24391870117188,10.38178539276123,6.658269882202148,7.73306941986084
1741033273419020800,68.25402075195312,10.912386894226074,5.092140197753906,5.72944450378418
1741033273429123300,68.26412329101562,10.860013961791992,4.0188398361206055,4.468235969543457
1741033273439225900,68.27422583007812,9.143634796142578,2.383199691772461,3.019822120666504
1741033273449173500,68.28417358398437,7.444735527038574,0.6663980484008789,2.229307174682617
1741033273459478000,68.29447802734374,5.393276691436768,-0.8896760940551758,1.7520670890808105
1741033273469782000,68.30478198242187,2.4729301929473877,-2.089301586151123,1.3398561477661133
1741033273480085800,68.31508569335938,0.9602280855178833,-2.8188576698303223,1.2442275285720825
1741033273490317800,68.32531787109374,-0.14319747686386108,-2.696812629699707,1.5208542346954346
1741033273500435000,68.33543505859375,-4.060673713684082,-1.1290178298950195,2.3168435096740723
1741033273510537200,68.345537109375,0.24763628840446472,-0.5101833343505859,2.377094268798828
1741033273520639200,68.35563916015624,8.798063278198242,-2.1970815658569336,2.6360864639282227
1741033273530742000,68.36574194335938,10.221689224243164,-4.0458455085754395,2.8041844367980957
1741033273540844500,68.37584448242187,9.291241645812988,-5.227537631988525,2.2428135871887207
1741033273550947000,68.38594702148437,8.972719192504883,-5.669912338256836,1.6275476217269897
1741033273561049000,68.39604907226563,7.975403785705566,-5.8549089431762695,0.9885048866271973
1741033273571151600,68.40615161132813,6.728774547576904,-6.104192733764648,0.30306577682495117
1741033273581254100,68.41625415039063,4.85735559463501,-6.143715858459473,-0.3154006600379944
1741033273591356700,68.42635668945313,3.6786155700683594,-6.391647815704346,-1.0140966176986694
1741033273601459200,68.43645922851563,2.5375442504882812,-6.778314113616943,-1.1960883140563965
1741033273611561200,68.44656127929687,1.3218978643417358,-7.205085277557373,-0.9631460309028625
1741033273621663700,68.45666381835937,0.7179410457611084,-7.150067329406738,-0.5153284668922424
1741033273631766300,68.46676635742188,0.1907484531402588,-7.105158805847168,-0.3311251401901245
1741033273641869000,68.476869140625,-0.09229803085327148,-7.143153190612793,-0.16329681873321533
1741033273651971000,68.48697119140625,-0.2002638578414917,-7.055072784423828,-0.062453627586364746
1741033273662073300,68.4970732421875,-0.0681157112121582,-6.6151323318481445,-0.16007375717163086
1741033273672175900,68.50717578125,0.14354097843170166,-5.746465682983398,-0.5287172198295593
1741033273682278400,68.5172783203125,0.6330119371414185,-4.652424335479736,-0.7606399059295654
1741033273692381200,68.52738110351562,1.1212385892868042,-3.5112805366516113,-0.6094270348548889
1741033273702483200,68.53748315429688,1.5840398073196411,-2.4920077323913574,-0.4759088158607483
1741033273712585500,68.54758544921874,1.8944602012634277,-1.2464971542358398,-0.4411413073539734
1741033273722688000,68.55768798828124,1.5000176429748535,0.33474063873291016,-0.7610116004943848
1741033273732790800,68.56779077148437,1.1278936862945557,2.383753776550293,-1.170151948928833
1741033273742893300,68.57789331054687,2.528228282928467,4.514331817626953,-1.5802888870239258
1741033273752995000,68.5879951171875,6.2120466232299805,6.470600128173828,-1.2417572736740112
1741033273763097600,68.59809765625,8.849244117736816,7.885235786437988,-0.769548773765564
1741033273773200400,68.60820043945313,9.01624584197998,8.396149635314941,-0.741716742515564
1741033273783303000,68.61830297851563,8.505508422851562,7.880827903747559,-1.1171189546585083
1741033273793405200,68.6284052734375,9.059196472167969,7.228525161743164,-1.2664297819137573
1741033273803507200,68.63850708007813,10.15745735168457,5.541842460632324,-0.8000644445419312
1741033273813610000,68.64860986328125,9.553818702697754,3.2491636276245117,0.6546035408973694
1741033273823712500,68.65871240234375,4.60739278793335,2.073169708251953,2.500656843185425
1741033273833815000,68.66881494140625,2.6570544242858887,1.065403938293457,4.3463029861450195
1741033273843917000,68.6789169921875,2.7307186126708984,0.5259847640991211,4.819999694824219
1741033273854019600,68.68901953125,1.8912150859832764,0.3186178207397461,5.018294811248779
1741033273864122000,68.6991220703125,1.7927720546722412,0.15393924713134766,5.407992839813232
1741033273874224600,68.709224609375,2.4197335243225098,0.6046867370605469,6.204156875610352
1741033273884327200,68.7193271484375,3.0734922885894775,1.480696678161621,6.971390724182129
1741033273894429200,68.72942919921876,2.9289283752441406,2.2996950149536133,7.400143623352051
1741033273904531700,68.73953173828124,2.2728676795959473,2.9435243606567383,7.6671271324157715
1741033273914634200,68.74963427734374,1.3722312450408936,3.519219398498535,8.04173469543457
1741033273924736800,68.75973681640625,0.47310203313827515,3.96138858795166,7.857356071472168
1741033273934839300,68.76983935546875,-0.8312971591949463,4.080146789550781,6.889090061187744
1741033273944941300,68.77994140625,-2.457596778869629,3.6325531005859375,5.791358947753906
1741033273955043800,68.7900439453125,-3.907475471496582,2.775557518005371,5.316485404968262
1741033273965146400,68.800146484375,-4.408770561218262,1.1270246505737305,4.675050258636475
1741033273975249200,68.81024926757813,-4.650685787200928,-1.136643409729004,3.2247602939605713
1741033273985351200,68.82035107421875,-4.8885393142700195,-2.663577079772949,2.1437275409698486
1741033273995453400,68.83045336914063,-4.671545505523682,-3.4478254318237305,1.5075089931488037
1741033274005556000,68.84055590820313,-4.313581943511963,-3.9395155906677246,1.257574200630188
1741033274015658500,68.85065844726563,-3.6845436096191406,-4.446573257446289,1.2167820930480957
1741033274025761300,68.86076123046875,-3.28159499168396,-4.783788681030273,1.1504566669464111
1741033274035863000,68.87086303710937,-2.1891231536865234,-5.0632004737854,1.107660174369812
1741033274045965600,68.88096557617187,0.2665278911590576,-5.170775413513184,1.3437501192092896
1741033274056068000,68.89106811523438,2.7653520107269287,-5.447129726409912,1.5323818922042847
1741033274066171000,68.9011708984375,0.15016543865203857,-6.046499252319336,1.1059744358062744
1741033274076273400,68.9112734375,-6.099220275878906,-6.104866981506348,0.22643958032131195
1741033274086375200,68.92137524414062,-8.907928466796875,-6.059452533721924,-0.9894598722457886
1741033274096477700,68.93147778320312,-10.206241607666016,-6.248313903808594,-2.2144339084625244
1741033274106580500,68.94158056640624,-9.212711334228516,-6.703159809112549,-2.907728672027588
1741033274116742400,68.95174243164062,-7.4629974365234375,-7.345235824584961,-3.2406201362609863
1741033274127047000,68.962046875,-5.633981704711914,-7.677340030670166,-3.072744131088257
1741033274137351000,68.97235083007813,-4.247605323791504,-7.812618255615234,-2.729125499725342
1741033274147568400,68.982568359375,-3.2521302700042725,-7.697272777557373,-2.3032922744750977
1741033274157686500,68.9926865234375,-2.5686957836151123,-7.407863140106201,-1.8483922481536865
1741033274167789300,69.00278930664062,-2.3764638900756836,-6.658576011657715,-1.3267219066619873
1741033274177891800,69.01289184570312,-2.8881311416625977,-5.795535087585449,-0.9033985733985901
1741033274188149000,69.02314892578126,-3.6503543853759766,-5.055873870849609,-0.7721007466316223
1741033274198453500,69.03345361328125,-4.986105918884277,-4.127219200134277,-0.8453312516212463
1741033274208757000,69.04375708007812,-6.533555507659912,-2.9198484420776367,-0.9551148414611816
1741033274218895600,69.0538955078125,-8.135456085205078,-1.4477157592773438,-0.7854139804840088
1741033274228998100,69.063998046875,-8.896376609802246,0.33277225494384766,-0.0304587259888649
1741033274239100700,69.0741005859375,-8.616015434265137,2.579122543334961,1.8218836784362793
1741033274249202400,69.08420239257812,-6.92149019241333,5.504827499389648,4.685484409332275
1741033274259305000,69.09430493164062,-4.126574516296387,8.384151458740234,7.392482280731201
1741033274269407700,69.10440771484375,-0.9867832660675049,10.197039604187012,8.586745262145996
1741033274279593500,69.11459350585938,1.8183419704437256,9.642192840576172,7.749917507171631
1741033274289898000,69.12489794921875,4.408008575439453,7.302424430847168,5.962491989135742
1741033274300202000,69.13520190429688,6.165005683898926,4.23477840423584,3.679447889328003
1741033274310400300,69.14540014648438,5.72443962097168,2.5211610794067383,1.8815211057662964
1741033274320514000,69.15551416015624,5.505798816680908,1.8504352569580078,-0.01734369993209839
1741033274330616600,69.16561645507812,5.499839782714844,2.528024673461914,-1.4497032165527344
1741033274340719000,69.17571899414062,5.892498016357422,3.892806053161621,-2.6585750579833984
1741033274350820900,69.18582080078124,7.60847806930542,4.105491638183594,-3.827091932296753
1741033274360923400,69.19592333984374,8.153863906860352,2.4602794647216797,-4.526285648345947
1741033274371026200,69.20602612304687,6.5686163902282715,-0.14857959747314453,-3.999642848968506
1741033274381128700,69.21612866210937,4.676640510559082,-1.6256961822509766,-2.8648178577423096
1741033274391231200,69.22623120117187,3.6725480556488037,-1.7325682640075684,-2.140160083770752
1741033274401333000,69.2363330078125,3.393228054046631,-0.6333293914794922,-1.524765968322754
1741033274411435800,69.24643579101563,3.314399242401123,1.7618217468261719,-0.5348783135414124
1741033274421538300,69.25653833007813,2.990325927734375,4.233104705810547,0.7949801087379456
1741033274431640600,69.266640625,2.4598286151885986,4.995595932006836,1.6358286142349243
1741033274441742600,69.27674267578125,1.5845216512680054,3.482302665710449,1.4136719703674316
1741033274451845400,69.28684545898437,0.6120452880859375,1.3532638549804688,0.9378923177719116
1741033274461948000,69.29694799804687,0.08286678791046143,-0.11776161193847656,0.6259892582893372
1741033274472050400,69.30705053710938,0.14688992500305176,-0.8840389251708984,0.5490485429763794
1741033274482152400,69.31715234375,0.45457935333251953,-1.3253765106201172,0.6433957815170288
1741033274492255000,69.3272548828125,0.7377475500106812,-1.8381786346435547,0.6430557370185852
1741033274502357500,69.337357421875,0.7738428115844727,-2.2164578437805176,0.79082852602005
1741033274512460000,69.3474599609375,0.6423283815383911,-2.610318183898926,1.0444214344024658
1741033274522562600,69.3575625,0.7290831804275513,-2.9571805000305176,1.2658662796020508
1741033274532664600,69.36766455078126,1.085050106048584,-3.368666648864746,1.5070915222167969
1741033274542767000,69.37776708984374,1.5294625759124756,-3.7141947746276855,1.83579683303833
1741033274552869600,69.38786962890624,1.5360568761825562,-4.036707878112793,2.1490726470947266
1741033274562972200,69.39797216796875,1.3747445344924927,-4.595600128173828,2.0814483165740967
1741033274573074700,69.40807470703125,1.1371002197265625,-5.188242435455322,1.868635892868042
1741033274583176700,69.4181767578125,0.7210366725921631,-5.706470489501953,1.6597603559494019
1741033274593279200,69.428279296875,0.32441508769989014,-6.143482685089111,1.3392642736434937
1741033274603381800,69.4383818359375,0.001131296157836914,-6.388553619384766,1.0570482015609741
1741033274613484500,69.44848461914063,-0.24828791618347168,-6.464082717895508,0.674848198890686
1741033274623586600,69.45858666992187,-0.360312819480896,-6.378620147705078,0.40830230712890625
1741033274633688800,69.46868872070313,-0.471535325050354,-6.220913887023926,0.22344696521759033
1741033274643791400,69.47879125976563,-0.4145137071609497,-6.094207286834717,0.017810702323913574
1741033274653894100,69.48889404296875,-0.37357354164123535,-5.939056396484375,-0.23159945011138916
1741033274663996700,69.49899658203125,-0.19739127159118652,-5.580533027648926,-0.39042842388153076
1741033274674098400,69.50909838867187,0.08951795101165771,-4.9402875900268555,-0.2838234305381775
1741033274684201000,69.51920092773437,0.259708046913147,-4.0601959228515625,0.028162240982055664
1741033274694303700,69.5293037109375,0.3740640878677368,-3.093428611755371,0.38427311182022095
1741033274704406300,69.53940625,0.5982547998428345,-1.9348621368408203,0.8483470678329468
1741033274714508800,69.5495087890625,0.815234899520874,-0.2492380142211914,1.317525863647461
1741033274724610600,69.55961059570312,0.9696714878082275,1.9689130783081055,1.8196566104888916
1741033274734713000,69.56971313476562,0.7252678871154785,4.704290390014648,1.9012680053710938
1741033274744815900,69.57981591796874,0.2565641403198242,7.416690826416016,1.3122892379760742
1741033274754918100,69.58991821289062,-0.3036311864852905,9.144728660583496,0.13257890939712524
1741033274765020200,69.60002026367188,-1.5837427377700806,8.95902156829834,-1.5624721050262451
1741033274775122700,69.61012280273438,-3.0350160598754883,6.884934425354004,-3.093235731124878
1741033274785225500,69.6202255859375,-2.223768949508667,4.579498291015625,-3.55021595954895
1741033274795328000,69.63032788085937,0.26633787155151367,2.57174015045166,-4.74690055847168
1741033274805430000,69.64042993164063,2.218512535095215,2.152660369873047,-4.667360305786133
1741033274815532300,69.6505322265625,3.4097862243652344,3.2055978775024414,-4.316286087036133
1741033274825635000,69.66063500976563,5.51627254486084,5.430870056152344,-3.8466756343841553
1741033274835737600,69.67073754882813,8.146100044250488,7.039661407470703,-2.9179129600524902
1741033274845840100,69.68084008789063,8.071880340576172,7.756824493408203,-1.1667128801345825
1741033274855942000,69.69094189453125,7.0309343338012695,6.048796653747559,0.06357508897781372
1741033274866044700,69.70104467773437,3.9974982738494873,2.776463508605957,0.23182347416877747
1741033274876147200,69.71114721679687,1.8569271564483643,0.9245328903198242,0.007976293563842773
1741033274886297300,69.72129736328125,0.7551379203796387,0.4810466766357422,-0.28129374980926514
1741033274896601900,69.73160180664063,0.025608301162719727,1.7693071365356445,0.4593784809112549
1741033274906905900,69.74190576171875,0.08251166343688965,3.8240137100219727,1.5674983263015747
1741033274917132800,69.7521328125,-0.04871940612792969,5.182694435119629,2.4667088985443115
1741033274927253500,69.76225341796875,-0.43794214725494385,5.150761604309082,2.9595870971679688
1741033274937356000,69.77235595703125,-1.0479857921600342,4.128049850463867,2.927354574203491
1741033274947458600,69.78245849609375,-1.6549360752105713,2.4317216873168945,2.5868747234344482
1741033274957560600,69.792560546875,-1.8331365585327148,0.6549205780029297,1.9680129289627075
1741033274967663000,69.8026630859375,-1.874767541885376,-0.5941781997680664,1.5837029218673706
1741033274977765600,69.812765625,-1.841294765472412,-1.350341796875,1.4653722047805786
1741033274987868200,69.8228681640625,-1.8705220222473145,-1.7603230476379395,1.4929592609405518
1741033274997970700,69.832970703125,-1.902359127998352,-2.1046862602233887,1.5690736770629883
1741033275008072700,69.84307275390626,-1.8059358596801758,-2.5726399421691895,1.682611346244812
1741033275018175200,69.85317529296876,-1.6464663743972778,-3.2296648025512695,1.8061285018920898
1741033275028277800,69.86327783203124,-1.5468355417251587,-3.9493942260742188,1.8928428888320923
1741033275038380300,69.87338037109375,-1.412762999534607,-4.677938461303711,1.9640121459960938
1741033275048482000,69.88348193359376,-1.2444231510162354,-5.320301055908203,1.9756124019622803
1741033275058584800,69.89358471679688,-1.124758243560791,-5.793683052062988,1.9512262344360352
1741033275068687400,69.90368725585938,-0.8909358978271484,-6.065347671508789,2.039680004119873
1741033275078790000,69.91378979492187,-0.35236990451812744,-6.204343318939209,2.1046366691589355
1741033275088892200,69.92389208984375,0.514845609664917,-6.195959091186523,2.1339406967163086
1741033275098994400,69.93399438476563,1.5215059518814087,-6.150960445404053,2.004063844680786
1741033275109097000,69.94409692382813,1.8866416215896606,-6.190127849578857,1.7680562734603882
1741033275119199500,69.95419946289063,1.022385597229004,-6.1578874588012695,1.498591661453247
1741033275129302300,69.96430224609375,-0.5411922931671143,-5.98307991027832,1.1878771781921387
1741033275139404000,69.97440405273437,-1.3927621841430664,-5.4347333908081055,0.9644017219543457
1741033275149506600,69.98450659179687,-1.822796106338501,-4.863071918487549,0.7707144021987915
1741033275159609000,69.99460913085937,-2.3735251426696777,-4.325220108032227,0.6610507369041443
1741033275169711900,70.0047119140625,-2.9023282527923584,-3.7726359367370605,0.6225482225418091
1741033275179814100,70.01481420898438,-3.3923254013061523,-3.049356460571289,0.8386213779449463
1741033275189916200,70.02491625976562,-4.142889976501465,-1.7452120780944824,1.1105427742004395
1741033275200018700,70.03501879882812,-4.392817974090576,-0.3943758010864258,1.1343023777008057
1741033275210121200,70.04512133789062,-4.483732223510742,0.7734498977661133,1.1072003841400146
1741033275220224000,70.05522412109374,-4.12650728225708,1.8102293014526367,1.1929054260253906
1741033275230326300,70.065326171875,-3.5538618564605713,2.847393035888672,1.5699694156646729
1741033275240428300,70.07542822265626,-2.8686394691467285,4.017583847045898,2.1209349632263184
1741033275250530800,70.08553076171874,-1.8878051042556763,4.835606575012207,2.542728900909424
1741033275260633600,70.09563354492188,-0.5932151675224304,5.290365219116211,2.701791763305664
1741033275270735600,70.10573559570312,0.25724467635154724,5.628277778625488,2.406916618347168
1741033275280838000,70.115837890625,0.7733058929443359,5.9849138259887695,1.8394829034805298
1741033275290940400,70.1259404296875,1.080592155456543,6.056534767150879,0.6137191653251648
1741033275301043200,70.13604321289063,1.0141956806182861,5.946183204650879,-0.8432704210281372
1741033275311145700,70.14614575195313,2.124011278152466,5.5761003494262695,-2.7260377407073975
1741033275321247500,70.15624755859375,6.256531715393066,4.900944709777832,-5.7957611083984375
1741033275331350000,70.16635009765625,11.294503211975098,4.1535234451293945,-11.07320785522461
1741033275341452800,70.17645288085937,11.782605171203613,6.053926467895508,-10.022459983825684
1741033275351555300,70.18655541992187,8.151684761047363,8.505977630615234,-5.5865044593811035
1741033275361657600,70.19665771484375,4.353689670562744,7.950985908508301,-1.0920157432556152
1741033275371759600,70.20675952148437,2.4688494205474854,3.1032066345214844,-0.8162477016448975
1741033275381862100,70.21686206054687,1.840228796005249,-0.5803089141845703,-1.2685661315917969
1741033275391965000,70.22696484375,1.6109509468078613,-2.2543840408325195,-1.7379847764968872
1741033275402067500,70.2370673828125,1.125657081604004,-2.4928970336914062,-1.9358439445495605
1741033275412169700,70.24716967773438,0.28331831097602844,-1.189152717590332,-1.4978389739990234
1741033275422271700,70.25727172851562,-0.049610257148742676,0.39490318298339844,-0.8833431601524353
1741033275432374500,70.26737451171876,-0.36863070726394653,1.6398992538452148,-0.29979562759399414
1741033275442477000,70.27747705078124,-0.9713234901428223,2.5960330963134766,0.16303154826164246
1741033275452579000,70.2875791015625,-1.4179809093475342,2.8617782592773438,0.5785712599754333
1741033275462681300,70.29768139648438,-1.0412318706512451,1.9280433654785156,0.8123408555984497
1741033275472784100,70.3077841796875,-0.7198690176010132,0.48990631103515625,0.7204034924507141
1741033275482886700,70.31788671875,-0.5136916637420654,-0.6390562057495117,0.5063991546630859
1741033275492989200,70.3279892578125,-0.08441834151744843,-1.5222721099853516,0.3610807955265045
1741033275503091000,70.33809106445312,0.36336761713027954,-2.363668441772461,0.21349895000457764
1741033275513193700,70.34819384765625,0.6801849603652954,-2.9664249420166016,0.4998892545700073
1741033275523296300,70.35829614257813,0.8309717178344727,-3.419410228729248,0.9744409322738647
1741033275533398800,70.36839868164063,0.633846640586853,-3.751497268676758,1.493601679801941
1741033275543501000,70.3785009765625,0.7862478494644165,-4.088234901428223,2.1055827140808105
1741033275553603300,70.38860327148437,0.9941028356552124,-4.446996688842773,2.6871652603149414
1741033275563705900,70.39870581054687,1.3885408639907837,-4.923890590667725,3.060652732849121
1741033275573808400,70.40880834960937,1.5698347091674805,-5.314491271972656,3.2508928775787354
1741033275583910400,70.41891040039063,1.4411516189575195,-5.584593772888184,3.462038516998291
1741033275594012700,70.4290126953125,1.3139995336532593,-5.864982604980469,3.358907699584961
1741033275604115500,70.43911547851563,0.9679114818572998,-6.196898460388184,3.087362289428711
1741033275614218000,70.44921801757812,0.49140465259552,-6.433414459228516,2.684033155441284
1741033275624320500,70.45932055664062,0.0421825647354126,-6.568906784057617,1.9790446758270264
1741033275634422500,70.46942260742188,-0.29643094539642334,-6.600780487060547,1.1901135444641113
1741033275644525000,70.47952514648438,-0.3145468235015869,-6.451206207275391,0.46184682846069336
1741033275654627600,70.48962768554688,-0.013655543327331543,-5.898344039916992,0.24996477365493774
1741033275664730000,70.49973022460938,0.3630110025405884,-4.716306209564209,0.541288435459137
1741033275674832600,70.50983251953124,0.6938183307647705,-3.5485024452209473,0.6006255745887756
1741033275684934700,70.5199345703125,0.8458995819091797,-2.665632724761963,0.6739518046379089
1741033275695037200,70.530037109375,1.019425868988037,-1.7889213562011719,1.0051460266113281
1741033275705139700,70.5401396484375,0.9659706354141235,-0.7843532562255859,1.5429625511169434
1741033275715242000,70.55024194335938,0.6008108854293823,0.3056001663208008,2.3184776306152344
1741033275725344300,70.56034423828125,0.8343750238418579,1.7252731323242188,3.0107250213623047
1741033275735446800,70.57044677734375,0.9882197380065918,3.242086410522461,3.2265477180480957
1741033275745549300,70.58054931640625,0.8271058797836304,4.779433250427246,2.9614360332489014
1741033275755651800,70.59065185546875,-0.07597875595092773,5.944947242736816,2.02143931388855
1741033275765753900,70.60075390625,-0.9767657518386841,6.471790313720703,0.7626105546951294
1741033275775856400,70.6108564453125,-1.7158972024917603,5.909061431884766,-0.2414257526397705
1741033275785959000,70.620958984375,-2.124518871307373,4.612974166870117,-1.0301400423049927
1741033275796061400,70.6310615234375,-2.7947804927825928,3.3757381439208984,-1.9232171773910522
1741033275806164200,70.64116430664062,-3.963747024536133,3.035670280456543,-2.786578893661499
1741033275816266000,70.65126586914063,-4.735172271728516,2.884950637817383,-3.9216060638427734
1741033275826368500,70.66136840820313,-3.4628748893737793,1.9550952911376953,-5.864317417144775
1741033275836471000,70.67147094726562,0.5994441509246826,0.42840576171875,-8.118568420410156
1741033275846573800,70.68157373046876,3.4877848625183105,-0.9716472625732422,-11.183210372924805
1741033275856676000,70.69167602539062,5.304346084594727,-0.7244663238525391,-11.923383712768555
1741033275866778000,70.70177807617188,5.972851753234863,1.0544404983520508,-8.872466087341309
1741033275876880600,70.71188061523438,6.028545379638672,3.100004196166992,-3.6014580726623535
1741033275887078400,70.72207836914062,7.320944786071777,3.000551223754883,0.019331634044647217
1741033275897383000,70.7323828125,6.669516563415527,1.594935417175293,1.8245408535003662
1741033275907687000,70.74268701171874,3.622321367263794,-0.38831043243408203,1.7341740131378174
1741033275917875500,70.75287548828125,0.8726906776428223,-0.8729953765869141,1.3486319780349731
1741033275927987000,70.76298706054688,-0.3546593189239502,0.013430595397949219,1.004259705543518
1741033275938089500,70.77308935546876,-0.409271240234375,1.8982172012329102,0.7578260898590088
1741033275948192300,70.78319213867188,0.16242265701293945,4.0546464920043945,0.5038337707519531
1741033275958294000,70.7932939453125,0.3156001567840576,5.911423683166504,0.25126588344573975
1741033275968396500,70.803396484375,-0.24749302864074707,7.20511531829834,0.2778782844543457
1741033275978499000,70.8134990234375,-0.9573546648025513,7.373532295227051,0.7659780383110046
1741033275988601900,70.82360180664062,-0.9831671714782715,5.400489807128906,1.2266366481781006
1741033275998704000,70.8337041015625,-1.1654236316680908,2.4333229064941406,1.3410195112228394
1741033276008806100,70.84380615234375,-1.1215449571609497,0.10779190063476562,1.5189114809036255
1741033276018908700,70.85390869140625,-0.8014137744903564,-1.4065685272216797,1.8775759935379028
1741033276029011500,70.86401147460937,-0.5257108211517334,-2.347506046295166,2.2320289611816406
1741033276039113500,70.87411352539063,-0.15476250648498535,-2.9493460655212402,2.3970398902893066
1741033276049215700,70.8842158203125,0.363966703414917,-3.3965582847595215,2.3874754905700684
1741033276059318300,70.894318359375,1.1285091638565063,-3.768476963043213,2.2701358795166016
1741033276069420800,70.9044208984375,2.144930362701416,-4.095167636871338,2.111510753631592
1741033276079523600,70.91452368164063,3.2677412033081055,-4.490533351898193,1.9958176612854004
1741033276089625300,70.92462524414063,3.3076720237731934,-5.25168514251709,1.5797533988952637
1741033276099728000,70.93472778320313,1.6659152507781982,-6.3514628410339355,1.0915583372116089
1741033276109830400,70.94483032226563,0.07289011031389236,-7.113441467285156,1.0717564821243286
1741033276119933200,70.95493310546875,-0.7342256903648376,-7.152200698852539,1.254018783569336
1741033276130047700,70.9650478515625,-0.9533593058586121,-6.937381744384766,1.2868528366088867
1741033276140352300,70.97535229492188,-0.864544153213501,-6.707424163818359,1.3728059530258179
1741033276150656500,70.98565649414063,-0.7375670671463013,-6.3494110107421875,1.5181149244308472
1741033276160912100,70.995912109375,-0.3572406768798828,-5.942461967468262,1.7710590362548828
1741033276171039200,71.00603930664063,-0.55295729637146,-5.322992324829102,2.008289098739624
1741033276181142000,71.01614208984375,-1.3715829849243164,-4.67920446395874,2.573153018951416
1741033276191244000,71.026244140625,-2.5817105770111084,-3.553684711456299,3.3281500339508057
1741033276201346300,71.03634619140625,-4.244786262512207,-2.2630043029785156,3.5378031730651855
1741033276211448800,71.04644873046875,-5.514227867126465,-1.2461528778076172,3.644747734069824
1741033276221551600,71.05655151367188,-5.822108268737793,-1.0855231285095215,3.431211471557617
1741033276231653600,71.06665356445312,-4.559465408325195,-1.8624558448791504,3.2802023887634277
1741033276241756000,71.076755859375,-3.601820230484009,-2.9912467002868652,2.4865148067474365
1741033276251858400,71.0868583984375,-3.5819666385650635,-3.2677955627441406,1.474001169204712
1741033276261961200,71.09696118164062,-4.221164703369141,-2.884033679962158,0.7584847211837769
1741033276272063700,71.10706372070312,-5.237700462341309,-2.3904523849487305,0.2821098864078522
1741033276282165500,71.11716552734374,-6.139405250549316,-1.9256062507629395,-0.1082921028137207
1741033276292268000,71.12726806640624,-6.774675369262695,-1.3955650329589844,-0.3719892203807831
1741033276302370800,71.13737084960937,-7.369581699371338,-0.8742942810058594,-0.5169910788536072
1741033276312473000,71.14747314453125,-7.858890533447266,-0.045803070068359375,-0.16324526071548462
1741033276322575000,71.1575751953125,-8.127213478088379,1.313624382019043,0.7611969113349915
1741033276332677600,71.167677734375,-7.756829738616943,3.2787132263183594,2.4698638916015625
1741033276342708700,71.17770874023438,-6.635686874389648,6.355473518371582,5.060509204864502
1741033276352799000,71.18779907226562,-4.339737892150879,10.068374633789062,7.84339714050293
1741033276363103500,71.198103515625,-0.7507991194725037,12.05107307434082,8.917553901672363
1741033276373407500,71.20840747070312,3.640496015548706,9.830890655517578,6.99077844619751
1741033276383711000,71.2187109375,5.4645280838012695,4.692487716674805,3.4088644981384277
1741033276393881900,71.2288818359375,7.672709941864014,0.7395057678222656,-0.5066722631454468
1741033276403988700,71.23898876953125,11.890142440795898,-1.4763917922973633,-7.7465362548828125
1741033276414091300,71.24909130859375,17.023103713989258,-0.5909519195556641,-9.524088859558105
1741033276424193800,71.25919384765625,15.039413452148438,4.304211616516113,-2.7913031578063965
1741033276434296300,71.26929638671875,11.477993965148926,5.623442649841309,0.6988389492034912
1741033276444398800,71.27939892578125,8.305346488952637,2.485062599182129,0.2627592086791992
1741033276454500900,71.2895009765625,6.4634904861450195,-0.6275644302368164,-1.1675300598144531
1741033276464603400,71.29960327148437,5.483139991760254,-1.3099737167358398,-2.157865524291992
1741033276474706000,71.30970581054687,2.716937780380249,0.1013336181640625,-2.2479116916656494
1741033276484808400,71.31980834960937,0.9954949617385864,2.300384521484375,-1.8066537380218506
1741033276494910700,71.32991064453125,0.6545512080192566,3.8032894134521484,-1.2347447872161865
1741033276505013000,71.34001293945313,1.0765721797943115,4.128777503967285,-0.6970666646957397
1741033276515115500,71.35011547851562,2.584995985031128,2.9378652572631836,-0.22421039640903473
1741033276525218000,71.36021801757812,3.3660714626312256,1.3990669250488281,-0.11214579641819
1741033276535451400,71.37045141601563,3.1448934078216553,0.2737903594970703,-0.20423009991645813
1741033276545756000,71.380755859375,2.2032508850097656,-0.5959377288818359,-0.29199710488319397
1741033276556059600,71.3910595703125,1.2821478843688965,-1.275177001953125,-0.2511882483959198
1741033276566219500,71.40121948242188,0.7746983766555786,-1.8699703216552734,0.009675569832324982
1741033276576324400,71.41132446289062,0.3826921582221985,-2.476095676422119,0.4165966510772705
1741033276586427000,71.42142700195312,0.7916236519813538,-2.6955199241638184,1.419715166091919
1741033276596529000,71.43152880859375,1.2277956008911133,-2.93829345703125,2.2678933143615723
1741033276606631400,71.44163134765626,1.7381027936935425,-3.2988839149475098,2.9920411109924316
1741033276616734000,71.45173388671876,1.9500497579574585,-3.7540030479431152,3.5872137546539307
1741033276626836500,71.46183642578124,1.863665223121643,-4.263936519622803,3.88189697265625
1741033276636939000,71.47193896484374,1.7273203134536743,-4.5575056076049805,4.15401554107666
1741033276647041000,71.482041015625,1.4873498678207397,-5.0455241203308105,3.8770034313201904
1741033276657143600,71.4921435546875,1.0274193286895752,-5.48275089263916,3.4037351608276367
1741033276667246000,71.50224609375,0.5436468124389648,-5.731553554534912,2.9522364139556885
1741033276677348400,71.51234838867188,0.29593324661254883,-5.803997039794922,2.593245029449463
1741033276687450600,71.52245068359375,0.17557036876678467,-5.823904991149902,2.1350936889648438
1741033276697553200,71.53255322265625,0.12473642826080322,-5.795221328735352,1.7204339504241943
1741033276707655700,71.54265576171875,0.12386906147003174,-5.631870269775391,1.4239898920059204
1741033276717758500,71.55275854492187,-0.17165470123291016,-5.38718318939209,1.2376126050949097
1741033276727860200,71.56286010742187,-0.4610271453857422,-4.898552894592285,1.3473179340362549
1741033276737962800,71.57296264648437,-0.6276856064796448,-4.196147441864014,1.558129072189331
1741033276748065300,71.58306518554687,-0.8109391927719116,-3.478456974029541,1.8323177099227905
1741033276758167800,71.59316772460937,-0.8305313587188721,-2.7731070518493652,1.9757660627365112
1741033276768269800,71.60326977539063,-0.7830495238304138,-1.887458324432373,2.066866397857666
1741033276778372400,71.61337231445313,-0.6891772150993347,-0.7521476745605469,2.2537617683410645
1741033276788475000,71.62347485351563,-0.7117800116539001,0.35915374755859375,2.316713571548462
1741033276798577400,71.63357739257812,-0.8778621554374695,1.3620481491088867,2.2449662685394287
1741033276808679700,71.6436796875,-1.082094430923462,2.098602294921875,2.1399576663970947
1741033276818782000,71.65378198242188,-1.1886727809906006,2.4081878662109375,1.8374329805374146
1741033276828884500,71.66388452148438,-1.2784762382507324,2.454287528991699,1.3134961128234863
1741033276838987000,71.67398706054688,-1.045905590057373,2.0804624557495117,0.6565181016921997
1741033276849089000,71.68408911132812,-0.6323186159133911,1.599024772644043,-0.21701109409332275
1741033276859191600,71.69419165039062,-0.4726661443710327,1.478114128112793,-0.9574276208877563
1741033276869294000,71.70429418945312,-0.571982741355896,1.300790786743164,-2.151587724685669
1741033276879396600,71.71439672851562,-0.49205970764160156,1.1722955703735352,-3.800725221633911
1741033276889499400,71.72449951171875,0.23194670677185059,1.0132598876953125,-7.664683818817139
1741033276899601200,71.73460107421874,1.8968501091003418,1.266977310180664,-10.272618293762207
1741033276909703700,71.74470361328125,2.44458270072937,3.357234001159668,-8.850702285766602
1741033276919806200,71.75480615234375,2.18038272857666,6.660116195678711,-4.292699337005615
1741033276929909000,71.76490893554687,2.6740849018096924,8.311992645263672,-0.9896904230117798
1741033276940059100,71.77505908203125,2.5266637802124023,6.904177665710449,1.2684333324432373
1741033276950363600,71.78536376953124,1.570655345916748,4.284433364868164,2.271908760070801
1741033276960667600,71.79566772460937,-0.25612878799438477,3.6536970138549805,1.8720741271972656
1741033276970894600,71.80589453125,-1.7373398542404175,4.775101661682129,1.1544798612594604
1741033276981015000,71.81601513671875,-2.3783671855926514,6.74941349029541,0.6279423236846924
1741033276991117300,71.82611743164063,-2.3766632080078125,8.344497680664062,-0.061690330505371094
1741033277001219600,71.83621948242188,-1.874131679534912,8.368027687072754,-1.0614783763885498
1741033277011322000,71.84632202148437,-1.06787109375,7.096372604370117,-1.8856794834136963
1741033277021424600,71.85642456054687,-0.013340950012207031,5.24251651763916,-1.7654379606246948
1741033277031526700,71.86652661132813,0.7603652477264404,3.5670394897460938,-0.8674007654190063
1741033277041629200,71.87662915039063,1.2422642707824707,2.246035575866699,0.2114633321762085
1741033277051731700,71.88673168945313,1.674739122390747,1.3140811920166016,0.9123939275741577
1741033277061834200,71.89683422851563,2.2631189823150635,0.6750736236572266,1.1378724575042725
1741033277071936800,71.90693676757813,2.958660840988159,0.12839794158935547,0.9746757745742798
1741033277082038800,71.91703881835937,3.163666009902954,-0.6300125122070312,0.6103641986846924
1741033277092141300,71.92714135742187,1.4684290885925293,-2.000418186187744,0.20233798027038574
1741033277102243800,71.93724389648438,-0.08921265602111816,-3.3976902961730957,0.20725560188293457
1741033277112346000,71.94734619140625,-0.9255017042160034,-4.484716415405273,0.42528772354125977
1741033277122448400,71.95744848632812,-1.7470111846923828,-5.353082180023193,0.6636230945587158
1741033277132551000,71.96755102539062,-1.7187316417694092,-5.945405006408691,1.0985894203186035
1741033277142653400,71.9776533203125,-1.5265796184539795,-6.351513385772705,1.4087393283843994
1741033277152756000,71.987755859375,-1.2865277528762817,-6.637453079223633,1.6251380443572998
1741033277162858000,71.99785791015626,-1.1653039455413818,-6.877744197845459,1.7340246438980103
1741033277172960500,72.00796044921876,-1.0406947135925293,-6.952278137207031,1.9406344890594482
1741033277183063000,72.01806298828124,-0.5322993993759155,-6.773618698120117,2.3537094593048096
1741033277193165600,72.02816552734375,-0.053385138511657715,-6.722245216369629,2.635012626647949
1741033277203267600,72.038267578125,0.3963770866394043,-6.671911239624023,2.857985019683838
1741033277213370000,72.0483701171875,0.6040222644805908,-6.432686805725098,3.3771417140960693
1741033277223472600,72.05847265625,1.03019380569458,-5.754515647888184,3.8669822216033936
1741033277233575200,72.0685751953125,0.864915132522583,-5.060756683349609,4.507421493530273
1741033277243677700,72.078677734375,0.5298830270767212,-4.300257682800293,5.278202056884766
1741033277253779700,72.08877978515625,-0.13694167137145996,-3.5436034202575684,5.943114280700684
1741033277263882200,72.09888232421875,-0.8009166717529297,-3.1287789344787598,6.024025917053223
1741033277273984800,72.10898486328125,-1.3512659072875977,-2.9089174270629883,5.658419609069824
1741033277284087000,72.11908715820313,-1.8591139316558838,-2.7366561889648438,4.7243499755859375
1741033277294189300,72.12918920898437,-2.3158509731292725,-2.7614998817443848,3.2781105041503906
1741033277304291800,72.13929174804687,-2.919647455215454,-2.620821952819824,2.049511194229126
1741033277314394400,72.14939428710937,-4.184804916381836,-2.0362086296081543,1.2400014400482178
1741033277324497000,72.15949682617187,-5.544028282165527,-1.2453689575195312,0.6399976015090942
1741033277334742300,72.1697421875,-6.968347549438477,-0.32065391540527344,0.03344261646270752
1741033277345046800,72.180046875,-7.647905349731445,0.7359762191772461,-0.38314545154571533
1741033277355350300,72.19035034179687,-7.647749900817871,1.71905517578125,-0.3181227743625641
1741033277365500700,72.20050073242187,-7.340816497802734,2.7562665939331055,0.2776672840118408
1741033277375603200,72.21060327148437,-6.810110092163086,4.077792167663574,1.2797833681106567
1741033277385705000,72.220705078125,-5.8745222091674805,6.381710052490234,2.694885015487671
1741033277395807700,72.23080786132813,-3.0440175533294678,8.943202018737793,4.087981224060059
1741033277405910300,72.24091015625,-0.4133361577987671,10.25454044342041,4.230702877044678
1741033277416012800,72.2510126953125,1.3662298917770386,9.0358247756958,3.149230480194092
1741033277426115000,72.26111499023438,2.717205762863159,6.51866340637207,1.016188621520996
1741033277436217300,72.27121728515625,3.5210392475128174,4.974826812744141,-0.6840020418167114
1741033277446319900,72.28131982421876,6.5988945960998535,3.379518508911133,-4.86868143081665
1741033277456422400,72.29142236328126,11.407115936279297,1.5907840728759766,-8.398311614990234
1741033277466524400,72.3015244140625,12.882725715637207,1.6151552200317383,-6.9096245765686035
1741033277476626700,72.31162670898438,11.009666442871094,1.9235038757324219,-3.8363404273986816
1741033277486729500,72.3217294921875,9.169357299804688,1.115936279296875,-2.487952947616577
1741033277496832000,72.33183203125,7.696985244750977,0.2617311477661133,-2.0490798950195312
1741033277506934500,72.3419345703125,6.189796447753906,-0.09457874298095703,-2.1820216178894043
1741033277517036500,72.35203662109375,3.5841445922851562,0.9939718246459961,-2.490701913833618
1741033277527139000,72.36213916015625,2.2840466499328613,3.108403205871582,-2.1372456550598145
1741033277537241600,72.37224169921875,3.067103147506714,3.519148826599121,-0.8401956558227539
1741033277547368000,72.38236791992188,3.9862940311431885,2.677091598510742,0.31636250019073486
1741033277557672400,72.39267236328125,3.8588449954986572,1.6689014434814453,0.7015208005905151
1741033277567976700,72.40297680664062,3.1678011417388916,0.7925891876220703,0.5113815069198608
1741033277578222800,72.41322290039062,2.184798002243042,0.10006904602050781,0.23649777472019196
1741033277588348000,72.42334790039062,1.048181176185608,-0.512873649597168,0.029581576585769653
1741033277598450000,72.43344995117188,0.43885213136672974,-1.202733039855957,-0.13716799020767212
1741033277608552200,72.44355224609374,0.10022729635238647,-1.854687213897705,-0.21470339596271515
1741033277618654700,72.45365478515625,0.03391671180725098,-2.5068325996398926,-0.0813559964299202
1741033277628757500,72.46375756835937,0.23910534381866455,-3.107090950012207,0.3906174302101135
1741033277639002600,72.47400268554688,0.7250949144363403,-3.3493714332580566,1.3391404151916504
1741033277649307100,72.48430712890625,1.1544694900512695,-3.5194458961486816,2.314554214477539
1741033277659611000,72.49461083984374,1.648756742477417,-3.74113130569458,3.0831027030944824
1741033277669761000,72.50476098632812,2.2444534301757812,-3.9739785194396973,3.8434510231018066
1741033277679863600,72.51486352539062,2.2766621112823486,-4.399350166320801,4.137887477874756
1741033277689966000,72.52496606445312,1.9606716632843018,-4.860376834869385,3.7894628047943115
1741033277700068000,72.53506811523438,1.5474247932434082,-5.241917610168457,3.4431676864624023
1741033277710170600,72.54517065429687,1.063105821609497,-5.6712493896484375,2.822585344314575
1741033277720273200,72.55527319335937,0.7375743389129639,-5.956766128540039,2.2345893383026123
1741033277730447000,72.56544702148437,0.14780545234680176,-6.03477144241333,1.6457576751708984
1741033277740751600,72.57575170898437,-0.3273276090621948,-5.995820999145508,1.2946416139602661
1741033277751055600,72.5860556640625,-0.6182490587234497,-5.765070915222168,1.1137568950653076
1741033277761263400,72.59626342773437,-0.8582763671875,-5.2764387130737305,1.071998119354248
1741033277771379500,72.60637939453125,-0.849687933921814,-4.544114589691162,1.1078869104385376
1741033277781482200,72.61648217773437,-0.7275838851928711,-3.56797456741333,1.2877520322799683
1741033277791584000,72.626583984375,-0.7801258563995361,-2.3290700912475586,1.52972412109375
1741033277801686500,72.6366865234375,-0.9205735921859741,-0.8155403137207031,1.7748939990997314
1741033277811789000,72.6467890625,-1.1691036224365234,0.6429595947265625,2.0135679244995117
1741033277821891600,72.6568916015625,-1.7095680236816406,1.8659191131591797,2.0512073040008545
1741033277831993300,72.66699340820313,-2.261712074279785,2.4441823959350586,1.8265743255615234
1741033277842096000,72.67709619140625,-2.5928874015808105,2.4067459106445312,1.4914510250091553
1741033277852198700,72.68719873046875,-2.9199764728546143,2.0338125228881836,0.9833313822746277
1741033277862301200,72.69730126953125,-3.1398391723632812,1.9647016525268555,0.7149778604507446
1741033277872403000,72.70740283203125,-3.098233699798584,2.4105634689331055,0.3111015260219574
1741033277882505700,72.71750561523437,-2.7504734992980957,2.9587297439575195,-0.2623632550239563
1741033277892608300,72.72760815429687,-2.220045804977417,3.4484195709228516,-0.9884355068206787
1741033277902710800,72.73771069335938,-1.5329304933547974,3.8679208755493164,-2.272831916809082
1741033277912813000,72.74781298828125,-0.46360254287719727,4.011506080627441,-4.184686660766602
1741033277922915300,72.75791528320312,0.5932202339172363,3.35858154296875,-6.737425327301025
1741033277933017900,72.76801782226562,1.8832635879516602,2.519942283630371,-10.405962944030762
1741033277943120400,72.77812036132812,3.807422399520874,2.610788345336914,-11.232701301574707
1741033277953222400,72.78822241210938,4.068986415863037,3.9219284057617188,-8.764735221862793
1741033277963325000,72.79832495117188,2.7171690464019775,5.912343978881836,-4.050034523010254
1741033277973427500,72.80842749023438,1.4599206447601318,5.2290143966674805,-2.7957711219787598
1741033277983530000,72.81853002929688,2.354140281677246,2.6122188568115234,-2.191735029220581
1741033277993631700,72.8286318359375,4.4175124168396,1.7328853607177734,0.9089732766151428
1741033278003734500,72.83873461914062,2.5275380611419678,2.579019546508789,2.7620999813079834
1741033278013837000,72.84883715820312,0.22959613800048828,4.059850692749023,2.8772215843200684
1741033278023939300,72.85893920898438,-1.6043362617492676,5.588078498840332,1.8439884185791016
1741033278034041300,72.86904125976562,-2.3499438762664795,6.808957099914551,0.4289393424987793
1741033278044143900,72.87914379882812,-2.0402534008026123,7.466724395751953,-0.5652142763137817
1741033278054246700,72.88924658203125,-0.7533848285675049,7.178177833557129,-0.33109843730926514
1741033278064349200,72.89934912109375,0.22688841819763184,5.660923004150391,0.9712478518486023
1741033278074451500,72.90945141601563,0.32358336448669434,3.600459098815918,2.01666522026062
1741033278084553500,72.91955346679687,0.21077942848205566,1.860011100769043,2.636857032775879
1741033278094656300,72.92965625,-0.08892631530761719,0.5384712219238281,2.897812843322754
1741033278104758800,72.9397587890625,-0.4469270706176758,-0.3244485855102539,2.884195327758789
1741033278114860800,72.94986083984375,-0.5215353965759277,-0.9194116592407227,2.649003028869629
1741033278124963000,72.95996313476563,-0.1661520004272461,-1.4123916625976562,2.3786330223083496
1741033278135065900,72.97006591796875,0.5594768524169922,-1.9114594459533691,2.1571996212005615
1741033278145168400,72.98016845703125,1.402212381362915,-2.3995447158813477,2.0925731658935547
1741033278155270100,72.99027026367187,1.614248275756836,-3.1487417221069336,1.8415710926055908
1741033278165372700,73.00037255859375,0.979270339012146,-4.0892863273620605,1.4644825458526611
1741033278175475500,73.01047534179688,0.1213219165802002,-5.14645528793335,1.1645952463150024
1741033278185577700,73.02057763671876,-0.7320719957351685,-5.9276299476623535,1.0681809186935425
1741033278195679700,73.0306796875,-1.4280731678009033,-6.493523597717285,1.048134684562683
1741033278205782300,73.0407822265625,-1.7342939376831055,-6.757431983947754,1.1138157844543457
1741033278215884800,73.050884765625,-1.663057565689087,-6.855623245239258,1.2326922416687012
1741033278225987000,73.06098706054688,-1.245386004447937,-6.7444868087768555,1.4383306503295898
1741033278236089300,73.07108935546874,-0.7665829658508301,-6.622747898101807,1.5503501892089844
1741033278246191900,73.08119189453124,-0.5475459098815918,-6.455493927001953,1.7022696733474731
1741033278256294400,73.09129443359375,-0.5282731652259827,-6.118852615356445,2.0334055423736572
1741033278266397200,73.10139721679687,-0.1746833324432373,-5.568701267242432,2.4039485454559326
1741033278276499000,73.1114990234375,-0.33207976818084717,-4.968350887298584,2.6212658882141113
1741033278286601500,73.1216015625,-1.0266941785812378,-4.320984363555908,3.0418903827667236
1741033278296704000,73.1317041015625,-2.0281546115875244,-3.41609525680542,3.541086196899414
1741033278306806800,73.14180688476563,-3.2307498455047607,-2.4704103469848633,3.851006269454956
1741033278316908500,73.15190844726563,-4.40854024887085,-1.8646106719970703,3.754223108291626
1741033278327011000,73.16201098632813,-4.994421005249023,-1.5737957954406738,3.2429873943328857
1741033278337113600,73.17211352539063,-4.80596923828125,-1.7113041877746582,2.4210519790649414
1741033278347216100,73.18221606445313,-3.949708938598633,-1.9423508644104004,1.6691073179244995
1741033278357318100,73.19231811523437,-3.4913330078125,-2.0103068351745605,1.1488621234893799
1741033278367420700,73.20242065429687,-3.589268684387207,-1.6981477737426758,0.7843239307403564
1741033278377523200,73.21252319335937,-4.039796829223633,-1.1136798858642578,0.42234939336776733
1741033278387625500,73.22262548828125,-4.665412902832031,-0.1360301971435547,0.17482009530067444
1741033278397727700,73.23272778320313,-5.426868915557861,1.2592391967773438,0.28630638122558594
1741033278407830300,73.24283032226562,-5.992465019226074,3.2340211868286133,0.9564236998558044
1741033278417932800,73.25293286132812,-5.675822734832764,5.610932350158691,2.169440984725952
1741033278428034800,73.26303491210938,-4.189312934875488,8.468645095825195,3.6403379440307617
1741033278438137300,73.27313745117188,-1.9267302751541138,10.509191513061523,4.108835697174072
1741033278448239900,73.28323999023438,-0.17635302245616913,10.166590690612793,3.3173394203186035
1741033278458342400,73.29334228515626,0.9989147186279297,8.052031517028809,1.6598105430603027
1741033278468445000,73.30344482421874,1.9917588233947754,6.450681686401367,-0.08400615304708481
1741033278478546700,73.31354663085938,2.8284387588500977,5.852210998535156,-1.5399248600006104
1741033278488649500,73.3236494140625,4.977616310119629,4.749279022216797,-3.282893657684326
1741033278498752000,73.333751953125,6.312944412231445,2.921812057495117,-4.847015380859375
1741033278508901400,73.3439013671875,8.591498374938965,0.6450252532958984,-6.698330879211426
1741033278519206000,73.35420581054687,8.435462951660156,0.38935184478759766,-4.970949172973633
1741033278529510000,73.36451000976562,8.055983543395996,1.531357765197754,-2.674929141998291
1741033278539737300,73.3747373046875,7.251498222351074,2.596883773803711,-1.5619511604309082
1741033278549858300,73.3848583984375,5.846494674682617,2.8563127517700195,-1.5838502645492554
1741033278559960300,73.39496020507812,4.569182872772217,2.546213150024414,-2.240563154220581
1741033278570062600,73.4050625,4.243963718414307,2.5306406021118164,-2.542485237121582
1741033278580165000,73.4151650390625,3.6364381313323975,2.9073333740234375,-1.7697105407714844
1741033278590268000,73.42526782226562,2.1631593704223633,2.99237060546875,-0.6829839944839478
1741033278600369700,73.43536962890624,1.7771046161651611,2.0721263885498047,0.11372014880180359
1741033278610472200,73.44547216796875,1.7368555068969727,0.8890705108642578,0.5068153142929077
1741033278620574700,73.45557470703125,1.5527472496032715,-0.30533790588378906,0.3710726797580719
1741033278630677500,73.46567749023437,1.208770751953125,-1.2144594192504883,0.03703086078166962
1741033278640779300,73.475779296875,0.8088036775588989,-1.8277716636657715,-0.3986232876777649
1741033278650917600,73.48591772460938,0.15174800157546997,-2.4239583015441895,-0.5905565619468689
1741033278661222000,73.49622192382813,-0.6695852279663086,-2.8350234031677246,-0.5283874869346619
1741033278671526100,73.50652612304688,-0.7922782301902771,-3.0660200119018555,-0.31404823064804077
1741033278681762600,73.51676245117187,-0.5322862863540649,-3.3677682876586914,-0.19601455330848694
1741033278691885600,73.52688549804688,0.44857609272003174,-3.472329616546631,0.4511454999446869
1741033278701988000,73.53698803710938,1.8833339214324951,-3.1976757049560547,1.4919705390930176
1741033278712090600,73.54709057617187,2.619222640991211,-3.14630126953125,2.369616985321045
1741033278722192600,73.55719262695312,2.487973928451538,-3.5346031188964844,2.6793692111968994
1741033278732295000,73.567294921875,2.093982219696045,-4.160120487213135,2.6450796127319336
1741033278742397700,73.57739770507813,1.5262465476989746,-4.799276828765869,2.5535974502563477
1741033278752500200,73.58750024414063,1.0306364297866821,-5.179193019866943,2.4165048599243164
1741033278762602000,73.59760205078125,0.7952160835266113,-5.572685241699219,2.136322498321533
1741033278772704500,73.60770458984375,0.8660500049591064,-5.933239936828613,1.80430269241333
1741033278782807300,73.61780737304687,0.9532986879348755,-6.1863532066345215,1.5570660829544067
1741033278792909800,73.62790991210937,0.7910654544830322,-6.693305015563965,1.096461296081543
1741033278803011600,73.63801147460937,0.7144039869308472,-6.9634294509887695,0.8075096011161804
1741033278813114000,73.64811401367187,0.700994610786438,-7.041045188903809,0.7624163627624512
1741033278823217000,73.658216796875,0.6506447792053223,-7.047248840332031,0.700491726398468
1741033278833319200,73.66831909179687,0.4146319031715393,-6.877879619598389,0.7938149571418762
1741033278843421200,73.67842114257813,0.29429399967193604,-6.547984600067139,0.8792596459388733
1741033278853523700,73.68852368164063,0.0883190929889679,-5.753264904022217,1.1339863538742065
1741033278863626500,73.69862646484376,-0.4394221901893616,-4.560035228729248,1.2919707298278809
1741033278873728500,73.708728515625,-1.8323421478271484,-2.8290257453918457,1.8960751295089722
1741033278883830800,73.71883081054688,-3.315408706665039,-0.4839973449707031,2.7389869689941406
1741033278893933300,73.72893334960938,-4.710132598876953,2.404637336730957,3.4533135890960693
1741033278904035800,73.73903588867188,-6.007602691650391,5.308354377746582,4.11002254486084
1741033278914137900,73.74913793945312,-6.49581241607666,7.00978946685791,3.694028377532959
1741033278924240400,73.75924047851562,-5.735538482666016,7.016338348388672,2.358548402786255
1741033278934343000,73.76934301757812,-5.155245304107666,5.7721967697143555,0.5252773761749268
1741033278944445400,73.77944555664062,-3.769118070602417,4.611966133117676,-0.8008419275283813
1741033278954547200,73.78954711914062,-3.8477752208709717,4.571200370788574,-1.413017988204956
1741033278964650000,73.79964990234375,-4.561335563659668,5.3560028076171875,-1.8038463592529297
1741033278974752500,73.80975244140625,-4.389713287353516,5.6233720779418945,-2.022401809692383
1741033278984855000,73.81985498046875,-1.932518482208252,4.470485687255859,-2.2815515995025635
1741033278994957300,73.82995727539063,3.4425525665283203,2.03397274017334,-3.038470506668091
1741033279005059600,73.8400595703125,6.350488662719727,0.5760946273803711,-3.843966484069824
1741033279015162000,73.850162109375,5.125171661376953,0.4227781295776367,-4.826066017150879
1741033279025264600,73.8602646484375,4.274583339691162,0.8315963745117188,-5.198427677154541
1741033279035367000,73.87036694335937,4.529494285583496,1.2840766906738281,-5.010777473449707
1741033279045469200,73.88046923828125,5.465891361236572,1.3302898406982422,-4.272347450256348
1741033279055571700,73.89057177734375,5.843497276306152,0.9906120300292969,-2.5552961826324463
1741033279065674200,73.90067431640625,4.405824661254883,1.5444812774658203,-1.090433955192566
1741033279075776300,73.9107763671875,2.5720109939575195,2.7598304748535156,-0.9349907636642456
1741033279085878800,73.92087866210937,1.4522709846496582,4.359382629394531,-1.004650592803955
1741033279095981300,73.93098120117187,1.0757007598876953,6.273730278015137,-0.5838061571121216
1741033279106083800,73.94108374023438,1.0953638553619385,7.898778915405273,0.3441026210784912
1741033279116185600,73.951185546875,1.0027155876159668,8.415730476379395,1.504658818244934
1741033279126288400,73.96128833007812,0.6260128021240234,7.055281639099121,2.4055068492889404
1741033279136391000,73.97139086914062,0.34328150749206543,4.002135276794434,2.4154539108276367
1741033279146493200,73.9814931640625,0.02052140235900879,1.5443897247314453,2.116661310195923
1741033279156595200,73.99159521484376,-0.2653954029083252,0.32296085357666016,1.9170397520065308
1741033279166697700,74.00169775390626,-0.3938220739364624,-0.24937820434570312,1.667872667312622
1741033279176800500,74.01180053710938,-0.38239192962646484,-0.66693115234375,1.47255277633667
1741033279186902500,74.02190258789062,-0.1750863790512085,-1.2540473937988281,1.2376937866210938
1741033279197004800,74.0320048828125,0.16994476318359375,-1.9920401573181152,1.0882827043533325
1741033279207107300,74.042107421875,0.6632126569747925,-2.754031181335449,1.1062368154525757
1741033279217209300,74.05220922851562,1.0012378692626953,-3.4714407920837402,1.3180491924285889
1741033279227311900,74.06231176757812,0.9718769788742065,-4.204344272613525,1.4031542539596558
1741033279237414400,74.07241430664062,0.7426509857177734,-4.937199115753174,1.421810507774353
1741033279247517000,74.08251684570313,0.23484236001968384,-5.695901870727539,1.321756362915039
1741033279257619700,74.09261962890625,-0.5689986944198608,-6.342977523803711,1.2168272733688354
1741033279267721500,74.10272143554687,-1.2645225524902344,-6.776946067810059,1.1144607067108154
1741033279277824000,74.11282397460937,-1.3037103414535522,-6.989042282104492,1.097899317741394
1741033279287926500,74.12292651367187,-1.012892723083496,-6.917637825012207,1.102774977684021
1741033279298028300,74.1330283203125,-0.8551487326622009,-6.903359413146973,0.9913177490234375
1741033279308131000,74.14313110351563,-0.7459214329719543,-6.944408416748047,0.902236819267273
1741033279318233600,74.15323364257813,-0.6850953102111816,-6.631721019744873,1.080356240272522
1741033279328336000,74.1633359375,-0.24832749366760254,-5.721287727355957,1.5499160289764404
1741033279338438000,74.17343798828125,-0.9077532291412354,-4.897224426269531,1.8088648319244385
1741033279348540700,74.18354077148437,-2.131178855895996,-3.929050922393799,2.0924224853515625
1741033279358643200,74.19364331054688,-3.377511978149414,-3.027599334716797,2.2805705070495605
1741033279368745200,74.2037451171875,-4.146234512329102,-2.2733120918273926,2.408907651901245
1741033279378847500,74.21384741210937,-4.849189758300781,-1.7275824546813965,2.5005626678466797
1741033279388950000,74.22394995117187,-5.465872764587402,-1.4268484115600586,2.5546793937683105
1741033279399052800,74.234052734375,-5.80652379989624,-1.4799418449401855,2.317836284637451
1741033279409154600,74.24415454101562,-5.672297477722168,-1.8331398963928223,1.694892406463623
1741033279419257000,74.25425708007812,-5.693795204162598,-1.8453502655029297,1.0613772869110107
1741033279429359600,74.26435961914062,-5.985866069793701,-1.516036033630371,0.4574167728424072
1741033279439462100,74.27446215820312,-6.472291946411133,-1.1217164993286133,-0.07552289962768555
1741033279449564200,74.28456420898438,-6.693065643310547,-0.4037027359008789,-0.23087337613105774
1741033279459666700,74.29466674804688,-6.591005325317383,0.7534275054931641,0.21070736646652222
1741033279469769200,74.30476928710938,-6.559622764587402,2.420604705810547,1.208991527557373
1741033279479871500,74.31487158203124,-5.374800205230713,4.734577178955078,2.6258432865142822
1741033279489973800,74.32497387695312,-3.3687548637390137,7.6623382568359375,4.09465217590332
1741033279500076300,74.335076171875,-0.5570857524871826,10.362326622009277,5.286814212799072
1741033279510178800,74.3451787109375,1.5179049968719482,10.362994194030762,5.22423791885376
1741033279520281000,74.35528100585938,2.367722272872925,8.230725288391113,3.4287526607513428
1741033279530383400,74.36538330078125,2.6198036670684814,6.216337203979492,0.9068552851676941
1741033279540486000,74.37548583984375,3.3019933700561523,5.598576545715332,-0.9808632731437683
1741033279550588400,74.38558837890625,4.440521240234375,4.726518630981445,-3.1550509929656982
1741033279560690400,74.3956904296875,5.0428924560546875,2.776474952697754,-4.779799938201904
1741033279570793000,74.40579296875,5.604781150817871,0.35329437255859375,-5.73627233505249
1741033279580895500,74.4158955078125,5.201590061187744,-1.032973289489746,-5.26345682144165
1741033279590998000,74.425998046875,4.990777015686035,-1.726086139678955,-4.840800762176514
1741033279601099800,74.43609985351563,5.746293067932129,-1.129075050354004,-3.5691802501678467
1741033279611202300,74.44620239257813,5.529491424560547,0.9322481155395508,-1.7916988134384155
1741033279621305000,74.45630517578125,4.7699408531188965,3.1388425827026367,-1.0914595127105713
1741033279631407400,74.46640747070313,4.328205585479736,4.592750549316406,-0.3665321469306946
1741033279641509400,74.47650927734375,4.081013202667236,4.77280330657959,0.18616169691085815
1741033279651612000,74.48661181640625,4.257246017456055,3.523090362548828,0.6731930375099182
1741033279661714700,74.49671459960938,3.671454906463623,1.8059301376342773,0.8937408924102783
1741033279671816700,74.50681665039062,2.9117016792297363,0.4366874694824219,0.5492992401123047
1741033279681919000,74.5169189453125,2.176391839981079,-0.6543083190917969,0.009851247072219849
1741033279692021500,74.527021484375,1.2468013763427734,-1.439467430114746,-0.3490843176841736
1741033279702124300,74.53712426757812,0.5527381300926208,-2.013174533843994,-0.47136184573173523
1741033279712226000,74.54722607421876,0.19027578830718994,-2.3314285278320312,-0.3496449887752533
1741033279722328600,74.55732861328126,0.06709271669387817,-2.724219799041748,-0.1829378604888916
1741033279732431000,74.56743115234374,0.11963760852813721,-3.1161937713623047,0.08828812092542648
1741033279742532900,74.57753295898438,0.3336362838745117,-3.4356956481933594,0.7356349229812622
1741033279752635600,74.5876357421875,0.6017817258834839,-3.722026824951172,1.5208806991577148
1741033279762738200,74.59773828125,0.8534822463989258,-3.877871036529541,2.3985798358917236
1741033279772840700,74.6078408203125,1.1895009279251099,-4.028809547424316,3.25188946723938
1741033279782942500,74.6179423828125,1.3433927297592163,-4.465946674346924,3.617783546447754
1741033279793045200,74.62804516601562,1.5443795919418335,-5.176846504211426,3.618459939956665
1741033279803147800,74.63814770507813,1.3979530334472656,-5.8502326011657715,3.2923285961151123
1741033279813250000,74.64825,0.9739114046096802,-6.255148887634277,2.9945483207702637
1741033279823352000,74.65835205078125,0.5134636163711548,-6.417448043823242,2.706559658050537
1741033279833454600,74.66845458984375,0.003861665725708008,-6.4977617263793945,2.342714786529541
1741033279843557400,74.67855737304687,-0.3445858955383301,-6.417673110961914,2.0276424884796143
1741033279853659400,74.68865942382813,-0.5580835342407227,-6.329416751861572,1.619672179222107
1741033279863761700,74.69876171875,-0.7300965189933777,-6.13923454284668,1.1357200145721436
1741033279873864200,74.7088642578125,-0.5251792669296265,-5.740761756896973,0.8445183634757996
1741033279883967000,74.71896704101563,-0.14645397663116455,-5.011784553527832,0.821284294128418
1741033279894068700,74.72906884765625,-0.04221642017364502,-4.10450553894043,0.814139723777771
1741033279904171300,74.73917114257813,-0.21974456310272217,-3.0040626525878906,0.8847668170928955
1741033279914273800,74.74927368164063,-0.5525305867195129,-1.7111563682556152,1.012901782989502
1741033279924376300,74.75937622070313,-1.0746395587921143,-0.20717239379882812,1.0777182579040527
1741033279934478300,74.76947827148437,-1.5557154417037964,1.1205415725708008,1.0924251079559326
1741033279944580900,74.77958081054688,-1.8818473815917969,2.1352386474609375,1.1780126094818115
1741033279954683100,74.78968310546875,-2.037214756011963,2.8042659759521484,1.2035272121429443
1741033279964785200,74.79978515625,-2.0353269577026367,3.1203155517578125,1.0968482494354248
1741033279974888000,74.80988793945312,-2.121507406234741,3.3517589569091797,0.8647675514221191
1741033279984990500,74.81999047851562,-1.5306566953659058,3.5093393325805664,0.2863299250602722
1741033279995092500,74.83009252929688,-1.438870906829834,3.637322425842285,-0.9019681215286255
1741033280005194800,74.84019482421876,-1.64028799533844,3.9758338928222656,-2.561636447906494
1741033280015297500,74.85029760742188,-1.8329408168792725,4.481326103210449,-4.4726691246032715
1741033280025400000,74.86040014648438,-2.366024971008301,4.967831611633301,-7.1666259765625
1741033280035502000,74.87050219726562,0.6868898868560791,3.9603939056396484,-9.131728172302246
1741033280045604400,74.88060424804688,7.466251373291016,1.6318187713623047,-11.377800941467285
1741033280055707100,74.89070703125,11.789470672607422,0.7821617126464844,-9.420554161071777
1741033280065809700,74.9008095703125,11.175374984741211,1.849435806274414,-4.9386515617370605
1741033280075911400,74.91091137695312,8.05024528503418,3.156637191772461,-2.569258213043213
1741033280086014000,74.92101391601562,4.2159624099731445,3.521603584289551,-1.4482420682907104
1741033280096116500,74.93111645507813,2.4902358055114746,2.808002471923828,-0.1377415657043457
1741033280106219000,74.94121899414063,1.45420503616333,1.9817829132080078,0.9185718297958374
1741033280116321000,74.95132104492187,0.04091501235961914,2.2298812866210938,0.8557580709457397
1741033280126423600,74.96142358398437,-0.7738057374954224,3.4077587127685547,0.5667921304702759
1741033280136525800,74.97152587890625,-0.705643892288208,4.963963508605957,0.6204878091812134
1741033280146627800,74.9816279296875,-0.24833667278289795,6.3925323486328125,1.290460467338562
1741033280156730600,74.99173071289063,0.08301615715026855,7.235622406005859,2.306506633758545
1741033280166833200,75.00183325195313,0.2837369441986084,7.117547988891602,3.3763694763183594
1741033280176935200,75.01193505859375,0.30428314208984375,5.735576629638672,4.132125377655029
1741033280187037400,75.02203735351563,0.20883584022521973,3.5430984497070312,4.1075921058654785
1741033280197140200,75.03214013671875,-0.21187305450439453,1.7253923416137695,3.8765783309936523
1741033280207242800,75.04224267578125,-0.9472669363021851,0.6165895462036133,3.604445457458496
1741033280217344500,75.05234448242187,-1.392385482788086,-0.08070564270019531,3.3369064331054688
1741033280227447000,75.06244702148437,-1.5197765827178955,-0.6541233062744141,3.0304839611053467
1741033280237549800,75.0725498046875,-1.398484468460083,-1.191370964050293,2.648909330368042
1741033280247652000,75.08265209960938,-1.1513516902923584,-1.7873525619506836,2.329751491546631
1741033280257754000,75.09275415039062,-0.7274746894836426,-2.3849472999572754,2.168464183807373
1741033280267856600,75.10285668945312,-0.0597764253616333,-2.946115493774414,2.0287303924560547
1741033280277959200,75.11295922851562,0.3181570768356323,-3.596686840057373,1.8740109205245972
1741033280288061200,75.12306127929688,0.0520097017288208,-4.324213981628418,1.6736438274383545
1741033280298163700,75.13316381835938,-0.5886243581771851,-4.972445964813232,1.4614536762237549
1741033280308266200,75.14326635742188,-1.3047511577606201,-5.58064603805542,1.201252818107605
1741033280318368500,75.15336840820312,-2.192631244659424,-5.949911117553711,1.0697180032730103
1741033280328470500,75.16347045898438,-2.6719284057617188,-6.160393714904785,1.1030620336532593
1741033280338573300,75.1735732421875,-2.6971938610076904,-6.259023666381836,1.1995666027069092
1741033280348675800,75.18367578125,-2.533808469772339,-6.235628128051758,1.3562560081481934
1741033280358777900,75.19377783203124,-2.3426496982574463,-6.049002170562744,1.5117418766021729
1741033280368880000,75.20388012695312,-1.8174772262573242,-5.634743690490723,1.6654877662658691
1741033280378983000,75.21398291015625,-1.6825101375579834,-5.26403284072876,1.5887935161590576
1741033280389085400,75.22408544921875,-1.74888277053833,-5.068853855133057,1.2879486083984375
1741033280399187200,75.23418725585938,-1.9228390455245972,-4.712984085083008,1.1617345809936523
1741033280409289700,75.24428979492187,-2.0305428504943848,-4.206910133361816,1.107164740562439
1741033280419392300,75.25439233398437,-2.115866184234619,-3.6165966987609863,1.032927393913269
1741033280429494300,75.26449438476563,-2.432900905609131,-2.9780430793762207,0.9282740950584412
1741033280439596800,75.2745966796875,-3.097179412841797,-2.1791257858276367,0.9620712995529175
1741033280449699300,75.28469921875,-3.9756433963775635,-1.3333377838134766,1.0492302179336548
1741033280459801600,75.29480151367187,-4.732443332672119,-0.5527772903442383,1.2532371282577515
1741033280469904000,75.30490380859375,-5.226835250854492,0.19718265533447266,1.472147822380066
1741033280480006400,75.31500634765625,-5.256319522857666,1.0415725708007812,1.7552951574325562
1741033280490109000,75.32510888671875,-4.764934062957764,2.4208593368530273,2.385544776916504
1741033280500211000,75.3352109375,-4.221649169921875,4.030799865722656,3.2130298614501953
1741033280510313500,75.3453134765625,-3.207327127456665,5.695891380310059,3.773632526397705
1741033280520416000,75.355416015625,-1.6896967887878418,7.163912773132324,4.0288472175598145
1741033280530518500,75.3655185546875,-0.721437931060791,7.732537269592285,3.6981825828552246
1741033280540620300,75.37562036132813,-0.037816643714904785,6.7604217529296875,2.3559324741363525
1741033280550723000,75.38572314453126,0.39266616106033325,5.174272537231445,0.3290746212005615
1741033280560825600,75.39582568359376,0.48060429096221924,4.390276908874512,-1.3729448318481445
1741033280570927400,75.40592724609375,0.6965408325195312,4.791660308837891,-2.65374755859375
1741033280581030000,75.41602978515625,1.0577057600021362,6.147930145263672,-3.4964849948883057
1741033280591132400,75.42613232421876,1.4091780185699463,7.224088668823242,-4.6438469886779785
1741033280601235000,75.43623486328126,3.6818928718566895,6.988470077514648,-7.330482006072998
1741033280611337000,75.4463369140625,7.104969501495361,6.132018089294434,-7.376826763153076
1741033280621439500,75.456439453125,8.618147850036621,4.184932708740234,-5.3826518058776855
1741033280631625200,75.46662524414063,6.107762336730957,1.2858715057373047,-4.059591293334961
1741033280641929700,75.4769296875,4.539674282073975,-1.0081939697265625,-2.9834036827087402
1741033280652233700,75.48723364257812,4.986915588378906,-1.8487658500671387,-1.7861710786819458
1741033280662395400,75.4973955078125,4.497443675994873,-1.2748708724975586,-0.8940163850784302
1741033280672536000,75.5075361328125,3.527853012084961,0.3586769104003906,-0.2761421501636505
1741033280682647600,75.5176474609375,3.0629866123199463,2.1459579467773438,0.1504994034767151
1741033280692750000,75.52775,2.775106430053711,3.213603973388672,0.4407525956630707
1741033280702852600,75.5378525390625,0.7737537622451782,2.985403060913086,0.21963411569595337
1741033280712955100,75.547955078125,0.9830077886581421,1.7022819519042969,0.2970978319644928
1741033280723057200,75.55805712890626,1.8395373821258545,0.3414783477783203,0.4919215142726898
1741033280733159700,75.56815966796874,2.1216681003570557,-0.2345113754272461,0.8972015976905823
1741033280743262200,75.57826220703124,1.7012566328048706,-0.6780109405517578,1.1325103044509888
1741033280753364700,75.58836474609375,1.5836491584777832,-1.2926530838012695,1.0375438928604126
1741033280763466800,75.598466796875,1.200852632522583,-1.9107775688171387,0.8212910890579224
1741033280773569300,75.6085693359375,0.6905766129493713,-2.5325236320495605,0.5965322852134705
1741033280783671600,75.61867163085938,0.5582093596458435,-3.0837669372558594,0.5412015914916992
1741033280793773600,75.62877368164062,0.7453387975692749,-3.597625732421875,0.5632470846176147
1741033280803876400,75.63887646484375,0.9920648336410522,-3.8858184814453125,1.02991783618927
1741033280813979000,75.64897875976563,0.9311951398849487,-4.045565128326416,1.597294807434082
1741033280824081000,75.65908081054687,0.929452657699585,-4.304124355316162,2.120734691619873
1741033280834183200,75.66918310546875,0.9886652231216431,-4.508596897125244,2.679124593734741
1741033280844285700,75.67928564453125,1.3997175693511963,-4.948256492614746,3.031580686569214
1741033280854388500,75.68938842773437,1.360015630722046,-5.579383850097656,2.774000406265259
1741033280864490200,75.699490234375,1.216529369354248,-6.102664470672607,2.5532798767089844
1741033280874592800,75.7095927734375,0.9562392234802246,-6.339014053344727,2.489819049835205
1741033280884695300,75.7196953125,0.45850300788879395,-6.509713172912598,2.294053077697754
1741033280894797000,75.72979711914063,0.05762171745300293,-6.6712446212768555,1.9646389484405518
1741033280904899800,75.73989990234375,-0.27420639991760254,-6.8182878494262695,1.6126714944839478
1741033280915002400,75.75000244140625,-0.4693014621734619,-6.830456733703613,1.171219825744629
1741033280925104600,75.76010473632813,-0.5733230113983154,-6.587480545043945,0.8544330596923828
1741033280935206700,75.77020654296875,-0.4679046869277954,-6.006623268127441,0.7867286205291748
1741033280945309400,75.78030932617187,-0.30914080142974854,-5.211714744567871,0.9328151941299438
1741033280955412000,75.79041186523438,-0.21422946453094482,-4.3046770095825195,1.0067329406738281
1741033280965514000,75.80051391601563,-0.1746377944946289,-3.1593618392944336,1.1332629919052124
1741033280975616300,75.8106162109375,-0.11778116226196289,-1.7736454010009766,1.4013657569885254
1741033280985719000,75.82071899414062,0.23657679557800293,-0.015906333923339844,1.80696702003479
1741033280995820800,75.83082080078125,0.32204508781433105,2.2174386978149414,2.142359733581543
1741033281005923300,75.84092333984376,0.3149116039276123,4.785696029663086,2.422497272491455
1741033281016025900,75.85102587890626,0.006762266159057617,7.091129302978516,2.5239486694335938
1741033281026128600,75.86112866210938,-0.3806194067001343,7.903746604919434,2.3113198280334473
1741033281036230400,75.87123046875,-0.945417046546936,7.273038864135742,1.6231656074523926
1741033281046333000,75.8813330078125,-0.8820781707763672,5.425327301025391,0.3778001070022583
1741033281056435500,75.891435546875,-0.8654541969299316,3.8220157623291016,-0.798696756362915
1741033281066537200,75.901537109375,-1.291532278060913,3.1874542236328125,-2.312809944152832
1741033281076640000,75.91163989257812,-1.4716204404830933,3.2782773971557617,-4.243322372436523
1741033281086742500,75.92174243164062,-1.6197094917297363,3.536137580871582,-6.298285007476807
1741033281096844800,75.9318447265625,-2.627584457397461,4.408294677734375,-8.931415557861328
1741033281106946800,75.94194677734374,-1.4571224451065063,4.0158538818359375,-12.300753593444824
1741033281117049300,75.95204931640625,5.752676486968994,1.7909011840820312,-13.675020217895508
1741033281127152000,75.96215209960937,8.19820785522461,2.478957176208496,-8.14242172241211
1741033281137254100,75.97225415039063,5.451133728027344,3.844325065612793,-2.3821239471435547
1741033281147356400,75.9823564453125,2.6881089210510254,3.4161901473999023,-0.9782574772834778
1741033281157459000,75.992458984375,2.1539134979248047,1.9207544326782227,-0.15607213973999023
1741033281167561000,76.00256103515625,2.2009921073913574,0.7116384506225586,0.9066982269287109
1741033281177663500,76.01266357421875,0.7081253528594971,0.43026256561279297,1.3366734981536865
1741033281187766000,76.02276611328125,-0.47460055351257324,1.079437255859375,1.1316767930984497
1741033281197868500,76.03286865234375,-1.5205764770507812,2.3249921798706055,0.6495994925498962
1741033281207970300,76.04297021484375,-2.1121602058410645,3.9165306091308594,0.34040504693984985
1741033281218073000,76.05307299804687,-2.174393653869629,5.365756988525391,0.18017548322677612
1741033281228175400,76.06317529296875,-1.517268419265747,6.237470626831055,0.3723357319831848
1741033281238277400,76.07327734375,-0.3953430652618408,5.9505767822265625,0.9731866717338562
1741033281248380000,76.0833798828125,0.21625208854675293,4.727334022521973,1.356611967086792
1741033281258482700,76.09348266601563,0.3693881034851074,3.160022735595703,1.4871914386749268
1741033281268584700,76.10358471679687,0.22469544410705566,1.863966941833496,1.636096715927124
1741033281278687000,76.11368701171875,-0.21566510200500488,1.0282983779907227,1.8913801908493042
1741033281288789500,76.12378955078125,-0.6219289302825928,0.42517852783203125,2.212296962738037
1741033281298891500,76.1338916015625,-0.8919429779052734,-0.25341224670410156,2.3844592571258545
1741033281308994000,76.143994140625,-1.0342886447906494,-1.2608757019042969,2.374100685119629
1741033281319096600,76.1540966796875,-0.7763268947601318,-2.271717071533203,2.2916011810302734
1741033281329199000,76.16419921875,0.07361531257629395,-2.9712905883789062,2.276303291320801
1741033281339300900,76.17430078125,1.6740245819091797,-3.160243511199951,2.283571481704712
1741033281349403400,76.1844033203125,3.2514395713806152,-3.253932476043701,2.2175211906433105
1741033281359506200,76.19450610351562,3.5432252883911133,-3.6427536010742188,2.1499648094177246
1741033281369608700,76.20460864257812,2.1151201725006104,-4.7576985359191895,1.7405989170074463
1741033281379710500,76.21471044921876,0.4490119218826294,-5.968322277069092,1.4500954151153564
1741033281389813000,76.22481298828124,-0.7738562822341919,-6.755201816558838,1.2779911756515503
1741033281399915500,76.23491552734374,-1.6152081489562988,-7.212662696838379,1.0997397899627686
1741033281410017500,76.245017578125,-1.922186255455017,-7.4227705001831055,0.9999806880950928
1741033281420120000,76.2551201171875,-1.943526268005371,-7.319723129272461,1.0104963779449463
1741033281430222600,76.26522265625,-2.2259714603424072,-6.846117973327637,1.0909185409545898
1741033281440324900,76.27532495117188,-2.2022664546966553,-6.451345443725586,0.9157551527023315
1741033281450427100,76.28542724609375,-1.7908278703689575,-6.320549964904785,0.6245783567428589
1741033281460529700,76.29552978515625,-0.8947720527648926,-5.882851600646973,0.3613295555114746
1741033281470631700,76.30563159179688,-0.9551393985748291,-5.636699199676514,0.34971940517425537
1741033281480734000,76.31573388671875,-0.8587667942047119,-5.164841175079346,0.6285827159881592
1741033281490836700,76.32583666992187,-1.6241121292114258,-4.362554550170898,1.1232240200042725
1741033281500939300,76.33593920898437,-2.823706865310669,-3.153625011444092,1.4556931257247925
1741033281511041000,76.346041015625,-4.758845329284668,-1.9005794525146484,1.6079988479614258
1741033281521143600,76.3561435546875,-6.51242733001709,-0.8136940002441406,1.929643154144287
1741033281531246000,76.36624609375,-7.828539848327637,-0.30148983001708984,3.0418777465820312
1741033281541348000,76.37634814453125,-7.6720123291015625,-0.7988128662109375,3.5383567810058594
1741033281551450600,76.38645068359375,-6.443078994750977,-1.7306404113769531,2.639979839324951
1741033281561553200,76.39655322265625,-5.748174667358398,-1.9399828910827637,1.342270851135254
1741033281571655400,76.40665551757813,-5.72493839263916,-1.3667302131652832,0.3871608078479767
1741033281581757700,76.4167578125,-6.152814865112305,-0.9555826187133789,-0.4369605779647827
1741033281591860200,76.42686010742187,-6.23777437210083,-0.5313615798950195,-0.5531790256500244
1741033281601962200,76.43696215820313,-6.439385414123535,0.6521005630493164,0.4325844943523407
1741033281612064500,76.447064453125,-6.599325656890869,2.867677688598633,2.338533639907837
1741033281622167000,76.4571669921875,-5.562320709228516,5.934842109680176,4.8372602462768555
1741033281632269800,76.46726977539062,-1.5847508907318115,9.358062744140625,7.294205188751221
1741033281642371600,76.47737158203125,2.089726686477661,12.036992073059082,8.52226448059082
1741033281652474000,76.48747412109375,3.987009286880493,12.025617599487305,7.525123119354248
1741033281662576600,76.49757666015626,4.879690647125244,9.315296173095703,4.856993675231934
1741033281672678400,76.50767846679688,5.835676193237305,6.280284881591797,1.8612902164459229
1741033281682781200,76.51778125,6.204929828643799,3.4915056228637695,-1.0479257106781006
1741033281692883700,76.5278837890625,8.021050453186035,0.7561264038085938,-3.925818920135498
1741033281702986200,76.537986328125,11.321690559387207,-1.150421142578125,-5.8346757888793945
1741033281713088000,76.548087890625,13.031814575195312,-1.6970863342285156,-6.138682842254639
1741033281723190800,76.55819067382812,11.667387962341309,-0.2706775665283203,-2.9117465019226074
1741033281733293000,76.56829296875,9.989411354064941,1.827810287475586,-0.8257457613945007
1741033281743395000,76.57839501953126,8.807341575622559,3.215998649597168,-0.31052297353744507
1741033281753497600,76.58849755859374,6.961100101470947,3.9048585891723633,0.43178296089172363
1741033281763600400,76.59860034179688,4.385479927062988,3.812899589538574,0.8240470886230469
1741033281773702400,76.60870239257812,1.625510573387146,3.13747501373291,0.7647956609725952
1741033281783804700,76.6188046875,-0.1843302845954895,2.2001514434814453,0.6458469033241272
1741033281793907200,76.6289072265625,-0.6068774461746216,1.385777473449707,0.6225520968437195
1741033281804009200,76.63900927734375,-0.7079777717590332,0.6516838073730469,0.569369912147522
1741033281814111700,76.64911181640625,-0.6678619384765625,-0.03339576721191406,0.5562132000923157
1741033281824214300,76.65921435546875,-0.42146816849708557,-0.8891334533691406,0.4787055253982544
1741033281834316800,76.66931689453125,-0.321108877658844,-1.7033758163452148,0.3793662190437317
1741033281844418600,76.67941845703125,-0.42426544427871704,-2.3859620094299316,0.2476130723953247
1741033281854521300,76.68952124023437,-0.44782042503356934,-3.0040974617004395,0.2584829032421112
1741033281864623600,76.69962353515625,-0.331803560256958,-3.687166690826416,0.26619380712509155
1741033281874725600,76.7097255859375,-0.05239108204841614,-4.270177841186523,0.35269585251808167
1741033281884828200,76.719828125,0.16234007477760315,-4.7685322761535645,0.4482138454914093
1741033281894930700,76.7299306640625,0.5999490022659302,-5.215398788452148,0.6315314769744873
1741033281905033000,76.74003295898437,0.787431538105011,-5.531546592712402,1.1312346458435059
1741033281915135200,76.75013525390625,0.8337583541870117,-5.872418403625488,1.3753907680511475
1741033281925237800,76.76023779296875,0.7321685552597046,-6.138976097106934,1.617434024810791
1741033281935339800,76.77033984375,0.5891099572181702,-6.410449028015137,1.6920506954193115
1741033281945442000,76.78044213867187,0.4415038824081421,-6.593710899353027,1.7821934223175049
1741033281955544800,76.790544921875,0.37074732780456543,-6.668729305267334,1.8113594055175781
1741033281965646600,76.800646484375,0.13223052024841309,-6.618936538696289,1.7484495639801025
1741033281975749000,76.8107490234375,0.07951974868774414,-6.459097862243652,1.7169971466064453
1741033281985851600,76.8208515625,0.15613770484924316,-6.054187774658203,1.7488423585891724
1741033281995954400,76.83095434570312,0.2783548831939697,-5.4172444343566895,1.7029058933258057
1741033282006056200,76.84105615234375,0.41312968730926514,-4.728602409362793,1.598435878753662
1741033282016158700,76.85115869140625,0.5039024353027344,-4.067642688751221,1.43289053440094
1741033282026261200,76.86126123046876,0.5146182775497437,-3.259422779083252,1.354218602180481
1741033282036363000,76.87136303710938,0.532124400138855,-2.2452778816223145,1.459803819656372
1741033282046465800,76.8814658203125,0.5583810806274414,-0.9022731781005859,1.7797629833221436
1741033282056568300,76.891568359375,0.343694806098938,0.6027994155883789,2.1069233417510986
1741033282066670600,76.90167065429688,-0.1617600917816162,2.1407546997070312,2.2187371253967285
1741033282076772600,76.91177270507812,-0.608445942401886,3.38974666595459,2.1542482376098633
1741033282086875400,76.92187548828124,-0.8522080183029175,4.147085189819336,1.7134313583374023
1741033282096977400,76.93197729492188,-0.7738285660743713,4.465945243835449,1.1606465578079224
1741033282107079700,76.94207958984374,-0.9804253578186035,4.209850311279297,0.3629237115383148
1741033282117182200,76.95218212890624,-1.4356484413146973,4.054415702819824,-0.49707838892936707
1741033282127285000,76.96228491210937,-2.6722967624664307,4.438067436218262,-1.6740249395370483
1741033282137386800,76.97238671875,-3.556410789489746,4.761863708496094,-3.986130952835083
1741033282147489300,76.9824892578125,-4.458765506744385,4.377231597900391,-7.1036200523376465
1741033282157591800,76.992591796875,-0.6603636741638184,3.7574167251586914,-9.845900535583496
1741033282167693600,77.00269360351562,8.614029884338379,2.5804052352905273,-10.376904487609863
1741033282177796400,77.01279638671875,14.713468551635742,1.6427717208862305,-7.569706439971924
1741033282187898600,77.02289868164063,10.976381301879883,3.364521026611328,-4.232106685638428
1741033282198000600,77.03300073242187,6.868125915527344,4.9391937255859375,-2.476206064224243
1741033282208103200,77.04310327148437,4.016299247741699,4.442607879638672,-0.8363826870918274
1741033282218205700,77.05320581054687,2.7022669315338135,3.7739648818969727,0.909601092338562
1741033282228308000,77.06330786132813,1.9548735618591309,4.363445281982422,1.454918622970581
1741033282238410200,77.07341015625,0.6365838050842285,6.022851943969727,1.369971752166748
1741033282248512800,77.0835126953125,-0.4999253749847412,7.810857772827148,1.3872206211090088
1741033282258614800,77.09361474609375,-1.472188115119934,8.926529884338379,1.836267352104187
1741033282268717000,77.10371704101563,-1.7064309120178223,8.686964988708496,2.66318416595459
1741033282278819800,77.11381982421875,-1.3494884967803955,6.942129135131836,3.3155016899108887
1741033282288922400,77.12392236328125,-1.119073748588562,4.882676124572754,3.1834847927093506
1741033282299024100,77.13402416992187,-1.173701524734497,3.031841278076172,2.568899631500244
1741033282309126700,77.14412670898437,-1.4853609800338745,1.4172000885009766,1.992536187171936
1741033282319229400,77.1542294921875,-2.024136543273926,0.3045988082885742,1.5942518711090088
1741033282329331200,77.16433129882813,-2.3595943450927734,-0.49160003662109375,1.3965564966201782
1741033282339433700,77.17443383789063,-2.543283700942993,-1.1535301208496094,1.3876475095748901
1741033282349536300,77.18453637695312,-2.434964418411255,-1.7900233268737793,1.5880897045135498
1741033282359638000,77.19463793945313,-2.236438035964966,-2.4928526878356934,1.770899772644043
1741033282369740800,77.20474072265625,-2.0692546367645264,-3.1787805557250977,1.9158825874328613
1741033282379843300,77.21484326171876,-1.9462502002716064,-3.8711462020874023,2.0302577018737793
1741033282389945600,77.22494555664062,-1.7061654329299927,-4.379004955291748,2.2031047344207764
1741033282400047600,77.23504760742188,-0.9123220443725586,-4.568853855133057,2.4750864505767822
1741033282410150400,77.245150390625,0.6776447296142578,-4.499589443206787,2.603731155395508
1741033282420252400,77.25525244140626,2.0213935375213623,-4.51314115524292,2.475713014602661
1741033282430354700,77.26535473632812,1.9318276643753052,-4.9383864402771,2.177156448364258
1741033282440457200,77.27545727539062,0.8740096092224121,-5.821480751037598,1.6506538391113281
1741033282450560000,77.28556005859375,0.07167661190032959,-6.719516277313232,1.2921407222747803
1741033282460661800,77.29566186523438,-0.937621533870697,-7.08853006362915,1.2372502088546753
1741033282470764300,77.30576440429688,-1.907938003540039,-7.076084136962891,1.1209206581115723
1741033282480866800,77.31586669921874,-2.4908618927001953,-6.841023921966553,1.0840173959732056
1741033282490968600,77.32596850585938,-2.7782492637634277,-6.523820877075195,1.0430052280426025
1741033282501071000,77.33607104492188,-2.31762433052063,-6.200148582458496,0.9374217987060547
1741033282511173600,77.34617358398438,-2.4765803813934326,-5.866546154022217,0.6476055383682251
1741033282521275600,77.35627563476562,-2.4567480087280273,-5.500805377960205,0.45088255405426025
1741033282531378200,77.36637817382812,-3.0648765563964844,-4.807442665100098,0.6747188568115234
1741033282541480700,77.37648071289063,-3.7900171279907227,-3.947478771209717,0.9701003432273865
1741033282551583000,77.3865830078125,-4.855479717254639,-2.9453344345092773,0.9196335077285767
1741033282561685200,77.39668530273437,-6.09805965423584,-2.074103832244873,0.31354159116744995
1741033282571787800,77.40678784179687,-7.43555212020874,-1.1161623001098633,-0.03966081142425537
1741033282581889800,77.41688989257813,-8.052403450012207,-0.5014963150024414,-0.017133235931396484
1741033282591992000,77.42699194335937,-8.717916488647461,-0.13062381744384766,0.5482867360115051
1741033282602094800,77.4370947265625,-8.909867286682129,0.1780986785888672,0.926539421081543
1741033282612196600,77.44719653320313,-8.616963386535645,0.8797893524169922,1.310713768005371
1741033282622299100,77.45729907226563,-7.902540683746338,1.8644771575927734,1.9999171495437622
1741033282632401700,77.46740161132813,-6.741727828979492,3.0935420989990234,2.9660332202911377
1741033282642504400,77.47750439453125,-5.096688747406006,4.424655914306641,4.049981117248535
1741033282652606200,77.48760620117187,-2.8709771633148193,5.99867057800293,4.90928316116333
1741033282662708700,77.49770874023437,-0.09845215082168579,7.460939407348633,5.237105369567871
1741033282672811300,77.50781127929687,1.9082170724868774,8.274590492248535,5.051933765411377
1741033282682913000,77.5179130859375,2.340222120285034,7.6484375,3.6802632808685303
1741033282693015800,77.52801586914063,2.484466791152954,6.428919792175293,1.6185133457183838
1741033282703118000,77.5381181640625,2.5900237560272217,6.347748756408691,-0.04206548631191254
1741033282713220000,77.54822021484375,2.790332794189453,6.0941925048828125,-1.5563185214996338
1741033282723322600,77.55832250976563,2.781773328781128,4.454962730407715,-3.6069257259368896
1741033282733425400,77.56842529296875,4.543331623077393,1.8312978744506836,-5.340197563171387
1741033282743527400,77.57852734375,6.868310928344727,0.052048683166503906,-5.163280487060547
1741033282753629700,77.58862963867188,9.135967254638672,-0.9174051284790039,-3.7967090606689453
1741033282763732200,77.59873217773438,10.254762649536133,-0.36490631103515625,-0.7691136598587036
1741033282773834200,77.60883422851562,9.041826248168945,1.0318784713745117,0.6268168687820435
1741033282783936800,77.61893676757812,8.1720609664917,2.809969902038574,0.4950169324874878
1741033282794039300,77.62903930664062,7.08903694152832,4.014528274536133,0.3414628505706787
1741033282804141000,77.63914111328126,4.2034783363342285,4.288470268249512,0.686989426612854
1741033282814243600,77.64924365234376,-0.6076591610908508,3.9283618927001953,0.6742293834686279
1741033282824346000,77.65934619140624,0.18164779245853424,2.888427734375,0.6871253252029419
1741033282834448600,77.66944873046874,1.8035218715667725,1.700693130493164,0.8129448294639587
1741033282844550700,77.67955053710938,1.860424518585205,0.6191043853759766,0.8650831580162048
1741033282854653200,77.68965307617188,1.762406587600708,-0.4218473434448242,0.7112405896186829
1741033282864755500,77.69975537109374,1.7971272468566895,-1.1753692626953125,0.6352636218070984
1741033282874857500,77.709857421875,1.4336246252059937,-1.6390867233276367,0.7375190854072571
1741033282884960300,77.71996020507812,1.1776565313339233,-1.9196443557739258,1.2642605304718018
1741033282895169800,77.73016967773438,1.0621358156204224,-2.285165309906006,1.7344324588775635
1741033282905474300,77.74047436523438,0.9469350576400757,-2.835906505584717,2.0672500133514404
1741033282915778000,77.75077807617187,0.887737512588501,-3.5578789710998535,2.3324058055877686
1741033282925957000,77.76095703125,0.9030048847198486,-4.159728527069092,2.6126766204833984
1741033282936066600,77.77106665039062,0.6058205366134644,-4.6960673332214355,2.849510669708252
1741033282946347300,77.78134716796875,0.03809177875518799,-5.18263578414917,2.964890480041504
1741033282956651800,77.79165185546876,-0.40335559844970703,-5.702186107635498,2.811596155166626
1741033282966936000,77.80193603515625,-0.7094660401344299,-6.219419479370117,2.579677104949951
1741033282977069300,77.8120693359375,-0.8509940505027771,-6.660516262054443,2.2618024349212646
1741033282987171800,77.822171875,-0.8710944652557373,-6.923185348510742,1.9547386169433594
1741033282997274400,77.8322744140625,-0.7757008075714111,-6.929547309875488,1.6781482696533203
1741033283007376600,77.84237670898438,-0.695797324180603,-6.776058673858643,1.4152796268463135
1741033283017479000,77.85247900390625,-0.4266316890716553,-6.512068271636963,1.1389048099517822
1741033283027581400,77.86258154296875,0.022017478942871094,-6.167482852935791,0.9258174300193787
1741033283037683500,77.87268334960937,0.2589895725250244,-5.772448539733887,0.8014435172080994
1741033283047785700,77.88278564453125,0.4117851257324219,-5.299880027770996,0.8613495230674744
1741033283057888500,77.89288842773438,0.4236055612564087,-4.841887950897217,0.8925651907920837
1741033283067990300,77.902990234375,0.24102497100830078,-4.346295356750488,0.885720431804657
1741033283078092800,77.9130927734375,0.20975923538208008,-3.8461012840270996,0.9854039549827576
1741033283088195300,77.9231953125,0.2622872591018677,-3.2488808631896973,1.0023102760314941
1741033283098298000,77.93329809570312,0.24154138565063477,-2.559762954711914,1.0708425045013428
1741033283108399900,77.94339990234376,0.14083921909332275,-1.6044950485229492,1.2098371982574463
1741033283118502400,77.95350244140624,-0.05389726161956787,-0.1981191635131836,1.4964795112609863
1741033283128605000,77.96360498046874,-0.30148565769195557,1.6276187896728516,1.821683645248413
1741033283138706700,77.97370678710938,-0.7874608039855957,3.6480321884155273,1.8003394603729248
1741033283148809500,77.9838095703125,-1.089816927909851,5.452629089355469,1.5818301439285278
1741033283158911700,77.99391186523438,-1.3702749013900757,6.704858779907227,1.0491424798965454
1741033283169013800,78.004013671875,-1.410919427871704,6.98015022277832,-0.19715148210525513
1741033283179116300,78.0141162109375,-2.3981878757476807,6.297666549682617,-1.761643648147583
1741033283189218600,78.02421850585938,-3.886899948120117,5.534482002258301,-3.3672499656677246
1741033283199320800,78.03432080078124,-4.0244669914245605,4.988079071044922,-5.962862491607666
1741033283209423400,78.04442333984375,-0.5451042652130127,3.556612968444824,-7.800424098968506
1741033283219526000,78.05452587890625,8.626649856567383,1.3400382995605469,-8.891877174377441
1741033283229628000,78.0646279296875,13.789307594299316,0.5782556533813477,-8.908228874206543
1741033283239730200,78.07473022460937,13.851454734802246,2.32822322845459,-7.118463039398193
1741033283249833000,78.0848330078125,10.679619789123535,5.196043968200684,-4.660521984100342
1741033283259934700,78.09493481445313,7.06452751159668,7.295496940612793,-2.9762251377105713
1741033283270037200,78.10503735351563,5.321445465087891,7.84134578704834,-0.556012749671936
1741033283280139800,78.11513989257813,3.3637948036193848,6.997466087341309,1.6645621061325073
1741033283290241500,78.12524145507813,0.7111701965332031,5.121058464050293,1.9460968971252441
1741033283300344300,78.13534423828125,-1.2802804708480835,2.7842931747436523,1.2986245155334473
1741033283310446600,78.14544653320313,-1.954559326171875,1.321681022644043,0.8880400657653809
1741033283320548600,78.15554858398437,-1.63254976272583,1.1962709426879883,1.1413867473602295
1741033283330651100,78.16565112304687,-1.3560987710952759,2.1133718490600586,1.7958811521530151
1741033283340754000,78.17575390625,-1.0693974494934082,3.4068126678466797,2.695223808288574
1741033283350856000,78.18585595703125,-0.809080958366394,4.203713417053223,3.439981460571289
1741033283360958200,78.19595825195313,-0.8247015476226807,4.188658714294434,3.734178304672241
1741033283371060700,78.20606079101563,-1.1806483268737793,3.3245067596435547,3.6172051429748535
1741033283381162800,78.21616284179687,-1.5367143154144287,1.9862794876098633,3.1722800731658936
1741033283391265300,78.22626538085937,-1.86240553855896,0.7485857009887695,2.7672338485717773
1741033283401367800,78.23636791992188,-1.990541934967041,-0.24996089935302734,2.5395243167877197
1741033283411469600,78.24646948242187,-1.847089171409607,-1.0204439163208008,2.4686827659606934
1741033283421572000,78.25657202148437,-1.6200518608093262,-1.704251766204834,2.4667370319366455
1741033283431675000,78.2666748046875,-1.267167568206787,-2.246586799621582,2.5813469886779785
1741033283441776600,78.27677661132813,-0.4770115613937378,-2.547513484954834,2.858846664428711
1741033283451879200,78.28687915039062,0.991783857345581,-2.575230598449707,2.940150260925293
1741033283461981700,78.29698168945312,2.152876853942871,-2.7723894119262695,2.61118483543396
1741033283472083500,78.30708349609375,1.8555240631103516,-3.513986587524414,2.092970848083496
1741033283482186200,78.31718627929688,0.8034840822219849,-4.626443862915039,1.4609968662261963
1741033283492288800,78.32728881835938,0.017138004302978516,-5.632696628570557,1.1408436298370361
1741033283502391000,78.33739111328126,-0.8302016854286194,-6.246906280517578,1.1277484893798828
1741033283512493000,78.3474931640625,-1.8613333702087402,-6.629310131072998,1.1393959522247314
1741033283522595600,78.357595703125,-2.4115943908691406,-6.681205749511719,1.2183637619018555
1741033283532697900,78.36769775390626,-2.5297024250030518,-6.691966533660889,1.3617002964019775
1741033283542800100,78.37780004882812,-2.249777317047119,-6.491290092468262,1.4642499685287476
1741033283552902700,78.38790258789062,-2.615767478942871,-6.147396087646484,1.2427095174789429
1741033283563004700,78.39800463867188,-2.7395708560943604,-5.827866554260254,0.9692904353141785
1741033283573107000,78.40810693359376,-2.810486316680908,-5.688443660736084,0.8711432814598083
1741033283583209700,78.41820971679688,-2.6078574657440186,-5.710450649261475,0.6912847757339478
1741033283593311500,78.4283115234375,-1.9798963069915771,-5.709771156311035,0.48145127296447754
1741033283603414000,78.4384140625,-2.040595054626465,-5.337760925292969,0.2436966896057129
1741033283613516500,78.4485166015625,-2.331530809402466,-5.001293659210205,-0.0063925981521606445
1741033283623618300,78.45861840820312,-2.9309704303741455,-4.5659284591674805,-0.23245692253112793
1741033283633721000,78.46872119140625,-3.6899423599243164,-3.9797496795654297,-0.302315890789032
1741033283643823600,78.47882373046875,-4.403380393981934,-3.3548221588134766,-0.18209105730056763
1741033283653926000,78.48892578125,-4.984482288360596,-2.6954212188720703,-0.11794835329055786
1741033283664028000,78.49902783203125,-5.774844169616699,-1.8025007247924805,-0.07456064224243164
1741033283674130700,78.50913061523437,-6.597977161407471,-0.2502317428588867,0.17721030116081238
1741033283684232700,78.51923266601563,-7.43833065032959,2.0472183227539062,1.2828238010406494
1741033283694335000,78.5293349609375,-8.06502628326416,4.515654563903809,3.121669292449951
1741033283704437500,78.5394375,-7.190611839294434,6.965880393981934,4.974925994873047
1741033283714539500,78.54953955078125,-4.68570613861084,9.219085693359375,6.487816333770752
1741033283724642000,78.55964208984375,-1.0991240739822388,10.887454986572266,7.212411403656006
1741033283734744600,78.56974462890625,2.355910539627075,11.14427661895752,6.3964643478393555
1741033283744846300,78.57984643554687,3.7217788696289062,8.846821784973145,3.8589489459991455
1741033283754948900,78.58994897460937,3.1015031337738037,5.913186073303223,0.6975288391113281
1741033283765051400,78.60005151367187,1.7434656620025635,4.590741157531738,-1.4193657636642456
1741033283775153400,78.6101533203125,0.9315800070762634,4.5249481201171875,-3.3974478244781494
1741033283785256000,78.620255859375,1.6156771183013916,4.443516731262207,-6.956701278686523
1741033283795358500,78.6303583984375,8.821292877197266,3.3564090728759766,-10.312529563903809
1741033283805460700,78.64046069335937,15.396639823913574,3.1079254150390625,-9.765474319458008
1741033283815563000,78.65056298828125,12.389744758605957,4.122076988220215,-5.229422569274902
1741033283825665500,78.66066552734375,6.88422155380249,3.2378950119018555,-1.9425452947616577
1741033283835767800,78.67076782226563,3.196320056915283,0.5799121856689453,-1.160338282585144
1741033283845869800,78.68086987304687,2.4853217601776123,-1.5712766647338867,-1.1803474426269531
1741033283855972400,78.69097241210937,1.852154016494751,-2.6841182708740234,-1.3018635511398315
1741033283866074600,78.70107470703125,1.8345049619674683,-1.9316692352294922,-1.1306179761886597
1741033283876177000,78.71117700195313,1.7890251874923706,0.538172721862793,-0.5501468777656555
1741033283886279400,78.72127954101562,0.5895274877548218,2.7218666076660156,0.4692789316177368
1741033283896381400,78.73138134765625,0.04124228656291962,3.4133129119873047,1.0631428956985474
1741033283906483700,78.74148364257813,1.6070080995559692,2.5006284713745117,1.287516713142395
1741033283916586500,78.75158642578126,2.4863064289093018,1.0598821640014648,0.9558562636375427
1741033283926688300,78.76168823242188,2.269976854324341,0.1947784423828125,0.46764764189720154
1741033283936790800,78.77179077148438,1.7533878087997437,-0.4489469528198242,-0.07642194628715515
1741033283946893300,78.78189331054688,1.1988770961761475,-0.9956264495849609,-0.7138909101486206
1741033283956995000,78.7919951171875,0.6521339416503906,-1.4608821868896484,-1.0849566459655762
1741033283967097900,78.80209790039062,0.187877357006073,-2.018338680267334,-1.307572841644287
1741033283977200000,78.8122001953125,-0.1393755078315735,-2.70192289352417,-1.4250619411468506
1741033283987302100,78.82230224609376,-0.4176536798477173,-3.454625129699707,-1.3137799501419067
1741033283997404700,78.83240478515626,-0.36677414178848267,-4.087006568908691,-0.9236888289451599
1741033284007507500,78.84250756835938,0.17700958251953125,-4.139017581939697,0.37774014472961426
1741033284017609500,78.852609375,0.8726745843887329,-4.0037665367126465,1.8868058919906616
1741033284027711700,78.86271166992188,1.0664998292922974,-4.308929920196533,2.6810011863708496
1741033284037814300,78.87281420898438,1.1259342432022095,-4.73565149307251,3.0893313884735107
1741033284047916300,78.88291625976562,0.9519070386886597,-5.139186382293701,3.336897850036621
1741033284058018800,78.89301879882812,0.632056474685669,-5.5918192863464355,3.38191556930542
1741033284068121300,78.90312133789062,0.05221140384674072,-6.058885097503662,3.221674919128418
1741033284078223000,78.91322314453124,-0.22760629653930664,-6.387213706970215,2.8474462032318115
1741033284088325600,78.92332568359375,-0.4678415060043335,-6.577011585235596,2.4800221920013428
1741033284098428200,78.93342822265625,-0.48300421237945557,-6.627626895904541,2.166600227355957
1741033284108530200,78.9435302734375,-0.6661942601203918,-6.5043134689331055,1.951653242111206
1741033284118632700,78.9536328125,-0.8944603204727173,-6.214346885681152,1.8146677017211914
1741033284128735000,78.96373486328125,-0.9048612117767334,-5.818479061126709,1.8257533311843872
1741033284138837000,78.9738369140625,-0.9082537293434143,-5.295675277709961,1.7701842784881592
1741033284148939800,78.98393969726563,-0.49563920497894287,-4.6817803382873535,1.7339756488800049
1741033284159041800,78.99404174804687,0.07418417930603027,-3.8507561683654785,1.7529933452606201
1741033284169144000,79.00414404296875,0.44995272159576416,-2.847933769226074,1.6841685771942139
1741033284179246600,79.01424658203125,0.6120954751968384,-1.5812997817993164,1.660334587097168
1741033284189348600,79.0243486328125,0.6435551643371582,0.21135902404785156,2.0171918869018555
1741033284199451100,79.034451171875,0.5154343843460083,2.537616729736328,2.639435291290283
1741033284209553700,79.0445537109375,0.11543595790863037,4.889937400817871,2.8624978065490723
1741033284219655400,79.05465551757813,-0.7669512033462524,6.677411079406738,2.4610061645507812
1741033284229758000,79.06475805664063,-1.2666001319885254,7.229459762573242,2.1286001205444336
1741033284239860500,79.07486059570313,-1.6120203733444214,6.322487831115723,1.326735258102417
1741033284249962500,79.08496240234375,-1.3814830780029297,4.727756500244141,0.021274521946907043
1741033284260065000,79.09506494140625,-1.0678247213363647,3.4398136138916016,-1.2756741046905518
1741033284270167600,79.10516748046875,-2.627469539642334,3.4580936431884766,-3.2709531784057617
1741033284280270000,79.11527001953125,-4.607444763183594,4.328941345214844,-5.128064155578613
1741033284290371800,79.12537182617187,-1.5903148651123047,3.6897010803222656,-8.526490211486816
1741033284300474600,79.135474609375,6.097181797027588,1.1480045318603516,-11.74084758758545
1741033284310577000,79.14557690429687,12.451288223266602,-0.6775894165039062,-12.117551803588867
1741033284320679000,79.15567895507813,11.08989143371582,0.899561882019043,-8.157230377197266
1741033284330781400,79.16578149414063,7.280433654785156,3.8731346130371094,-3.7332727909088135
1741033284340883700,79.1758837890625,4.329594612121582,5.955397605895996,-1.4645812511444092
1741033284350986000,79.18598608398437,2.808542013168335,5.904687881469727,0.29251939058303833
1741033284361088500,79.19608862304688,1.7808449268341064,4.1623334884643555,1.4765474796295166
1741033284371190500,79.2061904296875,0.9687795639038086,2.768735885620117,1.3151664733886719
1741033284381292800,79.21629272460937,-0.09978318214416504,2.6612396240234375,0.5183974504470825
1741033284391395600,79.2263955078125,-0.9545021057128906,3.7869338989257812,-0.03163421154022217
1741033284401497300,79.23649731445313,-1.0216104984283447,5.553363800048828,-0.0511852502822876
1741033284411600000,79.24659985351562,-0.8287274837493896,6.726589202880859,0.36908793449401855
1741033284421702400,79.25670239257812,-0.8326786756515503,6.7147016525268555,1.0655755996704102
1741033284431804200,79.26680419921875,-0.8510990142822266,5.491542816162109,1.7579820156097412
1741033284441907000,79.27690698242188,-0.9264781475067139,3.721909523010254,2.048578977584839
1741033284452009200,79.28700927734376,-1.1655280590057373,1.9222412109375,2.0108819007873535
1741033284462111200,79.297111328125,-1.5263020992279053,0.5616950988769531,1.9174377918243408
1741033284472213800,79.3072138671875,-1.701114296913147,-0.4028310775756836,2.02685546875
1741033284482316000,79.31731591796876,-1.7930220365524292,-1.1843852996826172,2.2234554290771484
1741033284492418300,79.32741821289062,-1.7464303970336914,-1.9172906875610352,2.405758857727051
1741033284502520800,79.33752075195312,-1.7489752769470215,-2.6763525009155273,2.5649514198303223
1741033284512622800,79.34762280273438,-1.6484479904174805,-3.414628028869629,2.5743472576141357
1741033284522725000,79.35772509765626,-1.5214788913726807,-4.024112224578857,2.533489465713501
1741033284532828000,79.36782788085938,-1.463478446006775,-4.554118633270264,2.47471022605896
1741033284542929700,79.3779296875,-1.5239144563674927,-5.002771854400635,2.389191150665283
1741033284553032200,79.3880322265625,-1.5781975984573364,-5.364954471588135,2.354509115219116
1741033284563134700,79.398134765625,-1.5757687091827393,-5.676507949829102,2.278343677520752
1741033284573236500,79.40823657226562,-1.5277522802352905,-5.935247421264648,2.1907811164855957
1741033284583339300,79.41833935546875,-1.2193036079406738,-6.050973892211914,2.1492295265197754
1741033284593441500,79.42844165039062,-0.5676751136779785,-5.973573684692383,2.1601359844207764
1741033284603543600,79.43854345703124,-0.08817005157470703,-5.83735466003418,2.0645508766174316
1741033284613646000,79.44864599609375,-0.7178080081939697,-5.788638114929199,1.6547256708145142
1741033284623748400,79.45874829101562,-1.5920644998550415,-5.813962936401367,1.1781435012817383
1741033284633850600,79.4688505859375,-2.144080400466919,-5.474907875061035,0.850704550743103
1741033284643953200,79.478953125,-2.2979366779327393,-5.059337615966797,0.5948770046234131
1741033284654055200,79.48905517578125,-2.333526134490967,-4.532807350158691,0.49428126215934753
1741033284664157400,79.49915747070312,-2.53800106048584,-3.948120594024658,0.5487725734710693
1741033284674260000,79.50926000976563,-2.40903902053833,-3.3779468536376953,0.6355807781219482
1741033284684362000,79.51936206054687,-2.6487786769866943,-2.8667497634887695,0.5936685800552368
1741033284694464500,79.52946459960937,-3.2082812786102295,-2.2856860160827637,0.6325968503952026
1741033284704567000,79.53956713867187,-3.748213291168213,-1.3677902221679688,0.756277859210968
1741033284714669600,79.54966967773437,-4.541095733642578,-0.0062618255615234375,1.0512051582336426
1741033284724771300,79.55977124023437,-4.590613842010498,1.6633949279785156,1.4889109134674072
1741033284734874000,79.5698740234375,-4.540623664855957,3.5673952102661133,1.9778367280960083
1741033284744976600,79.5799765625,-4.18540096282959,5.307730674743652,2.429006814956665
1741033284755078400,79.59007836914063,-3.4442050457000732,6.540924072265625,2.7662503719329834
1741033284765181000,79.60018090820313,-2.4715969562530518,6.669826507568359,2.7450180053710938
1741033284775283500,79.61028344726563,-1.4869660139083862,6.258546829223633,2.2359838485717773
1741033284785385500,79.62038549804687,-0.757114052772522,5.509779930114746,1.1976886987686157
1741033284795488000,79.63048803710937,-0.3396605849266052,5.1714935302734375,-0.013600349426269531
1741033284805590300,79.64059033203125,-0.1602700650691986,5.44248104095459,-1.3527840375900269
1741033284815692300,79.6506923828125,-0.5879924297332764,5.517786979675293,-2.737262487411499
1741033284825795000,79.66079516601563,-0.5317166447639465,5.421622276306152,-3.818237066268921
1741033284835897000,79.67089697265625,1.5712153911590576,5.773656845092773,-4.903613567352295
1741033284845999400,79.68099926757813,4.0659613609313965,6.270318984985352,-6.2101969718933105
1741033284856102000,79.69110180664063,3.6255552768707275,6.661531448364258,-5.481631278991699
1741033284866204000,79.70120385742187,4.121269226074219,5.807965278625488,-4.329021453857422
1741033284876306400,79.71130639648437,5.79033899307251,3.021357536315918,-4.74760103225708
1741033284886409000,79.72140893554688,5.822514057159424,0.27960872650146484,-4.453025817871094
1741033284896510700,79.7315107421875,4.270145416259766,-1.0952730178833008,-2.86954927444458
1741033284906613200,79.74161328125,2.0340306758880615,-1.4854545593261719,-1.3616448640823364
1741033284916715800,79.7517158203125,1.0824668407440186,-1.1308870315551758,-0.855693519115448
1741033284926817800,79.76181787109375,1.5333024263381958,0.3512706756591797,-0.6615918278694153
1741033284936920300,79.77192041015626,1.6509711742401123,2.5038557052612305,-0.0516362190246582
1741033284947022600,79.78202270507812,1.2814356088638306,3.5430431365966797,0.8031695485115051
1741033284957124600,79.79212451171875,1.9240186214447021,3.582676887512207,1.4872896671295166
1741033284967227400,79.80222729492188,3.2361533641815186,2.884714126586914,1.7405704259872437
1741033284977329400,79.81232934570312,3.7655131816864014,1.5655517578125,1.2737387418746948
1741033284987431700,79.822431640625,3.3503100872039795,0.42199134826660156,0.5767648220062256
1741033284997534200,79.8325341796875,2.355423927307129,-0.4027976989746094,-0.03512328863143921
1741033285007636200,79.84263623046876,1.2789628505706787,-1.184117317199707,-0.4809037446975708
1741033285017738500,79.85273852539062,0.6110188961029053,-1.8824710845947266,-0.5774326324462891
1741033285027841300,79.86284130859374,0.23092959821224213,-2.614651679992676,-0.6792687177658081
1741033285038122000,79.8731220703125,-0.006890147924423218,-3.2454981803894043,-0.7757576704025269
1741033285048426500,79.88342651367188,-0.37012720108032227,-3.826648235321045,-0.7265195846557617
1741033285058711000,79.8937109375,-0.6788476705551147,-4.320679187774658,-0.6261417865753174
1741033285068844800,79.9038447265625,-0.7639988660812378,-4.670680999755859,-0.22042430937290192
1741033285078946600,79.91394653320313,-0.4510151147842407,-4.630473613739014,0.6026074290275574
1741033285089049000,79.92404907226563,-0.02199205756187439,-4.46821928024292,2.0116119384765625
1741033285099151000,79.93415112304687,0.20104122161865234,-4.296329975128174,3.3770296573638916
1741033285109253600,79.94425366210938,0.473598837852478,-4.570573329925537,4.071095943450928
1741033285119356000,79.95435595703125,0.5335228443145752,-5.012825965881348,4.468144416809082
1741033285129458000,79.9644580078125,0.44747382402420044,-5.4320526123046875,4.601308822631836
1741033285139560700,79.97456079101562,0.30857717990875244,-5.818027496337891,4.391834259033203
1741033285149662700,79.98466284179688,0.1429225206375122,-6.275311470031738,3.7917275428771973
1741033285159765000,79.99476489257812,0.04720723628997803,-6.735447406768799,3.027087688446045
1741033285169867500,80.00486743164062,-0.01826542615890503,-7.176601409912109,2.1938962936401367
1741033285179969500,80.01496948242188,-0.17001551389694214,-7.323848724365234,1.542924165725708
1741033285190072000,80.02507202148438,-0.33225947618484497,-7.137686729431152,1.1322606801986694
1741033285200174600,80.03517456054688,-0.3644667863845825,-6.642797470092773,1.0555810928344727
1741033285210289200,80.0452890625,-0.1701332926750183,-5.801028251647949,1.2886091470718384
1741033285220593700,80.05559375,0.2854117751121521,-4.941154956817627,1.5345489978790283
1741033285230898000,80.06589794921875,0.5056785941123962,-3.9376320838928223,1.6322028636932373
1741033285241142300,80.07614233398438,0.7928993701934814,-2.589324951171875,1.8675758838653564
1741033285251256600,80.08625659179687,0.9246076941490173,-0.5713968276977539,2.324801445007324
1741033285261382700,80.09638256835937,0.5642690658569336,2.0977306365966797,2.8818681240081787
1741033285271485000,80.10648486328125,-0.0834115743637085,5.019379615783691,3.1486310958862305
1741033285281587200,80.11658715820313,-0.7273802161216736,7.9119110107421875,2.8526933193206787
1741033285291689200,80.12668920898437,-0.8981653451919556,9.831846237182617,1.232628345489502
1741033285301791500,80.13679150390625,-0.47944092750549316,9.411309242248535,-0.9948577880859375
1741033285311894000,80.14689404296875,-1.2048779726028442,7.972782135009766,-3.1441144943237305
1741033285321996000,80.15699609375,-3.3348989486694336,6.254630088806152,-4.643030166625977
1741033285332098600,80.1670986328125,-4.787100791931152,4.977883338928223,-5.594571113586426
1741033285342201000,80.177201171875,-1.9600391387939453,3.773003578186035,-6.3919677734375
1741033285352302800,80.187302734375,5.776052474975586,1.782811164855957,-6.436132907867432
1741033285362405400,80.1974052734375,14.08222484588623,-0.09790802001953125,-5.789701461791992
1741033285372508000,80.2075078125,20.15164566040039,-1.0224056243896484,-5.045018196105957
1741033285382610000,80.21760986328125,15.976982116699219,0.48879528045654297,-4.211357116699219
1741033285392712400,80.22771240234376,10.512598037719727,2.8935976028442383,-3.025430679321289
1741033285402814700,80.23781469726562,6.971558570861816,4.302090644836426,-1.970947265625
1741033285412916700,80.24791674804688,3.4413156509399414,3.9866762161254883,-1.1890257596969604
1741033285423019500,80.25801953125,1.2782208919525146,3.1613874435424805,-0.18027639389038086
1741033285433121500,80.26812158203126,0.019695520401000977,2.562641143798828,0.6174830794334412
1741033285443223800,80.27822387695312,-0.5891931056976318,2.384028434753418,1.1997401714324951
1741033285453326300,80.28832641601562,-0.7357974052429199,2.828458786010742,1.6792511940002441
1741033285463428400,80.29842846679688,-0.8642251491546631,3.7911176681518555,2.339405059814453
1741033285473531000,80.30853076171876,-1.2657816410064697,5.087882995605469,3.203587532043457
1741033285483633400,80.31863330078124,-1.9283466339111328,6.078483581542969,4.1376776695251465
1741033285493735200,80.32873510742188,-2.7286036014556885,6.111406326293945,4.871753215789795
1741033285503837700,80.33883764648438,-2.8057029247283936,4.530666351318359,4.726701736450195
1741033285513940200,80.34894018554688,-2.7570719718933105,2.1478729248046875,3.9450490474700928
1741033285524042200,80.35904223632812,-2.7121739387512207,0.20769691467285156,3.247319221496582
1741033285534144800,80.36914477539062,-2.7713942527770996,-1.1246261596679688,2.62380051612854
1741033285544247000,80.3792470703125,-2.861798048019409,-2.042019844055176,2.1240015029907227
1741033285554349000,80.38934912109374,-2.8187685012817383,-2.7413806915283203,1.8137718439102173
1741033285564451600,80.39945166015625,-2.710097312927246,-3.372023582458496,1.683754324913025
1741033285574554000,80.40955419921875,-2.634740114212036,-3.922905921936035,1.6046860218048096
1741033285584656100,80.41965625,-2.454932928085327,-4.522045135498047,1.5572888851165771
1741033285594758700,80.42975854492188,-2.326565742492676,-5.064245223999023,1.5778698921203613
1741033285604861000,80.43986083984375,-2.188077926635742,-5.575289726257324,1.5649652481079102
1741033285614963000,80.449962890625,-1.9984700679779053,-5.955130577087402,1.5932587385177612
1741033285625065700,80.46006567382813,-1.5823886394500732,-6.211522102355957,1.7242348194122314
1741033285635167700,80.47016772460937,-0.7063472270965576,-6.187200546264648,1.9984685182571411
1741033285645270000,80.48027001953125,0.7315616607666016,-5.996211051940918,2.145493507385254
1741033285655372500,80.49037255859375,2.62263822555542,-5.807450294494629,2.110384464263916
1741033285665474600,80.500474609375,2.284414052963257,-5.753957748413086,1.8626773357391357
1741033285675577000,80.5105771484375,-0.5408521294593811,-6.202417850494385,1.1410329341888428
1741033285685679600,80.5206796875,-2.6124143600463867,-6.430948257446289,0.24745991826057434
1741033285695781400,80.53078149414063,-4.156914234161377,-6.061324119567871,-0.1583731770515442
1741033285705884000,80.5408837890625,-4.289168357849121,-5.202409267425537,-0.012029528617858887
1741033285715986400,80.550986328125,-5.317719459533691,-4.338685989379883,0.3958873748779297
1741033285726088400,80.56108837890625,-6.240403175354004,-3.3002986907958984,0.6637489795684814
1741033285736191000,80.57119091796875,-6.787533283233643,-2.4326491355895996,0.6539984941482544
1741033285746293200,80.58129321289063,-6.913590908050537,-1.843994140625,0.7631958723068237
1741033285756395300,80.59139526367187,-6.646167755126953,-1.6503171920776367,1.0725855827331543
1741033285766497500,80.60149755859375,-6.185976982116699,-1.586613655090332,1.2185564041137695
1741033285776599800,80.61159985351563,-5.479911804199219,-1.2303638458251953,1.3622450828552246
1741033285786702300,80.62170239257813,-4.829206943511963,-0.3278789520263672,1.7518805265426636
1741033285796804400,80.63180444335937,-4.097957611083984,1.1630802154541016,2.3569319248199463
1741033285806906600,80.64190673828125,-3.0061354637145996,3.2680301666259766,3.0008633136749268
1741033285817009400,80.65200952148437,-2.082686185836792,5.517460823059082,3.5725271701812744
1741033285827111200,80.66211108398437,-0.9165914058685303,7.368927001953125,3.9502081871032715
1741033285837213700,80.67221362304687,-0.23158305883407593,8.055585861206055,3.673365831375122
1741033285847316200,80.68231616210937,0.409615159034729,7.276399612426758,2.6496195793151855
1741033285857418000,80.69241796875,0.6821924448013306,5.770319938659668,1.2257301807403564
1741033285867520800,80.70252075195313,1.0279133319854736,4.154088973999023,-0.6393924951553345
1741033285877623000,80.712623046875,1.1436796188354492,3.457386016845703,-2.0017929077148438
1741033285887725000,80.72272509765625,2.434833526611328,3.5693531036376953,-3.265000581741333
1741033285897827600,80.73282763671875,4.075961112976074,4.492125511169434,-4.981265544891357
1741033285907930000,80.74293017578125,5.9805450439453125,5.798854827880859,-7.290125370025635
1741033285918127900,80.7531279296875,8.584452629089355,7.196340560913086,-7.692270755767822
1741033285928432400,80.76343237304687,11.844634056091309,6.014141082763672,-8.70083999633789
1741033285938736400,80.773736328125,9.48803424835205,4.989713668823242,-6.042014122009277
1741033285948924400,80.78392431640626,6.971932411193848,2.802220344543457,-3.169820547103882
1741033285959035600,80.79403564453125,5.378714561462402,0.021940231323242188,-2.066555976867676
1741033285969137400,80.80413745117187,3.800187826156616,-1.961474895477295,-1.8237974643707275
1741033285979240000,80.81423999023437,1.9758158922195435,-2.7639312744140625,-1.7398465871810913
1741033285989342700,80.8243427734375,-0.07269421219825745,-1.9022092819213867,-1.4857358932495117
1741033285999444500,80.83444458007813,-1.1937475204467773,0.06814956665039062,-0.9927616715431213
1741033286009547000,80.84454711914063,-1.8324006795883179,2.187898635864258,-0.18267875909805298
1741033286019649500,80.8546494140625,-2.1426424980163574,3.5927066802978516,0.5724737644195557
1741033286029751300,80.86475122070313,-2.0252323150634766,3.3887624740600586,0.8923693895339966
1741033286039854000,80.87485400390625,-0.5581799149513245,1.9297504425048828,0.8851135969161987
1741033286049956400,80.88495629882813,0.5276588797569275,0.6206636428833008,0.993636429309845
1741033286060058400,80.89505834960937,0.9598921537399292,-0.5049591064453125,0.9536723494529724
1741033286070161000,80.90516088867187,1.3532302379608154,-1.3914470672607422,0.8615487217903137
1741033286080263200,80.91526318359375,1.2176622152328491,-2.0960655212402344,0.6320736408233643
1741033286090365400,80.92536547851563,0.7297843098640442,-2.8237199783325195,0.33258140087127686
1741033286100468000,80.93546801757813,0.6871689558029175,-3.384141445159912,0.3792191743850708
1741033286110570000,80.94557006835937,0.893535315990448,-3.7536277770996094,0.6084581017494202
1741033286120672300,80.95567236328125,1.1411888599395752,-3.9932384490966797,1.0445382595062256
1741033286130775000,80.96577514648438,1.376370906829834,-4.306333541870117,1.5816717147827148
1741033286140876800,80.97587670898437,1.768710732460022,-4.772305011749268,1.9218348264694214
1741033286150979300,80.98597924804687,1.912480354309082,-5.195188999176025,2.0506153106689453
1741033286161081000,80.9960810546875,1.7214868068695068,-5.404170513153076,2.2167506217956543
1741033286171183600,81.00618359375,1.2497704029083252,-5.621530532836914,2.2184507846832275
1741033286181286100,81.0162861328125,0.728539228439331,-5.881964206695557,2.0586390495300293
1741033286191388200,81.02638818359375,0.1812659502029419,-6.103476524353027,1.7359532117843628
1741033286201490700,81.03649072265625,-0.24789702892303467,-6.183473587036133,1.5162888765335083
1741033286211593000,81.04659301757812,-0.5174856185913086,-6.262203693389893,1.4306282997131348
1741033286221695000,81.05669506835937,-0.4804818630218506,-6.152061939239502,1.2827991247177124
1741033286231797800,81.0667978515625,-0.4291200637817383,-5.957091331481934,1.0703566074371338
1741033286241899800,81.07689965820313,-0.255226731300354,-5.746502876281738,0.7887866497039795
1741033286252002000,81.087001953125,-0.11494231224060059,-5.428098678588867,0.6505868434906006
1741033286262104600,81.0971044921875,0.0569005012512207,-4.928553104400635,0.7155226469039917
1741033286272206600,81.10720654296875,0.46413278579711914,-4.217628002166748,1.0207746028900146
1741033286282308900,81.11730883789062,0.9173744916915894,-3.3989224433898926,1.3456981182098389
1741033286292411600,81.12741162109376,1.1970726251602173,-2.4459409713745117,1.5859358310699463
1741033286302513400,81.13751342773438,1.3973628282546997,-1.2522478103637695,1.8315963745117188
1741033286312616000,81.14761596679688,1.3368042707443237,0.18576908111572266,2.2186880111694336
1741033286322718500,81.15771850585938,1.2585601806640625,1.9743900299072266,2.6259891986846924
1741033286332820200,81.1678203125,1.2859400510787964,4.104985237121582,2.8613479137420654
1741033286342922800,81.1779228515625,0.7326525449752808,6.504663467407227,2.2789502143859863
1741033286353024800,81.18802465820312,-0.08372700214385986,8.084820747375488,0.5490650534629822
1741033286363127300,81.19812719726562,-0.6650409698486328,7.959771156311035,-1.904107928276062
1741033286373229600,81.2082294921875,-1.8891737461090088,6.606110572814941,-4.414363861083984
1741033286383331600,81.21833154296876,-3.9737772941589355,4.901524543762207,-5.922646522521973
1741033286393434400,81.22843432617188,-3.754836082458496,3.2541675567626953,-6.3995161056518555
1741033286403536400,81.23853637695312,-0.8402496576309204,2.1579761505126953,-6.578737735748291
1741033286413638700,81.248638671875,5.167436122894287,1.387904167175293,-5.828014850616455
1741033286423741200,81.2587412109375,11.199310302734375,0.6354122161865234,-5.004421710968018
1741033286433843200,81.26884326171874,13.323343276977539,1.0222043991088867,-3.8199572563171387
1741033286443945700,81.27894580078124,10.498217582702637,2.6677541732788086,-2.118756055831909
1741033286454048300,81.28904833984375,7.393006801605225,4.902670860290527,-0.7135294675827026
1741033286464150000,81.29914990234376,5.245838642120361,5.737924575805664,0.07236650586128235
1741033286474252500,81.30925244140624,2.8234455585479736,4.761898994445801,0.6204420328140259
1741033286484354300,81.31935424804688,1.1393799781799316,3.734315872192383,0.9233964681625366
1741033286494457000,81.32945703125,-0.08591222763061523,3.480055809020996,1.027485728263855
1741033286504559400,81.33955932617188,-0.46875882148742676,4.065814971923828,1.3207461833953857
1741033286514661400,81.34966137695312,-0.7385497093200684,5.30922794342041,2.0628318786621094
1741033286524764000,81.35976391601562,-1.3543883562088013,6.5676774978637695,2.804412841796875
1741033286534866200,81.3698662109375,-1.9667401313781738,7.154620170593262,3.573890209197998
1741033286544968400,81.37996850585938,-2.691920757293701,6.454917907714844,3.795163154602051
1741033286555071000,81.39007104492188,-3.1311445236206055,4.380780220031738,3.417346477508545
1741033286565173000,81.40017309570312,-2.985854148864746,2.119924545288086,2.7439398765563965
1741033286575275300,81.41027514648438,-2.8058488368988037,0.46630859375,2.2760579586029053
1741033286585378000,81.4203779296875,-2.755981206893921,-0.5907344818115234,2.006708860397339
1741033286595479800,81.43047973632812,-2.837144136428833,-1.4065961837768555,1.8852951526641846
1741033286605582300,81.44058227539062,-2.798553466796875,-2.0309290885925293,1.9202005863189697
1741033286615684000,81.45068408203124,-2.7546372413635254,-2.608532428741455,1.9433073997497559
1741033286625786600,81.46078662109375,-2.6445512771606445,-3.1802945137023926,1.9875128269195557
1741033286635889400,81.47088940429687,-2.5874717235565186,-3.7363858222961426,1.9995687007904053
1741033286645991200,81.4809912109375,-2.5093865394592285,-4.305449962615967,1.9679005146026611
1741033286656093700,81.49109375,-2.2378921508789062,-4.7755537033081055,1.9609405994415283
1741033286666196200,81.5011962890625,-1.626054048538208,-5.07681941986084,2.0404789447784424
1741033286676298000,81.51129809570313,-0.36168372631073,-5.119843006134033,2.1573092937469482
1741033286686400800,81.52140087890625,2.2304248809814453,-5.119892120361328,2.0586295127868652
1741033286696503000,81.5315029296875,4.460504531860352,-5.271553039550781,1.7304511070251465
1741033286706605000,81.54160498046875,1.5577187538146973,-6.158141136169434,1.4172123670578003
1741033286716707600,81.55170751953125,-1.7839938402175903,-7.03245735168457,0.692250669002533
1741033286726809900,81.56180981445313,-2.9111640453338623,-7.2858405113220215,0.0771591067314148
1741033286736912100,81.571912109375,-4.187614917755127,-7.124102592468262,-0.05468183755874634
1741033286747014100,81.58201416015625,-3.751906394958496,-6.769503593444824,0.02305370569229126
1741033286757116400,81.59211645507813,-4.3856306076049805,-6.443508148193359,0.3323450982570648
1741033286767219000,81.60221899414063,-4.623212814331055,-5.809031009674072,0.6452499628067017
1741033286777321000,81.61232104492187,-5.021047115325928,-5.150557518005371,0.8133664131164551
1741033286787423500,81.62242358398437,-5.179628372192383,-4.516571998596191,0.96620112657547
1741033286797526000,81.63252612304687,-5.054290771484375,-3.9977269172668457,1.1221269369125366
1741033286807627800,81.64262768554687,-4.7772216796875,-3.5414886474609375,1.4058643579483032
1741033286817730300,81.65273022460937,-4.6570563316345215,-3.0003180503845215,1.5429624319076538
1741033286827832800,81.66283276367187,-4.600648403167725,-2.1985630989074707,1.593841552734375
1741033286837934600,81.6729345703125,-4.627525806427002,-0.9535722732543945,1.9348556995391846
1741033286848037400,81.68303735351563,-4.4877824783325195,0.6720380783081055,2.5394656658172607
1741033286858139600,81.6931396484375,-3.8332359790802,2.8803062438964844,3.324324369430542
1741033286868241700,81.70324169921875,-2.9233193397521973,5.129364013671875,3.955928325653076
1741033286878344000,81.71334399414063,-1.9507203102111816,7.0525007247924805,4.367461681365967
1741033286888446000,81.72344604492187,-0.21512514352798462,7.646588325500488,4.237185478210449
1741033286898548700,81.733548828125,1.1041622161865234,7.053752899169922,3.6881377696990967
1741033286908650800,81.74365063476563,1.3015434741973877,6.011247634887695,2.6006076335906982
1741033286918753000,81.7537529296875,1.5538841485977173,4.427952766418457,0.6729108095169067
1741033286928855800,81.76385571289063,1.1637474298477173,3.3858327865600586,-0.87330561876297
1741033286939124700,81.77412475585938,2.7575154304504395,2.943526268005371,-2.7005937099456787
1741033286949429000,81.78442895507813,4.6747002601623535,3.37479305267334,-4.793543815612793
1741033286959723000,81.79472290039062,5.232269287109375,5.084561347961426,-5.228856563568115
1741033286969858600,81.80485864257813,5.49570894241333,6.821964263916016,-4.732311248779297
1741033286979961000,81.81496118164063,7.341900825500488,6.386309623718262,-6.383598804473877
1741033286990063400,81.8250634765625,7.479432106018066,5.101038932800293,-5.969389915466309
1741033287000165400,81.83516528320312,5.393644332885742,2.9801464080810547,-4.114049911499023
1741033287010268200,81.84526806640625,2.971165180206299,0.5536947250366211,-2.5844128131866455
1741033287020370200,81.8553701171875,1.0484663248062134,-0.910858154296875,-1.4264675378799438
1741033287030472400,81.86547241210937,0.09684264659881592,-1.2826414108276367,-1.0170605182647705
1741033287040575000,81.87557495117187,0.03116104006767273,-0.5806398391723633,-1.2592747211456299
1741033287050677000,81.88567700195313,-0.46785324811935425,1.372136116027832,-1.12014639377594
1741033287060779500,81.89577954101563,-0.4477865993976593,3.2968664169311523,-0.6589103937149048
1741033287070881300,81.90588134765625,-0.18648852407932281,3.554755210876465,0.16613340377807617
1741033287080983800,81.91598388671875,1.8312264680862427,2.640979766845703,0.96371990442276
1741033287091086300,81.92608642578125,2.9625658988952637,1.6778745651245117,1.0810035467147827
1741033287101188000,81.93618798828125,2.661874532699585,0.870448112487793,0.7345317602157593
1741033287111291000,81.94629077148437,2.3609399795532227,0.32775115966796875,0.2057652324438095
1741033287121393400,81.95639331054687,1.78851318359375,-0.1757955551147461,-0.2810278832912445
1741033287131519700,81.96651977539062,1.2980635166168213,-0.6472444534301758,-0.6214807033538818
1741033287141824300,81.97682421875,1.0692455768585205,-1.2735185623168945,-0.7319343090057373
1741033287152128500,81.98712841796875,0.7328588962554932,-2.0306501388549805,-0.6838226914405823
1741033287162374400,81.99737451171875,0.6696575880050659,-2.6744747161865234,-0.45096203684806824
1741033287172498700,82.00749877929688,0.9248228073120117,-3.140610694885254,0.2804638147354126
1741033287182601000,82.01760107421875,1.280312180519104,-3.4752449989318848,1.2155303955078125
1741033287192703200,82.027703125,1.2991235256195068,-3.8499631881713867,1.8944522142410278
1741033287202805800,82.0378056640625,1.1448402404785156,-4.261163234710693,2.389737606048584
1741033287212907800,82.04790771484375,1.1045987606048584,-4.768606662750244,2.630969762802124
1741033287223010000,82.05801000976562,0.8536989688873291,-5.346312999725342,2.4702208042144775
1741033287233112800,82.06811279296875,0.43673455715179443,-5.806529998779297,2.31184983253479
1741033287243214600,82.07821459960938,-0.1014108657836914,-6.122014045715332,2.2715072631835938
1741033287253317000,82.08831713867187,-0.4062790274620056,-6.344586372375488,2.132605791091919
1741033287263419000,82.0984189453125,-0.8351233601570129,-6.437731742858887,2.0515296459198
1741033287273521400,82.108521484375,-0.7802919745445251,-6.590163230895996,1.8955967426300049
1741033287283624000,82.1186240234375,-0.7779859304428101,-6.74144172668457,1.8169002532958984
1741033287293726000,82.12872583007812,-0.7194573283195496,-6.731435298919678,1.7357633113861084
1741033287303828500,82.13882836914063,-0.7480795979499817,-6.620367050170898,1.582199215888977
1741033287313930800,82.1489306640625,-0.8658449053764343,-6.35788106918335,1.4661647081375122
1741033287324032800,82.15903271484375,-0.8518620133399963,-5.784797668457031,1.648815393447876
1741033287334135000,82.16913500976563,-0.5509717464447021,-4.906984329223633,1.8424586057662964
1741033287344237300,82.1792373046875,-0.17594528198242188,-3.8983254432678223,1.8989218473434448
1741033287354339800,82.18933984375,0.20697355270385742,-2.647873878479004,2.090306282043457
1741033287364441900,82.19944189453125,0.4798957109451294,-1.0313167572021484,2.531181812286377
1741033287374544100,82.20954418945313,0.7098957300186157,0.8425273895263672,2.974153518676758
1741033287384647000,82.21964697265625,0.9725686311721802,2.8732681274414062,3.144834518432617
1741033287394748700,82.22974877929687,0.7534952163696289,4.976634979248047,3.205368995666504
1741033287404851200,82.23985131835937,-0.6605663299560547,7.060001373291016,2.5299906730651855
1741033287414953700,82.24995361328125,-2.7729339599609375,8.320109367370605,1.068044900894165
1741033287425055500,82.26005541992187,-3.393925189971924,7.802535057067871,-1.1603646278381348
1741033287435158000,82.27015795898437,-3.019113540649414,6.091826438903809,-3.437135696411133
1741033287445260000,82.28026000976563,-3.0465731620788574,4.516171455383301,-5.327362060546875
1741033287455362600,82.29036254882813,-1.915096402168274,3.5378551483154297,-6.819061279296875
1741033287465464800,82.30046484375,2.989025115966797,2.545063018798828,-7.610196590423584
1741033287475566800,82.31056689453125,11.277387619018555,0.48566436767578125,-7.40840482711792
1741033287485669600,82.32066967773437,16.671977996826172,-1.0580101013183594,-7.6418046951293945
1741033287495771600,82.33077172851563,16.969593048095703,-0.9948720932006836,-6.0720367431640625
1741033287505874000,82.3408740234375,12.525875091552734,1.4355316162109375,-3.6235158443450928
1741033287515976000,82.35097583007813,9.04665470123291,3.6524553298950195,-1.4442057609558105
1741033287526078200,82.361078125,5.865572452545166,4.691693305969238,0.03346133232116699
1741033287536180700,82.3711806640625,2.5650854110717773,4.229715347290039,0.5654276013374329
1741033287546282800,82.38128271484375,0.6620392799377441,2.9883995056152344,0.8201848268508911
1741033287556385300,82.39138525390625,-0.2843515872955322,1.765305519104004,0.851080060005188
1741033287566487800,82.40148779296875,-0.5496314764022827,1.5624275207519531,1.2781941890716553
1741033287576589600,82.41158959960937,-0.8171968460083008,2.390568733215332,2.033120632171631
1741033287586692000,82.42169213867187,-1.0032715797424316,4.07056999206543,3.10219669342041
1741033287596794000,82.43179418945313,-1.381667137145996,5.918972969055176,4.355983257293701
1741033287606896600,82.44189672851563,-2.1680116653442383,7.068946838378906,5.421017169952393
1741033287616999000,82.4519990234375,-2.8118772506713867,6.920016288757324,6.084414005279541
1741033287627101000,82.46210083007813,-3.3661131858825684,5.55523681640625,6.228426456451416
1741033287637203500,82.47220336914063,-3.5012240409851074,3.3054370880126953,5.60587215423584
1741033287647306000,82.48230590820313,-3.397096633911133,1.2614450454711914,4.679963111877441
1741033287657408000,82.49240795898437,-3.3020856380462646,-0.39764976501464844,3.644517660140991
1741033287667510500,82.50251049804687,-3.1241579055786133,-1.7226533889770508,2.6972854137420654
1741033287677612800,82.51261279296875,-2.9167160987854004,-2.563263416290283,2.071291923522949
1741033287687714800,82.52271484375,-2.818514108657837,-3.224738597869873,1.6626906394958496
1741033287697816800,82.53281689453125,-2.7983109951019287,-3.845513343811035,1.3889777660369873
1741033287707919400,82.54291943359375,-2.8350048065185547,-4.362375259399414,1.2243306636810303
1741033287718022000,82.55302197265625,-2.856959342956543,-4.798410415649414,1.127375602722168
1741033287728124000,82.5631240234375,-2.8599231243133545,-5.1297607421875,1.0790324211120605
1741033287738226200,82.57322607421875,-2.760664463043213,-5.398914337158203,1.0729575157165527
1741033287748329000,82.58332885742188,-2.604976177215576,-5.595190525054932,1.061966896057129
1741033287758430700,82.5934306640625,-2.356111526489258,-5.756094932556152,1.143550157546997
1741033287768533200,82.603533203125,-2.0270681381225586,-5.827528953552246,1.283913016319275
1741033287778635000,82.61363500976563,-1.1134305000305176,-5.62581729888916,1.4742069244384766
1741033287788737500,82.62373754882813,2.5793867111206055,-4.7556610107421875,1.664210557937622
1741033287798840000,82.63384008789062,10.777436256408691,-4.210394382476807,1.181321144104004
1741033287808942000,82.64394213867187,8.171119689941406,-4.400115966796875,1.8852020502090454
1741033287819044600,82.65404467773438,-0.4992440640926361,-5.916176795959473,1.9707903861999512
1741033287829147000,82.66414697265625,-4.769326686859131,-6.190245628356934,1.1535170078277588
1741033287839249000,82.67424877929687,-6.137805938720703,-6.079517364501953,0.1832273304462433
1741033287849351200,82.68435107421875,-6.339598178863525,-5.498460292816162,-0.087370365858078
1741033287859453400,82.69445336914063,-7.097861289978027,-4.485988616943359,-0.13943397998809814
1741033287869556000,82.70455590820312,-8.946898460388184,-3.2820725440979004,-0.21032845973968506
1741033287879658000,82.71465795898438,-9.649928092956543,-2.260582447052002,-0.5842832326889038
1741033287889760300,82.72476025390625,-8.45354175567627,-1.9063868522644043,-0.9518513679504395
1741033287899863000,82.73486303710938,-7.138976573944092,-1.826115608215332,-1.233617901802063
1741033287909964800,82.74496484375,-6.21488618850708,-1.5582222938537598,-0.9493966102600098
1741033287920067300,82.7550673828125,-5.812943458557129,-0.9320106506347656,-0.12958046793937683
1741033287930169000,82.76516918945312,-5.771967887878418,0.16945266723632812,0.8928437829017639
1741033287940271600,82.77527172851562,-5.606100082397461,1.7029552459716797,2.0132293701171875
1741033287950374100,82.7853740234375,-5.118549346923828,3.6788549423217773,3.303544521331787
1741033287960476200,82.79547607421875,-4.065605163574219,5.717153549194336,4.446480751037598
1741033287970578700,82.80557861328126,-2.010472059249878,7.265830039978027,5.192749500274658
1741033287980681000,82.81568090820312,0.916790246963501,7.818498611450195,5.178549766540527
1741033287990783000,82.82578295898438,2.117583751678467,7.315093040466309,4.269569396972656
1741033288000885200,82.83588525390626,2.7393155097961426,5.717879295349121,2.40116024017334
1741033288010987500,82.84598754882812,4.087245464324951,4.867162704467773,0.3569329082965851
1741033288021090000,82.85609008789062,3.5098466873168945,6.019330978393555,-0.9924829602241516
1741033288031192000,82.86619213867188,3.566462516784668,7.491925239562988,-2.6547882556915283
1741033288041294300,82.87629443359376,5.675239086151123,8.022510528564453,-4.834484100341797
1741033288051397000,82.88639721679688,10.38090705871582,6.166324615478516,-7.583242893218994
1741033288061499000,82.89649877929688,11.320494651794434,4.339411735534668,-7.069755554199219
1741033288071601400,82.90660131835938,8.758936882019043,2.6039199829101562,-4.159820556640625
1741033288081703200,82.916703125,4.830873489379883,0.9448299407958984,-1.8778451681137085
1741033288091805700,82.9268056640625,2.3929781913757324,-0.40221309661865234,-0.7689829468727112
1741033288101908200,82.936908203125,1.2727630138397217,-0.9635066986083984,-0.3271890878677368
1741033288112010200,82.94701025390626,1.2048094272613525,-0.4807300567626953,-0.10697174072265625
1741033288122112800,82.95711279296874,0.8834047317504883,0.5552911758422852,0.16558273136615753
1741033288132215000,82.96721508789062,0.6340660452842712,1.4561767578125,0.6193416118621826
1741033288142317000,82.97731713867188,1.068513035774231,1.6490325927734375,1.068867802619934
1741033288152419300,82.98741943359374,1.9040638208389282,1.1797246932983398,1.202038288116455
1741033288162521600,82.997521484375,2.204111337661743,0.5552186965942383,1.0244245529174805
1741033288172624100,83.0076240234375,2.1419708728790283,0.018732070922851562,0.672609806060791
1741033288182726100,83.01772607421876,2.0853919982910156,-0.4854116439819336,0.4255267381668091
1741033288192828400,83.02782836914062,1.9140453338623047,-1.1150321960449219,0.30010998249053955
1741033288202931000,83.03793090820312,1.4233087301254272,-1.8761816024780273,0.3676105737686157
1741033288213033000,83.04803295898438,1.361606240272522,-2.415107250213623,0.9003685712814331
1741033288223135500,83.05813549804688,1.2691056728363037,-2.8507585525512695,1.5898605585098267
1741033288233237200,83.0682373046875,1.3709280490875244,-3.380971908569336,2.2025489807128906
1741033288243339800,83.07833984375,1.6115387678146362,-3.9346065521240234,2.6299571990966797
1741033288253442300,83.0884423828125,1.5305535793304443,-4.664789199829102,2.640003204345703
1741033288263544300,83.09854443359374,1.5087236166000366,-5.148409366607666,2.7800750732421875
1741033288273646800,83.10864672851562,1.4428133964538574,-5.516060829162598,2.843747138977051
1741033288283749000,83.1187490234375,0.985004723072052,-5.66171407699585,3.0658164024353027
1741033288293851100,83.12885107421874,0.3423672318458557,-5.762569427490234,3.3709945678710938
1741033288303953400,83.13895336914062,-0.3247802257537842,-5.9277191162109375,3.2688779830932617
1741033288314055400,83.14905541992188,-0.7345483899116516,-6.21929407119751,2.584073305130005
1741033288324158200,83.159158203125,-0.7847217321395874,-6.488727569580078,1.8999851942062378
1741033288334260200,83.16926025390624,-0.7729161977767944,-6.752279281616211,1.2760473489761353
1741033288344362500,83.17936254882812,-0.7384902238845825,-6.898681640625,0.8293077945709229
1741033288354465000,83.18946508789062,-0.6489446759223938,-6.932713508605957,0.5352077484130859
1741033288364567000,83.19956713867188,-0.45848774909973145,-6.9763288497924805,0.3056257963180542
1741033288374669600,83.20966967773437,-0.22227036952972412,-6.741053104400635,0.32334351539611816
1741033288384771300,83.21977124023438,0.061887502670288086,-5.952295303344727,0.5632455348968506
1741033288394873900,83.22987377929688,0.37098217010498047,-4.833751678466797,0.7840135097503662
1741033288404976400,83.23997631835938,0.6884902715682983,-3.6696343421936035,0.8240602016448975
1741033288415078100,83.250078125,1.1539943218231201,-2.1306076049804688,0.9708352088928223
1741033288425181000,83.26018090820313,1.6246707439422607,0.013624191284179688,1.3366540670394897
1741033288435283200,83.270283203125,1.7849419116973877,2.455845832824707,1.718275785446167
1741033288445385200,83.28038525390625,2.0365347862243652,5.022463798522949,2.116715669631958
1741033288455487500,83.29048754882812,2.155550241470337,7.532842636108398,1.8588807582855225
1741033288465589500,83.30058959960938,1.481805443763733,9.171496391296387,0.7531798481941223
1741033288475692300,83.3106923828125,0.615990400314331,8.718851089477539,-1.0184569358825684
1741033288485794300,83.32079418945312,0.059423208236694336,6.0803937911987305,-3.0155067443847656
1741033288495896600,83.330896484375,-1.1948106288909912,4.033100128173828,-4.608589172363281
1741033288505999000,83.3409990234375,-1.6325498819351196,2.9157400131225586,-6.250292778015137
1741033288516101000,83.35110107421875,0.1668691635131836,2.3907012939453125,-7.583654880523682
1741033288526203600,83.36120361328125,5.8710126876831055,0.3789796829223633,-7.685239315032959
1741033288536305400,83.37130541992188,12.588028907775879,-1.6105494499206543,-7.295909404754639
1741033288546408000,83.38140795898437,15.134492874145508,-2.1850247383117676,-6.131768703460693
1741033288556510500,83.39151049804687,11.238383293151855,-0.4363250732421875,-2.7972071170806885
1741033288566612200,83.4016123046875,6.37449312210083,2.6729068756103516,0.2221563309431076
1741033288576714800,83.41171484375,4.624529838562012,5.170597076416016,1.4254080057144165
1741033288586816800,83.42181665039062,2.289304494857788,6.1164751052856445,1.4489402770996094
1741033288596919300,83.43191918945313,0.2764854431152344,5.479246139526367,1.4074128866195679
1741033288607021600,83.442021484375,-0.36813926696777344,4.232476234436035,1.121957540512085
1741033288617123600,83.45212353515625,-0.9324173927307129,3.293271064758301,0.5988646745681763
1741033288627226400,83.46222631835937,-0.8578671216964722,3.5244064331054688,0.6090054512023926
1741033288637328400,83.47232836914063,-0.6821466684341431,4.501569747924805,1.219350814819336
1741033288647430700,83.4824306640625,-1.1635969877243042,5.745628356933594,2.219583511352539
1741033288657532700,83.49253271484375,-1.7846686840057373,6.871320724487305,3.5554146766662598
1741033288667635000,83.50263500976563,-2.2343692779541016,7.1132001876831055,4.845449447631836
1741033288677737700,83.51273779296875,-2.7230608463287354,5.589435577392578,5.1718034744262695
1741033288687839500,83.52283959960937,-3.203341007232666,3.0232763290405273,4.694459915161133
1741033288697942000,83.53294189453125,-3.5819520950317383,0.841456413269043,4.174096584320068
1741033288708044500,83.54304443359375,-3.511000156402588,-0.5722198486328125,3.897468090057373
1741033288718146300,83.55314624023437,-3.2170944213867188,-1.517561912536621,3.5605266094207764
1741033288728248800,83.56324877929687,-2.959481716156006,-2.1188597679138184,3.1316757202148438
1741033288738350800,83.57335083007813,-2.6209521293640137,-2.5595288276672363,2.672492265701294
1741033288748453400,83.58345336914063,-2.311293363571167,-3.0024185180664062,2.3083975315093994
1741033288758555600,83.5935556640625,-2.1389706134796143,-3.6385741233825684,2.01047682762146
1741033288768657700,83.60365771484375,-2.172597885131836,-4.29745626449585,1.7635873556137085
1741033288778760400,83.61376049804687,-2.1348624229431152,-4.93438196182251,1.5584325790405273
1741033288788862500,83.62386254882813,-2.0512747764587402,-5.4869256019592285,1.4180455207824707
1741033288798964700,83.63396484375,-1.9647159576416016,-5.926425933837891,1.3514225482940674
1741033288809066800,83.64406665039063,-1.979154109954834,-6.188455581665039,1.3508424758911133
1741033288819169000,83.6541689453125,-1.7994608879089355,-6.232303619384766,1.4882248640060425
1741033288829271800,83.66427172851563,-1.2505086660385132,-5.905983924865723,1.7955329418182373
1741033288839373600,83.67437353515625,0.39453256130218506,-5.279283046722412,2.0806570053100586
1741033288849476000,83.68447607421875,4.077681541442871,-4.7480621337890625,2.0306553840637207
1741033288859577900,83.69457788085937,6.4802165031433105,-4.520197868347168,1.9749940633773804
1741033288869680400,83.70468041992187,1.2914464473724365,-4.989019870758057,1.7453372478485107
1741033288879783200,83.714783203125,-3.519268035888672,-5.283608436584473,0.8122143745422363
1741033288889885000,83.72488500976563,-5.615107536315918,-5.049349784851074,0.017771631479263306
1741033288899987500,83.73498754882813,-6.767536163330078,-4.233567714691162,-0.2067440301179886
1741033288910090000,83.74509008789063,-8.462000846862793,-3.6403098106384277,-0.44780027866363525
1741033288920191700,83.75519165039063,-8.434385299682617,-3.231872081756592,-0.4239363670349121
1741033288930354000,83.76535400390625,-7.980661392211914,-3.0881223678588867,-0.5040161609649658
1741033288940658400,83.77565844726563,-6.932483673095703,-3.1758174896240234,-0.7890571355819702
1741033288950962400,83.78596240234376,-6.21433687210083,-2.9763975143432617,-0.8230579495429993
1741033288961179600,83.7961796875,-5.979825496673584,-2.4045157432556152,-0.5498886704444885
1741033288971297500,83.80629760742187,-5.690614700317383,-1.3741140365600586,-0.02894991636276245
1741033288981399800,83.81639990234375,-5.498286724090576,0.31875038146972656,0.761470377445221
1741033288991501800,83.82650170898438,-5.229985237121582,2.649876594543457,1.963324785232544
1741033289001604000,83.83660400390625,-4.673863410949707,5.308982849121094,3.2618513107299805
1741033289011707000,83.84670678710937,-3.298680543899536,7.570032119750977,4.42712926864624
1741033289021808600,83.85680859375,-1.2017461061477661,8.943378448486328,4.930269718170166
1741033289031911200,83.8669111328125,1.523879051208496,8.849853515625,4.399454116821289
1741033289042013700,83.877013671875,2.6826136112213135,8.028003692626953,3.2566490173339844
1741033289052115500,83.88711547851562,2.941044569015503,6.035128593444824,0.9353542923927307
1741033289062218000,83.89721801757813,3.7084898948669434,5.329297065734863,-0.728550910949707
1741033289072320000,83.90732006835937,6.497868061065674,5.725728988647461,-3.236933946609497
1741033289082422500,83.91742260742187,12.119098663330078,4.758084297180176,-9.723831176757812
1741033289092524800,83.92752490234375,16.16416358947754,5.825121879577637,-10.684802055358887
1741033289102626800,83.93762670898437,12.593472480773926,8.568730354309082,-5.099404811859131
1741033289112729000,83.94772900390625,7.563072204589844,7.194153785705566,-1.2192645072937012
1741033289122831400,83.95783129882813,3.9190478324890137,2.3904762268066406,-0.7341996431350708
1741033289132934000,83.96793383789063,1.5676734447479248,-1.0274477005004883,-1.0438289642333984
1741033289143036000,83.97803588867187,0.4110901951789856,-2.721571445465088,-1.4034221172332764
1741033289153138200,83.98813818359375,-0.2388361096382141,-2.4241251945495605,-1.5236238241195679
1741033289163241000,83.99824096679687,-0.5827073454856873,0.16044902801513672,-0.960087239742279
1741033289173342700,84.0083427734375,-0.7091467380523682,2.868520736694336,-0.2568988800048828
1741033289183445200,84.0184453125,-0.08535438776016235,4.284275054931641,0.46932828426361084
1741033289193547000,84.02854711914063,1.2030088901519775,4.06082820892334,1.0497149229049683
1741033289203649500,84.0386494140625,2.113156318664551,2.6706724166870117,0.9556566476821899
1741033289213752000,84.048751953125,2.5071866512298584,1.300053596496582,0.6808326840400696
1741033289223854000,84.05885400390625,2.34209942817688,0.22264480590820312,0.4361455738544464
1741033289233956600,84.06895654296875,1.9764810800552368,-0.4928474426269531,0.3744446337223053
1741033289244059000,84.07905883789063,1.3646035194396973,-0.9779424667358398,0.5959941148757935
1741033289254161000,84.08916088867187,0.7245191931724548,-1.4306306838989258,1.1213127374649048
1741033289264263200,84.09926318359375,0.6230570673942566,-1.6815423965454102,2.2025816440582275
1741033289274365400,84.10936547851563,0.8179615139961243,-2.046110153198242,3.180875301361084
1741033289284468000,84.11946801757813,1.3806846141815186,-2.6334519386291504,3.751453399658203
1741033289294570000,84.12957006835937,1.6440746784210205,-3.3565869331359863,3.91691255569458
1741033289304672300,84.13967236328125,1.5868151187896729,-4.109562397003174,3.6802940368652344
1741033289314774300,84.14977416992187,1.4168026447296143,-4.945327281951904,3.095827102661133
1741033289324876800,84.15987670898437,1.0532350540161133,-5.6075005531311035,2.339672565460205
1741033289334979300,84.16997924804687,0.29550790786743164,-5.981692314147949,2.053086280822754
1741033289345081000,84.1800810546875,-0.2009192705154419,-6.161381721496582,1.8562188148498535
1741033289355183600,84.19018359375,-0.3987363576889038,-6.235198497772217,1.5352579355239868
1741033289365286100,84.2002861328125,-0.6501975059509277,-6.3987226486206055,1.1044684648513794
1741033289375388200,84.21038818359375,-0.7647577524185181,-6.610440254211426,0.6660696268081665
1741033289385490400,84.22049047851563,-0.8614870309829712,-6.7107415199279785,0.23993241786956787
1741033289395592400,84.23059252929687,-0.9703086614608765,-6.707000732421875,0.0047910213470458984
1741033289405695000,84.24069506835937,-1.1033626794815063,-6.531944274902344,-0.08587360382080078
1741033289415797200,84.25079736328125,-1.1730070114135742,-6.059600353240967,-0.058589816093444824
1741033289425899500,84.2608994140625,-1.2010633945465088,-5.549862384796143,0.06358659267425537
1741033289436001500,84.27100146484375,-1.2141717672348022,-5.153636455535889,0.11911904811859131
1741033289446103800,84.28110375976563,-1.1971359252929688,-4.7355055809021,0.42420125007629395
1741033289456206300,84.29120629882813,-0.5927705764770508,-4.22661018371582,0.9567825794219971
1741033289466308400,84.30130834960937,0.29851245880126953,-3.314943313598633,1.5221863985061646
1741033289476411000,84.31141088867187,0.849390983581543,-1.8273625373840332,2.2563257217407227
1741033289486513400,84.32151342773437,1.1446934938430786,0.0021829605102539062,3.106630802154541
1741033289496615200,84.331615234375,1.578922986984253,2.1478872299194336,3.8846428394317627
1741033289506717700,84.3417177734375,1.4009191989898682,4.307650566101074,3.876837730407715
1741033289516819500,84.3518193359375,0.5548168420791626,6.282557487487793,3.186798334121704
1741033289526922200,84.36192211914063,-0.6777304410934448,7.578793525695801,1.8521935939788818
1741033289537024500,84.3720244140625,-1.2917075157165527,7.292325019836426,0.4478778541088104
1741033289547126500,84.38212646484375,-1.964242696762085,6.053083419799805,-0.7670326828956604
1741033289557228800,84.39222875976563,-2.8857383728027344,4.777398109436035,-1.6550995111465454
1741033289567330800,84.40233081054687,-5.611695289611816,4.41336727142334,-3.4029693603515625
1741033289577433300,84.41243334960937,-8.24681282043457,4.7865400314331055,-5.5960893630981445
1741033289587535600,84.42253564453125,-5.795992851257324,3.6310014724731445,-7.347846031188965
1741033289597638000,84.43263793945313,1.6093368530273438,0.7869834899902344,-8.906761169433594
1741033289607740000,84.44273999023437,10.778247833251953,-0.14672374725341797,-9.221858024597168
1741033289617842200,84.45284228515625,15.432178497314453,1.3774614334106445,-6.874746322631836
1741033289627944700,84.46294482421875,13.490875244140625,4.090232849121094,-3.891281843185425
1741033289638047000,84.473046875,8.859622955322266,6.105854034423828,-1.8550570011138916
1741033289648303600,84.4833037109375,4.387125015258789,5.184523582458496,-0.33286240696907043
1741033289658608000,84.49360815429688,2.291232109069824,2.724020004272461,-0.039184749126434326
1741033289668911900,84.50391186523437,0.5945923328399658,1.947749137878418,-0.440239280462265
1741033289679050200,84.51405029296875,-0.29543304443359375,2.880918502807617,-0.5495211482048035
1741033289689152800,84.52415283203125,-0.23818254470825195,4.389688491821289,-0.11489522457122803
1741033289699254500,84.53425463867187,-0.16931676864624023,5.408592224121094,0.5560119152069092
1741033289709357000,84.54435717773437,-0.42682409286499023,5.527998924255371,1.257220983505249
1741033289719459000,84.554458984375,-0.835625171661377,4.9175262451171875,1.581113576889038
1741033289729561600,84.5645615234375,-1.1918411254882812,3.8327531814575195,1.5769753456115723
1741033289739664000,84.57466381835937,-1.5263288021087646,2.49208927154541,1.5772322416305542
1741033289749766000,84.58476586914063,-1.8687129020690918,1.241281509399414,1.4402811527252197
1741033289759868700,84.59486865234375,-2.309628486633301,0.24578189849853516,1.3983359336853027
1741033289769970700,84.604970703125,-2.6225435733795166,-0.5858860015869141,1.4197132587432861
1741033289780073000,84.61507299804687,-2.4911060333251953,-1.5126781463623047,1.3660271167755127
1741033289790175000,84.62517504882813,-2.264678478240967,-2.40350341796875,1.3133840560913086
1741033289800277200,84.63527734375,-2.065521478652954,-3.2890119552612305,1.196799874305725
1741033289810380000,84.64538012695313,-1.9606598615646362,-4.1185832023620605,1.2177082300186157
1741033289820481800,84.65548168945313,-1.8020412921905518,-4.8629679679870605,1.2930805683135986
1741033289830584300,84.66558422851563,-1.6943485736846924,-5.515934467315674,1.3585394620895386
1741033289840686000,84.67568603515625,-1.6098008155822754,-6.029011249542236,1.4189152717590332
1741033289850788600,84.68578857421875,-1.5601246356964111,-6.389327049255371,1.5334432125091553
1741033289860891100,84.69589111328125,-1.5125555992126465,-6.604584693908691,1.7338541746139526
1741033289870993200,84.7059931640625,-1.3868290185928345,-6.742611885070801,1.9546661376953125
1741033289881095400,84.71609545898437,-1.2205138206481934,-6.779671669006348,2.167050361633301
1741033289891197400,84.72619750976563,-1.046834945678711,-6.65467643737793,2.496335744857788
1741033289901300000,84.73630004882813,-0.960972785949707,-6.381119728088379,2.7712745666503906
1741033289911402200,84.74640234375,-0.9648382663726807,-6.100297927856445,2.7042434215545654
1741033289921504500,84.75650439453125,-1.296614646911621,-5.844693183898926,2.575737953186035
1741033289931607000,84.76660693359375,-1.5838453769683838,-5.427231311798096,2.500964403152466
1741033289941709600,84.77670947265625,-2.1061596870422363,-4.853614807128906,2.3173656463623047
1741033289951811600,84.7868115234375,-2.486626148223877,-4.200578689575195,2.1023340225219727
1741033289962068500,84.797068359375,-2.8386409282684326,-3.572275161743164,1.7833764553070068
1741033289972373000,84.807373046875,-3.076359510421753,-2.6216654777526855,1.6489005088806152
1741033289982676500,84.81767651367187,-3.1354503631591797,-1.4974374771118164,1.6253671646118164
1741033289992814000,84.82781396484376,-3.6473937034606934,-0.46654605865478516,1.3821160793304443
1741033290002916900,84.83791674804688,-4.245415687561035,0.6281948089599609,1.0906238555908203
1741033290013019400,84.84801928710938,-4.003190040588379,2.0282459259033203,1.0126328468322754
1741033290023122000,84.85812182617188,-3.6959340572357178,3.6524429321289062,1.2312825918197632
1741033290033283300,84.86828344726563,-3.6675021648406982,4.957596778869629,1.3792622089385986
1741033290043587800,84.878587890625,-3.005122661590576,5.894924163818359,1.4856555461883545
1741033290053891800,84.88889184570313,-2.216397285461426,6.513796806335449,1.5732234716415405
1741033290064109000,84.89910913085937,-1.3359529972076416,6.653087615966797,1.4033794403076172
1741033290074227000,84.90922705078125,-0.8452774882316589,6.473498344421387,0.7698127627372742
1741033290084329200,84.9193291015625,-0.4741631746292114,6.028590202331543,-0.37127429246902466
1741033290094431200,84.92943115234375,-0.5012542605400085,5.36091423034668,-1.4499359130859375
1741033290104533500,84.93953344726563,-0.39333850145339966,4.7632293701171875,-2.6455888748168945
1741033290114636300,84.94963623046876,-0.05482912063598633,4.629938125610352,-3.7601027488708496
1741033290124738000,84.95973803710937,0.22249484062194824,5.368747711181641,-4.456809043884277
1741033290134840600,84.96984057617188,1.7566996812820435,6.025330543518066,-5.979175090789795
1741033290144942300,84.9799423828125,4.4557671546936035,6.233922004699707,-6.599925518035889
1741033290155044900,84.990044921875,4.991856575012207,5.382699966430664,-5.535611629486084
1741033290165147400,85.0001474609375,5.494021415710449,2.661731719970703,-4.934559345245361
1741033290175249400,85.01024951171875,4.619683742523193,-0.1253185272216797,-4.339673042297363
1741033290185351700,85.0203515625,3.311877489089966,-1.888570785522461,-3.3479764461517334
1741033290195453700,85.03045361328125,2.376589059829712,-2.367313861846924,-1.9275505542755127
1741033290205556200,85.04055615234375,1.9752826690673828,-1.7710952758789062,-1.3743473291397095
1741033290215658500,85.05065844726562,2.065889835357666,0.13470172882080078,-1.1236587762832642
1741033290225760800,85.0607607421875,2.301849603652954,2.3266849517822266,-0.5196801424026489
1741033290235862800,85.07086279296875,1.948570728302002,3.845123291015625,0.2526610493659973
1741033290245965000,85.08096508789062,1.823006510734558,4.011985778808594,0.858034610748291
1741033290256067600,85.09106762695312,1.882076621055603,2.860921859741211,0.8466833233833313
1741033290266169600,85.10116967773438,2.078746795654297,1.423924446105957,0.3989611268043518
1741033290276272000,85.11127221679688,1.9481730461120605,0.3705568313598633,-0.14894533157348633
1741033290286374000,85.12137377929687,1.5052053928375244,-0.4842653274536133,-0.5926440358161926
1741033290296476400,85.13147631835938,0.633786141872406,-1.307485580444336,-0.7606469392776489
1741033290306579000,85.14157885742188,-0.1144399493932724,-2.052053928375244,-0.6978441476821899
1741033290316680700,85.1516806640625,-0.44511646032333374,-2.6127119064331055,-0.5341735482215881
1741033290326783500,85.16178344726562,-0.0059032142162323,-3.0028672218322754,0.005344390869140625
1741033290336885800,85.1718857421875,0.5678287744522095,-3.3233847618103027,0.8217673301696777
1741033290346987800,85.18198779296876,1.259521722793579,-3.5089621543884277,1.870198369026184
1741033290357090000,85.19209008789062,1.620298147201538,-3.577981472015381,2.995022773742676
1741033290367192000,85.20219213867188,1.5989573001861572,-4.126439094543457,3.3871660232543945
1741033290377294600,85.21229467773438,1.405972957611084,-4.878914833068848,3.3468923568725586
1741033290387396900,85.22239697265626,1.1978521347045898,-5.448823928833008,3.2004246711730957
1741033290397499100,85.2324990234375,0.9668006300926208,-5.922476291656494,3.089177131652832
1741033290407601200,85.24260107421875,0.515688419342041,-6.237893104553223,2.8013854026794434
1741033290417703400,85.25270336914062,0.01884305477142334,-6.4400434494018555,2.5107250213623047
1741033290427806000,85.26280590820312,-0.5490943193435669,-6.673079490661621,2.188645362854004
1741033290437908000,85.27290795898438,-0.68738853931427,-6.942452430725098,1.6410378217697144
1741033290448010500,85.28301049804688,-0.7386453151702881,-7.161104202270508,1.1591074466705322
1741033290458112300,85.2931123046875,-0.5970300436019897,-7.315096855163574,0.7534468173980713
1741033290468214800,85.30321484375,-0.675230860710144,-7.290210247039795,0.6284579038619995
1741033290478317300,85.3133173828125,-0.64347904920578,-6.852972030639648,0.8738579750061035
1741033290488419000,85.32341918945312,-0.10853171348571777,-6.041933059692383,1.1455796957015991
1741033290498521600,85.333521484375,0.5458675622940063,-5.1654372215271,1.2528387308120728
1741033290508623600,85.34362353515625,1.0059505701065063,-4.4070820808410645,1.2634143829345703
1741033290518726100,85.35372607421876,1.383562684059143,-3.5590929985046387,1.1238820552825928
1741033290528828400,85.36382836914062,1.9032821655273438,-2.196413040161133,1.1548594236373901
1741033290538930400,85.37393041992188,2.3272342681884766,0.08952808380126953,1.6991000175476074
1741033290549032700,85.38403271484376,1.8136045932769775,3.4366674423217773,2.490915298461914
1741033290559135000,85.39413500976562,0.7726428508758545,7.261018753051758,3.0262317657470703
1741033290569237500,85.40423754882812,0.19963419437408447,10.49907112121582,1.8804434537887573
1741033290579339500,85.41433959960938,1.0547044277191162,11.22095012664795,-0.927646815776825
1741033290589441800,85.42444189453126,1.9638842344284058,8.700936317443848,-3.816612958908081
1741033290599543800,85.43454370117188,0.6498095989227295,5.216376304626465,-4.822521686553955
1741033290609646300,85.44464624023438,-0.4606672525405884,3.9965591430664062,-5.218159198760986
1741033290619748900,85.45474877929688,1.397026777267456,2.611865997314453,-5.394752025604248
1741033290629850600,85.4648505859375,6.254443168640137,-0.028835296630859375,-5.941773891448975
1741033290639953200,85.474953125,12.287205696105957,-1.4740991592407227,-5.864750862121582
1741033290650055000,85.48505493164062,15.806132316589355,-1.590749740600586,-4.268404483795166
1741033290660157700,85.49515771484376,12.010351181030273,0.3496694564819336,-2.2965335845947266
1741033290670260000,85.50526000976562,8.543484687805176,2.866971015930176,-0.4040403366088867
1741033290680362000,85.51536206054688,5.521029472351074,5.572637557983398,0.576167106628418
1741033290690464300,85.52546435546876,2.997415542602539,6.777814865112305,1.4457354545593262
1741033290700566300,85.53556616210938,1.8732562065124512,6.314243316650391,1.9590438604354858
1741033290710669000,85.5456689453125,0.849376916885376,5.189214706420898,2.056842803955078
1741033290720771000,85.55577099609376,-0.007927656173706055,4.257296562194824,2.4049835205078125
1741033290730873300,85.56587329101562,-0.9127049446105957,4.210684776306152,3.13112211227417
1741033290740975400,85.57597534179688,-1.707812786102295,4.643841743469238,4.150398254394531
1741033290751077600,85.58607763671876,-2.4903783798217773,5.296220779418945,5.247704029083252
1741033290761180400,85.59618041992188,-3.5231130123138428,5.831048011779785,6.392000198364258
1741033290771282200,85.6062822265625,-3.872812509536743,5.311807632446289,6.488986015319824
1741033290781384700,85.616384765625,-4.0279364585876465,3.3797311782836914,5.426498889923096
1741033290791486500,85.62648657226562,-3.6850969791412354,1.1362504959106445,4.039727210998535
1741033290801589000,85.63658911132812,-3.0050621032714844,-0.4025430679321289,2.9339101314544678
1741033290811691500,85.64669140625,-2.5583560466766357,-1.367401123046875,2.2733445167541504
1741033290821793500,85.65679345703126,-2.630880832672119,-2.113335609436035,2.05064058303833
1741033290831895800,85.66689575195312,-2.6815872192382812,-2.726388454437256,2.0301952362060547
1741033290841997800,85.67699780273438,-2.5341525077819824,-3.283015727996826,2.0539286136627197
1741033290852100400,85.68710034179688,-2.445327043533325,-3.8739781379699707,1.9969161748886108
1741033290862202600,85.69720263671876,-2.3360249996185303,-4.4223432540893555,1.8994743824005127
1741033290872305000,85.70730493164062,-2.1627697944641113,-4.913608074188232,1.8120925426483154
1741033290882407000,85.71740698242188,-1.4938563108444214,-4.96232795715332,1.9160491228103638
1741033290892509200,85.72750927734376,1.8149950504302979,-3.8632407188415527,2.439345359802246
1741033290902611700,85.73761181640624,9.655255317687988,-2.514288902282715,2.6969332695007324
1741033290912713700,85.74771362304688,12.762429237365723,-3.0124149322509766,2.9247207641601562
1741033290922816300,85.75781616210938,2.8377161026000977,-6.03938102722168,3.0674784183502197
1741033290932918000,85.76791796875,-3.0593228340148926,-7.760659694671631,1.7689449787139893
1741033290943020500,85.7780205078125,-4.04981803894043,-8.179803848266602,0.6426138877868652
1741033290953123000,85.788123046875,-5.480611324310303,-7.469393730163574,0.7358220815658569
1741033290963224800,85.79822485351562,-6.399030685424805,-6.059880256652832,1.016655445098877
1741033290973327400,85.80832739257812,-9.267858505249023,-5.299622535705566,0.5778833627700806
1741033290983429400,85.81842944335938,-9.049518585205078,-4.894716262817383,0.0343819260597229
1741033290993532000,85.82853198242188,-7.4052629470825195,-5.404633522033691,-0.6129359602928162
1741033291003634200,85.83863427734374,-5.111797332763672,-5.790594100952148,-0.6740556359291077
1741033291013736200,85.84873608398438,-3.0882468223571777,-5.926257133483887,-0.30801302194595337
1741033291023838500,85.85883837890626,-2.058152198791504,-5.995955467224121,0.154465913772583
1741033291033940700,85.86894067382812,-1.8051230907440186,-5.834362506866455,0.7830328345298767
1741033291044043300,85.87904321289062,-2.7544050216674805,-5.2315874099731445,1.3636057376861572
1741033291054145300,85.88914526367188,-4.429442405700684,-4.46646785736084,1.6539498567581177
1741033291064247600,85.89924755859376,-6.325489044189453,-3.6494903564453125,1.5525026321411133
1741033291074349600,85.909349609375,-8.109320640563965,-2.918829917907715,1.4142043590545654
1741033291084452000,85.9194521484375,-9.247429847717285,-2.1832194328308105,1.3189268112182617
1741033291094553900,85.92955395507812,-9.806144714355469,-1.1775455474853516,1.4887099266052246
1741033291104656400,85.93965649414062,-9.792393684387207,0.0037851333618164062,1.8883949518203735
1741033291114759000,85.94975903320312,-9.16848373413086,1.220015525817871,2.666195869445801
1741033291124860700,85.95986059570312,-8.402990341186523,2.843017578125,4.042123794555664
1741033291134963200,85.96996313476562,-7.147143840789795,5.69976806640625,6.49662971496582
1741033291145065200,85.98006518554688,-4.2654571533203125,8.83466625213623,9.549508094787598
1741033291155167700,85.99016772460938,-0.4148266911506653,10.495319366455078,10.832985877990723
1741033291165270000,86.00027001953126,2.209433078765869,10.504743576049805,9.886529922485352
1741033291175372000,86.0103720703125,3.493838310241699,10.177358627319336,7.979323387145996
1741033291185474300,86.02047436523438,5.4072160720825195,8.616645812988281,5.4409379959106445
1741033291195576600,86.03057666015626,7.2671895027160645,5.42601203918457,1.2116961479187012
1741033291205679000,86.04067919921874,7.210463523864746,2.923391342163086,-1.8909592628479004
1741033291215781000,86.05078100585938,14.595152854919434,-0.8070344924926758,-6.859265327453613
1741033291225883400,86.06088330078126,17.686342239379883,-1.0875768661499023,-6.011433124542236
1741033291235985400,86.0709853515625,15.152556419372559,0.3288755416870117,-2.6458733081817627
1741033291246088000,86.081087890625,11.772698402404785,0.6224870681762695,-0.6419206857681274
1741033291256190500,86.0911904296875,9.497389793395996,1.0432605743408203,0.20831787586212158
1741033291266292200,86.10129223632812,8.492159843444824,2.2052478790283203,0.780636191368103
1741033291276394800,86.11139477539062,7.473609924316406,3.2880735397338867,1.2948013544082642
1741033291286496500,86.12149658203126,4.875295639038086,3.383882522583008,1.0693039894104004
1741033291296599300,86.13159936523438,1.6249799728393555,2.1735763549804688,0.55210280418396
1741033291306701600,86.14170166015624,-1.6250476837158203,0.7936744689941406,0.05651545524597168
1741033291316803600,86.15180346679688,-1.5943080186843872,-0.13875579833984375,-0.030225753784179688
1741033291326905900,86.16190576171876,-0.3303148150444031,-0.9729394912719727,0.004578232765197754
1741033291337007900,86.1720078125,0.8270931243896484,-1.86299467086792,0.10054069757461548
1741033291347110700,86.18211059570312,1.4215507507324219,-2.5495386123657227,0.3798932433128357
1741033291357212700,86.19221264648438,1.9622573852539062,-2.8617820739746094,1.0788061618804932
1741033291367315000,86.20231494140624,1.9702868461608887,-2.9077682495117188,1.9489269256591797
1741033291377417000,86.2124169921875,1.5422253608703613,-3.232966423034668,2.235947608947754
1741033291387519200,86.22251928710938,1.224881649017334,-3.859248161315918,1.8922853469848633
1741033291397621200,86.23262133789062,1.0474268198013306,-4.069163799285889,1.8012890815734863
1741033291407723800,86.24272387695312,0.9808763265609741,-4.3956451416015625,1.6333719491958618
1741033291417826300,86.25282641601562,0.6708968281745911,-4.73026704788208,1.3464781045913696
1741033291427928000,86.26292797851562,0.22783488035202026,-5.028844833374023,1.3507212400436401
1741033291438042600,86.27304272460937,-0.14015692472457886,-5.296539306640625,1.3971117734909058
1741033291448347100,86.28334716796876,-0.40169018507003784,-5.667361736297607,1.1640881299972534
1741033291458651400,86.2936513671875,-0.6606500148773193,-6.155824661254883,0.8113288879394531
1741033291468906800,86.30390673828126,-0.9323899149894714,-6.653510093688965,0.45028018951416016
1741033291479033300,86.31403344726563,-1.0831300020217896,-7.054582595825195,0.25247645378112793
1741033291489136000,86.32413623046875,-1.1846729516983032,-7.378129959106445,0.1256633996963501
1741033291499238100,86.33423803710937,-1.1727808713912964,-7.469525337219238,0.10860800743103027
1741033291509340400,86.34434033203125,-0.9153014421463013,-7.346046447753906,0.11862742900848389
1741033291519442400,86.3544423828125,-0.7810899615287781,-6.959161758422852,0.20488202571868896
1741033291529544700,86.36454467773437,-0.2877776622772217,-6.118045806884766,0.4266066551208496
1741033291539647500,86.3746474609375,-0.05401968955993652,-5.470335006713867,0.4238288402557373
1741033291549749200,86.38474926757813,0.19876623153686523,-4.99836540222168,0.5298459529876709
1741033291559851800,86.39485180664063,1.0616484880447388,-4.1595869064331055,0.9329218864440918
1741033291569953500,86.40495361328125,1.6100842952728271,-2.661038398742676,1.3719217777252197
1741033291580056000,86.41505615234375,1.7875885963439941,-0.480438232421875,2.1802773475646973
1741033291590158800,86.42515893554688,1.814138412475586,2.2548742294311523,3.0622782707214355
1741033291600260600,86.43526049804687,1.5756229162216187,5.155688285827637,3.5259804725646973
1741033291610363000,86.44536279296875,0.5978047847747803,8.09445571899414,3.6278374195098877
1741033291620465000,86.45546484375,-0.5944454669952393,9.550104141235352,2.6668128967285156
1741033291630567200,86.46556713867187,-1.3665976524353027,8.505386352539062,0.7543804049491882
1741033291640669200,86.47566918945313,-2.463670253753662,5.950681686401367,-1.495349645614624
1741033291650772000,86.48577197265625,-3.1997408866882324,4.165862083435059,-3.1188621520996094
1741033291660874000,86.4958740234375,-4.462657451629639,3.4205427169799805,-4.9174113273620605
1741033291670976300,86.50597631835937,-3.5843286514282227,2.0810728073120117,-6.052431583404541
1741033291681078300,86.51607836914063,1.498948097229004,0.5757942199707031,-6.27610969543457
1741033291691180500,86.5261806640625,8.904974937438965,-0.3659019470214844,-6.236527442932129
1741033291701283300,86.53628344726563,16.934595108032227,-0.47004127502441406,-6.299282073974609
1741033291711385900,86.5463857421875,17.45806884765625,0.9433231353759766,-6.005945682525635
1741033291721654800,86.55665478515625,12.085844039916992,3.9916067123413086,-3.675313949584961
1741033291731959300,86.56695922851563,8.187580108642578,6.865460395812988,-1.2328205108642578
1741033291742253300,86.57725341796875,3.712960958480835,7.896847724914551,0.05010613799095154
1741033291752388600,86.587388671875,0.9753289222717285,6.375909805297852,0.7873284816741943
1741033291762490400,86.59749047851562,0.025673866271972656,3.805811882019043,0.5652589201927185
1741033291772593200,86.60759326171875,-0.5989296436309814,2.1450424194335938,0.2161308228969574
1741033291782695400,86.6176953125,-0.8936078548431396,2.121612548828125,0.17599308490753174
1741033291792797400,86.62779736328125,-0.8522576093673706,3.5128259658813477,0.9773454070091248
1741033291802899700,86.63789965820312,-0.9154312610626221,5.261370658874512,2.3780603408813477
1741033291813001700,86.64800170898438,-1.3622571229934692,6.512521743774414,3.7310900688171387
1741033291823104500,86.6581044921875,-2.1840591430664062,6.629868507385254,4.577700614929199
1741033291833325800,86.66832592773437,-2.7760438919067383,5.099241256713867,4.517385482788086
1741033291843630300,86.67863037109375,-3.0003662109375,2.420764923095703,3.6510865688323975
1741033291853934000,86.68893408203125,-3.1140568256378174,0.1552410125732422,2.8769164085388184
1741033291864103000,86.69910302734375,-2.87852144241333,-1.3390350341796875,2.572422981262207
1741033291874209800,86.70920971679688,-2.4237797260284424,-2.3154220581054688,2.526714324951172
1741033291884311600,86.7193115234375,-1.8583701848983765,-3.032247543334961,2.512390613555908
1741033291894414000,86.7294140625,-1.3065892457962036,-3.6921730041503906,2.450331926345825
1741033291904515800,86.73951586914062,-1.3704742193222046,-4.307833671569824,2.3244709968566895
1741033291914618600,86.74961865234376,-1.4422069787979126,-4.8038411140441895,2.289485454559326
1741033291924721000,86.75972094726562,-1.4311989545822144,-5.21190071105957,2.2602360248565674
1741033291934823000,86.76982299804688,-1.3020763397216797,-5.555255889892578,2.238351821899414
1741033291944925200,86.77992529296876,-1.0420814752578735,-5.695127964019775,2.345937728881836
1741033291955027200,86.79002709960938,0.04401421546936035,-5.257244110107422,2.6815059185028076
1741033291965129500,86.80012939453125,3.506837844848633,-4.400578498840332,2.8996214866638184
1741033291975231700,86.81023168945312,7.558368682861328,-4.054656982421875,2.775649070739746
1741033291985334300,86.82033422851562,5.304673194885254,-4.920963287353516,2.45517635345459
1741033291995436300,86.83043627929688,0.03276479244232178,-6.476474285125732,1.7122666835784912
1741033292005538600,86.84053857421875,-2.263573408126831,-6.860904693603516,0.6952077746391296
1741033292015640600,86.850640625,-3.4608309268951416,-6.814833641052246,0.3323012590408325
1741033292025743000,86.8607431640625,-3.3502721786499023,-5.655301094055176,0.9765487909317017
1741033292035845600,86.870845703125,-5.410986423492432,-4.492961406707764,1.4384257793426514
1741033292045947400,86.88094750976562,-7.091536521911621,-3.637883186340332,1.1667214632034302
1741033292056050000,86.8910498046875,-7.720948219299316,-3.4737014770507812,0.5195586085319519
1741033292066151700,86.90115161132813,-7.096630096435547,-3.875875949859619,-0.08636265993118286
1741033292076254200,86.91125415039062,-6.091579437255859,-4.0065083503723145,-0.29428523778915405
1741033292086356200,86.92135620117188,-4.9267168045043945,-4.1973161697387695,-0.30450439453125
1741033292096458800,86.93145874023438,-4.22395133972168,-4.269925117492676,-0.15581530332565308
1741033292106561000,86.94156103515625,-4.591836929321289,-3.8044381141662598,0.09786686301231384
1741033292116663000,86.9516630859375,-5.46992301940918,-2.939093589782715,0.3756578862667084
1741033292126765300,86.96176538085938,-6.557890892028809,-1.7437644004821777,0.8659208416938782
1741033292136867600,86.97186767578125,-7.434477806091309,-0.1626739501953125,1.301875114440918
1741033292146970000,86.98197021484376,-7.850480079650879,1.8484268188476562,2.1559581756591797
1741033292157072100,86.99207202148438,-7.297876358032227,3.9316883087158203,3.5452027320861816
1741033292167174400,87.00217431640625,-5.715222358703613,5.739250183105469,5.136819362640381
1741033292177276400,87.0122763671875,-3.3899085521698,7.545738220214844,6.851480484008789
1741033292187379000,87.02237890625,-0.4184134304523468,9.558101654052734,7.891940116882324
1741033292197480700,87.03248071289063,1.0455982685089111,9.54442310333252,7.00957727432251
1741033292207583200,87.04258325195312,1.1905043125152588,6.829361915588379,4.337845325469971
1741033292217685800,87.05268579101562,1.8336591720581055,4.22120475769043,1.517401933670044
1741033292227787500,87.06278759765625,4.495999336242676,4.3053483963012695,-0.6737273931503296
1741033292237890000,87.07289013671875,6.498256683349609,5.19394588470459,-3.2746503353118896
1741033292247992000,87.08299194335937,7.274901390075684,5.774009704589844,-5.052298069000244
1741033292258094600,87.09309448242188,7.9356489181518555,4.611344337463379,-4.9123992919921875
1741033292268196900,87.10319677734375,9.433947563171387,1.5040645599365234,-5.3733110427856445
1741033292278299000,87.113298828125,8.661431312561035,-0.7508573532104492,-4.291326522827148
1741033292288401200,87.12340112304688,7.509077072143555,-1.31842041015625,-2.039856433868408
1741033292298503400,87.13350341796875,6.61543607711792,-0.0036096572875976562,0.42601174116134644
1741033292308605400,87.14360546875,5.680906295776367,1.894343376159668,1.2189781665802002
1741033292318707700,87.15370776367187,6.093965530395508,3.4797096252441406,0.8677984476089478
1741033292328810200,87.16381030273438,6.003316402435303,4.085755348205566,0.5546303987503052
1741033292338912300,87.17391235351562,4.631140232086182,3.1612472534179688,0.4553654193878174
1741033292349014800,87.18401489257812,3.0209529399871826,1.4058408737182617,0.3695293366909027
1741033292359116500,87.19411645507813,1.6100292205810547,0.061798095703125,0.23751255869865417
1741033292369219000,87.20421899414063,0.957237720489502,-0.7922906875610352,-0.1390940546989441
1741033292379320800,87.21432080078125,1.2416754961013794,-1.2273807525634766,-0.3081800043582916
1741033292389423400,87.22442333984375,1.5854259729385376,-1.775594711303711,-0.32627055048942566
1741033292399526000,87.23452587890625,1.192882776260376,-2.5555005073547363,-0.3413495421409607
1741033292409628000,87.2446279296875,1.0480095148086548,-3.1433706283569336,0.11045065522193909
1741033292419730200,87.25473022460938,1.1337890625,-3.5318808555603027,0.5325214862823486
1741033292429832200,87.26483227539063,1.3540096282958984,-3.803502082824707,0.9341859817504883
1741033292439934700,87.27493481445312,1.6879041194915771,-4.004290580749512,1.2174313068389893
1741033292450037000,87.285037109375,1.722376823425293,-4.294415473937988,1.3105933666229248
1741033292460139300,87.29513916015625,1.5482749938964844,-4.722257137298584,1.3269829750061035
1741033292470241300,87.3052412109375,1.193619728088379,-5.192427158355713,1.2789366245269775
1741033292480343600,87.31534350585937,0.90822434425354,-5.515893459320068,1.379946231842041
1741033292490445600,87.32544555664063,0.8195939064025879,-5.718655586242676,1.476546049118042
1741033292500547800,87.3355478515625,0.4870729446411133,-5.908236026763916,1.4602214097976685
1741033292510650600,87.34565063476562,0.0025142431259155273,-6.107707977294922,1.3337000608444214
1741033292520752400,87.35575244140625,-0.38015544414520264,-6.282497406005859,1.2748650312423706
1741033292530855000,87.36585498046875,-0.38524961471557617,-6.461740016937256,1.110823392868042
1741033292540956700,87.37595678710937,-0.27284836769104004,-6.631111145019531,1.0686938762664795
1741033292551059200,87.38605908203125,-0.2779585123062134,-6.771685600280762,1.1230331659317017
1741033292561161000,87.39616088867187,-0.3721485137939453,-6.90659236907959,1.0703006982803345
1741033292571263700,87.406263671875,-0.40277099609375,-6.7421746253967285,1.0976510047912598
1741033292581366000,87.41636596679687,-0.4409292936325073,-6.372645378112793,1.1370062828063965
1741033292591468000,87.42646801757813,-0.16847026348114014,-5.631295680999756,1.3172987699508667
1741033292601570300,87.4365703125,0.3212113380432129,-4.779989242553711,1.3685500621795654
1741033292611672300,87.44667236328125,0.7945780754089355,-3.790890693664551,1.2933838367462158
1741033292621774600,87.45677465820313,1.415822148323059,-2.1709609031677246,1.4859576225280762
1741033292631876900,87.466876953125,1.7372682094573975,0.19789791107177734,1.9469003677368164
1741033292641979400,87.4769794921875,1.7047821283340454,3.0789709091186523,2.318478584289551
1741033292652081400,87.48708129882813,1.7425341606140137,6.0898847579956055,2.5661544799804688
1741033292662183700,87.49718359375,1.3776923418045044,8.565817832946777,2.0339808464050293
1741033292672285700,87.50728564453125,0.36045563220977783,9.576432228088379,0.49604374170303345
1741033292682388200,87.51738818359375,-0.524300217628479,8.47210693359375,-1.54884672164917
1741033292692490000,87.52748999023437,-2.1509101390838623,6.223974227905273,-3.5271825790405273
1741033292702592500,87.53759252929687,-2.9895243644714355,4.057594299316406,-5.22532320022583
1741033292712695000,87.54769506835937,-1.368297815322876,2.3852615356445312,-6.21829891204834
1741033292722796800,87.557796875,4.714446544647217,0.6139869689941406,-6.807795524597168
1741033292732899300,87.5678994140625,12.248960494995117,0.5959320068359375,-6.495439529418945
1741033292743001300,87.57800146484375,16.551090240478516,1.7894706726074219,-4.766161918640137
1741033292753104000,87.58810375976563,13.150801658630371,3.804332733154297,-1.916853427886963
1741033292763206100,87.5982060546875,7.580073356628418,5.363429069519043,-0.6070197820663452
1741033292773308200,87.60830810546875,4.068370342254639,5.762743949890137,-0.32712024450302124
1741033292783410400,87.61841040039063,2.433542251586914,4.444122314453125,0.037083566188812256
1741033292793512700,87.6285126953125,1.9446899890899658,3.2706451416015625,0.7606947422027588
1741033292803614700,87.63861474609375,1.2433371543884277,2.981630325317383,0.8643129467964172
1741033292813717000,87.64871704101563,0.5375890731811523,3.800962448120117,1.5928664207458496
1741033292823819500,87.65881958007813,0.15471839904785156,5.276327133178711,3.0509414672851562
1741033292833921500,87.66892163085937,-0.3549705743789673,6.4065093994140625,4.550534248352051
1741033292844024000,87.67902416992187,-1.4044525623321533,6.926766395568848,5.792609691619873
1741033292854125800,87.68912573242187,-2.653087854385376,6.524789810180664,6.217400074005127
1741033292864228400,87.69922827148437,-3.5372190475463867,5.064952850341797,5.639583110809326
1741033292874330000,87.709330078125,-3.7788987159729004,2.9607620239257812,4.580988883972168
1741033292884432600,87.7194326171875,-3.5593416690826416,0.9607658386230469,3.4910359382629395
1741033292894535200,87.72953515625,-2.825934410095215,-0.4322500228881836,2.6470890045166016
1741033292904637200,87.73963720703125,-2.6059186458587646,-1.3433504104614258,2.194988965988159
1741033292914739500,87.74973950195313,-3.071972370147705,-2.0906009674072266,1.9230005741119385
1741033292924841500,87.75984155273437,-3.281109094619751,-2.681060314178467,1.7862894535064697
1741033292934943700,87.76994384765625,-3.217329978942871,-3.2540740966796875,1.6528313159942627
1741033292945045800,87.78004565429687,-3.1505188941955566,-3.77720308303833,1.5761630535125732
1741033292955148500,87.7901484375,-3.0936942100524902,-4.305344581604004,1.5419833660125732
1741033292965250600,87.80025048828125,-2.97517728805542,-4.7708635330200195,1.5036250352859497
1741033292975352800,87.81035278320313,-2.759256362915039,-5.22330904006958,1.4625651836395264
1741033292985454800,87.82045483398437,-2.5365371704101562,-5.622338771820068,1.3947646617889404
1741033292995557000,87.83055712890625,-2.207768440246582,-5.898185729980469,1.3902528285980225
1741033293005659100,87.8406591796875,-1.8520307540893555,-6.017419815063477,1.3874030113220215
1741033293015761700,87.85076171875,-1.3962253332138062,-5.9916181564331055,1.2236031293869019
1741033293025864200,87.8608642578125,-1.126083254814148,-5.969781875610352,0.9982530474662781
1741033293035966000,87.87096606445313,-1.0591506958007812,-5.921010971069336,0.7500826716423035
1741033293046068500,87.881068359375,-1.6038131713867188,-5.800166130065918,0.5267277359962463
1741033293056170200,87.89117016601563,-2.495582342147827,-5.566873550415039,0.43137747049331665
1741033293066272800,87.90127270507813,-3.218653678894043,-5.222352981567383,0.24284423887729645
1741033293076374800,87.91137475585937,-3.8182549476623535,-4.794759750366211,0.01153428852558136
1741033293086477000,87.92147705078125,-4.067563056945801,-4.01387882232666,0.11390447616577148
1741033293096579000,87.9315791015625,-3.903548002243042,-3.3632969856262207,0.09065747261047363
1741033293106681600,87.941681640625,-3.9566915035247803,-2.6191940307617188,0.14136171340942383
1741033293116783900,87.95178393554687,-4.035852909088135,-1.6400446891784668,0.19948497414588928
1741033293126886100,87.96188623046875,-4.180906772613525,-0.6738014221191406,0.2567406892776489
1741033293136988200,87.97198828125,-3.948831558227539,0.09461688995361328,0.4301195740699768
1741033293147090400,87.98209033203125,-3.508575677871704,1.0113048553466797,0.868174135684967
1741033293157192400,87.9921923828125,-2.954111099243164,2.067049026489258,1.4745116233825684
1741033293167294700,88.00229467773437,-2.164058208465576,3.3338260650634766,2.1425535678863525
1741033293177397500,88.0123974609375,-1.3097820281982422,4.494956016540527,2.5515620708465576
1741033293187499300,88.02249926757813,-0.7084461450576782,5.162291526794434,2.5527350902557373
1741033293197601800,88.03260180664063,-0.12936317920684814,5.123101234436035,2.089359760284424
1741033293207703600,88.04270361328125,0.1602945327758789,4.677336692810059,1.1810895204544067
1741033293217806000,88.05280615234375,0.3491295576095581,4.350283622741699,0.2603755295276642
1741033293227907800,88.06290795898437,0.39313292503356934,4.141651153564453,-0.820022702217102
1741033293238010600,88.0730107421875,0.6006304025650024,4.0436553955078125,-2.170788288116455
1741033293248113000,88.08311279296875,1.6655192375183105,4.605220794677734,-3.502058506011963
1741033293258215000,88.09321484375,3.562540054321289,5.491021156311035,-5.945128440856934
1741033293268317200,88.10331713867187,4.585265159606934,7.401911735534668,-6.950453758239746
1741033293278419200,88.11341918945313,7.003094673156738,9.224586486816406,-5.850000381469727
1741033293288521200,88.12352124023438,8.733209609985352,8.21450424194336,-5.610179901123047
1741033293298623700,88.13362377929687,9.993439674377441,4.385869026184082,-5.325350284576416
1741033293308726300,88.14372631835937,7.3031721115112305,1.2670965194702148,-3.5420053005218506
1741033293318828000,88.153828125,3.7939982414245605,-0.5088176727294922,-1.997903823852539
1741033293328930600,88.1639306640625,1.0009346008300781,-1.0098381042480469,-0.9730220437049866
1741033293339033300,88.17403344726563,-0.6070255637168884,-0.6270942687988281,-0.4721732437610626
1741033293349337900,88.184337890625,-0.3495895266532898,0.6927642822265625,0.09242904186248779
1741033293359642000,88.19464208984375,1.2675820589065552,2.5387516021728516,0.8828819990158081
1741033293369907200,88.2049072265625,1.9453918933868408,3.7178878784179688,1.9018906354904175
1741033293380035800,88.21503588867188,1.2925763130187988,3.635920524597168,2.4372143745422363
1741033293390137900,88.22513793945312,0.4207334518432617,2.3139562606811523,2.33566951751709
1741033293400240000,88.235240234375,0.45937949419021606,0.623164176940918,1.6235718727111816
1741033293410342100,88.24534204101562,0.7290134429931641,-0.6589231491088867,0.8425657749176025
1741033293420445000,88.25544482421876,1.2041958570480347,-1.6078557968139648,0.3938807249069214
1741033293430547000,88.265546875,1.1574808359146118,-2.034456253051758,0.501747727394104
1741033293440649200,88.27564916992188,0.9660489559173584,-2.5653204917907715,0.8855863809585571
1741033293450751200,88.28575122070312,1.11202073097229,-3.1106748580932617,1.40880286693573
1741033293460853500,88.295853515625,1.34201180934906,-3.519918918609619,1.9298441410064697
1741033293470956300,88.30595629882812,1.3760583400726318,-3.8070735931396484,2.4157679080963135
1741033293481058000,88.31605810546876,1.4414646625518799,-4.191300392150879,2.731804847717285
1741033293491350500,88.3263505859375,1.568514347076416,-4.765289306640625,2.4290337562561035
1741033293501655000,88.33665502929688,1.2905054092407227,-5.04942512512207,2.332343101501465
1741033293511929600,88.3469296875,1.039143443107605,-5.408474922180176,2.1396942138671875
1741033293522060800,88.35706079101563,0.6710281372070312,-5.641802787780762,2.1068990230560303
1741033293532163300,88.36716333007813,0.19180667400360107,-5.608509063720703,2.310854911804199
1741033293542265600,88.377265625,-0.2938911020755768,-5.4873833656311035,2.4554004669189453
1741033293552367600,88.38736767578125,-0.6692746877670288,-5.526236534118652,2.2538528442382812
1741033293562470000,88.39746997070313,-0.9264686703681946,-5.513916015625,1.9852129220962524
1741033293572572200,88.407572265625,-1.0216443538665771,-5.619055271148682,1.6686650514602661
1741033293582674200,88.41767407226563,-0.7501742243766785,-5.788393020629883,1.3386342525482178
1741033293592776400,88.4277763671875,-0.44565367698669434,-5.846189498901367,1.0882714986801147
1741033293602879000,88.43787890625,-0.29195135831832886,-5.707659721374512,1.1217093467712402
1741033293612981000,88.44798095703125,0.0028558969497680664,-5.280505180358887,1.3372989892959595
1741033293623083500,88.45808349609375,0.5183711051940918,-4.897576808929443,1.4225698709487915
1741033293633185300,88.46818530273437,1.0946528911590576,-4.38723087310791,1.5128427743911743
1741033293643287800,88.47828784179687,1.430564522743225,-3.799530506134033,1.3997867107391357
1741033293653389600,88.4883896484375,1.4246981143951416,-2.9657158851623535,1.337152123451233
1741033293663492000,88.4984921875,1.380231261253357,-1.8120403289794922,1.436586618423462
1741033293673594000,88.50859399414063,1.316834568977356,-0.14171791076660156,1.622968316078186
1741033293683696600,88.51869653320313,1.1534416675567627,1.7589244842529297,1.4901275634765625
1741033293693799000,88.528798828125,0.6747496128082275,3.8206310272216797,0.761052131652832
1741033293703901000,88.53890087890625,-0.1095048189163208,6.148797988891602,-0.7869400978088379
1741033293714003200,88.54900317382813,-0.556165337562561,8.10693645477295,-3.439983367919922
1741033293724105200,88.55910522460937,0.9459953308105469,8.481136322021484,-4.715943336486816
1741033293734207500,88.56920751953125,2.287252902984619,7.434436798095703,-4.4468512535095215
1741033293744309800,88.57930981445313,3.973665237426758,5.071800231933594,-4.157296657562256
1741033293754411800,88.58941186523438,5.325090408325195,3.1176042556762695,-4.015935897827148
1741033293764514000,88.59951416015625,7.978358268737793,1.948394775390625,-4.385927677154541
1741033293774616600,88.60961645507813,11.915705680847168,1.5263862609863281,-3.6774141788482666
1741033293784718600,88.61971850585938,9.212950706481934,3.6994829177856445,-2.7358949184417725
1741033293794821000,88.62982104492187,8.259002685546875,4.8708600997924805,-2.1247289180755615
1741033293804923000,88.6399228515625,5.800934791564941,3.8922367095947266,-1.3674256801605225
1741033293815025400,88.650025390625,2.7240703105926514,2.1341543197631836,-0.646094799041748
1741033293825127200,88.66012719726562,1.126779317855835,0.7506027221679688,0.5339359641075134
1741033293835229700,88.67022973632812,1.5124871730804443,0.12154102325439453,2.0950465202331543
1741033293845332200,88.68033227539063,1.763387680053711,0.695225715637207,3.806391716003418
1741033293855434200,88.69043432617187,1.9041674137115479,2.266352653503418,5.647964954376221
1741033293865536500,88.70053662109375,1.5563271045684814,4.377375602722168,7.3858771324157715
1741033293875638500,88.71063842773438,0.30353426933288574,6.262164115905762,8.298059463500977
1741033293885740800,88.72074072265625,-1.4807692766189575,7.199812889099121,7.848021507263184
1741033293895843000,88.73084301757812,-2.9759938716888428,6.975603103637695,6.605445861816406
1741033293905945000,88.74094506835938,-3.6085586547851562,5.604085922241211,5.178619861602783
1741033293916047400,88.75104736328124,-2.533306837081909,2.754502296447754,3.5352940559387207
1741033293926150000,88.76114990234375,-2.0299429893493652,0.0665903091430664,2.1135847568511963
1741033293936252000,88.771251953125,-2.572737216949463,-1.7320499420166016,1.436453104019165
1741033293946354200,88.78135424804688,-2.8851306438446045,-3.1470885276794434,1.0187199115753174
1741033293956456200,88.79145629882812,-3.3061492443084717,-4.157200813293457,0.665239691734314
1741033293966558700,88.80155883789062,-3.274628162384033,-4.844025135040283,0.356214314699173
1741033293976660500,88.81166040039062,-3.3871965408325195,-5.358282089233398,0.2276204526424408
1741033293986763000,88.82176293945312,-3.3582441806793213,-5.759622573852539,0.17926380038261414
1741033293996864800,88.83186474609376,-3.2828495502471924,-6.145310401916504,0.17886975407600403
1741033294006967600,88.84196752929688,-3.2551686763763428,-6.4910736083984375,0.18903283774852753
1741033294017069800,88.85206982421874,-3.1546449661254883,-6.771754264831543,0.16761767864227295
1741033294027171800,88.862171875,-2.962387800216675,-6.890010833740234,0.26906391978263855
1741033294037274000,88.87227416992188,-2.8411169052124023,-6.805505752563477,0.5036031603813171
1741033294047376100,88.88237622070312,-2.744809865951538,-6.352792739868164,0.8394829034805298
1741033294057478400,88.892478515625,-2.472848415374756,-5.85060977935791,1.046225666999817
1741033294067580700,88.90258056640624,-2.120004892349243,-5.3386640548706055,1.125425934791565
1741033294077682700,88.9126826171875,-1.6099233627319336,-4.8176422119140625,1.0799291133880615
1741033294087785000,88.92278491210938,-0.906572163105011,-4.210353851318359,1.0134296417236328
1741033294097887500,88.93288745117188,-1.0131680965423584,-3.482846260070801,1.032634973526001
1741033294107989500,88.94298950195312,-2.323594808578491,-2.5070066452026367,0.9067242741584778
1741033294118091800,88.953091796875,-5.168295383453369,-1.6286554336547852,0.31141623854637146
1741033294128193800,88.96319384765626,-7.451566219329834,-1.2733259201049805,-0.5821756720542908
1741033294138296300,88.97329638671874,-8.383042335510254,-1.4490280151367188,-1.459725022315979
1741033294148398000,88.98339819335938,-8.315215110778809,-1.718677043914795,-2.022254467010498
1741033294158500600,88.99350048828126,-7.926911354064941,-1.6875500679016113,-2.105436086654663
1741033294168602400,89.00360229492188,-7.2411980628967285,-1.3336772918701172,-1.7591632604599
1741033294178705200,89.013705078125,-6.284237384796143,-0.6803016662597656,-1.2456146478652954
1741033294188807400,89.02380737304688,-5.453203201293945,0.34903812408447266,-0.6220355033874512
1741033294198909400,89.03390942382812,-4.549832344055176,1.6266021728515625,0.02329133450984955
1741033294209011700,89.04401171875,-3.734402894973755,3.0334548950195312,0.7775048017501831
1741033294219113700,89.05411376953126,-2.7697041034698486,4.441667556762695,1.5339381694793701
1741033294229215700,89.0642158203125,-1.4990273714065552,5.680932998657227,2.171328067779541
1741033294239318300,89.074318359375,-0.3576469123363495,6.464803695678711,2.4263200759887695
1741033294249420000,89.084419921875,0.5776156783103943,6.290287971496582,2.0303292274475098
1741033294259522600,89.0945224609375,1.287951111793518,5.37078857421875,1.2165815830230713
1741033294269624300,89.10462426757813,1.539686679840088,4.423369407653809,0.33791205286979675
1741033294279726800,89.11472680664062,1.7756636142730713,4.310782432556152,-0.413146436214447
1741033294289829600,89.12482958984376,1.793904185295105,5.189966201782227,-0.8118183016777039
1741033294299931400,89.13493139648438,1.7721978425979614,6.153870582580566,-1.3087208271026611
1741033294310033700,89.14503369140625,2.9833126068115234,5.807550430297852,-2.0410614013671875
1741033294320135700,89.1551357421875,3.895458698272705,4.058547019958496,-2.5710058212280273
1741033294330238000,89.16523803710938,4.123720169067383,1.7637081146240234,-2.9278340339660645
1741033294340340000,89.17534008789063,3.885035991668701,-0.2933197021484375,-2.8710362911224365
1741033294350442200,89.18544213867187,3.649519443511963,-1.089578628540039,-2.6194632053375244
1741033294360544500,89.19554443359375,3.3533380031585693,-0.22686100006103516,-2.3677473068237305
1741033294370647000,89.20564697265625,3.1350090503692627,1.7061691284179688,-1.9582252502441406
1741033294380749000,89.2157490234375,3.4789209365844727,4.028668403625488,-0.8874971866607666
1741033294390851300,89.22585131835937,4.698879241943359,5.870443344116211,0.796019434928894
1741033294400953300,89.23595336914063,5.406379222869873,6.32269287109375,2.630073070526123
1741033294411055900,89.24605590820312,2.9301466941833496,5.000873565673828,2.8290812969207764
1741033294421157600,89.25615771484375,1.0987489223480225,2.9847612380981445,2.1268439292907715
1741033294431260200,89.26626025390625,0.6073100566864014,1.4008674621582031,1.6936087608337402
1741033294441362000,89.27636181640625,1.3012162446975708,0.3461570739746094,1.7118244171142578
1741033294451464400,89.28646435546875,1.9843711853027344,-0.525883674621582,2.2122843265533447
1741033294461566200,89.29656616210937,1.8757778406143188,-1.182657241821289,2.623410224914551
1741033294471669000,89.3066689453125,1.9617445468902588,-1.7889060974121094,2.938901901245117
1741033294481771300,89.31677124023437,1.7183706760406494,-2.472592353820801,2.9902825355529785
1741033294491873300,89.32687329101563,1.518261194229126,-3.1697139739990234,2.8917269706726074
1741033294501975600,89.3369755859375,1.6591027975082397,-3.780819892883301,2.999058723449707
1741033294512077600,89.34707763671875,1.6821858882904053,-4.497864723205566,3.047795057296753
1741033294522179800,89.35717993164063,1.2414213418960571,-5.219367980957031,2.7671964168548584
1741033294532282000,89.3672822265625,0.8668528199195862,-5.64983606338501,2.452641487121582
1741033294542384000,89.37738403320313,0.44661062955856323,-5.811419486999512,2.3588192462921143
1741033294552486400,89.387486328125,-0.042284250259399414,-6.0214338302612305,2.1895296573638916
1741033294562589000,89.3975888671875,-0.29595524072647095,-6.3464508056640625,1.9093735218048096
1741033294572691000,89.40769091796875,-0.6537556648254395,-6.526309967041016,1.7384507656097412
1741033294582793500,89.41779345703125,-0.9607328772544861,-6.727771759033203,1.4965819120407104
1741033294592895200,89.42789526367187,-1.17268967628479,-6.902513027191162,1.2446080446243286
1741033294602997800,89.43799780273437,-1.3557615280151367,-6.9769206047058105,0.9400343894958496
1741033294613099500,89.448099609375,-1.3689415454864502,-7.022745132446289,0.7366393804550171
1741033294623202000,89.4582021484375,-1.198990821838379,-7.008959770202637,0.5992047786712646
1741033294633303800,89.4683037109375,-0.635164737701416,-6.751114845275879,0.6100034713745117
1741033294643406300,89.47840625,0.1382998824119568,-6.248133659362793,0.6729984283447266
1741033294653508400,89.48850830078125,0.7496421933174133,-5.636325836181641,0.7418488264083862
1741033294663611000,89.49861083984375,1.1110283136367798,-4.86850118637085,1.0074886083602905
1741033294673713200,89.50871313476563,1.4583759307861328,-3.803154945373535,1.3922277688980103
1741033294683815200,89.51881518554687,1.60734224319458,-2.2990522384643555,1.9080866575241089
1741033294693917400,89.52891748046875,1.6105197668075562,-0.23759746551513672,2.530189037322998
1741033294704019700,89.53901977539063,1.1792492866516113,2.3308181762695312,2.9041473865509033
1741033294714121700,89.54912182617187,0.5049747824668884,5.344125747680664,2.1373305320739746
1741033294724224000,89.55922412109375,0.025288939476013184,8.22866439819336,0.3654303550720215
1741033294734469000,89.56946923828124,0.48825275897979736,10.070176124572754,-2.302598237991333
1741033294744773600,89.57977368164063,1.3268051147460938,9.61860466003418,-4.26762056350708
1741033294755077400,89.59007739257812,1.4997659921646118,7.230899810791016,-4.761061191558838
1741033294765226800,89.60022680664062,2.2088687419891357,4.207587242126465,-4.831586837768555
1741033294775329300,89.61032934570312,3.8999030590057373,1.1808147430419922,-4.528479099273682
1741033294785431300,89.62043139648438,5.935188293457031,-1.1872806549072266,-4.905611038208008
1741033294795533600,89.63053344726562,10.438570022583008,-2.8715105056762695,-5.274982452392578
1741033294805635600,89.64063549804688,12.685758590698242,-2.647083282470703,-4.214919567108154
1741033294815737900,89.65073779296876,8.64808177947998,0.17340564727783203,-2.9296514987945557
1741033294825839900,89.66083984375,6.072365760803223,3.489582061767578,-2.836606502532959
1741033294835942700,89.67094262695312,6.732446670532227,5.206604957580566,-2.18965482711792
1741033294846044700,89.68104467773438,4.639115333557129,5.382087707519531,-0.6722211241722107
1741033294856147000,89.69114697265626,2.5700201988220215,3.943960189819336,0.7805210947990417
1741033294866249000,89.7012490234375,2.327289581298828,2.6808671951293945,2.2654829025268555
1741033294876351200,89.71135131835938,2.321882724761963,2.516481399536133,3.7045021057128906
1741033294886453200,89.72145336914062,2.202162742614746,3.3708839416503906,5.138265609741211
1741033294896555800,89.7315556640625,1.2729179859161377,4.757299423217773,6.475025177001953
1741033294906657500,89.74165747070313,-0.5941131114959717,6.232749938964844,7.671732425689697
1741033294916760000,89.75176000976562,-2.6672556400299072,7.225881576538086,8.784287452697754
1741033294926861800,89.76186181640625,-3.7783236503601074,6.821059226989746,8.84339714050293
1741033294936964400,89.77196435546875,-3.9467334747314453,4.6656494140625,7.150321960449219
1741033294947067000,89.78206689453125,-3.6097278594970703,2.194819450378418,5.167459487915039
1741033294957169000,89.7921689453125,-3.300158977508545,0.4697599411010742,3.5123355388641357
1741033294967271200,89.80227124023438,-3.2336409091949463,-0.6917991638183594,2.3848228454589844
1741033294977373200,89.81237329101563,-3.3924715518951416,-1.2924423217773438,1.8006089925765991
1741033294987475500,89.82247534179687,-3.340468645095825,-1.6768617630004883,1.5209765434265137
1741033294997577500,89.83257739257813,-3.460549831390381,-2.0082478523254395,1.4117107391357422
1741033295007679700,89.8426796875,-3.527660846710205,-2.482182025909424,1.377413034439087
1741033295017782000,89.85278198242187,-3.454080104827881,-3.1062216758728027,1.366942286491394
1741033295027884000,89.86288403320313,-3.3614718914031982,-3.911562442779541,1.19178307056427
1741033295037986300,89.872986328125,-3.11324405670166,-4.609554290771484,0.9876194596290588
1741033295048088300,89.88308837890625,-2.854494333267212,-5.206690311431885,0.8960551023483276
1741033295058190600,89.89319067382813,-2.6458754539489746,-5.650071144104004,0.843967080116272
1741033295068293400,89.90329345703125,-2.4622743129730225,-5.900846004486084,0.8953412771224976
1741033295078395100,89.91339501953125,-2.025432586669922,-6.043684959411621,0.9914306402206421
1741033295088497700,89.92349755859375,-1.0875203609466553,-6.152195930480957,1.1061828136444092
1741033295098599400,89.93359936523437,0.6582350730895996,-6.213221073150635,1.1416248083114624
1741033295108702000,89.94370190429687,2.8459951877593994,-6.143423080444336,1.2535037994384766
1741033295118803700,89.9538037109375,3.4450037479400635,-5.896745681762695,1.6612496376037598
1741033295128906200,89.96390625,0.2591177523136139,-6.188545227050781,1.4428976774215698
1741033295139008300,89.97400830078125,-3.41192626953125,-6.254306793212891,0.8368427157402039
1741033295149110500,89.98411059570313,-6.969058036804199,-5.581109046936035,0.12049776315689087
1741033295159212500,89.99421264648437,-8.585856437683105,-4.5538153648376465,-0.472467839717865
1741033295169314800,90.00431469726563,-9.75525951385498,-3.9643778800964355,-1.243312120437622
1741033295179416800,90.01441674804687,-9.226974487304688,-3.718545436859131,-1.8152849674224854
1741033295189519600,90.02451953125,-8.566781997680664,-3.5514516830444336,-2.2455861568450928
1741033295199621600,90.03462158203125,-7.782939910888672,-3.3556761741638184,-2.3923234939575195
1741033295209724000,90.04472387695313,-7.330705642700195,-2.720486640930176,-2.2185466289520264
1741033295219826000,90.05482592773437,-7.293116569519043,-1.7262382507324219,-1.5343480110168457
1741033295229928200,90.06492822265625,-7.114808559417725,-0.5062780380249023,-0.5516754388809204
1741033295240030200,90.0750302734375,-6.625351905822754,1.0054521560668945,0.44326719641685486
1741033295250132700,90.0851328125,-5.819063186645508,2.7549591064453125,1.5491633415222168
1741033295260234500,90.095234375,-4.664637088775635,4.683173179626465,3.028268575668335
1741033295270337000,90.1053369140625,-3.087707042694092,6.759516716003418,4.105794429779053
1741033295280438800,90.11543872070312,-1.3475370407104492,8.415111541748047,4.523526191711426
1741033295290541300,90.12554125976563,0.10768061876296997,8.588506698608398,4.184131145477295
1741033295300643800,90.13564379882813,1.1467478275299072,7.5281476974487305,2.996953010559082
1741033295310745900,90.14574584960937,1.2521934509277344,6.24916934967041,1.5385346412658691
1741033295320848000,90.15584790039063,1.179107427597046,5.884420394897461,0.2950715720653534
1741033295330950100,90.1659501953125,0.9437351226806641,6.886518478393555,-0.3120298385620117
1741033295341052200,90.17605224609375,2.288816452026367,7.741542816162109,-1.1564713716506958
1741033295351154400,90.18615454101563,5.145895957946777,7.57598876953125,-2.407188892364502
1741033295361256400,90.19625634765625,4.9730119705200195,5.788581848144531,-3.77471661567688
1741033295371359000,90.20635888671875,4.327065467834473,2.8458547592163086,-4.202132701873779
1741033295381460700,90.21646069335938,4.5113396644592285,0.5550804138183594,-3.2171201705932617
1741033295391563300,90.22656323242188,4.256752014160156,-0.8249540328979492,-2.5332436561584473
1741033295401665000,90.2366650390625,3.0289294719696045,-1.1725711822509766,-1.847312569618225
1741033295411767600,90.246767578125,2.6096909046173096,-0.41699790954589844,-1.4491145610809326
1741033295421869300,90.25686938476562,3.5545740127563477,1.1033935546875,-0.5917997360229492
1741033295431972000,90.26697216796875,4.605114936828613,2.7827014923095703,0.6787129044532776
1741033295442074400,90.27707446289062,5.164517402648926,3.578195571899414,1.711011290550232
1741033295452176400,90.28717626953124,5.049342155456543,2.849916458129883,1.7617321014404297
1741033295462278700,90.29727856445312,3.9060089588165283,1.1719074249267578,0.920835018157959
1741033295472380700,90.30738061523438,1.442716360092163,-0.19182777404785156,-0.11449728906154633
1741033295482483000,90.31748291015624,-1.3612979650497437,-0.8701419830322266,-0.6043109893798828
1741033295492585200,90.32758520507812,-2.4173519611358643,-1.064168930053711,-0.1522090584039688
1741033295502687200,90.33768725585938,-0.8994623422622681,-1.4988994598388672,0.5570687055587769
1741033295512789500,90.34778955078124,0.8216876983642578,-2.215773105621338,1.2019904851913452
1741033295522891500,90.3578916015625,1.93290376663208,-2.8066563606262207,2.0817692279815674
1741033295532993800,90.36799389648438,2.5905661582946777,-3.31929874420166,2.6377780437469482
1741033295543095800,90.378095703125,2.7872753143310547,-3.739643096923828,2.972273349761963
1741033295553198300,90.3881982421875,2.660212755203247,-4.145124435424805,2.921450614929199
1741033295563300900,90.39830078125,2.7394893169403076,-4.474705696105957,2.555206775665283
1741033295573402600,90.40840258789062,2.7644801139831543,-4.743499755859375,2.140058755874634
1741033295583505200,90.41850512695312,2.425640106201172,-4.973995685577393,1.8960607051849365
1741033295593607000,90.42860693359376,1.549460530281067,-5.148585796356201,1.6789379119873047
1741033295603709400,90.43870947265626,0.4883677363395691,-5.330982685089111,1.5402811765670776
1741033295613811500,90.4488115234375,-0.06324177980422974,-5.494925022125244,1.5177874565124512
1741033295623913700,90.45891381835938,-0.4109717011451721,-5.774172306060791,1.5168132781982422
1741033295634015700,90.469015625,-0.6989541053771973,-6.056082725524902,1.491814374923706
1741033295644118000,90.47911791992188,-0.7352049350738525,-6.356955528259277,1.4479587078094482
1741033295654220000,90.48921997070312,-0.7607201337814331,-6.6405534744262695,1.2989857196807861
1741033295664322300,90.499322265625,-0.7217801809310913,-6.718570709228516,1.197474479675293
1741033295674424600,90.50942456054688,-0.5546279549598694,-6.608813285827637,1.2094937562942505
1741033295684526600,90.51952661132813,-0.3625810146331787,-6.159014701843262,1.352333426475525
1741033295694628900,90.52962890625,0.12863385677337646,-5.371567249298096,1.5399739742279053
1741033295704731400,90.5397314453125,0.7349152565002441,-4.597161293029785,1.5826456546783447
1741033295714833400,90.54983349609375,1.231520414352417,-3.8171939849853516,1.4202907085418701
1741033295724936000,90.55993603515626,1.541654348373413,-2.6749305725097656,1.3423638343811035
1741033295735037700,90.57003759765625,1.7055959701538086,-1.0304632186889648,1.572725534439087
1741033295745140200,90.58014013671875,1.6935745477676392,1.349329948425293,1.927460789680481
1741033295755242000,90.59024194335937,1.1707375049591064,4.315206527709961,2.169734239578247
1741033295765344500,90.60034448242187,0.306416392326355,7.504485130310059,2.2303409576416016
1741033295775446300,90.6104462890625,0.2067861557006836,9.287080764770508,0.8260863423347473
1741033295785548800,90.620548828125,1.530893087387085,8.955949783325195,-1.7846856117248535
1741033295795650800,90.63065087890625,0.7725595235824585,6.947680473327637,-3.7373013496398926
1741033295805753000,90.64075317382813,-1.776009440422058,4.956911087036133,-4.051965236663818
1741033295815855000,90.65085522460937,-3.028414726257324,4.075620651245117,-4.499053955078125
1741033295825957400,90.66095727539063,-1.2268372774124146,3.2434558868408203,-5.23197078704834
1741033295836059400,90.67105932617187,4.39070987701416,1.7248668670654297,-5.174426078796387
1741033295846161700,90.68116162109375,12.802886009216309,-0.4829397201538086,-4.294824600219727
1741033295856264000,90.69126391601563,13.554363250732422,0.32606029510498047,-3.1412150859832764
1741033295866366500,90.70136645507813,10.067914962768555,3.0493392944335938,-2.1378061771392822
1741033295876468500,90.71146850585937,6.930886268615723,4.560309410095215,-1.693054437637329
1741033295886570800,90.72157080078125,3.6898701190948486,3.5688886642456055,-1.0751574039459229
1741033295896672500,90.73167260742187,2.2745518684387207,2.1619272232055664,0.20330703258514404
1741033295906775300,90.741775390625,1.7287647724151611,2.185575485229492,1.1919598579406738
1741033295916877000,90.751876953125,1.1842982769012451,3.329348564147949,1.9949252605438232
1741033295926979600,90.7619794921875,0.5928606986999512,5.151125907897949,2.9670770168304443
1741033295937081300,90.77208129882813,-0.10499048233032227,7.093356132507324,4.148726463317871
1741033295947183600,90.78218359375,-1.043452501296997,8.374802589416504,5.288728713989258
1741033295957285600,90.79228564453125,-2.2335946559906006,8.240689277648926,6.0583319664001465
1741033295967388000,90.80238793945313,-3.160606622695923,6.339607238769531,5.879868984222412
1741033295977490200,90.812490234375,-3.5034279823303223,3.2300872802734375,4.690565586090088
1741033295987592200,90.82259228515625,-3.616509437561035,0.7598114013671875,3.569765329360962
1741033295997694500,90.83269458007813,-3.176196575164795,-0.8304262161254883,2.7561800479888916
1741033296007796500,90.84279638671875,-3.0671682357788086,-1.8682098388671875,2.016324758529663
1741033296017899000,90.85289892578125,-3.3662619590759277,-2.545788288116455,1.47279953956604
1741033296028001500,90.86300146484375,-3.4929165840148926,-3.0741915702819824,1.1619713306427002
1741033296038103300,90.87310327148438,-3.2885918617248535,-3.574702739715576,1.0828536748886108
1741033296048205800,90.88320581054687,-3.1707763671875,-4.103520393371582,1.0672221183776855
1741033296058307600,90.8933076171875,-2.948729991912842,-4.659857273101807,1.040822982788086
1741033296068410000,90.90341015625,-2.8037362098693848,-5.206678867340088,1.008406162261963
1741033296078512000,90.91351220703125,-2.666393518447876,-5.656096935272217,0.9892250299453735
1741033296088614400,90.92361450195312,-2.4855902194976807,-5.985959053039551,0.9773665070533752
1741033296098716400,90.93371630859374,-2.264906406402588,-6.238799095153809,1.015732765197754
1741033296108818700,90.94381860351562,-1.9318296909332275,-6.358469009399414,1.1111109256744385
1741033296118920700,90.95392065429688,-1.4773344993591309,-6.371898651123047,1.1813240051269531
1741033296129023000,90.96402294921874,-0.6986269950866699,-6.207801818847656,1.1820549964904785
1741033296139125200,90.97412524414062,0.40862810611724854,-5.936692714691162,1.180910587310791
1741033296149227300,90.98422729492188,0.6762564182281494,-5.629610538482666,1.0825508832931519
1741033296159329500,90.99432958984374,-0.4039154052734375,-5.380137920379639,0.821314811706543
1741033296169431600,91.004431640625,-1.8383225202560425,-5.142895221710205,0.41732460260391235
1741033296179533800,91.01453393554688,-2.756204843521118,-4.646932125091553,0.12933388352394104
1741033296189635800,91.0246357421875,-3.89190411567688,-3.9380240440368652,0.1365586817264557
1741033296199738400,91.03473828125,-4.236743450164795,-2.854729175567627,0.3552837669849396
1741033296209841000,91.0448408203125,-4.788575649261475,-1.7204527854919434,0.49876081943511963
1741033296219942700,91.05494262695312,-5.635086536407471,-0.6919946670532227,0.3405539393424988
1741033296230045200,91.06504516601562,-5.811264991760254,0.2079153060913086,0.1774151623249054
1741033296240147000,91.07514697265626,-5.671497344970703,0.8667802810668945,0.27955150604248047
1741033296250249500,91.08524951171874,-5.263707637786865,1.4462461471557617,0.5175557732582092
1741033296260351500,91.0953515625,-4.623477935791016,2.046266555786133,0.793150782585144
1741033296270453800,91.10545385742188,-3.7313950061798096,2.8417482376098633,1.2318826913833618
1741033296280555800,91.1155556640625,-2.8854494094848633,3.9242324829101562,1.666910171508789
1741033296290658000,91.12565795898438,-2.1148173809051514,4.887310028076172,1.7548075914382935
1741033296300760000,91.13576000976562,-1.669346570968628,5.4068450927734375,1.338759183883667
1741033296310862300,91.1458623046875,-1.062103509902954,5.416207313537598,0.6560494303703308
1741033296320964600,91.15596459960938,-0.9203006029129028,5.249325752258301,-0.025444120168685913
1741033296331066600,91.16606665039062,-0.9795048832893372,4.935784339904785,-0.7341936230659485
1741033296341169000,91.1761689453125,-0.9266350269317627,4.416727066040039,-1.590826392173767
1741033296351271000,91.18627099609375,-0.8147706985473633,4.401514053344727,-2.085686683654785
1741033296361373200,91.19637329101562,-0.44307154417037964,5.169153213500977,-2.4691829681396484
1741033296371475200,91.20647509765625,0.08185350894927979,6.192164421081543,-3.1861445903778076
1741033296381577700,91.21657763671875,1.6374346017837524,6.129581451416016,-4.568416118621826
1741033296391680300,91.22668017578125,3.2229666709899902,4.852447509765625,-4.548333644866943
1741033296401782000,91.23678198242187,3.912929058074951,2.6070919036865234,-4.002635955810547
1741033296411884500,91.24688452148438,4.070356845855713,0.46517467498779297,-3.45916485786438
1741033296421986300,91.256986328125,3.2908449172973633,-0.8562345504760742,-3.1553807258605957
1741033296432088800,91.2670888671875,3.1360883712768555,-0.9274778366088867,-2.751361131668091
1741033296442190800,91.27719091796875,3.5230278968811035,0.38140392303466797,-2.277545690536499
1741033296452293000,91.28729321289063,3.716583728790283,2.4378881454467773,-1.341784119606018
1741033296462395100,91.29739501953125,2.872553825378418,3.9810590744018555,-0.45912879705429077
1741033296472497200,91.3074970703125,1.7724227905273438,4.420449256896973,0.029213815927505493
1741033296482599400,91.31759936523437,2.0198159217834473,3.5732078552246094,0.31547874212265015
1741033296492701400,91.32770141601563,2.4098551273345947,2.094820976257324,0.2290501594543457
1741033296502804000,91.33780395507813,2.1328229904174805,0.8105888366699219,-0.08318862318992615
1741033296512905700,91.34790576171875,1.6665441989898682,-0.11090087890625,-0.1809886395931244
1741033296523008300,91.35800830078125,1.1239063739776611,-0.9125442504882812,-0.2315395623445511
1741033296533110000,91.36811010742187,0.44574636220932007,-1.566446304321289,-0.37582647800445557
1741033296543212500,91.37821264648437,-0.0694926381111145,-2.198446750640869,-0.31621289253234863
1741033296553314300,91.38831420898437,-0.006308436393737793,-2.5109100341796875,0.1273036003112793
1741033296563416800,91.39841674804687,0.7202155590057373,-2.7526278495788574,0.9132176041603088
1741033296573518800,91.40851879882813,1.1749229431152344,-3.13704252243042,1.6018013954162598
1741033296583621400,91.41862133789063,1.751855492591858,-3.6373891830444336,2.2403905391693115
1741033296593723600,91.4287236328125,2.3528785705566406,-4.196695804595947,2.8167052268981934
1741033296603825700,91.43882568359375,2.3145346641540527,-5.018202304840088,2.6685330867767334
1741033296613928000,91.44892797851563,1.908139944076538,-5.652172088623047,2.543794631958008
1741033296624030200,91.4590302734375,1.2450119256973267,-6.185500144958496,2.3939626216888428
1741033296634239700,91.46923974609375,0.5467778444290161,-6.443605422973633,2.370478630065918
1741033296644544300,91.47954418945312,0.09550976753234863,-6.621446132659912,2.1738972663879395
1741033296654848000,91.48984790039063,-0.3523285388946533,-6.803057670593262,1.8549522161483765
1741033296665026300,91.5000263671875,-0.7155967950820923,-6.864498138427734,1.7969964742660522
1741033296675134700,91.510134765625,-0.8230679035186768,-6.918552398681641,1.624269723892212
1741033296685237200,91.5202373046875,-0.9012817144393921,-6.896032333374023,1.4653069972991943
1741033296695339000,91.53033911132812,-0.8879950046539307,-6.6042633056640625,1.3583471775054932
1741033296705441800,91.54044189453126,-0.7245007753372192,-5.94246768951416,1.4131433963775635
1741033296715544300,91.55054443359376,-0.49295008182525635,-5.154416084289551,1.5664103031158447
1741033296725646000,91.56064599609375,-0.15865063667297363,-4.389501094818115,1.592576265335083
1741033296735748400,91.57074829101562,0.18496417999267578,-3.5933642387390137,1.6081472635269165
1741033296745850400,91.58085034179688,0.46980607509613037,-2.5613903999328613,1.6772844791412354
1741033296755952600,91.59095263671875,0.5481513738632202,-1.2593202590942383,1.9586820602416992
1741033296766055000,91.60105493164062,0.6263501644134521,0.33410167694091797,2.2168972492218018
1741033296776157000,91.61115698242187,0.5221600532531738,2.328245162963867,2.545438528060913
1741033296786259200,91.62125927734375,0.022008419036865234,4.623465538024902,2.6754398345947266
1741033296796361200,91.631361328125,-1.2638602256774902,6.512026786804199,1.6771259307861328
1741033296806463500,91.64146337890625,-2.6751956939697266,7.583622932434082,-0.44074252247810364
1741033296816565500,91.6515654296875,-3.3930132389068604,7.010868072509766,-2.7682602405548096
1741033296826668000,91.66166796875,-4.0412492752075195,5.587693214416504,-4.408432960510254
1741033296836769800,91.67176977539063,-2.8739380836486816,4.21378231048584,-5.40914249420166
1741033296846872300,91.68187231445313,-0.37696194648742676,2.1546220779418945,-6.361593723297119
1741033296856974000,91.69197412109375,3.621715784072876,0.020196914672851562,-6.544151782989502
1741033296867076600,91.70207666015625,8.627239227294922,-1.5386548042297363,-5.9420485496521
1741033296877178400,91.71217846679687,13.647427558898926,-3.0540080070495605,-5.311158657073975
1741033296887281000,91.72228100585937,13.059478759765625,-2.7009081840515137,-4.483435153961182
1741033296897383000,91.7323828125,9.38477897644043,-0.45064258575439453,-2.664642095565796
1741033296907485200,91.74248510742187,6.308014869689941,2.5211610794067383,-0.6861372590065002
1741033296917587200,91.75258715820313,4.459602355957031,5.118486404418945,0.4442884027957916
1741033296927689500,91.762689453125,2.893451690673828,6.675684928894043,1.4042603969573975
1741033296937791500,91.77279150390625,1.6004772186279297,7.239121437072754,1.976135015487671
1741033296947894300,91.78289428710937,0.18900394439697266,7.016121864318848,1.6642100811004639
1741033296957996300,91.79299633789063,-0.30517005920410156,5.856993675231934,1.13930082321167
1741033296968098600,91.8030986328125,-0.7205957174301147,4.643561363220215,1.0878190994262695
1741033296978200600,91.81320068359375,-1.272100567817688,4.24247932434082,1.8633671998977661
1741033296988302800,91.823302734375,-2.1556222438812256,4.667840003967285,3.2231788635253906
1741033296998404900,91.83340478515625,-2.8030381202697754,4.997591018676758,4.4279046058654785
1741033297008507400,91.84350732421875,-3.638988494873047,4.639368057250977,5.114968299865723
1741033297018609200,91.85360913085937,-4.229445457458496,3.6972732543945312,5.168500900268555
1741033297028711700,91.86371166992187,-4.332705020904541,2.308741569519043,4.533583164215088
1741033297038813400,91.8738134765625,-4.294403076171875,0.9285688400268555,3.365650177001953
1741033297048916000,91.883916015625,-3.90515398979187,-0.23963642120361328,2.0958311557769775
1741033297059066400,91.89406640625,-3.413334369659424,-1.1867341995239258,1.3094381093978882
1741033297069371000,91.90437084960938,-3.0246195793151855,-2.1255006790161133,0.9520966410636902
1741033297079675000,91.9146748046875,-2.8344297409057617,-2.943852424621582,0.8067715167999268
1741033297089901000,91.92490112304688,-2.720517635345459,-3.5889601707458496,0.8052387237548828
1741033297100020700,91.93502075195312,-2.6585030555725098,-4.151501655578613,0.838241457939148
1741033297110123300,91.94512329101562,-2.551058769226074,-4.648632526397705,0.8853309154510498
1741033297120225300,91.95522534179688,-2.4713709354400635,-5.018863677978516,0.919536828994751
1741033297130327600,91.96532763671875,-2.3288116455078125,-5.273059844970703,1.0199767351150513
1741033297140429600,91.9754296875,-2.246483564376831,-5.439485549926758,1.113150954246521
1741033297150532000,91.98553198242188,-2.095139503479004,-5.583883285522461,1.1691786050796509
1741033297160633900,91.9956337890625,-1.8259578943252563,-5.623652458190918,1.256832242012024
1741033297170736400,92.005736328125,-1.5668960809707642,-5.545619010925293,1.4070829153060913
1741033297181041000,92.016041015625,-1.4248753786087036,-5.355790615081787,1.5439891815185547
1741033297191345400,92.02634545898438,-1.2864625453948975,-5.010496139526367,1.5771502256393433
1741033297201610200,92.0366103515625,-1.1234829425811768,-4.462701320648193,1.5342111587524414
1741033297211739000,92.04673876953125,-0.8613201379776001,-3.910438060760498,1.436780333518982
1741033297221841000,92.0568408203125,-0.5041502118110657,-3.4386048316955566,1.1212043762207031
1741033297231943200,92.06694311523438,-0.3708193302154541,-3.0631065368652344,0.732306718826294
1741033297242045400,92.07704541015624,-1.2344790697097778,-2.746509075164795,0.1756419688463211
1741033297252147500,92.0871474609375,-2.425290584564209,-2.494037628173828,-0.3619319200515747
1741033297262249700,92.09724975585938,-3.2970428466796875,-2.0126891136169434,-0.6118093729019165
1741033297272352300,92.10735229492188,-3.4618401527404785,-1.4471311569213867,-0.5841243863105774
1741033297282454300,92.11745434570312,-3.258190155029297,-0.7418422698974609,-0.3116433620452881
1741033297292556800,92.12755688476562,-3.1053216457366943,0.22959232330322266,-0.013644732534885406
1741033297302658600,92.13765844726562,-2.710019588470459,1.3347930908203125,0.2675310969352722
1741033297312761000,92.14776098632812,-2.5776748657226562,2.4587020874023438,0.46241477131843567
1741033297323053800,92.1580537109375,-2.370490550994873,3.423673629760742,0.5159916877746582
1741033297333358000,92.16835815429687,-2.077956438064575,4.197089195251465,0.44595497846603394
1741033297343633000,92.1786328125,-1.6773676872253418,4.518003463745117,0.1459828019142151
1741033297353763600,92.188763671875,-1.351773738861084,4.4850664138793945,-0.20598463714122772
1741033297363865600,92.19886547851563,-0.8391931056976318,4.284195899963379,-0.7113352417945862
1741033297373968000,92.2089677734375,-0.025620698928833008,4.022050857543945,-1.3846938610076904
1741033297384070100,92.21907006835937,0.6652740240097046,4.084141731262207,-1.773167371749878
1741033297394172200,92.22917211914063,1.5690279006958008,4.513422966003418,-2.9924051761627197
1741033297404274400,92.2392744140625,1.5011374950408936,6.019145965576172,-3.4780049324035645
1741033297414376400,92.24937646484375,1.6411473751068115,7.8740081787109375,-3.5486550331115723
1741033297424478700,92.25947875976563,3.1181483268737793,8.607381820678711,-4.233792304992676
1741033297434580700,92.26958081054687,6.120883941650391,7.457850456237793,-3.965836524963379
1741033297444683300,92.27968334960937,6.452571392059326,4.396145820617676,-2.8944389820098877
1741033297454785800,92.28978588867187,5.288845062255859,0.9815683364868164,-2.495457649230957
1741033297464887600,92.29988745117187,2.5945253372192383,-1.0301694869995117,-1.5882678031921387
1741033297474990000,92.30998999023437,0.9056270122528076,-1.7501811981201172,-1.3342539072036743
1741033297485091800,92.320091796875,1.0625516176223755,-0.887420654296875,-1.0366020202636719
1741033297495194400,92.3301943359375,2.0238027572631836,1.537480354309082,-0.12469616532325745
1741033297505296400,92.34029638671875,2.837836503982544,4.165966033935547,1.0946892499923706
1741033297515398700,92.35039868164063,3.2048308849334717,5.488822937011719,1.9533427953720093
1741033297525500700,92.36050073242187,2.998673677444458,4.937458038330078,1.9827035665512085
1741033297535603000,92.37060302734375,2.2146687507629395,3.037799835205078,1.0942732095718384
1741033297545705000,92.380705078125,1.0798529386520386,1.4221878051757812,0.3588334023952484
1741033297555807200,92.39080712890625,-0.17003701627254486,0.4797229766845703,0.17081120610237122
1741033297565909500,92.40090942382812,-0.6923921704292297,-0.5448265075683594,0.19942307472229004
1741033297576011500,92.41101147460938,-0.7197732329368591,-1.253408432006836,0.6416913270950317
1741033297586113800,92.42111376953125,-0.21207213401794434,-1.8345880508422852,1.4234981536865234
1741033297596215800,92.4312158203125,0.09905242174863815,-2.1047801971435547,2.3490383625030518
1741033297606318000,92.44131811523438,0.38252338767051697,-2.304786205291748,3.2939553260803223
1741033297616420000,92.45142016601562,0.6257275342941284,-2.8453369140625,3.801351547241211
1741033297626522600,92.46152270507812,1.0433862209320068,-3.6592516899108887,3.7575740814208984
1741033297636624400,92.47162426757812,1.321677565574646,-4.405981540679932,3.7966670989990234
1741033297646727000,92.48172680664062,1.3420164585113525,-5.112521648406982,3.7161266803741455
1741033297656828700,92.49182861328126,1.2608935832977295,-5.602102279663086,3.5345821380615234
1741033297666931200,92.50193115234374,1.0187618732452393,-6.122931957244873,2.9700047969818115
1741033297677033000,92.51203295898438,0.7662432193756104,-6.671814918518066,2.3144798278808594
1741033297687135500,92.52213549804688,0.42649155855178833,-7.093611717224121,1.652379035949707
1741033297697237500,92.53223754882812,-0.049015700817108154,-7.359443664550781,1.1010258197784424
1741033297707339800,92.54233984375,-0.44929665327072144,-7.560232162475586,0.747940182685852
1741033297717441800,92.55244189453126,-0.6291323304176331,-7.670708656311035,0.4644554853439331
1741033297727543800,92.56254370117188,-0.6872196793556213,-7.6721625328063965,0.2165161371231079
1741033297737646000,92.57264599609375,-0.5159170627593994,-7.458186149597168,0.03058314323425293
1741033297747748000,92.582748046875,-0.10694211721420288,-6.750489711761475,0.15526580810546875
1741033297757850600,92.5928505859375,0.3908730745315552,-5.869542121887207,0.4625706672668457
1741033297767952400,92.60295239257813,0.673529863357544,-4.975715637207031,0.6133859753608704
1741033297778055000,92.61305493164062,0.874699592590332,-3.9720611572265625,0.777567982673645
1741033297788156700,92.62315673828125,1.1546525955200195,-2.785536766052246,1.045759916305542
1741033297798259200,92.63325927734375,1.3371326923370361,-1.530646800994873,1.2502095699310303
1741033297808361000,92.64336083984375,1.4000248908996582,-0.14656925201416016,1.4109487533569336
1741033297818463500,92.65346337890625,1.3156954050064087,1.3735971450805664,1.5371832847595215
1741033297828565500,92.6635654296875,1.0937000513076782,3.1756134033203125,1.5223331451416016
1741033297838667800,92.67366772460937,0.8332134485244751,5.052252769470215,1.3254730701446533
1741033297848769800,92.68376977539063,0.6278860569000244,6.503359794616699,0.7366458177566528
1741033297858872000,92.6938720703125,0.6240353584289551,6.802417755126953,-0.27152329683303833
1741033297868974000,92.70397412109375,0.18348777294158936,6.055889129638672,-2.0272164344787598
1741033297879076400,92.71407641601563,-0.6078873872756958,4.840147972106934,-3.592090368270874
1741033297889178600,92.7241787109375,-0.9574438333511353,3.929431915283203,-4.615333080291748
1741033297899280600,92.73428076171875,0.7356500625610352,2.741032600402832,-5.2780256271362305
1741033297909383000,92.7443828125,3.8037588596343994,1.2524280548095703,-6.134315013885498
1741033297919485000,92.75448486328125,7.846901893615723,0.5730504989624023,-6.3536057472229
1741033297929587200,92.76458715820313,11.995023727416992,0.569091796875,-5.201124668121338
1741033297939689200,92.77468920898437,12.668924331665039,1.4147968292236328,-3.5506317615509033
1741033297949791700,92.78479174804687,9.9696683883667,3.4540510177612305,-2.101979970932007
1741033297959893500,92.7948935546875,7.667859077453613,5.477682113647461,-0.7987962961196899
1741033297969996000,92.80499609375,3.6027309894561768,5.681647300720215,-0.6915048956871033
1741033297980097800,92.81509790039063,0.9133865833282471,4.168993949890137,-0.39200013875961304
1741033297990200300,92.82520043945313,0.1398448944091797,2.6862058639526367,0.24744755029678345
1741033298000302300,92.83530224609375,0.510667085647583,2.192934989929199,0.9913415312767029
1741033298010404600,92.84540454101563,0.08962297439575195,2.908834457397461,1.5692472457885742
1741033298020506600,92.85550659179688,-0.8008286952972412,4.582061767578125,2.4505858421325684
1741033298030609000,92.86560888671875,-1.1892619132995605,6.291469573974609,3.692800521850586
1741033298040711000,92.8757109375,-2.148940086364746,7.042743682861328,4.697788715362549
1741033298050813200,92.88581323242188,-2.6869828701019287,6.168505668640137,5.2404680252075195
1741033298060915500,92.89591552734375,-2.6997056007385254,4.282473564147949,5.077264785766602
1741033298071017500,92.906017578125,-2.7900655269622803,2.316287040710449,4.5473713874816895
1741033298081119700,92.91611962890624,-2.863832950592041,0.9423084259033203,4.025282859802246
1741033298091221800,92.9262216796875,-2.9346070289611816,-0.157379150390625,3.4238016605377197
1741033298101324000,92.93632397460938,-3.037292003631592,-1.1058454513549805,2.770479917526245
1741033298111425800,92.94642578125,-3.020854949951172,-1.9217915534973145,2.22114896774292
1741033298121528600,92.95652856445312,-2.7804927825927734,-2.6546359062194824,1.8977382183074951
1741033298131630300,92.96663037109376,-2.58980655670166,-3.370452880859375,1.6764235496520996
1741033298141732900,92.97673291015624,-2.511650562286377,-4.065616130828857,1.4819526672363281
1741033298151834600,92.98683471679688,-2.416212558746338,-4.649217128753662,1.347929835319519
1741033298161937000,92.99693701171876,-2.2149646282196045,-5.13181209564209,1.2806267738342285
1741033298172039000,93.00703881835938,-2.088599443435669,-5.543453693389893,1.2637302875518799
1741033298182141200,93.01714111328126,-1.9118971824645996,-5.857499122619629,1.3020477294921875
1741033298192243500,93.02724340820312,-1.7808177471160889,-6.114368438720703,1.3558375835418701
1741033298202345500,93.03734545898438,-1.6779274940490723,-6.250748634338379,1.4571641683578491
1741033298212447700,93.04744775390625,-1.5398991107940674,-6.207268714904785,1.6277137994766235
1741033298222550300,93.05755029296876,-1.2474591732025146,-5.845372200012207,1.9300627708435059
1741033298232652300,93.06765234375,-0.4505329132080078,-5.277700901031494,2.1302196979522705
1741033298242754800,93.0777548828125,1.0145273208618164,-4.792010307312012,2.064133882522583
1741033298252856600,93.08785668945312,1.6638644933700562,-4.322914123535156,1.855926275253296
1741033298262959000,93.097958984375,0.10134857892990112,-4.055537223815918,1.3673129081726074
1741033298273061600,93.1080615234375,-1.7603967189788818,-3.979672431945801,0.7161476612091064
1741033298283354400,93.11835424804687,-3.5128135681152344,-3.671689033508301,0.017114490270614624
1741033298293659000,93.12865893554688,-3.5705199241638184,-3.285214424133301,-0.25854426622390747
1741033298303933200,93.13893310546875,-3.667775869369507,-2.8927054405212402,-0.24037852883338928
1741033298314063600,93.14906372070313,-3.7379298210144043,-2.542567253112793,-0.19771835207939148
1741033298324166400,93.15916650390625,-4.183588027954102,-1.8243560791015625,-0.4015042185783386
1741033298334340400,93.16934033203125,-4.704257011413574,-0.6448049545288086,-0.2873924970626831
1741033298344644600,93.17964453125,-4.788252830505371,0.7406139373779297,0.10970767587423325
1741033298354948600,93.18994848632812,-4.594824314117432,2.0695037841796875,0.7478353977203369
1741033298365155300,93.2001552734375,-4.103332996368408,3.459758758544922,1.585512399673462
1741033298375271000,93.21027099609375,-3.251201629638672,4.536242485046387,2.2374141216278076
1741033298385373000,93.220373046875,-2.257169246673584,5.067224502563477,2.5058724880218506
1741033298395475200,93.23047509765625,-1.493667721748352,5.1085205078125,2.060189723968506
1741033298405577200,93.2405771484375,-0.7657233476638794,4.995972633361816,1.304457664489746
1741033298415679500,93.25067944335937,-0.5925531983375549,5.010745048522949,0.45068755745887756
1741033298425781500,93.26078149414063,-0.29379338026046753,4.91336727142334,-0.5329416394233704
1741033298435884000,93.27088403320313,-0.42433711886405945,4.538679122924805,-1.6965763568878174
1741033298445985800,93.28098583984375,-0.21390950679779053,4.683403968811035,-2.529479503631592
1741033298456088300,93.29108837890625,0.45448553562164307,5.54237174987793,-3.044065475463867
1741033298466190000,93.30119018554687,1.4735716581344604,6.696446418762207,-4.033596515655518
1741033298476292400,93.31129223632813,3.5206947326660156,7.482962608337402,-5.281493186950684
1741033298486394600,93.32139453125,3.502894878387451,7.353736877441406,-4.8891143798828125
1741033298496496600,93.33149658203125,4.670357704162598,5.031925201416016,-3.832179069519043
1741033298506599000,93.34159887695313,5.486850738525391,1.9891510009765625,-3.307180643081665
1741033298516701000,93.35170092773437,3.5973281860351562,-0.37619972229003906,-3.0389556884765625
1741033298526803200,93.36180322265625,1.7571271657943726,-1.6904993057250977,-2.5168018341064453
1741033298536905200,93.3719052734375,1.0653389692306519,-1.575566291809082,-1.85621976852417
1741033298547007700,93.3820078125,1.6460356712341309,0.1520862579345703,-1.4694796800613403
1741033298557109500,93.39210961914063,2.7247259616851807,2.5316638946533203,-0.8250626921653748
1741033298567212000,93.4022119140625,2.9707915782928467,4.091334342956543,0.19070062041282654
1741033298577313800,93.41231372070312,2.4020004272460938,4.171391487121582,0.7794052958488464
1741033298587416300,93.42241625976563,1.8069180250167847,2.766498565673828,0.7465411424636841
1741033298597518000,93.43251806640625,1.5851895809173584,1.0422897338867188,0.284518837928772
1741033298607620600,93.44262060546875,1.2509938478469849,-0.19018840789794922,-0.2918991446495056
1741033298617722600,93.45272265625,0.733730673789978,-1.0511999130249023,-0.6549715399742126
1741033298627825000,93.46282495117188,0.31745097041130066,-1.6922435760498047,-0.66518634557724
1741033298637927000,93.47292700195312,-0.11002511531114578,-2.1798129081726074,-0.43199461698532104
1741033298648029200,93.483029296875,-0.19202092289924622,-2.843080997467041,-0.3171861469745636
1741033298658131500,93.49313134765625,0.24166342616081238,-3.4806694984436035,-0.15190699696540833
1741033298668233500,93.5032333984375,0.659393310546875,-3.8383326530456543,0.41264215111732483
1741033298678335700,93.51333569335938,1.2378180027008057,-3.982819080352783,1.291745662689209
1741033298688437800,93.52343774414062,1.6222496032714844,-4.235911846160889,1.8618502616882324
1741033298698540000,93.5335400390625,1.9619553089141846,-4.554934024810791,2.042300224304199
1741033298708642000,93.54364208984374,2.062060594558716,-4.950019359588623,1.9747155904769897
1741033298718744600,93.55374462890624,2.116472005844116,-5.229689598083496,1.8126630783081055
1741033298728846300,93.56384643554688,1.851237177848816,-5.441720008850098,1.5977810621261597
1741033298738948900,93.57394897460938,1.2818351984024048,-5.44153356552124,1.6378906965255737
1741033298749050600,93.58405053710938,0.6453665494918823,-5.379086971282959,1.8979243040084839
1741033298759153200,93.59415307617188,0.18487727642059326,-5.359581470489502,2.152869939804077
1741033298769255000,93.6042548828125,-0.2572234869003296,-5.388286590576172,2.269664764404297
1741033298779357400,93.614357421875,-0.4333932399749756,-5.521263122558594,2.295767307281494
1741033298789459500,93.62445947265626,-0.4408332109451294,-5.613465309143066,2.4010396003723145
1741033298799561700,93.63456176757812,-0.3879740238189697,-5.592577934265137,2.4658353328704834
1741033298809663700,93.64466381835938,-0.21180450916290283,-5.536411285400391,2.4095587730407715
1741033298819766000,93.65476611328126,-0.05922079086303711,-5.2743330001831055,2.303605556488037
1741033298829868000,93.66486791992187,0.4232710599899292,-4.690203666687012,2.3685946464538574
1741033298839970300,93.67497021484375,0.8233699798583984,-4.115907192230225,2.193359375
1741033298850072600,93.68507250976562,1.1600538492202759,-3.2411909103393555,2.18963623046875
1741033298860174600,93.69517456054687,1.5518956184387207,-1.9660253524780273,2.574639320373535
1741033298870276900,93.70527685546875,2.0328445434570312,-0.36596012115478516,3.1252942085266113
1741033298880379000,93.71537890625,2.0816030502319336,1.7355842590332031,3.486478328704834
1741033298890481200,93.72548120117187,1.8472075462341309,4.331690788269043,3.579629421234131
1741033298900583200,93.73558325195313,0.2533499002456665,7.159154891967773,2.8731911182403564
1741033298910685700,93.74568579101563,-1.524796724319458,9.01315689086914,0.7730613350868225
1741033298920787500,93.75578735351563,-2.5177998542785645,8.593688011169434,-2.4013125896453857
1741033298930890000,93.76588989257813,-3.048229217529297,6.568362236022949,-4.660855770111084
1741033298941028400,93.7760283203125,-4.0243635177612305,4.427502632141113,-5.877518653869629
1741033298951332900,93.78633276367188,-3.820577621459961,3.270435333251953,-6.935096740722656
1741033298961636900,93.79663696289063,-0.7734785079956055,1.3457279205322266,-7.263710021972656
1741033298971872800,93.80687280273438,4.176054000854492,-0.537165641784668,-7.107149600982666
1741033298981994500,93.81699438476562,9.999031066894531,-2.055297374725342,-7.3723602294921875
1741033298992097300,93.82709716796874,15.903402328491211,-2.8163251876831055,-6.721869945526123
1741033299002318600,93.83731860351563,14.117542266845703,-0.6718406677246094,-3.8910627365112305
1741033299012623000,93.847623046875,8.9039306640625,1.9863004684448242,-1.8282866477966309
1741033299022926800,93.8579267578125,6.179807186126709,3.424759864807129,-0.514587938785553
1741033299033095700,93.868095703125,4.308183670043945,3.884343147277832,0.7672171592712402
1741033299043201800,93.87820190429687,2.3607444763183594,3.4921417236328125,1.4407093524932861
1741033299053304300,93.88830419921875,0.9737362861633301,2.871692657470703,1.6078357696533203
1741033299063406000,93.89840600585937,-0.02755117416381836,2.6151390075683594,1.6363873481750488
1741033299073520600,93.90852075195312,-0.43212151527404785,3.299626350402832,1.969606876373291
1741033299083825200,93.9188251953125,-0.709560751914978,4.748645782470703,2.643141269683838
1741033299094129400,93.92912939453124,-1.1922279596328735,6.517807960510254,3.510748863220215
1741033299104379600,93.93937963867188,-1.9784713983535767,7.522905349731445,4.2588090896606445
1741033299114511400,93.94951147460938,-2.8813469409942627,7.180316925048828,4.762446880340576
1741033299124613600,93.95961352539062,-3.1533613204956055,5.157642364501953,4.482176780700684
1741033299134822700,93.96982275390624,-3.320158004760742,2.4753637313842773,3.623765707015991
1741033299145127200,93.98012719726563,-3.411222457885742,0.3953876495361328,2.9320034980773926
1741033299155431000,93.99043090820312,-3.503709077835083,-0.9804353713989258,2.4102632999420166
1741033299165609500,94.000609375,-3.5608839988708496,-1.7582945823669434,2.126032829284668
1741033299175718400,94.01071850585937,-3.443746566772461,-2.300358295440674,1.9021713733673096
1741033299185999400,94.02099926757812,-3.2119312286376953,-2.8421688079833984,1.7020881175994873
1741033299196304000,94.03130395507813,-2.913665771484375,-3.458988666534424,1.5784695148468018
1741033299206588200,94.04158813476562,-2.636641025543213,-4.059113025665283,1.533116340637207
1741033299216721200,94.05172119140624,-2.4347171783447266,-4.650199890136719,1.5086002349853516
1741033299226823200,94.0618232421875,-2.218250274658203,-5.152689456939697,1.5139837265014648
1741033299236925400,94.07192553710938,-2.082489013671875,-5.497116565704346,1.5710887908935547
1741033299247027500,94.08202734375,-1.7537180185317993,-5.764166831970215,1.6758158206939697
1741033299257129700,94.09212963867188,-1.0320781469345093,-5.695518493652344,1.8921903371810913
1741033299267231700,94.10223168945312,0.5656793117523193,-5.4842209815979,2.0726943016052246
1741033299277334000,94.112333984375,2.458484172821045,-5.243185997009277,2.074725389480591
1741033299287436300,94.12243627929688,2.124506950378418,-5.35215425491333,1.6933481693267822
1741033299297538300,94.13253833007812,-0.029514610767364502,-6.018146514892578,1.1034069061279297
1741033299307640600,94.142640625,-2.043200731277466,-6.338259696960449,0.40240246057510376
1741033299317742600,94.15274267578125,-3.451861619949341,-6.399604320526123,-0.20129680633544922
1741033299327844900,94.16284497070312,-2.7997400760650635,-6.09467077255249,-0.19781076908111572
1741033299338125800,94.17312573242188,-3.432203531265259,-5.617644309997559,0.07230901718139648
1741033299348430300,94.18343041992188,-3.858311891555786,-4.7500505447387695,0.45057374238967896
1741033299358714600,94.19371459960938,-4.442690372467041,-3.48368501663208,0.7484097480773926
1741033299368847600,94.20384765625,-5.365225315093994,-2.2315196990966797,0.6288266777992249
1741033299378949600,94.21394970703125,-6.337073802947998,-1.3161134719848633,0.3062303066253662
1741033299389052000,94.22405200195313,-6.836126804351807,-0.560948371887207,0.4652012288570404
1741033299399154000,94.23415380859375,-7.062870979309082,0.2808799743652344,1.0261948108673096
1741033299409256200,94.24425610351562,-6.6582512855529785,1.2339754104614258,1.5692315101623535
1741033299419358200,94.25435815429688,-5.687882423400879,2.571491241455078,2.400273323059082
1741033299429460500,94.26446044921875,-4.495828628540039,4.058632850646973,3.2354073524475098
1741033299439562800,94.27456274414062,-3.0339207649230957,5.440702438354492,3.881495475769043
1741033299449664800,94.28466479492188,-1.5966968536376953,6.34938907623291,4.030241966247559
1741033299459767000,94.29476708984375,-0.5385599136352539,6.438640594482422,3.5262253284454346
1741033299469869000,94.304869140625,0.07448959350585938,6.0439958572387695,2.6634891033172607
1741033299479971300,94.31497143554688,-0.008782029151916504,5.316856384277344,1.2866545915603638
1741033299490073300,94.3250732421875,0.08037889003753662,4.293252944946289,-0.506034791469574
1741033299500176000,94.33517578125,-0.3880542516708374,4.281582832336426,-1.4850568771362305
1741033299510277600,94.34527758789062,0.24348688125610352,5.024179458618164,-2.2939798831939697
1741033299520380200,94.35538012695312,2.418140411376953,6.2798871994018555,-3.302138090133667
1741033299530506800,94.3655068359375,5.493666648864746,6.60945987701416,-5.888489723205566
1741033299540811000,94.37581103515625,5.065832614898682,6.956937789916992,-5.223569393157959
1741033299551115300,94.386115234375,5.341516494750977,5.0157575607299805,-3.6977920532226562
1741033299561356500,94.3963564453125,6.7543110847473145,1.489771842956543,-3.563239812850952
1741033299571485000,94.40648486328125,6.989511489868164,-1.6733789443969727,-4.188383102416992
1741033299581587200,94.41658715820313,5.702999114990234,-2.7294397354125977,-3.073866367340088
1741033299591689200,94.42668920898437,3.8865513801574707,-2.0790891647338867,-1.6061269044876099
1741033299601791000,94.436791015625,2.5756983757019043,-0.18846416473388672,-0.8772792816162109
1741033299611893200,94.44689331054687,2.3092660903930664,1.8586750030517578,-0.4545988142490387
1741033299621995300,94.45699536132813,2.4439356327056885,3.0179834365844727,-0.04958752542734146
1741033299632097800,94.46709790039063,1.2654027938842773,3.2771854400634766,0.22234556078910828
1741033299642199600,94.47719946289062,0.17112213373184204,2.6438207626342773,0.2350188046693802
1741033299652302000,94.48730200195313,0.2780623137950897,1.4497175216674805,-0.0357368066906929
1741033299662403800,94.49740380859375,0.698529064655304,0.5589303970336914,-0.12159524857997894
1741033299672506400,94.50750634765625,1.3190540075302124,0.017477989196777344,-0.06863141059875488
1741033299682608000,94.51760815429688,1.4337900876998901,-0.6032419204711914,-0.14215776324272156
1741033299692710700,94.52771069335938,1.2244900465011597,-1.3381805419921875,-0.2616260051727295
1741033299702812700,94.53781274414062,1.2326977252960205,-2.1511330604553223,-0.4341762065887451
1741033299712915000,94.5479150390625,1.4728212356567383,-2.94431209564209,-0.4343305230140686
1741033299723017000,94.55801684570312,1.6265604496002197,-3.4350180625915527,0.11404462158679962
1741033299733202700,94.56820263671875,2.2085177898406982,-3.6853199005126953,0.9123163223266602
1741033299743507200,94.57850708007813,2.710279703140259,-3.9600977897644043,1.567867398262024
1741033299753811200,94.58881127929688,2.922471761703491,-4.322591304779053,2.1385374069213867
1741033299764008000,94.59900805664063,2.5511562824249268,-4.756747245788574,2.578979969024658
1741033299774122200,94.60912231445313,1.819795846939087,-4.885407447814941,3.278743267059326
1741033299784224000,94.61922412109375,0.9574496746063232,-4.931525707244873,3.8457674980163574
1741033299794326500,94.62932641601563,0.12429356575012207,-5.173882961273193,3.978365898132324
1741033299804428300,94.63942822265625,-0.2542405128479004,-5.546130180358887,3.8188202381134033
1741033299814530800,94.64953076171875,-0.40933549404144287,-5.857751846313477,3.5442898273468018
1741033299824632600,94.65963256835937,-0.5063689947128296,-6.186346530914307,3.0010623931884766
1741033299834735000,94.66973510742187,-0.719478964805603,-6.481515884399414,2.4427666664123535
1741033299844837000,94.67983715820313,-1.041593313217163,-6.497651100158691,2.1141819953918457
1741033299854939400,94.689939453125,-1.1100434064865112,-6.308804512023926,1.9262148141860962
1741033299865041200,94.70004125976563,-1.100773572921753,-5.980059623718262,1.7952427864074707
1741033299875143200,94.71014306640625,-0.8448096513748169,-5.508452415466309,1.7616444826126099
1741033299885245400,94.72024536132812,-0.1315009593963623,-4.791102886199951,1.906923770904541
1741033299895347500,94.73034741210938,0.5348551273345947,-4.015353679656982,2.0444769859313965
1741033299905449700,94.74044970703125,1.1535472869873047,-3.1286892890930176,2.1740713119506836
1741033299915552000,94.75055200195312,1.5309176445007324,-2.036508083343506,2.4068357944488525
1741033299925654000,94.76065405273438,1.52494215965271,-0.37537097930908203,2.815558671951294
1741033299935756300,94.77075634765625,1.317819356918335,1.8201799392700195,3.133035898208618
1741033299946025200,94.78102514648438,0.8913490772247314,4.636883735656738,3.1936514377593994
1741033299956329700,94.79132983398438,-0.6423929929733276,7.576166152954102,2.2593917846679688
1741033299966623700,94.80162377929688,-1.8340928554534912,9.12327766418457,0.2635385990142822
1741033299976759000,94.81175903320313,-1.830378770828247,8.507108688354492,-2.618356466293335
1741033299986860800,94.82186083984375,-2.185551404953003,6.239954948425293,-4.961585521697998
1741033299996963300,94.83196337890625,-2.985264778137207,4.454464912414551,-6.924535751342773
1741033300007065300,94.8420654296875,-2.0677053928375244,3.1447954177856445,-8.238418579101562
1741033300017167600,94.85216772460937,0.7874681949615479,1.3015565872192383,-8.968588829040527
1741033300027269600,94.86226953125,6.071404933929443,-0.52410888671875,-10.216326713562012
1741033300037372000,94.87237182617187,11.817822456359863,-1.9050703048706055,-9.668265342712402
1741033300047474000,94.88247387695313,13.674163818359375,-0.6657838821411133,-5.807166576385498
1741033300057576200,94.892576171875,10.07095718383789,2.741410255432129,-1.695351243019104
1741033300067678500,94.90267846679687,7.259306907653809,5.717926025390625,0.7105427384376526
1741033300077780500,94.91278051757813,4.106280326843262,7.62299919128418,2.1267383098602295
1741033300087882800,94.9228828125,1.2097439765930176,6.795566558837891,2.479722738265991
1741033300097984800,94.93298486328125,-0.0557248592376709,4.6264753341674805,1.8524523973464966
1741033300108087000,94.94308715820313,-0.6711304187774658,2.913987159729004,1.1371573209762573
1741033300118189000,94.95318896484375,-0.5474321842193604,2.5728836059570312,0.9882328510284424
1741033300128291600,94.96329150390625,-0.6711641550064087,3.4684791564941406,1.3154664039611816
1741033300138393300,94.97339331054687,-1.0128891468048096,4.710641860961914,2.105004072189331
1741033300148496000,94.98349584960937,-1.6582070589065552,5.588936805725098,3.036520004272461
1741033300158597600,94.99359765625,-2.418046474456787,5.469362258911133,3.6942007541656494
1741033300168700000,95.00369995117188,-2.924664258956909,4.096037864685059,3.880507707595825
1741033300178801700,95.0138017578125,-2.900379180908203,2.113823890686035,3.516791582107544
1741033300188904000,95.02390405273438,-2.9774765968322754,0.4208965301513672,3.019843816757202
1741033300199006000,95.034005859375,-3.044670581817627,-0.8526334762573242,2.611271619796753
1741033300209108200,95.04410815429688,-3.070873737335205,-1.7949743270874023,2.360325813293457
1741033300219210200,95.05421020507812,-2.9314963817596436,-2.4936017990112305,2.224562168121338
1741033300229312500,95.0643125,-2.7692718505859375,-3.2080864906311035,2.0546460151672363
1741033300239414500,95.07441455078126,-2.646961212158203,-3.844115734100342,1.9127166271209717
1741033300249517000,95.08451708984374,-2.5271589756011963,-4.429690361022949,1.8222389221191406
1741033300259618800,95.09461889648438,-2.3954803943634033,-4.920955657958984,1.744953989982605
1741033300269721300,95.10472143554688,-2.288433313369751,-5.342889308929443,1.6730402708053589
1741033300279823000,95.11482299804688,-2.1912171840667725,-5.685987949371338,1.6053903102874756
1741033300289925600,95.12492553710938,-2.056818962097168,-5.9424309730529785,1.5879716873168945
1741033300300027400,95.13502734375,-1.9269402027130127,-6.020873069763184,1.6285501718521118
1741033300310130000,95.1451298828125,-1.4324064254760742,-5.867397308349609,1.7746851444244385
1741033300320232000,95.15523193359375,-0.11106884479522705,-5.535107612609863,1.8934555053710938
1741033300330334200,95.16533422851562,1.3744617700576782,-5.134582042694092,1.9368067979812622
1741033300340436200,95.17543627929687,2.1369075775146484,-4.831997871398926,1.732102632522583
1741033300350538500,95.18553857421875,0.6798728108406067,-5.027895927429199,1.1909834146499634
1741033300360640500,95.195640625,-1.1702673435211182,-5.365799427032471,0.5421380400657654
1741033300370742800,95.20574267578125,-2.8563547134399414,-5.201012134552002,-0.14297646284103394
1741033300380844500,95.21584448242187,-3.089420795440674,-4.769678592681885,-0.3444427251815796
1741033300390946800,95.22594677734375,-2.92197847366333,-4.307723045349121,-0.23576122522354126
1741033300401048800,95.236048828125,-3.5896081924438477,-3.648165225982666,0.012356460094451904
1741033300411151000,95.24615112304687,-4.109450340270996,-2.575486183166504,0.43867507576942444
1741033300421253000,95.25625317382813,-4.918287754058838,-1.435251235961914,0.7724665403366089
1741033300431355400,95.26635546875,-5.034282207489014,-0.5466156005859375,0.8929681777954102
1741033300441457200,95.27645703125,-5.044498443603516,0.2716341018676758,0.9885890483856201
1741033300451560000,95.28655981445313,-5.046231746673584,1.1676349639892578,1.1882516145706177
1741033300461661700,95.29666162109375,-4.870049953460693,2.191631317138672,1.5969632863998413
1741033300471764000,95.30676391601563,-4.081730842590332,3.277827262878418,2.0417816638946533
1741033300481866000,95.31686596679687,-3.0622494220733643,4.387378692626953,2.3859405517578125
1741033300491968300,95.32696826171875,-1.8898890018463135,5.400185585021973,2.5011587142944336
1741033300502070300,95.3370703125,-1.1020879745483398,6.014267921447754,2.164766311645508
1741033300512172500,95.34717260742187,-0.49094194173812866,5.99559211730957,1.4348840713500977
1741033300522274800,95.35727490234375,-0.1318737268447876,5.528960227966309,0.37204140424728394
1741033300532376800,95.367376953125,0.07311195135116577,5.042671203613281,-0.8588107228279114
1741033300542479000,95.37747900390625,0.11227679252624512,4.386231422424316,-2.043445348739624
1741033300552581000,95.3875810546875,0.4295642375946045,4.309176445007324,-2.912153959274292
1741033300562683000,95.39768286132812,1.342228651046753,5.213899612426758,-3.827894926071167
1741033300572785400,95.40778540039062,3.5639259815216064,6.118660926818848,-5.043473720550537
1741033300582887200,95.41788720703126,3.2760682106018066,6.771273612976074,-5.080320835113525
1741033300592989700,95.42798974609374,4.0092034339904785,5.939474105834961,-4.363772869110107
1741033300603091500,95.43809155273438,5.146061420440674,3.9044313430786133,-3.78033709526062
1741033300613194000,95.44819409179688,5.1891374588012695,1.2670021057128906,-3.371952772140503
1741033300623295700,95.45829565429688,3.3940649032592773,-0.7768182754516602,-2.7012205123901367
1741033300633398300,95.46839819335938,1.8008992671966553,-1.7276334762573242,-1.7991695404052734
1741033300643500300,95.47850024414062,0.9670405387878418,-1.0173587799072266,-1.2712470293045044
1741033300653602600,95.4886025390625,1.505429983139038,1.081583023071289,-1.1748476028442383
1741033300663704600,95.49870458984375,1.2661482095718384,3.2058944702148438,-0.7772862911224365
1741033300673890300,95.50889038085937,0.762158989906311,4.251104354858398,-0.15160968899726868
1741033300684194800,95.51919482421874,1.4504592418670654,3.5636138916015625,0.556412935256958
1741033300694498800,95.52949877929687,2.4524848461151123,2.042783737182617,1.1174083948135376
1741033300704696300,95.5396962890625,2.9080989360809326,0.8223972320556641,1.1635215282440186
1741033300714809300,95.54980932617187,2.8812780380249023,0.04722881317138672,0.821603536605835
1741033300724911900,95.55991186523437,2.279214382171631,-0.5342521667480469,0.2594197988510132
1741033300735013600,95.570013671875,1.6253771781921387,-1.021963119506836,-0.20047560334205627
1741033300745116200,95.5801162109375,1.0759284496307373,-1.5191144943237305,-0.509170651435852
1741033300755218000,95.59021801757812,0.396872878074646,-2.114835262298584,-0.7554924488067627
1741033300765320400,95.60032055664063,0.21580106019973755,-2.658115863800049,-0.8734575510025024
1741033300775422200,95.61042211914062,0.30307090282440186,-3.218684673309326,-0.7881543636322021
1741033300785524700,95.62052465820312,0.5125474333763123,-3.5987815856933594,-0.14564208686351776
1741033300795626800,95.63062670898438,0.969414472579956,-3.755565643310547,1.0187110900878906
1741033300805729000,95.64072900390624,1.4290944337844849,-4.023239612579346,1.9642902612686157
1741033300815830800,95.65083081054688,1.4660999774932861,-4.386563777923584,2.5659828186035156
1741033300825932800,95.66093286132812,1.5776503086090088,-4.715450286865234,3.0676193237304688
1741033300836035000,95.67103515625,1.3448103666305542,-5.125224590301514,3.4641478061676025
1741033300846137000,95.68113720703126,1.0648366212844849,-5.3924360275268555,3.8440804481506348
1741033300856239400,95.6912392578125,0.5150778293609619,-5.690351486206055,3.925149440765381
1741033300866341600,95.70134155273438,0.22995877265930176,-5.947175979614258,3.6785669326782227
1741033300876443400,95.711443359375,-0.08627879619598389,-6.155486106872559,3.3347973823547363
1741033300886546000,95.7215458984375,-0.08742094039916992,-6.279264450073242,2.7676737308502197
1741033300896647700,95.73164770507813,0.06731557846069336,-6.310018539428711,2.0568759441375732
1741033300906750200,95.74175024414062,0.04581105709075928,-6.004456043243408,1.5573573112487793
1741033300916852000,95.75185205078125,0.08265364170074463,-5.3033270835876465,1.30336332321167
1741033300926954800,95.76195483398438,0.15447652339935303,-4.524551868438721,1.3032946586608887
1741033300937080300,95.77208032226562,-0.04569041728973389,-3.951091766357422,1.3531450033187866
1741033300947384800,95.782384765625,0.2738490104675293,-3.2628173828125,1.5343049764633179
1741033300957689000,95.79268920898437,0.5255544185638428,-2.3433470726013184,1.758103847503662
1741033300967934700,95.80293481445312,0.6141016483306885,-1.2614316940307617,1.9378547668457031
1741033300978059300,95.81305932617188,0.1418524980545044,-0.0659627914428711,2.0686802864074707
1741033300988161500,95.82316162109375,-0.5872450470924377,1.0656518936157227,1.8542078733444214
1741033300998263600,95.833263671875,-1.1307917833328247,2.1106557846069336,1.594892144203186
1741033301008365800,95.84336572265624,-1.365933895111084,2.8626785278320312,1.3271604776382446
1741033301018468000,95.85346801757812,-1.4157601594924927,3.309457778930664,1.0789642333984375
1741033301028569900,95.86356982421874,-1.452499270439148,3.5651302337646484,0.44036349654197693
1741033301038672400,95.87367236328124,-1.5154579877853394,3.6096925735473633,-0.620646059513092
1741033301048774100,95.88377416992188,-1.9760768413543701,3.6364879608154297,-2.0888631343841553
1741033301058876000,95.8938759765625,-3.6669464111328125,4.085829734802246,-4.038843154907227
1741033301068978400,95.903978515625,-5.0291361808776855,4.109087944030762,-5.735504150390625
1741033301079080200,95.914080078125,-3.696239948272705,3.4072751998901367,-7.577734470367432
1741033301089182700,95.9241826171875,1.1131219863891602,1.9000482559204102,-9.237129211425781
1741033301099284700,95.93428466796875,7.295260429382324,0.721954345703125,-9.526679039001465
1741033301109387000,95.94438696289062,11.139854431152344,2.281426429748535,-6.211774826049805
1741033301119489000,95.95448901367187,9.323240280151367,5.675230979919434,-2.854759693145752
1741033301129663000,95.9646630859375,6.768519401550293,7.104221343994141,-1.2397150993347168
1741033301139872500,95.97487255859374,4.6888427734375,4.734296798706055,0.01861131191253662
1741033301150070000,95.98507006835938,2.7489919662475586,2.210813522338867,0.7404655814170837
1741033301160255700,95.995255859375,1.3725049495697021,2.249579429626465,0.7269605398178101
1741033301170465300,96.00546533203125,0.6479377746582031,3.5730972290039062,0.5622676014900208
1741033301180679200,96.01567919921875,0.3554058074951172,5.262740135192871,0.8187942504882812
1741033301190798300,96.02579833984375,0.018130779266357422,6.532944679260254,1.1865298748016357
1741033301200900900,96.03590087890625,-0.4795360565185547,6.846498489379883,1.59770929813385
1741033301211002600,96.04600268554688,-0.8340895175933838,5.9541015625,1.9778637886047363
1741033301221104400,96.0561044921875,-1.019537091255188,4.160830497741699,1.8712254762649536
1741033301231207000,96.06620703125,-1.2621068954467773,2.366349220275879,1.5294110774993896
1741033301241308700,96.07630859375,-1.5174291133880615,1.0072050094604492,1.3066836595535278
1741033301251411200,96.0864111328125,-1.9048998355865479,-0.008820533752441406,1.2768263816833496
1741033301261513200,96.09651318359376,-2.0713582038879395,-0.7607307434082031,1.4465441703796387
1741033301271615500,96.10661547851562,-2.054142951965332,-1.4081306457519531,1.7005455493927002
1741033301281717500,96.11671752929688,-1.960867166519165,-2.0378589630126953,1.8982495069503784
1741033301291819800,96.12681982421876,-1.838006615638733,-2.602412223815918,2.0401997566223145
1741033301301921800,96.136921875,-1.7681825160980225,-3.1968259811401367,2.100682258605957
1741033301312024000,96.14702416992188,-1.6795780658721924,-3.7730441093444824,2.1504015922546387
1741033301322126300,96.15712622070312,-1.3458404541015625,-4.228888034820557,2.2641029357910156
1741033301332359700,96.16735961914063,-0.5988829135894775,-4.449389934539795,2.3716611862182617
1741033301342664200,96.17766430664062,0.46211206912994385,-4.6729583740234375,2.2746782302856445
1741033301352968000,96.18796801757813,1.2463489770889282,-4.970692157745361,2.0244102478027344
1741033301363126800,96.19812670898438,1.3251827955245972,-5.358104228973389,1.7227177619934082
1741033301373230800,96.20823095703125,0.41642510890960693,-6.120471000671387,1.196101188659668
1741033301383333400,96.21833349609375,-0.3794732689857483,-6.625511169433594,0.8363645076751709
1741033301393435100,96.22843505859375,-1.5436186790466309,-6.77528190612793,0.5695438981056213
1741033301403537000,96.23853686523438,-2.1434624195098877,-6.641751289367676,0.5635309219360352
1741033301413639400,96.24863940429688,-2.1041808128356934,-6.354948043823242,0.6527485847473145
1741033301423741400,96.25874145507812,-2.2689952850341797,-6.030441761016846,0.7410354614257812
1741033301433843700,96.26884375,-2.5953478813171387,-5.592648029327393,0.9163123965263367
1741033301443945700,96.27894580078124,-3.027029037475586,-5.046546459197998,0.9879025220870972
1741033301454048000,96.28904809570312,-3.361732244491577,-4.330898761749268,0.9189177751541138
1741033301464150000,96.29914990234376,-3.878647804260254,-3.33127498626709,1.0179438591003418
1741033301474252300,96.30925219726562,-4.4192280769348145,-2.15287446975708,1.2172260284423828
1741033301484354600,96.3193544921875,-4.864360809326172,-0.903660774230957,1.4451658725738525
1741033301494456600,96.32945654296876,-4.853015422821045,0.2339801788330078,1.7200956344604492
1741033301504558800,96.33955883789062,-4.423659324645996,1.1843767166137695,2.064232349395752
1741033301514660900,96.34966088867188,-4.070318698883057,1.9456548690795898,2.3435373306274414
1741033301524763100,96.35976318359376,-3.422886610031128,2.582045555114746,2.5483899116516113
1741033301534865200,96.369865234375,-2.405796766281128,3.288148880004883,2.6480934619903564
1741033301544967000,96.379966796875,-1.2123807668685913,4.096087455749512,2.716442108154297
1741033301555069200,96.39006909179687,-0.13504000008106232,4.935442924499512,2.563091993331909
1741033301565171200,96.40017114257813,0.5147691965103149,5.594304084777832,1.964342713356018
1741033301575273500,96.4102734375,0.682862401008606,5.931086540222168,1.0443065166473389
1741033301585375500,96.42037548828125,0.45393186807632446,5.567501068115234,-0.24719680845737457
1741033301595477800,96.43047778320313,0.38143670558929443,4.974809646606445,-1.5378471612930298
1741033301605580000,96.440580078125,1.111756443977356,4.5423173904418945,-2.4074838161468506
1741033301615682000,96.45068212890625,3.136802911758423,4.2587080001831055,-3.202716827392578
1741033301625784300,96.46078442382813,2.8133316040039062,4.479804992675781,-4.518226146697998
1741033301635886300,96.47088623046875,2.4779186248779297,5.031320571899414,-5.698686599731445
1741033301645988600,96.48098852539063,4.422427177429199,5.0666399002075195,-6.932662487030029
1741033301656090600,96.49109057617187,7.495521068572998,4.188327789306641,-7.892303943634033
1741033301666192400,96.5011923828125,7.224754333496094,3.986207962036133,-5.395724773406982
1741033301676295000,96.511294921875,5.394053936004639,2.1824731826782227,-2.754865884780884
1741033301686396700,96.52139672851563,3.058664321899414,-0.40327930450439453,-1.81269371509552
1741033301696499200,96.53149926757813,1.102684736251831,-1.9641947746276855,-1.6947686672210693
1741033301706601000,96.54160107421875,-0.3713219463825226,-1.9809975624084473,-1.8606904745101929
1741033301716703500,96.55170336914063,-0.8811073303222656,-0.016832351684570312,-1.7112773656845093
1741033301726805200,96.56180517578125,0.20526184141635895,2.4713010787963867,-1.1172599792480469
1741033301736907800,96.57190771484375,1.4163494110107422,4.066990852355957,-0.10053636878728867
1741033301747009800,96.582009765625,2.484781503677368,4.729393005371094,0.9620589017868042
1741033301757112000,96.59211206054688,2.92330265045166,4.206500053405762,1.3341025114059448
1741033301767214000,96.60221411132812,2.6764824390411377,2.897210121154785,0.8625642657279968
1741033301777316400,96.61231640625,1.8600287437438965,1.840611457824707,0.10783278942108154
1741033301787418000,96.62241821289062,1.2029070854187012,1.0509166717529297,-0.49220579862594604
1741033301797520100,96.63252001953126,0.8821656703948975,0.2430286407470703,-0.9241166114807129
1741033301807622100,96.6426220703125,0.6086949706077576,-0.6510562896728516,-1.2288124561309814
1741033301817724700,96.652724609375,0.18170416355133057,-1.617513656616211,-1.2579425573349
1741033301827826400,96.66282641601562,-0.02905571460723877,-2.4252734184265137,-1.0126420259475708
1741033301837929000,96.67292895507812,-0.2500067353248596,-3.1336565017700195,-0.6059432625770569
1741033301848030700,96.68303076171875,-0.1279689073562622,-3.7876157760620117,0.07804318517446518
1741033301858133200,96.69313330078126,0.7301720380783081,-4.271450042724609,1.227216124534607
1741033301868235000,96.70323510742188,1.1645976305007935,-4.6902756690979,2.3211090564727783
1741033301878337500,96.71333764648438,1.3250709772109985,-4.942470550537109,3.4008965492248535
1741033301888439600,96.723439453125,1.646897554397583,-5.107522010803223,4.460134029388428
1741033301898541800,96.73354174804687,1.0479801893234253,-5.187983512878418,5.514663219451904
1741033301908643600,96.7436435546875,0.536371111869812,-5.358998775482178,5.867508411407471
1741033301918745600,96.75374560546875,0.31815457344055176,-5.79582405090332,5.351467132568359
1741033301928848000,96.76384790039063,-0.0044596195220947266,-6.335662841796875,4.414711952209473
1741033301938950100,96.7739501953125,-0.49493473768234253,-6.905584335327148,3.3011579513549805
1741033301949052200,96.78405224609375,-0.5156253576278687,-7.293828010559082,2.4407265186309814
1741033301959154400,96.79415454101563,-0.7530511617660522,-7.407162666320801,1.732664942741394
1741033301969256400,96.80425634765625,-0.8689772486686707,-7.291816711425781,1.1811878681182861
1741033301979358700,96.81435864257813,-0.8980114459991455,-7.041639804840088,0.7660762071609497
1741033301989460700,96.82446069335937,-0.9757698774337769,-6.494447708129883,0.6766360998153687
1741033301999563300,96.83456323242187,-0.6332448720932007,-5.700193405151367,0.8199349641799927
1741033302009665000,96.8446650390625,-0.3665638566017151,-4.758896350860596,1.2465215921401978
1741033302019766800,96.85476684570312,0.06597185134887695,-3.743119239807129,1.8306879997253418
1741033302029869300,96.86486938476563,0.7695314884185791,-2.3178138732910156,2.562375545501709
1741033302039971000,96.87497119140625,1.3755220174789429,-0.42952537536621094,3.4715919494628906
1741033302050073600,96.88507348632812,1.9042203426361084,1.7106027603149414,4.296306610107422
1741033302060175400,96.89517529296874,1.9239600896835327,3.7919044494628906,4.535935401916504
1741033302070278000,96.90527783203125,1.498645305633545,5.7734575271606445,3.961709499359131
1741033302080380000,96.9153798828125,0.3446216583251953,7.378548622131348,2.574930191040039
1741033302090482200,96.92548217773438,-1.1506052017211914,7.846188545227051,0.3665164113044739
1741033302100584200,96.93558422851562,-2.273621082305908,7.543325424194336,-1.1525377035140991
1741033302110686200,96.94568627929688,-4.659536361694336,6.826569557189941,-2.424058437347412
1741033302120788000,96.9557880859375,-7.736729145050049,5.032981872558594,-4.891870021820068
1741033302130890200,96.96589013671876,-5.7696452140808105,2.4676198959350586,-6.642080783843994
1741033302140992300,96.9759921875,0.4046173095703125,-0.6272897720336914,-8.054741859436035
1741033302151094800,96.9860947265625,8.823317527770996,-2.2127537727355957,-9.508729934692383
1741033302161196500,96.99619653320312,17.650985717773438,-2.4712982177734375,-10.06493854522705
1741033302171299000,97.00629907226562,17.649749755859375,-0.20159912109375,-8.11832046508789
1741033302181400800,97.01640087890625,13.509273529052734,3.1608829498291016,-4.594485282897949
1741033302191503400,97.02650341796875,8.753523826599121,5.686128616333008,-1.4661078453063965
1741033302201605000,97.03660522460937,4.332531452178955,6.112153053283691,0.7999182939529419
1741033302211707600,97.04670776367188,1.0765280723571777,4.795755386352539,1.6315425634384155
1741033302221809700,97.0568095703125,-0.4691128730773926,2.8888092041015625,1.0370537042617798
1741033302231912000,97.06691186523437,-1.3973467350006104,1.8938846588134766,0.5287543535232544
1741033302242013700,97.077013671875,-1.0907273292541504,2.216341018676758,0.585677444934845
1741033302252115700,97.08711572265625,-0.8010848760604858,3.5851125717163086,1.1588612794876099
1741033302262218000,97.09721801757813,-1.254347801208496,5.153807640075684,1.7707555294036865
1741033302272320300,97.1073203125,-1.7950994968414307,6.279024124145508,2.457721471786499
1741033302282422300,97.11742236328125,-2.2375476360321045,6.515356063842773,3.0974011421203613
1741033302292524500,97.12752465820313,-2.6991448402404785,5.237140655517578,3.1452667713165283
1741033302302626600,97.13762646484375,-3.0334854125976562,3.0271005630493164,2.6793909072875977
1741033302312728800,97.14772875976563,-2.9102303981781006,1.1685256958007812,2.256328582763672
1741033302322830800,97.15783081054687,-2.704430103302002,-0.10458183288574219,1.9296420812606812
1741033302332933400,97.16793334960937,-2.701916456222534,-0.9455556869506836,1.7930376529693604
1741033302343035100,97.17803515625,-2.5264902114868164,-1.6445155143737793,1.716951847076416
1741033302353137000,97.18813696289062,-2.398923397064209,-2.2352733612060547,1.7437760829925537
1741033302363239400,97.19823950195313,-2.242633104324341,-2.8519339561462402,1.7995388507843018
1741033302373341200,97.20834106445312,-2.080343008041382,-3.4796619415283203,1.8274359703063965
1741033302383443500,97.218443359375,-1.8303340673446655,-4.038959980010986,1.9262977838516235
1741033302393545500,97.22854541015624,-1.5809457302093506,-4.543227672576904,2.012512445449829
1741033302403647700,97.23864770507812,-1.3133256435394287,-4.879638671875,2.111567258834839
1741033302413750000,97.24875,-0.7097728252410889,-4.841089248657227,2.3435983657836914
1741033302423852000,97.25885205078124,0.4819612503051758,-4.631317138671875,2.3755545616149902
1741033302433954300,97.26895434570312,1.1564595699310303,-4.540060997009277,2.1226589679718018
1741033302444056300,97.27905639648438,0.9019031524658203,-4.715810298919678,1.6784985065460205
1741033302454158000,97.28915795898438,0.258569598197937,-5.017241954803467,1.2175800800323486
1741033302464260400,97.29926025390625,-0.25859761238098145,-5.5285820960998535,0.7668548226356506
1741033302474362400,97.3093623046875,-1.0718975067138672,-5.794388771057129,0.3938695192337036
1741033302484465000,97.31946484375,-2.021728515625,-5.878974914550781,0.1105157732963562
1741033302494566700,97.32956665039063,-2.793309450149536,-5.572519779205322,0.18305939435958862
1741033302504669200,97.33966918945312,-3.19872784614563,-4.970189094543457,0.45025795698165894
1741033302514771000,97.34977099609375,-3.3517062664031982,-4.171991348266602,0.7525895833969116
1741033302524873500,97.35987353515625,-3.2335174083709717,-3.4420366287231445,0.811216413974762
1741033302534975200,97.36997534179687,-3.37934947013855,-2.6665806770324707,0.769983172416687
1741033302545077800,97.38007788085937,-3.9108476638793945,-2.086113929748535,0.7465875744819641
1741033302555179500,97.39017944335937,-4.630850315093994,-1.2079086303710938,0.7861031293869019
1741033302565281500,97.40028149414063,-5.958561420440674,-0.32691192626953125,0.737148642539978
1741033302575383800,97.4103837890625,-7.497355937957764,0.609619140625,0.5324501991271973
1741033302585485800,97.42048583984375,-7.923061847686768,1.400115966796875,0.3187335729598999
1741033302595588000,97.43058813476563,-7.643420219421387,1.9036407470703125,0.6162889003753662
1741033302605690000,97.44069018554687,-7.21079683303833,2.4283056259155273,1.3259519338607788
1741033302615792400,97.45079248046875,-6.3027472496032715,2.808380126953125,1.756500005722046
1741033302625894700,97.46089477539063,-4.959014415740967,3.201663017272949,2.049144744873047
1741033302635996400,97.47099633789063,-3.7602715492248535,3.769634246826172,2.2135331630706787
1741033302646098200,97.48109814453124,-2.5203299522399902,4.328265190124512,2.111268997192383
1741033302656200700,97.49120068359375,-1.864517331123352,4.76637077331543,1.6569297313690186
1741033302666303500,97.50130346679687,-1.369947075843811,5.009937286376953,0.8585595488548279
1741033302676608000,97.51160791015624,-1.3306658267974854,5.754283905029297,0.014524959027767181
1741033302686912300,97.52191235351563,-1.610621690750122,7.357810974121094,-0.6677670478820801
1741033302697177000,97.53217700195313,-1.804444432258606,8.785249710083008,-1.608046054840088
1741033302707305200,97.54230517578125,-2.2897753715515137,8.585948944091797,-3.0005881786346436
1741033302717407700,97.55240771484375,-1.0605921745300293,6.387063980102539,-4.072674751281738
1741033302727509800,97.562509765625,2.606801986694336,2.9968481063842773,-4.3022565841674805
1741033302737611800,97.57261181640625,6.748830795288086,0.4855213165283203,-3.8328568935394287
1741033302747714000,97.58271411132813,7.534402847290039,-0.748652458190918,-2.793083429336548
1741033302757816000,97.59281616210937,5.503739356994629,-1.178847312927246,-1.3448394536972046
1741033302767918600,97.60291870117187,3.4384818077087402,-0.5880746841430664,-0.24144479632377625
1741033302778020400,97.61302026367187,2.4314284324645996,0.6569452285766602,0.35831817984580994
1741033302788123000,97.62312280273437,2.022662878036499,2.3059282302856445,0.7157790660858154
1741033302798224600,97.633224609375,2.8807992935180664,3.723102569580078,1.3126298189163208
1741033302808326400,97.64332641601563,5.7292022705078125,4.089206695556641,1.835327386856079
1741033302818429000,97.65342895507813,7.797220230102539,3.313473701477051,1.8280975818634033
1741033302828530700,97.66353076171875,7.409307479858398,2.1041107177734375,1.2106643915176392
1741033302838633200,97.67363330078125,5.137471675872803,0.9018898010253906,-0.1854548156261444
1741033302848735200,97.6837353515625,2.8204784393310547,-0.3389005661010742,-1.279428482055664
1741033302858837500,97.69383740234375,-0.6638372540473938,-1.5763397216796875,-1.6157917976379395
1741033302868939500,97.703939453125,-3.639315605163574,-2.552995204925537,-1.3157613277435303
1741033302879041800,97.71404174804688,-2.3842461109161377,-3.0040812492370605,-0.3387470245361328
1741033302889143800,97.72414379882812,0.59775310754776,-3.094834327697754,1.4602011442184448
1741033302899246000,97.73424609375,2.310839891433716,-3.1579418182373047,2.971158266067505
1741033302909347800,97.74434790039062,2.8153815269470215,-3.2564964294433594,4.1105499267578125
1741033302919450000,97.7544501953125,2.930182695388794,-3.5735507011413574,4.664814472198486
1741033302929552100,97.76455224609376,2.563708782196045,-4.076841354370117,4.713588714599609
1741033302939654400,97.774654296875,2.483924150466919,-4.603512763977051,4.444802761077881
1741033302949756400,97.78475634765626,1.9525245428085327,-5.083946228027344,3.931283950805664
1741033302959858700,97.79485864257812,1.2538896799087524,-5.6119608879089355,3.2822537422180176
1741033302969960700,97.80496069335938,0.8193910121917725,-6.0904059410095215,2.5819251537323
1741033302980063200,97.81506323242188,0.2665402293205261,-6.486717224121094,1.9540469646453857
1741033302990165000,97.8251650390625,-0.19020700454711914,-6.837379455566406,1.4009910821914673
1741033303000266800,97.83526684570313,-0.49563509225845337,-7.10730504989624,1.0580496788024902
1741033303010369000,97.845369140625,-0.6750617623329163,-7.232108116149902,0.7735871076583862
1741033303020471000,97.85547094726563,-0.7652909755706787,-7.261112213134766,0.50893634557724
1741033303030573300,97.8655732421875,-0.72699373960495,-7.235591888427734,0.3209148049354553
1741033303040675300,97.87567529296875,-0.21260851621627808,-7.019333839416504,0.2590595483779907
1741033303050777600,97.88577758789063,0.6570404767990112,-6.298742294311523,0.5504549741744995
1741033303060880000,97.8958798828125,1.303130030632019,-5.531716346740723,0.6810800433158875
1741033303070982000,97.90598193359375,1.8810287714004517,-4.627474784851074,0.8712797164916992
1741033303081084200,97.91608422851563,2.3735618591308594,-3.4799342155456543,0.9656654000282288
1741033303091186200,97.92618627929687,2.624156951904297,-1.8130559921264648,0.9925321936607361
1741033303101288000,97.93628784179687,2.195626735687256,0.6717872619628906,1.2530395984649658
1741033303111390500,97.94639038085937,0.6193280220031738,4.016112327575684,1.2679158449172974
1741033303121492200,97.9564921875,-0.5878894925117493,7.684200286865234,0.37102073431015015
1741033303131594800,97.9665947265625,1.5064644813537598,9.465458869934082,-1.8731883764266968
1741033303141696500,97.97669653320312,3.1759188175201416,9.039487838745117,-3.518734931945801
1741033303151799000,97.98679907226563,1.5414977073669434,7.129764556884766,-4.340245723724365
1741033303161900800,97.99690087890625,-0.3232274055480957,5.156732559204102,-4.573065757751465
1741033303172003300,98.00700341796875,0.39820337295532227,4.082695960998535,-4.684671401977539
1741033303182105000,98.01710498046874,4.180575370788574,1.9774141311645508,-4.27190637588501
1741033303192207000,98.02720703125,8.093441009521484,-0.9097938537597656,-4.364276885986328
1741033303202309400,98.03730932617188,11.281387329101562,-2.9394516944885254,-4.328680515289307
1741033303212411400,98.04741137695312,13.867053985595703,-4.077093124389648,-3.4796881675720215
1741033303222513700,98.057513671875,11.237722396850586,-2.2329235076904297,-1.971433162689209
1741033303232615700,98.06761572265626,7.615223407745361,0.5970907211303711,-0.8413187265396118
1741033303242718000,98.07771801757812,5.855571746826172,3.012876510620117,-0.2453818917274475
1741033303252820200,98.0878203125,3.9931259155273438,5.19927978515625,0.477922260761261
1741033303262922200,98.09792211914062,2.1493051052093506,6.502018928527832,1.676609992980957
1741033303273024500,98.1080244140625,0.36441779136657715,7.129981994628906,2.8275279998779297
1741033303283126300,98.11812622070312,0.07991909980773926,7.202699661254883,3.891155958175659
1741033303293228000,98.12822802734375,-0.008222818374633789,6.843371391296387,4.51011848449707
1741033303303330600,98.13833056640625,-0.6499805450439453,6.434967041015625,4.702451705932617
1741033303313432300,98.14843237304687,-2.040165901184082,6.392891883850098,5.276318073272705
1741033303323534800,98.15853491210937,-3.005492925643921,6.127889633178711,5.887899398803711
1741033303333636900,98.16863696289063,-3.89487361907959,5.127861976623535,6.21387243270874
1741033303343739100,98.1787392578125,-3.955336332321167,3.333998680114746,5.8695197105407715
1741033303353841200,98.18884106445313,-3.7322537899017334,1.5279617309570312,5.078729629516602
1741033303363943400,98.198943359375,-3.4556725025177,0.19572830200195312,4.057249069213867
1741033303374045200,98.20904516601563,-3.383424758911133,-0.6457986831665039,3.1123085021972656
1741033303384147200,98.21914721679687,-3.2791266441345215,-1.2910547256469727,2.4064407348632812
1741033303394249500,98.22924951171875,-3.1691055297851562,-1.8304862976074219,2.0695013999938965
1741033303404351700,98.23935180664063,-3.1110432147979736,-2.3931050300598145,1.8996936082839966
1741033303414453800,98.24945385742187,-2.9631495475769043,-3.004301071166992,1.7567129135131836
1741033303424556000,98.25955615234375,-2.7561209201812744,-3.607654094696045,1.6965055465698242
1741033303434813200,98.26981323242188,-2.427414894104004,-4.142414569854736,1.6675388813018799
1741033303445117700,98.28011767578126,-2.1109180450439453,-4.660606384277344,1.610329031944275
1741033303455421200,98.29042114257813,-1.8948452472686768,-5.068634986877441,1.6395554542541504
1741033303465558800,98.30055883789062,-1.5445449352264404,-5.283511161804199,1.693462610244751
1741033303475660500,98.31066064453125,-0.6262732148170471,-5.022120952606201,1.9977021217346191
1741033303485763000,98.32076318359375,2.183213233947754,-4.037196636199951,2.3084449768066406
1741033303495865000,98.33086499023437,5.4836225509643555,-3.180304527282715,2.2036221027374268
1741033303505967400,98.34096728515625,5.496323108673096,-3.2732434272766113,1.6159522533416748
1741033303516069000,98.35106909179687,2.1547703742980957,-4.559903144836426,1.075075626373291
1741033303526171100,98.36117114257813,-0.3334270715713501,-5.479859352111816,0.5203070640563965
1741033303536273400,98.3712734375,-1.3489066362380981,-5.952742099761963,0.0728837251663208
1741033303546375400,98.38137548828125,-2.5640745162963867,-5.891241073608398,-0.02300894260406494
1741033303556477700,98.39147778320313,-3.8601768016815186,-5.681859493255615,0.02000516653060913
1741033303566580000,98.401580078125,-4.730232238769531,-5.173164367675781,0.33985453844070435
1741033303576682000,98.41168188476563,-5.144129276275635,-4.372004508972168,0.6839022040367126
1741033303586784300,98.4217841796875,-6.646533012390137,-3.6456351280212402,0.5692983269691467
1741033303596886300,98.43188623046875,-7.760141372680664,-3.026431083679199,0.06767326593399048
1741033303606987800,98.44198779296875,-8.550329208374023,-2.4161834716796875,-0.287845253944397
1741033303617090600,98.45209057617187,-8.56650161743164,-2.023392677307129,-0.38254618644714355
1741033303627192300,98.4621923828125,-8.108997344970703,-1.7876582145690918,-0.37429744005203247
1741033303637294600,98.47229467773437,-7.682897567749023,-1.3892230987548828,-0.12671500444412231
1741033303647396600,98.48239672851562,-7.582801342010498,-0.6902055740356445,0.3210636079311371
1741033303657499100,98.4924990234375,-7.577329635620117,0.29442501068115234,0.7821422815322876
1741033303667661300,98.50266137695313,-7.297773361206055,1.5183382034301758,1.3616999387741089
1741033303677965800,98.5129658203125,-6.493892669677734,3.011882781982422,2.356175661087036
1741033303688269800,98.52326977539063,-5.1731743812561035,4.67429256439209,3.7436742782592773
1741033303698486300,98.533486328125,-3.5928609371185303,6.506401062011719,5.195507049560547
1741033303708604000,98.54360400390625,-2.128295660018921,8.154756546020508,6.106470584869385
1741033303718706000,98.55370581054687,-0.7955447435379028,9.492502212524414,6.348727703094482
1741033303728808200,98.56380810546875,0.06309753656387329,10.457355499267578,5.768455505371094
1741033303738910200,98.57391015625,0.18940609693527222,9.985641479492188,4.009624004364014
1741033303749011700,98.58401171875,0.48368585109710693,7.512093544006348,1.241464376449585
1741033303759114200,98.5941142578125,2.0325429439544678,4.359679222106934,-0.8297773003578186
1741033303769216000,98.60421606445313,6.555617332458496,1.7056398391723633,-2.2363131046295166
1741033303779318500,98.61431860351563,7.104856491088867,0.3278179168701172,-2.013697624206543
1741033303789420500,98.62442065429687,5.889815330505371,-0.2616004943847656,-1.033198356628418
1741033303799522800,98.63452270507813,5.22731876373291,0.10812854766845703,0.025914475321769714
1741033303809624800,98.64462475585937,6.415463447570801,1.6778011322021484,0.7620240449905396
1741033303819727000,98.65472705078125,7.67653751373291,3.391068458557129,1.5945472717285156
1741033303829828900,98.66482885742188,9.596811294555664,4.1939802169799805,3.3515968322753906
1741033303839931000,98.67493090820312,10.404342651367188,2.9581098556518555,4.506988048553467
1741033303850033200,98.685033203125,7.384219646453857,1.6758766174316406,3.1181552410125732
1741033303860135400,98.69513549804688,6.569736003875732,0.863398551940918,0.9935270547866821
1741033303870237400,98.70523754882812,5.855787754058838,0.32843494415283203,-0.2205209732055664
1741033303880339700,98.71533959960938,3.4201653003692627,-0.8285608291625977,-0.23663073778152466
1741033303890441700,98.72544165039062,1.5516455173492432,-2.3868446350097656,0.07560406625270844
1741033303900544000,98.7355439453125,0.48644328117370605,-3.650023937225342,0.07918170094490051
1741033303910646000,98.74564599609376,-1.4818406105041504,-4.2342047691345215,0.37506845593452454
1741033303920747800,98.75574780273438,-5.604450225830078,-3.964780330657959,0.49228930473327637
1741033303930850300,98.76585034179688,-2.634333610534668,-3.2734436988830566,2.016021251678467
1741033303940952000,98.7759521484375,0.9295822381973267,-3.217371940612793,3.2875096797943115
1741033303951054600,98.7860546875,2.1643214225769043,-3.6625185012817383,3.510343313217163
1741033303961156400,98.79615625,2.731006383895874,-4.321489334106445,3.2038888931274414
1741033303971259000,98.8062587890625,2.7221670150756836,-5.174326419830322,2.3673925399780273
1741033303981360600,98.81636059570313,2.718841552734375,-5.799213886260986,1.5656445026397705
1741033303991463200,98.82646313476563,2.4633309841156006,-6.051652908325195,0.8980774879455566
1741033304001564700,98.83656469726563,2.0097527503967285,-6.200857162475586,0.45160698890686035
1741033304011667000,98.8466669921875,1.4080662727355957,-6.352373123168945,0.10488921403884888
1741033304021769000,98.85676904296875,0.9727333784103394,-6.530338287353516,-0.06655687093734741
1741033304031871200,98.86687133789063,0.5839890241622925,-6.545410633087158,-0.05779951810836792
1741033304041973200,98.87697314453125,0.20932847261428833,-6.617708206176758,0.03976017236709595
1741033304052075800,98.88707568359375,-0.016716361045837402,-6.719165325164795,0.14040294289588928
1741033304062177500,98.89717749023437,0.19845318794250488,-6.813018321990967,0.2640620172023773
1741033304072280000,98.90728002929687,0.4203225374221802,-6.6908040046691895,0.5756952166557312
1741033304082381800,98.9173818359375,0.8429286479949951,-6.3407793045043945,0.7591310739517212
1741033304092483600,98.92748364257812,0.843596875667572,-5.92368221282959,0.599940836429596
1741033304102586000,98.93758618164063,0.9013036489486694,-5.233017921447754,0.4244632422924042
1741033304112687900,98.94768798828125,1.0780810117721558,-4.152406692504883,0.3534434139728546
1741033304122790400,98.95779028320312,1.4769647121429443,-2.4888739585876465,0.29776331782341003
1741033304132892400,98.96789233398438,2.0629525184631348,0.11699390411376953,0.26077786087989807
1741033304142994700,98.97799462890625,2.2789559364318848,4.183173179626465,0.49764254689216614
1741033304153096700,98.9880966796875,2.009624481201172,8.791617393493652,0.34949252009391785
1741033304163199000,98.99819897460938,3.4222702980041504,11.951189994812012,-0.269682377576828
1741033304173300700,99.00830078125,6.898606300354004,11.106388092041016,-1.9239853620529175
1741033304183402800,99.01840283203126,6.371863842010498,7.293850898742676,-3.3957808017730713
1741033304193505500,99.02850561523438,3.069960117340088,4.337092399597168,-4.060025215148926
1741033304203607600,99.03860766601562,1.7875034809112549,2.885697364807129,-4.387866020202637
1741033304213852400,99.04885229492187,3.2382009029388428,1.3314447402954102,-4.353149890899658
1741033304224157000,99.05915698242187,5.088511943817139,0.24868011474609375,-3.501138210296631
1741033304234460700,99.06946069335937,8.586063385009766,-0.5202226638793945,-2.1920130252838135
1741033304244610000,99.07961010742187,10.171574592590332,-0.3512992858886719,-0.8756188154220581
1741033304254711800,99.0897119140625,7.108536720275879,1.963313102722168,-0.36136293411254883
1741033304264814300,99.099814453125,6.56241512298584,4.39797306060791,0.3569027781486511
1741033304274916000,99.109916015625,5.958869934082031,5.2154388427734375,1.4556185007095337
1741033304285018600,99.1200185546875,3.5904805660247803,4.396453857421875,2.1534361839294434
1741033304295120600,99.13012060546875,1.8874096870422363,2.7173213958740234,2.7467498779296875
1741033304305223000,99.14022290039063,1.0901775360107422,1.4398508071899414,3.3370699882507324
1741033304315324700,99.15032470703125,0.7800431251525879,1.2944955825805664,4.054387092590332
1741033304325426700,99.1604267578125,0.6546019315719604,2.2216053009033203,4.840223789215088
1741033304335528700,99.17052880859374,-0.17584729194641113,3.748382568359375,5.847654819488525
1741033304345631000,99.180630859375,-1.2780070304870605,5.557523727416992,7.1318206787109375
1741033304355733000,99.19073291015626,-2.3548314571380615,6.804928779602051,7.992615699768066
1741033304365835500,99.20083544921874,-3.3125977516174316,6.712657928466797,8.040260314941406
1741033304375937300,99.21093725585938,-3.2398922443389893,5.012412071228027,6.877407073974609
1741033304386039000,99.2210390625,-2.9481208324432373,2.405280113220215,4.881776809692383
1741033304396141600,99.2311416015625,-2.7482399940490723,0.049030303955078125,3.1593055725097656
1741033304406243300,99.24124340820312,-2.8426620960235596,-1.6069707870483398,2.0599727630615234
1741033304416345900,99.25134594726562,-2.89583158493042,-2.5987892150878906,1.3833138942718506
1741033304426447600,99.26144750976563,-2.8771162033081055,-3.1504697799682617,1.1009057760238647
1741033304436550100,99.27155004882812,-2.673450469970703,-3.565542221069336,1.0331634283065796
1741033304446652200,99.28165209960937,-2.463566780090332,-3.9401798248291016,1.090964674949646
1741033304456754400,99.29175439453125,-2.4183223247528076,-4.319830894470215,1.1565951108932495
1741033304466856200,99.30185620117187,-2.2612721920013428,-4.747683048248291,1.2605037689208984
1741033304476958200,99.31195825195313,-2.1191811561584473,-5.1023783683776855,1.318901777267456
1741033304487060500,99.322060546875,-1.8944716453552246,-5.438092231750488,1.331329345703125
1741033304497162800,99.33216284179687,-1.814845085144043,-5.678865909576416,1.3534483909606934
1741033304507264800,99.3422646484375,-1.7110595703125,-5.869790077209473,1.3464775085449219
1741033304517367000,99.35236694335937,-1.6548829078674316,-5.956363677978516,1.3567988872528076
1741033304527469000,99.36246899414063,-1.6530566215515137,-5.92144775390625,1.4063807725906372
1741033304537571300,99.3725712890625,-1.755579948425293,-5.760239124298096,1.4494690895080566
1741033304547673300,99.38267333984375,-1.9979076385498047,-5.396020889282227,1.5929064750671387
1741033304557775000,99.39277514648437,-1.4721487760543823,-4.711922645568848,1.880504846572876
1741033304567877600,99.40287768554687,1.6798897981643677,-3.3068580627441406,2.3906242847442627
1741033304577979400,99.4129794921875,7.358393669128418,-1.934934139251709,2.763552188873291
1741033304588082000,99.42308203125,7.829181671142578,-1.1923065185546875,3.3840222358703613
1741033304598183700,99.43318359375,-0.34676235914230347,-2.2405734062194824,2.9957003593444824
1741033304608286000,99.44328588867188,-5.651976585388184,-2.622309684753418,1.3061749935150146
1741033304618388000,99.45338793945312,-9.755175590515137,-1.786381721496582,0.27467942237854004
1741033304628490200,99.463490234375,-12.945834159851074,-0.6675043106079102,-0.548122763633728
1741033304638592000,99.47359204101562,-14.096391677856445,0.058162689208984375,-1.6595200300216675
1741033304648694300,99.4836943359375,-13.177075386047363,-0.25766849517822266,-3.060551643371582
1741033304658796300,99.49379638671876,-11.587611198425293,-1.0012502670288086,-3.7091197967529297
1741033304668898600,99.50389868164062,-10.1408109664917,-1.511380672454834,-3.3358078002929688
1741033304679000600,99.51400048828125,-8.888609886169434,-1.5932893753051758,-2.266260862350464
1741033304689102800,99.52410278320312,-8.219053268432617,-0.979578971862793,-1.2292540073394775
1741033304699204900,99.53420483398438,-7.818324089050293,0.3632364273071289,-0.1537710428237915
1741033304709307400,99.54430737304688,-7.375915050506592,2.123806953430176,1.093242883682251
1741033304719409200,99.5544091796875,-6.598240375518799,3.6766252517700195,2.1239991188049316
1741033304729511000,99.56451098632813,-5.4893717765808105,5.061822891235352,3.063425302505493
1741033304739613400,99.57461352539063,-3.9102354049682617,6.322939872741699,4.014619827270508
1741033304749715200,99.58471508789063,-2.2039079666137695,7.543683052062988,4.546574592590332
1741033304759817700,99.59481762695313,-0.7180629968643188,8.54940128326416,4.429622650146484
1741033304769919500,99.60491943359375,0.024785995483398438,8.754653930664062,3.7287940979003906
1741033304780022000,99.61502197265625,0.7615377902984619,7.87705135345459,2.295700788497925
1741033304790123800,99.62512377929687,3.254321575164795,5.745692253112793,0.3221956491470337
1741033304800225800,99.63522583007813,3.2401652336120605,3.54815673828125,-0.9314732551574707
1741033304810328000,99.645328125,1.8245608806610107,1.5466108322143555,-0.9684286713600159
1741033304820430000,99.65543017578125,1.419795036315918,-0.08547496795654297,-0.8133060336112976
1741033304830532000,99.66553198242187,1.7081234455108643,-0.8182306289672852,-0.7930825352668762
1741033304840634600,99.67563452148437,2.09171724319458,-0.513453483581543,-0.7707712054252625
1741033304850736400,99.685736328125,1.8343549966812134,0.726933479309082,-0.7025619745254517
1741033304860839000,99.6958388671875,1.2844579219818115,2.300935745239258,-0.40773528814315796
1741033304870940700,99.70594067382812,1.2310667037963867,3.6024484634399414,0.16084270179271698
1741033304881042400,99.71604248046874,1.530405044555664,4.247001647949219,0.7113872170448303
1741033304891145000,99.72614501953124,2.017731189727783,3.9360742568969727,0.8774682283401489
1741033304901246700,99.73624682617188,3.3699233531951904,3.1407833099365234,0.83481365442276
1741033304911349200,99.74634936523438,5.586639404296875,2.1917762756347656,1.1151443719863892
1741033304921451300,99.756451171875,7.2877349853515625,1.322366714477539,1.7400457859039307
1741033304931553500,99.76655346679688,6.85200834274292,0.44646644592285156,2.0540502071380615
1741033304941655600,99.77665551757812,5.9256696701049805,-0.9628162384033203,1.8551219701766968
1741033304951757800,99.7867578125,4.124101638793945,-2.47528076171875,1.9572889804840088
1741033304961859600,99.79685961914062,-0.2319384664297104,-3.793323040008545,1.7093368768692017
1741033304971961600,99.80696166992188,-2.312406063079834,-4.317722797393799,2.344465732574463
1741033304982063900,99.81706396484375,0.32856127619743347,-4.525793552398682,3.7559709548950195
1741033304992166100,99.82716625976562,2.7650845050811768,-4.789709568023682,4.393325328826904
1741033305002268200,99.83726806640625,3.4729368686676025,-5.1520233154296875,4.472751617431641
1741033305012370400,99.84737036132813,3.297532320022583,-5.607612133026123,4.146972179412842
1741033305022472400,99.85747241210937,2.8762898445129395,-6.025094032287598,3.4282479286193848
1741033305032574200,99.86757421875,2.423856258392334,-6.389534950256348,2.5523476600646973
1741033305042676500,99.87767651367187,1.9478535652160645,-6.559797763824463,1.8248934745788574
1741033305052778200,99.8877783203125,1.4539451599121094,-6.733181953430176,1.2697151899337769
1741033305062881000,99.89788110351563,0.8319638967514038,-6.959829330444336,0.8905468583106995
1741033305072982800,99.90798266601563,0.1336849331855774,-7.134345531463623,0.7116338610649109
1741033305083085300,99.91808520507813,-0.5257774591445923,-7.266177177429199,0.6352158188819885
1741033305093187000,99.92818701171875,-0.540550708770752,-7.164846897125244,0.6823140978813171
1741033305103289300,99.93828930664063,-0.03860384225845337,-6.811269760131836,0.7640461325645447
1741033305113391000,99.94839111328125,0.9121257662773132,-6.1216936111450195,0.9787788987159729
1741033305123493400,99.95849340820313,1.7373600006103516,-5.462431907653809,0.9904127717018127
1741033305133595400,99.96859545898438,2.1540138721466064,-4.882896900177002,0.7277122735977173
1741033305143697700,99.97869775390625,2.477459669113159,-4.260908603668213,0.5411468744277954
1741033305153799700,99.98879956054688,2.8749890327453613,-3.4812026023864746,0.4435923099517822
1741033305163902000,99.99890185546874,3.2305054664611816,-2.5290894508361816,0.5652856826782227
1741033305174004000,100.00900390625,3.761897087097168,-1.0890464782714844,0.9458920359611511
1741033305184105700,100.01910571289062,4.194220066070557,1.1579418182373047,1.1649398803710938
1741033305194208300,100.02920825195312,4.1629719734191895,4.218836784362793,1.1139452457427979
1741033305204310000,100.03931005859376,4.107038497924805,7.765746116638184,0.4096813201904297
1741033305214412500,100.04941259765624,5.35997200012207,10.032604217529297,-1.4893685579299927
1741033305224514300,100.05951440429688,6.339305400848389,9.72663688659668,-3.898123264312744
1741033305234616800,100.06961694335938,4.588517189025879,7.956882476806641,-5.320272445678711
1741033305244718800,100.07971875,3.0099449157714844,6.053450584411621,-5.023806095123291
1741033305254821000,100.08982104492188,4.733292102813721,3.4564647674560547,-3.7783970832824707
1741033305264923000,100.0999228515625,5.871490478515625,0.9736719131469727,-2.7399089336395264
1741033305275025000,100.11002490234375,6.100557327270508,-0.8911256790161133,-2.093015670776367
1741033305285127200,100.12012719726563,8.645573616027832,-3.4907875061035156,-0.6198300123214722
1741033305295229200,100.13022924804687,6.479002952575684,-3.4384593963623047,0.540357232093811
1741033305305331500,100.14033154296875,4.001648902893066,-1.7871451377868652,0.9492523670196533
1741033305315433700,100.15043383789063,2.3088059425354004,1.086273193359375,0.9701765775680542
1741033305325535700,100.16053564453125,4.719232082366943,3.2065725326538086,1.8900644779205322
1741033305335637200,100.17063720703125,4.132978439331055,5.039860725402832,3.127018928527832
1741033305345739800,100.18073974609375,3.108299970626831,5.841497421264648,3.9006009101867676
1741033305355841500,100.19084155273437,2.397068738937378,5.83206844329834,4.248967170715332
1741033305365944000,100.20094409179687,2.1281583309173584,5.8249006271362305,4.717501640319824
1741033305376045800,100.2110458984375,1.277693748474121,6.050708770751953,5.504791259765625
1741033305386148400,100.2211484375,0.08916783332824707,6.219079971313477,6.614786624908447
1741033305396250400,100.23125048828125,-1.202627182006836,6.408695220947266,7.87451171875
1741033305406352600,100.2413525390625,-2.4726996421813965,6.426820755004883,8.94601821899414
1741033305416454400,100.25145434570312,-3.5574679374694824,5.932531356811523,8.834896087646484
1741033305426556400,100.26155639648438,-4.393634796142578,4.6135406494140625,7.711531639099121
1741033305436658700,100.27165869140624,-4.664728164672852,2.817023277282715,5.874691486358643
1741033305446760700,100.2817607421875,-4.602932453155518,1.0862770080566406,3.9073691368103027
1741033305456863000,100.29186303710938,-4.177258491516113,-0.3361644744873047,2.3946034908294678
1741033305466965200,100.30196533203124,-3.8227596282958984,-1.368727684020996,1.5974109172821045
1741033305477067300,100.3120673828125,-3.4473495483398438,-2.0064597129821777,1.452991247177124
1741033305487169000,100.3221689453125,-2.9080772399902344,-2.566645622253418,1.2384898662567139
1741033305497271300,100.33227124023438,-2.1461410522460938,-3.1684861183166504,1.0505656003952026
1741033305507373300,100.34237329101562,-2.120091438293457,-3.814688205718994,1.028573989868164
1741033305517475600,100.3524755859375,-2.312821865081787,-4.417034149169922,1.1191297769546509
1741033305527577600,100.36257763671875,-2.3916573524475098,-4.858773231506348,1.1489053964614868
1741033305537680100,100.37268017578126,-2.3927650451660156,-5.1158318519592285,1.2318367958068848
1741033305547782000,100.38278198242188,-2.296536445617676,-5.3582282066345215,1.285285472869873
1741033305557883600,100.39288354492187,-2.1663362979888916,-5.478329181671143,1.3529410362243652
1741033305567986200,100.40298608398437,-2.109937906265259,-5.546746730804443,1.460891604423523
1741033305578088000,100.413087890625,-1.9877722263336182,-5.547606468200684,1.601243019104004
1741033305588190500,100.4231904296875,-0.9531542658805847,-4.8908843994140625,1.9778852462768555
1741033305598292500,100.43329248046875,3.3712167739868164,-3.491389274597168,2.491469383239746
1741033305608394500,100.44339453125,9.961480140686035,-2.2117362022399902,2.679666519165039
1741033305618496800,100.45349682617187,7.951759338378906,-2.968278408050537,3.50217866897583
1741033305628598800,100.46359887695313,-0.9138317704200745,-4.566789150238037,3.520852565765381
1741033305638700500,100.47370043945313,-6.524542808532715,-4.651682376861572,2.5151805877685547
1741033305648802800,100.483802734375,-8.990839004516602,-4.231006145477295,1.9956181049346924
1741033305658904800,100.49390478515625,-10.841647148132324,-4.021143436431885,1.4751195907592773
1741033305669007400,100.50400732421875,-10.51795482635498,-4.110326290130615,0.7831045389175415
1741033305679109000,100.51410913085938,-9.901647567749023,-4.26398229598999,-0.04513227939605713
1741033305689211600,100.52421166992187,-8.870499610900879,-4.560970783233643,-0.9087123870849609
1741033305699313400,100.5343134765625,-8.149637222290039,-4.456374168395996,-1.5025908946990967
1741033305709415200,100.54441528320312,-8.032024383544922,-3.997196674346924,-1.6167032718658447
1741033305719517700,100.554517578125,-8.587427139282227,-3.106992721557617,-1.2953006029129028
1741033305729656000,100.56465600585938,-9.77580738067627,-1.9863171577453613,-0.6319252252578735
1741033305739960600,100.57496069335937,-10.544697761535645,-0.6513586044311523,0.31396329402923584
1741033305750264800,100.58526489257812,-10.183370590209961,0.8009166717529297,1.537492036819458
1741033305760500500,100.59550048828125,-8.572969436645508,2.252595901489258,3.0193610191345215
1741033305770622500,100.60562255859375,-6.71013879776001,4.214316368103027,4.7204084396362305
1741033305780724500,100.61572436523437,-4.723430633544922,6.892685890197754,6.5928635597229
1741033305790826800,100.62582666015625,-2.7667763233184814,9.592168807983398,8.010902404785156
1741033305800928800,100.6359287109375,-1.2070717811584473,11.37794303894043,8.108174324035645
1741033305811030500,100.64603051757813,1.0378739833831787,11.998051643371582,7.060914516448975
1741033305821132800,100.6561328125,2.179672956466675,10.573172569274902,4.5537848472595215
1741033305831234800,100.66623486328125,1.606245517730713,7.281179428100586,1.4808895587921143
1741033305841337300,100.67633740234375,0.5748422145843506,3.7427940368652344,-0.39586323499679565
1741033305851439000,100.68643920898438,0.4279634952545166,0.8477258682250977,-0.8080602884292603
1741033305861541600,100.69654174804687,0.27997326850891113,-1.280848503112793,-0.7841110229492188
1741033305871643400,100.70664331054688,0.23788881301879883,-2.219460964202881,-0.6540842652320862
1741033305881745200,100.7167451171875,0.558497428894043,-2.2373108863830566,-0.7114291191101074
1741033305891847700,100.72684765625,1.4825444221496582,-0.8157682418823242,-0.5331327319145203
1741033305901949400,100.73694946289062,2.7204575538635254,1.8604497909545898,0.003392323851585388
1741033305912052000,100.74705200195312,4.109244346618652,4.877956390380859,1.0781916379928589
1741033305922154000,100.75715405273438,5.724126815795898,6.686734199523926,1.780489444732666
1741033305932256000,100.76725610351562,7.169700622558594,6.369305610656738,1.6550953388214111
1741033305942358300,100.77735815429688,7.805100917816162,4.415467262268066,1.0252573490142822
1741033305952460300,100.78746020507812,8.157645225524902,2.2255821228027344,1.1819411516189575
1741033305962562000,100.79756201171875,7.197258949279785,0.5454368591308594,1.8234224319458008
1741033305972664600,100.80766455078125,4.510418891906738,-0.6290216445922852,1.6205284595489502
1741033305982766300,100.81776635742187,2.2308623790740967,-1.468912124633789,0.9080784320831299
1741033305992868900,100.82786889648438,2.619650363922119,-1.8979849815368652,0.030316859483718872
1741033306002970600,100.837970703125,5.945186614990234,-2.7794647216796875,-1.1764922142028809
1741033306013073200,100.8480732421875,-0.3701753318309784,-4.480350494384766,-1.7771612405776978
1741033306023175000,100.8581748046875,-5.314370155334473,-5.027313709259033,-0.9735856056213379
1741033306033276700,100.86827661132813,-1.7445108890533447,-4.973512172698975,1.0196377038955688
1741033306043379200,100.87837915039063,2.2273192405700684,-4.898335933685303,2.5606164932250977
1741033306053481200,100.88848120117187,3.9372198581695557,-4.956749439239502,3.7102298736572266
1741033306063583500,100.89858349609375,4.348342418670654,-5.000901222229004,4.40756368637085
1741033306073685500,100.908685546875,4.0071492195129395,-5.42302131652832,4.216527938842773
1741033306083787800,100.91878784179687,3.6919593811035156,-5.9150309562683105,3.540032386779785
1741033306093889500,100.9288896484375,3.4593186378479004,-6.319005489349365,2.936641216278076
1741033306103991600,100.93899145507812,2.656339406967163,-6.759128093719482,2.418004274368286
1741033306114093800,100.94909375,1.5136499404907227,-7.214852809906006,2.099231719970703
1741033306124196000,100.95919604492188,0.7181847095489502,-7.5376081466674805,1.8420546054840088
1741033306134298000,100.96929809570312,0.07358807325363159,-7.789714813232422,1.671159029006958
1741033306144400400,100.979400390625,-0.1823849081993103,-7.93079948425293,1.551569938659668
1741033306154502100,100.98950219726562,-0.28949877619743347,-7.829714298248291,1.4600828886032104
1741033306164604000,100.99960400390626,0.189985990524292,-7.24986457824707,1.5342891216278076
1741033306174706400,101.00970654296874,0.8945546746253967,-6.406950950622559,1.4145026206970215
1741033306184808200,101.01980810546875,1.4732551574707031,-5.475581169128418,1.2388489246368408
1741033306194910700,101.02991064453126,1.8960998058319092,-4.236019134521484,1.181058645248413
1741033306205012700,101.0400126953125,2.2519161701202393,-2.5811877250671387,1.016671895980835
1741033306215115000,101.05011499023438,2.5145864486694336,-0.17405033111572266,0.8649634122848511
1741033306225216800,101.060216796875,2.1503639221191406,3.102863311767578,0.5996198654174805
1741033306235318800,101.07031884765625,1.46234929561615,6.881557464599609,0.24870501458644867
1741033306245421000,101.08042114257813,1.9946707487106323,9.558221817016602,-1.0717805624008179
1741033306255523300,101.0905234375,4.375642776489258,9.78577995300293,-2.665250778198242
1741033306265625300,101.10062524414063,4.597623348236084,7.864381790161133,-3.473386764526367
1741033306275727600,101.1107275390625,3.1764469146728516,5.668390274047852,-3.818737030029297
1741033306285829600,101.12082958984375,3.6291069984436035,4.351071357727051,-3.895420551300049
1741033306295931400,101.13093139648437,4.697812557220459,3.2645788192749023,-3.852203607559204
1741033306306033700,101.14103369140625,5.659562110900879,2.2184247970581055,-3.3895344734191895
1741033306316135700,101.1511357421875,6.128622055053711,1.7958793640136719,-2.4938321113586426
1741033306326238200,101.16123828125,9.091299057006836,1.3302850723266602,-1.6096599102020264
1741033306336340000,101.17134008789063,9.945780754089355,2.0048656463623047,-0.5516968965530396
1741033306346442500,101.1814423828125,7.0235700607299805,4.267210006713867,-0.4574434757232666
1741033306356544300,101.19154418945313,7.2233967781066895,4.5215559005737305,0.46693527698516846
1741033306366646000,101.20164599609375,3.7021484375,3.14453125,1.2662911415100098
1741033306376748300,101.21174829101562,0.5555579662322998,2.0044708251953125,2.0037131309509277
1741033306386850300,101.22185034179688,-0.25864410400390625,1.639145851135254,2.855311393737793
1741033306396952600,101.23195263671874,0.07368254661560059,2.2727537155151367,3.9434468746185303
1741033306407054800,101.24205493164062,0.4941532611846924,3.485222816467285,5.018725395202637
1741033306417156900,101.25215698242188,0.8164112567901611,4.879014015197754,5.861743927001953
1741033306427259100,101.26225903320312,0.45235753059387207,5.8812103271484375,6.538499355316162
1741033306437480700,101.27248071289063,-0.6219441890716553,6.301923751831055,6.750267505645752
1741033306447785000,101.28278491210938,-1.5891302824020386,6.084477424621582,6.685696125030518
1741033306458089000,101.2930888671875,-2.345262050628662,5.19357967376709,6.166717052459717
1741033306468256800,101.3032568359375,-2.9079296588897705,3.210386276245117,4.904760360717773
1741033306478363600,101.31336376953125,-3.139031410217285,1.1096601486206055,3.555161952972412
1741033306488465400,101.32346533203125,-3.177123785018921,-0.4806985855102539,2.499643325805664
1741033306498568000,101.33356787109375,-3.283949375152588,-1.6566715240478516,1.7726893424987793
1741033306508670000,101.343669921875,-3.3260316848754883,-2.5849952697753906,1.2671573162078857
1741033306518772200,101.35377221679687,-3.4085452556610107,-3.228095531463623,1.0480973720550537
1741033306528874000,101.3638740234375,-3.4240663051605225,-3.657166004180908,1.0293474197387695
1741033306538976000,101.37397607421875,-3.2567429542541504,-4.045191764831543,1.0961053371429443
1741033306549078300,101.38407836914062,-3.0308926105499268,-4.441061019897461,1.2395380735397339
1741033306559180300,101.39418017578124,-2.7718710899353027,-4.8066606521606445,1.3635573387145996
1741033306569282600,101.40428247070312,-2.6625494956970215,-5.1609206199646,1.4633541107177734
1741033306579384800,101.414384765625,-2.6859755516052246,-5.322388648986816,1.5626251697540283
1741033306589486800,101.42448681640624,-2.5876598358154297,-5.377558708190918,1.6906852722167969
1741033306599588600,101.43458862304688,-2.2158384323120117,-5.2705769538879395,1.8105416297912598
1741033306609691000,101.44469091796876,-1.0656081438064575,-4.950745582580566,1.9405701160430908
1741033306619793000,101.45479296875,0.7050237655639648,-4.488044738769531,1.9518858194351196
1741033306629895200,101.46489526367188,2.777374267578125,-4.017323970794678,1.8642098903656006
1741033306639997200,101.4749970703125,1.3591777086257935,-4.090136528015137,1.4903528690338135
1741033306650099700,101.485099609375,-1.3326622247695923,-4.669434547424316,0.6816823482513428
1741033306660201500,101.49520141601562,-2.1261558532714844,-5.022751808166504,0.1743556261062622
1741033306670303200,101.50530322265625,-3.0579147338867188,-4.94741153717041,0.09236764907836914
1741033306680405800,101.51540576171875,-4.328382968902588,-4.642948150634766,-0.04340040683746338
1741033306690507500,101.52550756835937,-6.318475246429443,-3.5108771324157715,0.16515713930130005
1741033306700610000,101.53561010742187,-7.948760509490967,-1.969250202178955,0.2984386086463928
1741033306710711600,101.54571166992187,-8.40782356262207,-0.8906898498535156,0.031401216983795166
1741033306720813800,101.55581372070313,-8.24422836303711,-0.2675466537475586,-0.04290664196014404
1741033306730915800,101.56591577148437,-7.409881114959717,0.03972339630126953,-0.032089293003082275
1741033306741018000,101.57601806640625,-6.5467753410339355,0.14163589477539062,0.30078989267349243
1741033306751120100,101.5861201171875,-5.762261867523193,0.6194219589233398,0.8133885860443115
1741033306761222400,101.59622241210937,-4.924973487854004,1.705221176147461,1.5290749073028564
1741033306771324400,101.60632446289063,-3.998135566711426,3.1966934204101562,2.3438754081726074
1741033306781426200,101.61642626953125,-3.0351433753967285,4.756776809692383,2.891402006149292
1741033306791528700,101.62652880859375,-2.264163017272949,6.0349225997924805,3.015941619873047
1741033306801630500,101.63663037109374,-1.5688633918762207,6.523553848266602,2.510322332382202
1741033306811733000,101.64673291015625,-0.9805918335914612,6.446429252624512,1.957777738571167
1741033306821834800,101.65683471679688,-0.7922528386116028,5.791804313659668,1.2682452201843262
1741033306831937300,101.66693725585938,-0.5865623950958252,4.8273210525512695,0.28077757358551025
1741033306842039000,101.6770390625,0.6377618312835693,4.690557479858398,-0.8920609951019287
1741033306852140800,101.68714086914062,0.7943745851516724,5.8491668701171875,-1.5423868894577026
1741033306862243300,101.69724340820312,0.6282702684402466,6.595274925231934,-2.1151914596557617
1741033306872345300,101.70734545898438,0.7630875110626221,5.87001895904541,-2.716546058654785
1741033306882447600,101.71744750976562,2.1094789505004883,3.430109977722168,-2.9090702533721924
1741033306892549600,101.72754956054688,2.7373855113983154,0.6999425888061523,-2.9624271392822266
1741033306902652000,101.73765185546876,2.545797348022461,-1.2588167190551758,-2.922144651412964
1741033306912753400,101.74775341796875,2.619582176208496,-2.0637874603271484,-2.539623737335205
1741033306922856000,101.75785595703125,2.7246689796447754,-1.4676456451416016,-1.9870238304138184
1741033306932957700,101.76795776367187,2.659450054168701,0.5796804428100586,-1.3311213254928589
1741033306943060200,101.77806030273437,1.860693335533142,3.147075653076172,-0.5871950387954712
1741033306953162000,101.78816186523437,2.567885398864746,5.282095909118652,0.7313315868377686
1741033306963263700,101.798263671875,7.24479866027832,5.478577613830566,1.4488184452056885
1741033306973366300,101.8083662109375,9.378921508789062,3.631254196166992,1.667521357536316
1741033306983468000,101.81846801757813,8.004634857177734,1.5335569381713867,1.405759334564209
1741033306993570600,101.82857055664063,4.477992534637451,-0.0786581039428711,0.3016878366470337
1741033307003672600,101.83867260742187,1.4572738409042358,-1.235274314880371,-0.888240396976471
1741033307013774800,101.84877490234375,-0.6877914667129517,-1.7958927154541016,-1.6538574695587158
1741033307023876600,101.85887670898437,0.5027546882629395,-2.496351718902588,-1.3842203617095947
1741033307033978600,101.868978515625,1.4073331356048584,-3.162778854370117,-0.8116838932037354
1741033307044081000,101.87908081054688,1.5270867347717285,-3.8854260444641113,-0.15035304427146912
1741033307054183000,101.88918286132812,1.3472144603729248,-4.737009525299072,0.4235514998435974
1741033307064285200,101.89928515625,1.4523332118988037,-5.38606595993042,0.8507925868034363
1741033307074387500,101.90938745117188,1.6923234462738037,-5.4909749031066895,1.5738869905471802
1741033307084489500,101.91948950195312,1.797459602355957,-5.551600933074951,1.9852343797683716
1741033307094591200,101.92959130859376,1.8297979831695557,-5.684911251068115,2.0472774505615234
1741033307104693500,101.93969360351562,1.4284732341766357,-5.739428997039795,1.7921593189239502
1741033307114795500,101.94979541015626,1.2081266641616821,-5.783247947692871,1.6866122484207153
1741033307124897800,101.95989770507812,1.055417776107788,-5.7030930519104,1.7237167358398438
1741033307134999600,101.96999951171875,0.5012073516845703,-5.526260852813721,1.8746000528335571
1741033307145102300,101.98010229492188,0.1727759838104248,-5.556925296783447,1.951256275177002
1741033307155203800,101.99020385742188,-0.19954562187194824,-5.678890228271484,1.9446511268615723
1741033307165305900,102.00030590820313,-0.3392641544342041,-5.745701789855957,1.8970988988876343
1741033307175408000,102.010408203125,-0.37302255630493164,-5.653979301452637,1.9288300275802612
1741033307185510100,102.02051025390625,-0.058612704277038574,-5.488880157470703,1.9164462089538574
1741033307195612400,102.0306123046875,0.33493924140930176,-5.081264972686768,2.1399130821228027
1741033307205714200,102.04071411132813,0.724589467048645,-4.451790809631348,2.45884108543396
1741033307215816400,102.05081640625,1.1736688613891602,-3.6940999031066895,2.7670180797576904
1741033307225918500,102.06091845703125,1.3833967447280884,-2.612706184387207,3.1958398818969727
1741033307236020700,102.07102075195313,1.4545302391052246,-1.2612285614013672,3.6426801681518555
1741033307246122800,102.08112280273437,1.40910005569458,0.401123046875,3.886322021484375
1741033307256225000,102.09122509765625,0.848678708076477,2.364715576171875,3.573381185531616
1741033307266327000,102.1013271484375,-0.20150679349899292,4.347314834594727,3.224064350128174
1741033307276428800,102.1114287109375,-1.320638656616211,6.085588455200195,2.607820510864258
1741033307286531300,102.12153125,-2.245807647705078,6.257111549377441,0.9431027770042419
1741033307296633000,102.13163305664062,-1.8152000904083252,5.18105411529541,-1.5163723230361938
1741033307306735600,102.14173559570312,-1.5073777437210083,4.1413984298706055,-3.481731414794922
1741033307316837400,102.15183740234374,-2.607537269592285,3.8772192001342773,-4.482021808624268
1741033307326939100,102.16193920898438,-2.0295870304107666,4.127764701843262,-5.386693954467773
1741033307337041700,102.17204174804688,-0.30064356327056885,5.065525054931641,-5.495733261108398
1741033307347143400,102.18214331054688,3.9541690349578857,5.981428146362305,-4.922352313995361
1741033307357245700,102.19224560546876,10.469930648803711,6.170592308044434,-3.4788143634796143
1741033307367348000,102.20234790039062,17.734777450561523,4.758126258850098,-2.063941478729248
1741033307377450000,102.21244995117188,17.378360748291016,4.416232109069824,-1.6601814031600952
1741033307387551700,102.2225517578125,13.75507926940918,3.0808753967285156,-2.34012508392334
1741033307397654000,102.23265405273438,9.656688690185547,-0.0323486328125,-2.118091106414795
1741033307407756000,102.24275610351563,2.804675340652466,-2.4561824798583984,-1.2448134422302246
1741033307417858300,102.2528583984375,-2.388988971710205,-2.529663562774658,0.712079644203186
1741033307427960300,102.26296020507813,-1.2235286235809326,-0.6329011917114258,2.979048490524292
1741033307438062800,102.27306274414063,0.8676456212997437,2.328610420227051,5.0311479568481445
1741033307448164600,102.28316455078125,0.85114586353302,5.036256790161133,6.3112287521362305
1741033307458266400,102.29326635742187,-0.7683562636375427,6.2180585861206055,7.222013473510742
1741033307468369000,102.30336889648437,-2.423307418823242,5.964653015136719,7.788604736328125
1741033307478470700,102.313470703125,-3.506134033203125,4.553615570068359,7.729487895965576
1741033307488573200,102.3235732421875,-2.552335500717163,2.2164440155029297,6.662988185882568
1741033307498675000,102.33367504882813,-2.25112247467041,-0.05220603942871094,4.914231300354004
1741033307508777000,102.34377685546875,-3.2877535820007324,-1.3167848587036133,3.4294888973236084
1741033307518879200,102.35387915039063,-4.087378978729248,-1.576249122619629,2.572462797164917
1741033307528981200,102.36398120117188,-3.9894189834594727,-1.6918907165527344,1.824986457824707
1741033307539083500,102.37408349609375,-3.759644031524658,-2.3847875595092773,1.1690421104431152
1741033307549185500,102.384185546875,-3.904717206954956,-3.4028143882751465,0.6862589120864868
1741033307559287800,102.39428784179688,-4.535190582275391,-4.099556922912598,0.3009245693683624
1741033307569389300,102.40438940429688,-4.591827392578125,-4.791355133056641,0.026293359696865082
1741033307579491800,102.41449194335938,-4.613730430603027,-5.459981918334961,-0.20169639587402344
1741033307589593600,102.42459350585938,-4.269217491149902,-6.226616859436035,-0.4536327123641968
1741033307599696100,102.43469604492188,-3.6107101440429688,-6.881725311279297,-0.5126157999038696
1741033307609798000,102.4447978515625,-3.2853572368621826,-7.190631866455078,-0.4559746980667114
1741033307619899600,102.45489965820312,-2.8104443550109863,-7.357962608337402,-0.34217357635498047
1741033307630002200,102.46500219726562,-2.391223669052124,-7.381289482116699,-0.14083769917488098
1741033307640104000,102.47510400390625,-2.0358829498291016,-7.138131618499756,0.1766834855079651
1741033307650206500,102.48520654296875,-1.8379340171813965,-6.610961437225342,0.5304743647575378
1741033307660308500,102.49530859375,-1.5549886226654053,-6.027040481567383,0.8574413061141968
1741033307670410800,102.50541064453125,-1.0769360065460205,-5.533764839172363,1.0744887590408325
1741033307680512500,102.51551245117187,-0.7777466773986816,-5.061074733734131,1.1772665977478027
1741033307690614500,102.52561450195313,-0.7577035427093506,-4.496145725250244,1.1841461658477783
1741033307700716800,102.535716796875,-0.832186222076416,-3.7281503677368164,1.3093862533569336
1741033307710818800,102.54581884765625,-0.8802685737609863,-2.760834217071533,1.521650791168213
1741033307720921000,102.55592114257813,-0.7706058025360107,-1.6090517044067383,1.683678388595581
1741033307731022800,102.56602294921875,-0.566209077835083,-0.19034290313720703,1.8395472764968872
1741033307741125000,102.576125,-0.10988318920135498,1.3650074005126953,1.9516351222991943
1741033307751227000,102.58622680664062,0.9233421087265015,3.085028648376465,1.9647753238677979
1741033307761329400,102.59632934570313,1.6691654920578003,4.671689987182617,1.8251596689224243
1741033307771431200,102.60643115234375,2.1567256450653076,5.610605239868164,1.3337392807006836
1741033307781534000,102.61653393554687,2.790402412414551,6.01862907409668,0.47737157344818115
1741033307791635500,102.62663549804688,3.078162670135498,5.9691057205200195,-0.4307246804237366
1741033307801737500,102.63673754882812,2.884519338607788,5.28433895111084,-2.2502708435058594
1741033307811839700,102.64683984375,4.173649311065674,3.883336067199707,-5.323195457458496
1741033307821941800,102.65694165039062,7.190441608428955,2.554781913757324,-8.574462890625
1741033307832104000,102.66710400390625,10.712875366210938,2.1608963012695312,-10.09312915802002
1741033307842408200,102.677408203125,11.53385066986084,3.485409736633301,-7.797487258911133
1741033307852712400,102.68771240234375,9.748746871948242,5.326138496398926,-4.797364234924316
1741033307862929200,102.69792919921875,6.3227691650390625,6.789751052856445,-2.8234097957611084
1741033307873046500,102.70804663085937,3.775465488433838,7.955050468444824,-1.7923946380615234
1741033307883148300,102.71814819335937,2.091188430786133,8.346551895141602,-1.5914883613586426
1741033307893250800,102.72825073242187,-0.13779127597808838,7.926759719848633,-1.4996874332427979
1741033307903352600,102.7383525390625,-1.2627960443496704,6.176735877990723,-1.1676896810531616
1741033307913455000,102.748455078125,-1.2176837921142578,2.8660058975219727,-1.2372771501541138
1741033307923556900,102.75855688476562,-0.834392249584198,-0.13942527770996094,-1.1510573625564575
1741033307933659400,102.76865942382813,-0.6801644563674927,-1.9492526054382324,-0.8746471405029297
1741033307943940400,102.7789404296875,-1.0515315532684326,-2.5415825843811035,-0.7274311184883118
1741033307954020400,102.78902026367187,-1.4315296411514282,-1.2684669494628906,-0.5305759310722351
1741033307964001000,102.7990009765625,-1.831383466720581,0.7191658020019531,-0.2501557171344757
1741033307974305500,102.80930541992187,-3.044518232345581,2.953510284423828,0.20861545205116272
1741033307984609800,102.81960986328124,-3.9632692337036133,4.488577842712402,1.0259308815002441
1741033307994846000,102.82984594726562,-3.6574900150299072,4.373381614685059,1.7734339237213135
1741033308004967700,102.8399677734375,-2.9499001502990723,3.2474613189697266,2.0906178951263428
1741033308015070000,102.85007006835937,-2.0097737312316895,1.8371210098266602,1.9244437217712402
1741033308025172500,102.86017236328125,-1.0843660831451416,0.7872714996337891,1.7512322664260864
1741033308035274200,102.87027416992187,-0.4961419701576233,-0.024435997009277344,1.6926720142364502
1741033308045518800,102.88051879882812,-0.16805428266525269,-0.8011302947998047,1.9885789155960083
1741033308055823400,102.8908232421875,-0.11257016658782959,-1.6166601181030273,2.616706371307373
1741033308066127000,102.90112719726562,-0.0874093770980835,-2.2755908966064453,3.4052703380584717
1741033308076276500,102.9112763671875,-0.09007549285888672,-2.872204303741455,4.378580093383789
1741033308086379000,102.92137890625,-0.07823920249938965,-3.448017120361328,5.064950942993164
1741033308096480800,102.93148071289062,0.09942108392715454,-4.033236026763916,5.457283973693848
1741033308106582500,102.94158251953125,0.1562269628047943,-4.5163445472717285,5.690907955169678
1741033308116685000,102.95168505859375,0.3187401294708252,-5.119959831237793,5.431502819061279
1741033308126787000,102.961787109375,0.2987111210823059,-5.906489849090576,4.757050514221191
1741033308136889300,102.97188940429687,0.2804008424282074,-6.732375621795654,3.680121421813965
1741033308146991400,102.98199145507813,0.28197720646858215,-7.382351398468018,2.594614267349243
1741033308157093600,102.99209375,0.3440488576889038,-7.8667802810668945,1.7804725170135498
1741033308167195100,103.00219506835937,0.3410522937774658,-8.07056999206543,1.1721097230911255
1741033308177297400,103.01229736328125,0.3036915957927704,-8.046815872192383,0.7558034658432007
1741033308187399400,103.0223994140625,0.2498839795589447,-7.9729108810424805,0.42507481575012207
1741033308197502000,103.032501953125,0.3918493092060089,-7.672032356262207,0.13716840744018555
1741033308207603700,103.04260375976563,0.6555796265602112,-7.1106953620910645,-0.03836935758590698
1741033308217705500,103.05270556640625,0.7912676930427551,-6.314047813415527,-0.03990700840950012
1741033308227808000,103.06280810546875,0.8201807737350464,-5.462438583374023,-0.14747262001037598
1741033308237909800,103.07290966796874,0.5668535232543945,-4.484087944030762,-0.22922810912132263
1741033308248012300,103.08301220703125,-0.03248003125190735,-3.130979537963867,-0.18612316250801086
1741033308258114000,103.09311401367188,-0.6584339141845703,-1.4224843978881836,0.15429002046585083
1741033308268216600,103.10321655273438,-1.200850486755371,0.30196666717529297,0.6883336305618286
1741033308278318300,103.113318359375,-1.0182883739471436,1.749922752380371,1.3317430019378662
1741033308288420400,103.12342041015626,-0.66954505443573,2.6719961166381836,1.6819136142730713
1741033308298522600,103.13352270507812,-0.4813445806503296,3.668912887573242,1.6003859043121338
1741033308308624600,103.14362475585938,-0.34331172704696655,4.485625267028809,1.254325032234192
1741033308318727000,103.15372680664062,-0.5019766688346863,5.166709899902344,1.0249643325805664
1741033308328828700,103.16382861328125,-0.3326717019081116,5.411538124084473,0.813754677772522
1741033308338930700,103.1739306640625,0.5683093070983887,4.914263725280762,0.013671591877937317
1741033308349033000,103.18403295898437,-1.3475959300994873,4.6405134201049805,-1.3857746124267578
1741033308359135200,103.19413525390625,-4.56579065322876,4.763450622558594,-3.188549280166626
1741033308369237000,103.20423706054687,-5.172872066497803,3.794902801513672,-5.927884101867676
1741033308379338800,103.2143388671875,-1.1501696109771729,1.8664140701293945,-6.773087501525879
1741033308389441300,103.22444116210937,5.635950088500977,0.5615053176879883,-6.753546237945557
1741033308399543000,103.23454296875,15.217950820922852,-0.9013051986694336,-6.606171607971191
1741033308409645600,103.2446455078125,22.389066696166992,-1.2808198928833008,-5.510599613189697
1741033308419747600,103.25474755859375,19.477617263793945,0.9451065063476562,-3.9261577129364014
1741033308429850000,103.26485009765625,12.828912734985352,3.9172496795654297,-2.6845431327819824
1741033308440000300,103.27500024414063,8.755009651184082,4.491292953491211,-2.075538158416748
1741033308450304800,103.2853046875,4.144774436950684,2.840036392211914,-1.0509803295135498
1741033308460608800,103.29560888671875,1.4625561237335205,1.5798215866088867,-0.10542130470275879
1741033308470835000,103.3058349609375,0.16242671012878418,1.0862131118774414,0.13389843702316284
1741033308480954000,103.3159541015625,-0.5857141017913818,1.4537839889526367,0.006462574005126953
1741033308491056400,103.32605639648438,-0.6454439163208008,2.649412155151367,0.25045597553253174
1741033308501158400,103.33615844726563,-0.480293869972229,4.36503791809082,0.9686194658279419
1741033308511261000,103.34626098632812,-0.7122529745101929,5.994780540466309,2.151862144470215
1741033308521362700,103.35636279296875,-1.1993645429611206,6.916898727416992,3.456515312194824
1741033308531464400,103.36646435546875,-1.5305641889572144,6.560785293579102,4.484338760375977
1741033308541567000,103.37656689453125,-2.177980899810791,4.515913963317871,4.588945388793945
1741033308551668700,103.38666870117187,-2.643636703491211,1.9816265106201172,4.116743087768555
1741033308561771300,103.39677124023437,-2.374237298965454,0.029639244079589844,3.450007915496826
1741033308571873000,103.406873046875,-2.1097211837768555,-1.2327089309692383,3.008817672729492
1741033308581974800,103.41697485351563,-1.9582558870315552,-2.0203194618225098,2.832057476043701
1741033308592077300,103.42707739257813,-1.8442773818969727,-2.680954933166504,2.671147346496582
1741033308602179300,103.43717944335937,-1.9141442775726318,-3.339451789855957,2.468169689178467
1741033308612281600,103.44728149414063,-1.9324336051940918,-3.962477207183838,2.3312878608703613
1741033308622383400,103.45738330078125,-1.8093737363815308,-4.490877628326416,2.197880268096924
1741033308632485400,103.4674853515625,-1.6906864643096924,-4.916360378265381,2.1346633434295654
1741033308642587600,103.47758764648438,-1.6565443277359009,-5.276963710784912,2.085484266281128
1741033308652689700,103.48768969726562,-1.6202921867370605,-5.480335712432861,2.0944905281066895
1741033308662791700,103.49779174804688,-1.5716603994369507,-5.5811448097229,2.1651737689971924
1741033308672894200,103.50789428710938,-1.426917552947998,-5.6589579582214355,2.1573326587677
1741033308682996000,103.51799584960938,-1.1880288124084473,-5.739116668701172,2.0791637897491455
1741033308693097700,103.52809765625,-0.8556429147720337,-5.735426425933838,1.9256362915039062
1741033308703200300,103.5382001953125,-0.39692115783691406,-5.61513090133667,1.785020112991333
1741033308713302000,103.54830200195312,0.03563779592514038,-5.230494499206543,1.725428581237793
1741033308723404500,103.55840454101562,-0.11426317691802979,-4.7293381690979,1.6216648817062378
1741033308733506300,103.56850634765625,-0.8512895703315735,-4.353007793426514,1.2373011112213135
1741033308743608300,103.5786083984375,-1.7850366830825806,-4.015295505523682,0.8324891924858093
1741033308753710600,103.58871069335937,-2.6006429195404053,-3.5700769424438477,0.5419277548789978
1741033308763812600,103.5988125,-3.2074217796325684,-3.10030460357666,0.3357919454574585
1741033308773915000,103.60891479492187,-3.458059787750244,-2.4831395149230957,0.2767469584941864
1741033308784016600,103.6190166015625,-3.686978816986084,-1.8022584915161133,0.2797224521636963
1741033308794118700,103.62911865234375,-3.6250627040863037,-1.0194416046142578,0.3909527659416199
1741033308804221000,103.63922094726563,-4.361156463623047,0.0873422622680664,0.29023486375808716
1741033308814323200,103.6493232421875,-4.585951328277588,1.1300535202026367,0.36005041003227234
1741033308824425700,103.65942578125,-4.375399112701416,2.0985069274902344,0.7811601161956787
1741033308834670800,103.6696708984375,-4.06791877746582,2.86422061920166,1.2278354167938232
1741033308844975400,103.67997534179688,-3.5155091285705566,3.673953056335449,1.3865852355957031
1741033308855279000,103.69027905273437,-2.722261428833008,4.126984596252441,1.1822627782821655
1741033308865427700,103.700427734375,-1.904140830039978,4.395733833312988,0.8132705092430115
1741033308875529500,103.71052954101563,-1.3680676221847534,4.453330993652344,0.14189864695072174
1741033308885632000,103.72063208007812,-1.0654466152191162,4.587821960449219,-0.4961308538913727
1741033308895733800,103.73073364257813,-1.1566131114959717,4.850835800170898,-1.1788315773010254
1741033308905836300,103.74083618164063,-1.367948293685913,5.162747383117676,-1.8210163116455078
1741033308915938000,103.75093798828125,-1.535808801651001,5.754334449768066,-2.41054630279541
1741033308926040000,103.7610400390625,-0.8641914129257202,6.602961540222168,-2.961570978164673
1741033308936142300,103.77114233398437,2.2194771766662598,7.359912872314453,-3.652618408203125
1741033308946244400,103.78124438476563,1.720324993133545,7.777463912963867,-4.246789932250977
1741033308956346400,103.79134643554687,1.7048170566558838,6.389420509338379,-4.301760196685791
1741033308966448600,103.80144873046875,2.6887850761413574,3.600602149963379,-3.463160753250122
1741033308976550700,103.81155053710937,3.224547863006592,0.8984613418579102,-2.72430682182312
1741033308986652400,103.82165234375,1.9371020793914795,-0.9224224090576172,-2.437316656112671
1741033308996755000,103.8317548828125,0.8126733899116516,-1.757075309753418,-2.3869128227233887
1741033309006856700,103.84185668945312,0.6056885123252869,-1.1457147598266602,-2.6537351608276367
1741033309016959200,103.85195922851562,1.0656683444976807,0.5536603927612305,-2.7837624549865723
1741033309027061000,103.86206103515624,1.922816514968872,2.3732433319091797,-2.3244640827178955
1741033309037162800,103.87216284179688,1.7859030961990356,3.576279640197754,-1.280364751815796
1741033309047265300,103.88226538085938,1.7529009580612183,3.5801944732666016,-0.05949041247367859
1741033309057367000,103.89236694335938,2.6263372898101807,2.64707088470459,0.8154869079589844
1741033309067469600,103.90246948242188,3.3155412673950195,1.580606460571289,1.1554471254348755
1741033309077571300,103.9125712890625,3.0996809005737305,0.4118070602416992,1.260497808456421
1741033309087673300,103.92267333984375,2.4907400608062744,-0.8523235321044922,0.9644679427146912
1741033309097775600,103.93277563476562,1.9733308553695679,-1.789377212524414,0.3993189334869385
1741033309107877600,103.94287768554688,1.52495539188385,-2.5627079010009766,0.09411980211734772
1741033309117980000,103.95297998046875,1.3866002559661865,-3.1671195030212402,-0.03404552489519119
1741033309128081700,103.96308154296875,1.3902695178985596,-3.637446403503418,-0.042758189141750336
1741033309138184000,103.97318383789063,1.4048640727996826,-4.1195268630981445,-0.020128421485424042
1741033309148285700,103.98328564453125,1.458335041999817,-4.634192943572998,0.09923447668552399
1741033309158388200,103.99338818359375,1.7904311418533325,-4.983175754547119,0.5059319138526917
1741033309168490000,104.00348999023437,1.986074447631836,-5.162925720214844,0.8856999278068542
1741033309178592500,104.01359252929687,1.824110984802246,-5.212928771972656,1.4518755674362183
1741033309188694300,104.0236943359375,1.776262640953064,-5.223647117614746,2.171182632446289
1741033309198796000,104.03379614257813,1.5087437629699707,-5.450697422027588,2.4217779636383057
1741033309208898600,104.04389868164063,1.171688199043274,-5.710143089294434,2.4816031455993652
1741033309219000600,104.05400048828125,0.9503694772720337,-5.858327865600586,2.5830984115600586
1741033309229102800,104.06410278320313,0.6256811618804932,-6.021918296813965,2.5707406997680664
1741033309239204600,104.07420458984375,0.39064526557922363,-6.125776290893555,2.4812045097351074
1741033309249306600,104.084306640625,0.2529773712158203,-6.087413311004639,2.3729262351989746
1741033309259409000,104.09440893554688,0.09833717346191406,-5.925951957702637,2.149972915649414
1741033309269511000,104.10451098632812,0.1388380527496338,-5.612066268920898,2.0423619747161865
1741033309279613200,104.11461328125,0.290546178817749,-5.012932300567627,1.9987640380859375
1741033309289715000,104.12471484375,0.5781600475311279,-4.191797256469727,2.0722575187683105
1741033309299817200,104.13481713867188,0.8795461654663086,-3.167989730834961,2.235607862472534
1741033309309919200,104.14491918945312,0.9526399374008179,-1.8204245567321777,2.44474196434021
1741033309320021500,104.155021484375,0.5576735734939575,-0.18769454956054688,2.627629280090332
1741033309330123500,104.16512353515625,-0.03167080879211426,1.673813819885254,2.7098848819732666
1741033309340225000,104.17522509765625,-0.5204919576644897,3.387775421142578,2.6090734004974365
1741033309350327800,104.18532788085938,-0.846100926399231,4.477415084838867,2.225419521331787
1741033309360429600,104.1954296875,-0.8919142484664917,4.6774396896362305,1.6676735877990723
1741033309370531800,104.20553173828125,-0.8225460052490234,3.9474611282348633,0.6395589113235474
1741033309380633900,104.2156337890625,-0.985346794128418,2.904661178588867,-0.7267629504203796
1741033309390736100,104.22573608398437,-1.692895770072937,2.431547164916992,-2.5119640827178955
1741033309400838000,104.235837890625,-2.90299654006958,2.963388442993164,-3.9189646244049072
1741033309410940000,104.24593994140625,-4.730117321014404,4.439796447753906,-4.967690467834473
1741033309421042200,104.25604223632813,-4.343749046325684,5.384235382080078,-5.930459022521973
1741033309431144400,104.26614453125,3.443031072616577,4.7236480712890625,-6.417062282562256
1741033309441246500,104.27624658203125,8.181330680847168,5.543633460998535,-4.987555980682373
1741033309451348200,104.28634814453125,6.579405784606934,7.295999526977539,-3.2928504943847656
1741033309461450500,104.29645043945312,4.958710670471191,7.891857147216797,-2.6161887645721436
1741033309471552500,104.30655249023438,3.979348659515381,5.551993370056152,-1.8351168632507324
1741033309481654800,104.31665478515625,2.7903475761413574,3.121644973754883,-0.8210673928260803
1741033309491756800,104.3267568359375,1.4936211109161377,2.88840389251709,-0.1464613676071167
1741033309501858600,104.33685864257812,0.4510977268218994,3.9936141967773438,0.23070365190505981
1741033309511961000,104.34696118164062,-0.25453996658325195,5.3532915115356445,0.8106610774993896
1741033309522062800,104.35706274414062,-0.726752519607544,6.404520034790039,1.4711251258850098
1741033309532165400,104.36716528320312,-0.863605260848999,6.405059814453125,1.9096226692199707
1741033309542267000,104.37726684570312,-0.766574501991272,5.275759696960449,1.8767706155776978
1741033309552369000,104.38736889648438,-0.7334251403808594,3.550891876220703,1.4121322631835938
1741033309562471200,104.39747119140625,-0.9079245328903198,2.0933074951171875,1.0647039413452148
1741033309572573200,104.4075732421875,-1.2157089710235596,0.8199958801269531,0.7965506315231323
1741033309582675500,104.41767553710937,-1.3049381971359253,-0.14042091369628906,0.7562483549118042
1741033309592777200,104.42777709960937,-1.4420897960662842,-0.8271703720092773,0.8568871021270752
1741033309602879500,104.43787939453125,-1.3820942640304565,-1.3529958724975586,1.0493571758270264
1741033309612981500,104.4479814453125,-1.3135004043579102,-1.9451370239257812,1.2233715057373047
1741033309623083800,104.45808374023437,-1.1442484855651855,-2.6461181640625,1.2866041660308838
1741033309633185800,104.46818579101563,-0.9734050631523132,-3.3995771408081055,1.295046091079712
1741033309643287600,104.47828759765625,-0.8884928822517395,-4.229269981384277,1.221972107887268
1741033309653390000,104.48839013671875,-0.9136925935745239,-4.9655890464782715,1.1412874460220337
1741033309663491800,104.49849194335937,-1.0540393590927124,-5.578065395355225,1.0988049507141113
1741033309673594400,104.50859448242187,-1.2071137428283691,-6.014470100402832,1.200995683670044
1741033309683696000,104.51869604492188,-1.299070954322815,-6.307561874389648,1.3493924140930176
1741033309693798000,104.5287978515625,-1.3482239246368408,-6.558754920959473,1.3750417232513428
1741033309703900400,104.538900390625,-1.4927891492843628,-6.772030830383301,1.369764804840088
1741033309714002200,104.54900219726562,-1.6014370918273926,-6.946508407592773,1.3449128866195679
1741033309724104700,104.55910473632812,-1.5468904972076416,-7.014889717102051,1.303106427192688
1741033309734206700,104.56920678710938,-1.4500668048858643,-6.900443077087402,1.3512190580368042
1741033309744309000,104.57930908203124,-1.5323593616485596,-6.641071319580078,1.465415120124817
1741033309754410500,104.58941040039062,-1.6868996620178223,-6.276752471923828,1.4692392349243164
1741033309764512800,104.5995126953125,-1.8224979639053345,-5.70515251159668,1.551656723022461
1741033309774614800,104.60961474609375,-2.061239719390869,-4.809154987335205,1.7199727296829224
1741033309784717000,104.61971704101562,-2.7825841903686523,-3.6828455924987793,1.9383666515350342
1741033309794819000,104.62981909179688,-3.4892687797546387,-2.162128448486328,2.2470505237579346
1741033309804920800,104.6399208984375,-4.346303939819336,-0.5872697830200195,2.3676743507385254
1741033309815023400,104.6500234375,-5.021263599395752,0.7972240447998047,2.131253480911255
1741033309825125000,104.660125,-4.9983649253845215,1.895646095275879,1.904388427734375
1741033309835227600,104.6702275390625,-4.472721576690674,2.6368656158447266,1.965781331062317
1741033309845329400,104.68032934570313,-3.538285970687866,3.1682538986206055,2.2389471530914307
1741033309855431200,104.69043115234375,-2.599215269088745,3.646493911743164,2.4875760078430176
1741033309865533700,104.70053369140625,-1.6250944137573242,4.152681350708008,2.55940318107605
1741033309875635700,104.7106357421875,-0.9652695655822754,4.6484832763671875,2.4849069118499756
1741033309885738000,104.72073803710937,-0.7934863567352295,5.0703229904174805,2.191863536834717
1741033309895839700,104.73083984375,-1.002310037612915,5.374363899230957,1.533745527267456
1741033309905941800,104.74094165039062,-1.2264463901519775,5.462924003601074,0.3891832232475281
1741033309916044000,104.7510439453125,-1.588829755783081,5.083147048950195,-1.0531169176101685
1741033309926146000,104.76114599609375,-1.8272558450698853,4.420611381530762,-2.4138636589050293
1741033309936248300,104.77124829101562,-1.3077406883239746,4.214412689208984,-3.673269271850586
1741033309946349800,104.78134985351562,1.4640470743179321,4.797276496887207,-4.523000240325928
1741033309956452400,104.79145239257812,1.1641912460327148,6.0450544357299805,-5.240062236785889
1741033309966554000,104.80155419921876,1.1258257627487183,6.741010665893555,-5.689389705657959
1741033309976656600,104.81165673828124,1.8590590953826904,6.09431266784668,-4.736356735229492
1741033309986758400,104.82175830078126,3.8246676921844482,3.845399856567383,-4.407932281494141
1741033309996860200,104.83186010742187,5.206698894500732,0.9304227828979492,-4.725033283233643
1741033310006962700,104.84196264648438,5.467588424682617,-1.3451147079467773,-4.363824844360352
1741033310017064400,104.852064453125,4.536131858825684,-2.352895736694336,-3.8127663135528564
1741033310027167000,104.8621669921875,3.7495081424713135,-2.1166892051696777,-3.041017770767212
1741033310037268700,104.87226879882813,2.644399642944336,-0.6323413848876953,-2.464708089828491
1741033310047370800,104.88237084960937,1.226635217666626,1.4453182220458984,-1.7258644104003906
1741033310057473000,104.89247314453125,0.6513919234275818,2.776339530944824,-0.8118732571601868
1741033310067575000,104.90257495117187,1.8354250192642212,3.0777759552001953,0.21151340007781982
1741033310077677300,104.91267724609375,2.689197063446045,2.562058448791504,1.0939019918441772
1741033310087779000,104.92277905273437,2.7703096866607666,1.8044357299804688,1.688152551651001
1741033310097881300,104.93288134765625,2.7947733402252197,1.0933256149291992,1.7457212209701538
1741033310107983400,104.9429833984375,2.572815418243408,0.3183755874633789,1.157265305519104
1741033310118085600,104.95308569335937,1.951063871383667,-0.3939380645751953,0.3834889531135559
1741033310128187600,104.96318774414063,1.3370819091796875,-1.1199169158935547,-0.33933740854263306
1741033310138289200,104.9732890625,0.6473941206932068,-1.8066010475158691,-0.8464298844337463
1741033310148391700,104.9833916015625,-0.027023732662200928,-2.4615325927734375,-1.1836094856262207
1741033310158493400,104.99349340820312,-0.1317046880722046,-3.1083836555480957,-1.2670533657073975
1741033310168596000,105.00359594726562,-0.15340864658355713,-3.649995803833008,-1.1577867269515991
1741033310178697700,105.01369775390626,0.3332315683364868,-4.040642738342285,-0.4329615831375122
1741033310188799700,105.0237998046875,0.7637897729873657,-4.102695465087891,0.8115697503089905
1741033310198902000,105.03390209960938,1.2600476741790771,-4.1667962074279785,2.22597336769104
1741033310209004000,105.04400415039062,1.7623056173324585,-4.3788743019104,3.4987549781799316
1741033310219106300,105.05410620117188,2.0908617973327637,-4.737816333770752,4.378890037536621
1741033310229208000,105.0642080078125,1.9611194133758545,-5.11782169342041,4.958796977996826
1741033310239310000,105.07431005859375,1.5157246589660645,-5.604096412658691,4.801854133605957
1741033310249412400,105.08441235351563,0.8033394813537598,-6.188067436218262,3.941904067993164
1741033310259514600,105.0945146484375,0.15383076667785645,-6.664661884307861,3.0450439453125
1741033310269616600,105.10461669921875,-0.38179779052734375,-6.901571273803711,2.2725014686584473
1741033310279718400,105.11471850585937,-0.635865330696106,-6.879181861877441,1.7995421886444092
1741033310289820700,105.12482055664063,-0.7715507745742798,-6.694852352142334,1.4751548767089844
1741033310299922700,105.13492260742187,-0.9160385131835938,-6.397367477416992,1.3496723175048828
1741033310310025000,105.14502490234375,-0.7027199268341064,-6.107222557067871,1.6034433841705322
1741033310320127000,105.155126953125,0.11364936828613281,-5.495422840118408,1.9038699865341187
1741033310330228700,105.16522875976563,0.474153995513916,-4.610878944396973,2.1739988327026367
1741033310340331000,105.1753310546875,1.2327649593353271,-3.3129477500915527,2.574296474456787
1741033310350433000,105.18543310546875,1.7353224754333496,-1.4505290985107422,2.957207679748535
1741033310360535300,105.19553540039063,1.9007716178894043,0.7767400741577148,3.2250783443450928
1741033310370637000,105.20563696289062,1.2087383270263672,3.5682592391967773,3.393364667892456
1741033310380739000,105.21573901367188,0.23292207717895508,6.277072906494141,3.133878707885742
1741033310390841300,105.22584130859374,-1.0839390754699707,7.662843704223633,2.2649974822998047
1741033310400943600,105.23594360351562,-2.3797924518585205,7.233645439147949,1.0232744216918945
1741033310411045600,105.24604565429688,-2.7003843784332275,4.9186601638793945,-0.10925799608230591
1741033310421147400,105.2561474609375,-2.1548593044281006,2.5733728408813477,-1.607830286026001
1741033310431249700,105.26624975585938,-1.7440884113311768,1.52496337890625,-3.224026679992676
1741033310441351700,105.2763515625,-2.3863556385040283,1.5890560150146484,-5.389834403991699
1741033310451454000,105.28645385742188,-3.430903434753418,2.289886474609375,-8.591779708862305
1741033310461556000,105.29655590820313,-4.129906177520752,2.800564765930176,-12.208024978637695
1741033310471657700,105.30665771484375,2.3807733058929443,0.6631088256835938,-15.316271781921387
1741033310481760300,105.31676025390625,7.685820579528809,1.0058088302612305,-10.319794654846191
1741033310491862000,105.32686206054687,7.070868968963623,5.15464973449707,-1.9829821586608887
1741033310501964500,105.33696459960937,4.436897277832031,8.3159818649292,1.378683090209961
1741033310512066000,105.34706616210937,2.9971094131469727,7.508458137512207,0.8695104122161865
1741033310522168000,105.35716796875,3.008756160736084,3.9601030349731445,1.117599368095398
1741033310532270300,105.36727026367187,1.9482362270355225,1.8310489654541016,1.441880464553833
1741033310542372400,105.37737231445313,-0.1253371238708496,1.068800926208496,0.7190355062484741
1741033310552474600,105.387474609375,-1.3506652116775513,1.5783863067626953,0.20606672763824463
1741033310562576400,105.39757641601562,-1.846907377243042,3.4260663986206055,0.5008586645126343
1741033310572678700,105.4076787109375,-1.7124271392822266,5.563218116760254,1.220777153968811
1741033310582780700,105.41778076171875,-0.8591653108596802,6.80148983001709,1.883758306503296
1741033310592883000,105.42788305664062,0.03921651840209961,6.752035140991211,2.3379359245300293
1741033310602985000,105.43798486328124,0.44901466369628906,5.275373458862305,2.2577686309814453
1741033310613086700,105.44808666992188,0.4238102436065674,3.155139923095703,2.0071160793304443
1741033310623189200,105.45818920898438,0.15790677070617676,1.2850522994995117,1.9061026573181152
1741033310633291000,105.468291015625,-0.11383938789367676,0.046558380126953125,1.9011653661727905
1741033310643393500,105.4783935546875,-0.3249397277832031,-0.6603488922119141,2.0346953868865967
1741033310653495300,105.48849536132812,-0.5402224063873291,-1.2379570007324219,2.035280227661133
1741033310663621600,105.49862158203125,-0.5789754390716553,-1.8509407043457031,1.9589598178863525
1741033310673926100,105.50892602539062,-0.6486546993255615,-2.5242042541503906,1.8852155208587646
1741033310684230400,105.51923046875,-0.697695255279541,-3.073908805847168,1.9010485410690308
1741033310694476000,105.52947607421875,-0.2755155563354492,-3.445618152618408,2.0175530910491943
1741033310704599800,105.53959985351563,0.6621003150939941,-3.4988584518432617,2.0875163078308105
1741033310714702000,105.5497021484375,0.7843327522277832,-3.6944684982299805,1.9727156162261963
1741033310724803800,105.55980395507812,0.030059099197387695,-4.1138200759887695,1.7706701755523682
1741033310734906000,105.56990600585938,-0.37824201583862305,-4.6006388664245605,1.4747138023376465
1741033310745008000,105.58000805664062,-0.8518331050872803,-5.044584274291992,1.2170857191085815
1741033310755110400,105.5901103515625,-1.5085668563842773,-5.463072776794434,1.037024974822998
1741033310765212400,105.60021240234374,-1.8945060968399048,-5.694242477416992,1.02189302444458
1741033310775314000,105.61031396484375,-2.1869120597839355,-5.634023189544678,1.1662015914916992
1741033310785416400,105.62041650390626,-2.499100685119629,-5.54049825668335,1.1774537563323975
1741033310795518200,105.63051831054688,-2.8543014526367188,-5.254205703735352,1.1773724555969238
1741033310805620000,105.64061987304687,-2.8910064697265625,-4.817551136016846,1.1311546564102173
1741033310815722500,105.65072241210937,-2.9745168685913086,-4.258087158203125,1.079111933708191
1741033310825824500,105.66082446289063,-2.914585590362549,-3.6953821182250977,0.9496563076972961
1741033310835926800,105.6709267578125,-2.9170327186584473,-3.083409309387207,0.8687111139297485
1741033310846028500,105.68102856445313,-2.836089849472046,-2.557034492492676,0.8215968012809753
1741033310856130600,105.69113061523437,-2.6032533645629883,-2.2191219329833984,0.7048253417015076
1741033310866232800,105.70123291015625,-2.243837356567383,-1.991734504699707,0.4622483253479004
1741033310876335000,105.71133520507813,-2.1159191131591797,-1.7629618644714355,0.22011780738830566
1741033310886437000,105.72143701171875,-1.9609532356262207,-1.479029655456543,0.017759203910827637
1741033310896539000,105.73153881835937,-2.292818546295166,-1.0405359268188477,-0.03523397445678711
1741033310906641200,105.74164111328125,-2.5157408714294434,-0.4662036895751953,-0.003977417945861816
1741033310916743200,105.7517431640625,-2.7804975509643555,0.5425291061401367,0.12088847160339355
1741033310926845400,105.76184545898437,-3.51009464263916,2.176321029663086,0.5676175951957703
1741033310936947500,105.77194750976562,-4.1553425788879395,4.329157829284668,1.394730567932129
1741033310947049200,105.78204931640624,-4.892837047576904,6.4397735595703125,2.3443942070007324
1741033310957151700,105.79215185546875,-5.546632766723633,8.301522254943848,3.3361520767211914
1741033310967253500,105.80225341796876,-4.716400146484375,9.177781105041504,3.781428098678589
1741033310977356000,105.81235595703124,-4.12636661529541,8.579263687133789,3.1505444049835205
1741033310987457500,105.82245751953126,-2.8870110511779785,6.741194725036621,1.6364985704421997
1741033310997559600,105.8325595703125,-1.5364129543304443,5.4914445877075195,0.05673527717590332
1741033311007661800,105.84266186523438,-0.9845100045204163,5.681501388549805,-1.3097519874572754
1741033311017763800,105.85276391601562,-0.9869579076766968,6.740812301635742,-2.399444341659546
1741033311027866000,105.8628662109375,-1.132775068283081,6.3353071212768555,-3.539146900177002
1741033311037968000,105.8729677734375,-0.3305143713951111,3.525503158569336,-4.269872665405273
1741033311048070100,105.88307006835937,0.682823121547699,0.596247673034668,-3.294589042663574
1741033311058172200,105.89317211914063,2.8749351501464844,-1.3200531005859375,-2.3552393913269043
1741033311068274400,105.9032744140625,4.532284259796143,-1.8316988945007324,-1.6408271789550781
1741033311078376400,105.91337646484375,2.268195390701294,-0.45778369903564453,-0.5821297764778137
1741033311088478200,105.92347827148437,0.13757044076919556,1.7611274719238281,0.1513572633266449
1741033311098580500,105.93358056640625,-0.6081621050834656,3.451539993286133,0.6450554728507996
1741033311108682500,105.9436826171875,0.009749650955200195,4.321873664855957,0.9096269607543945
1741033311118784300,105.9537841796875,1.2936866283416748,4.3480119705200195,1.1105350255966187
1741033311128886800,105.96388671875,2.9672412872314453,3.7647037506103516,1.1486438512802124
1741033311138988500,105.97398852539062,5.379758358001709,3.256072998046875,1.7000446319580078
1741033311149091000,105.98409106445312,5.875913619995117,2.4008169174194336,1.7996735572814941
1741033311159192600,105.99419262695312,1.7197034358978271,1.2037954330444336,0.9542545676231384
1741033311169294600,106.00429467773438,0.9462579488754272,0.16959476470947266,0.5417746305465698
1741033311179396900,106.01439697265624,2.8648617267608643,-0.6388864517211914,0.9178546667098999
1741033311189499100,106.0244990234375,4.193869113922119,-2.025790214538574,1.3806620836257935
1741033311199601200,106.03460107421876,5.264826774597168,-3.3874874114990234,1.5183987617492676
1741033311209703000,106.04470288085938,5.845903396606445,-4.472259044647217,1.6291248798370361
1741033311219805200,106.05480517578125,5.928915023803711,-5.126992702484131,1.9039435386657715
1741033311229907200,106.0649072265625,4.7682294845581055,-5.527237415313721,1.894235610961914
1741033311240009500,106.07500952148438,3.359311819076538,-5.612841606140137,1.8046391010284424
1741033311250111500,106.08511157226563,2.7741641998291016,-5.810763835906982,1.5509378910064697
1741033311260213200,106.09521313476563,2.1875429153442383,-6.020236968994141,1.124883770942688
1741033311270315800,106.10531567382813,1.3100773096084595,-6.225232124328613,0.6676953434944153
1741033311280417500,106.11541748046875,0.6655105352401733,-6.370796203613281,0.36689627170562744
1741033311290520000,106.12552001953125,0.1491788625717163,-6.474621772766113,0.3224083185195923
1741033311300621800,106.13562182617187,-0.34020161628723145,-6.547867774963379,0.422681599855423
1741033311310723600,106.1457236328125,-0.7124223709106445,-6.547773361206055,0.6380454897880554
1741033311320826000,106.155826171875,-0.9295717477798462,-6.4007768630981445,0.9184586405754089
1741033311330927600,106.165927734375,-0.7717636823654175,-6.210884094238281,1.200574278831482
1741033311341030000,106.17602978515625,-0.5343514680862427,-6.030418395996094,1.4662787914276123
1741033311351132000,106.1861318359375,-0.25185394287109375,-5.7681756019592285,1.687683343887329
1741033311361234200,106.19623413085938,-0.05380368232727051,-5.581421852111816,1.7314515113830566
1741033311371336200,106.20633618164062,0.05439472198486328,-5.407983779907227,1.7131609916687012
1741033311381438000,106.21643798828126,0.5053958892822266,-5.073314189910889,1.7243486642837524
1741033311391540200,106.22654028320312,1.0670781135559082,-4.412711143493652,1.8283690214157104
1741033311401642200,106.23664233398438,1.7588918209075928,-3.15548038482666,1.9184452295303345
1741033311411744800,106.24674487304688,2.533571481704712,-0.8824939727783203,2.133350372314453
1741033311421846500,106.25684643554688,2.283907413482666,2.6365461349487305,2.2400124073028564
1741033311431948300,106.2669482421875,1.8415138721466064,7.083876609802246,2.4285404682159424
1741033311442050800,106.27705078125,1.2026963233947754,10.639452934265137,2.7361128330230713
1741033311452152600,106.28715258789063,0.2449946403503418,11.520137786865234,2.0413198471069336
1741033311462255000,106.29725512695312,-0.2266998291015625,8.192561149597168,0.879713773727417
1741033311472356900,106.30735693359375,-0.4399878978729248,3.797245979309082,-0.962867259979248
1741033311482458600,106.31745874023437,-1.7796638011932373,2.1976089477539062,-2.3823323249816895
1741033311492561200,106.32756103515625,-2.6532912254333496,2.568972587585449,-4.125457286834717
1741033311502663000,106.33766284179687,-1.0745652914047241,3.196906089782715,-6.20974588394165
1741033311512765000,106.34776489257813,4.589728355407715,3.283379554748535,-7.362824440002441
1741033311522867000,106.35786694335937,10.287378311157227,3.704413414001465,-6.5029120445251465
1741033311532969200,106.36796923828125,10.564518928527832,4.73602294921875,-4.330424785614014
1741033311543071200,106.3780712890625,6.653195381164551,6.306981086730957,-3.2659261226654053
1741033311553173000,106.38817309570312,3.1534152030944824,5.763582229614258,-2.390791416168213
1741033311563275500,106.39827563476562,1.326735019683838,3.0081634521484375,-0.595452070236206
1741033311573377300,106.40837719726562,-0.09080219268798828,1.2252302169799805,0.45162656903266907
1741033311583479800,106.41847973632812,-1.2722322940826416,1.0274219512939453,0.998572826385498
1741033311593581600,106.42858154296874,-1.8465383052825928,2.0316162109375,1.4794960021972656
1741033311603683300,106.43868334960938,-2.21989369392395,3.4468822479248047,1.9689443111419678
1741033311613785900,106.44878588867188,-1.9367479085922241,4.445337295532227,2.5549230575561523
1741033311623887600,106.4588876953125,-1.176128625869751,4.7848968505859375,2.955357074737549
1741033311633990100,106.468990234375,-0.8466259241104126,4.7409515380859375,3.1211390495300293
1741033311644092000,106.479091796875,-1.150524377822876,4.165807723999023,3.0384521484375
1741033311654194000,106.48919384765625,-1.6005191802978516,3.0963563919067383,2.601463556289673
1741033311664296200,106.49929614257813,-1.9271857738494873,1.9216690063476562,2.0839121341705322
1741033311674398000,106.50939794921875,-1.9579238891601562,1.0484981536865234,1.8691298961639404
1741033311684500000,106.5195,-1.818999171257019,0.4068012237548828,1.8959312438964844
1741033311694602200,106.52960229492187,-1.7344365119934082,-0.36521434783935547,1.8427679538726807
1741033311704704300,106.53970434570313,-1.6346650123596191,-1.2418174743652344,1.7004127502441406
1741033311714806300,106.54980615234375,-1.4708735942840576,-2.063371181488037,1.582077145576477
1741033311724908800,106.55990869140625,-0.8027361631393433,-2.60111141204834,1.5108006000518799
1741033311735165700,106.57016577148437,-0.06702089309692383,-2.949619770050049,1.3946170806884766
1741033311745470200,106.58047021484376,-0.03497815132141113,-3.3347201347351074,1.193331241607666
1741033311755774000,106.59077392578125,-0.6366778612136841,-3.9347100257873535,0.9235386848449707
1741033311765910800,106.60091088867188,-1.090293049812317,-4.488586902618408,0.7958872318267822
1741033311776013300,106.61101342773438,-1.2227892875671387,-4.881117343902588,0.7533416152000427
1741033311786114800,106.62111474609375,-1.4731864929199219,-5.254378318786621,0.8444935083389282
1741033311796216800,106.631216796875,-1.943315029144287,-5.604840278625488,0.9406343102455139
1741033311806319000,106.64131909179687,-2.2155466079711914,-5.853874206542969,1.019406795501709
1741033311816420900,106.6514208984375,-2.409512519836426,-5.839022636413574,1.081341028213501
1741033311826523000,106.66152294921875,-2.422800064086914,-5.830519676208496,1.021061658859253
1741033311836625200,106.67162524414063,-2.3793587684631348,-5.674324989318848,0.8074005842208862
1741033311846727400,106.6817275390625,-2.3909354209899902,-5.447054386138916,0.5399701595306396
1741033311856829400,106.69182934570313,-2.384007453918457,-5.031291961669922,0.3197774887084961
1741033311866931200,106.70193115234375,-2.3285088539123535,-4.524816513061523,0.19758296012878418
1741033311877033500,106.71203344726563,-2.3163719177246094,-4.008199691772461,0.13604021072387695
1741033311887135500,106.72213549804688,-2.223496675491333,-3.371951103210449,0.15692687034606934
1741033311897238000,106.73223803710937,-2.117347240447998,-2.6386146545410156,0.25156235694885254
1741033311907339800,106.74233984375,-2.766209125518799,-1.8735613822937012,0.5019040107727051
1741033311917441500,106.75244165039062,-3.7712466716766357,-0.7074651718139648,0.865964949131012
1741033311927544000,106.7625439453125,-6.322702407836914,1.0446910858154297,1.3000195026397705
1741033311937645800,106.77264575195312,-8.247833251953125,2.9153642654418945,1.5443408489227295
1741033311947747600,106.78274755859375,-9.009367942810059,4.456720352172852,1.7185919284820557
1741033311957849900,106.79284985351562,-8.555706024169922,4.96988582611084,1.7398310899734497
1741033311967952000,106.80295190429688,-6.924623012542725,4.852368354797363,2.1088156700134277
1741033311978054100,106.81305419921875,-5.152898788452148,4.583221435546875,2.36540150642395
1741033311988156000,106.82315600585937,-3.6798107624053955,4.750857353210449,2.4622890949249268
1741033311998258200,106.83325805664063,-2.7062032222747803,5.043213844299316,2.0607783794403076
1741033312008360200,106.84336010742187,-1.802328109741211,5.019224166870117,1.2832838296890259
1741033312018462500,106.85346240234375,-1.2644293308258057,4.875583648681641,0.3483175039291382
1741033312028564500,106.863564453125,-1.042363166809082,5.196130752563477,-0.5194082260131836
1741033312038666200,106.87366625976563,-1.0861437320709229,5.869833946228027,-1.2090892791748047
1741033312048768500,106.8837685546875,-1.4608385562896729,6.292262077331543,-1.946760654449463
1741033312058870500,106.89387060546875,-1.433666467666626,5.384041786193848,-2.866913318634033
1741033312068972300,106.90397216796875,0.8817462921142578,3.4860668182373047,-2.8137102127075195
1741033312079074800,106.91407470703125,4.776662349700928,1.4469823837280273,-2.12861967086792
1741033312089176600,106.92417651367188,4.8917388916015625,0.14164257049560547,-1.239482045173645
1741033312099279000,106.93427905273437,3.1252663135528564,-0.30898284912109375,-0.479732871055603
1741033312109380900,106.944380859375,1.8883471488952637,0.7214651107788086,-0.06577116250991821
1741033312119482600,106.95448266601562,1.129227876663208,2.703615188598633,0.13691145181655884
1741033312129585200,106.96458520507812,1.2317982912063599,4.3585920333862305,0.14551088213920593
1741033312139686700,106.97468676757812,1.8778605461120605,4.680763244628906,0.3629966676235199
1741033312149789000,106.98478881835938,3.150465488433838,3.9389591217041016,0.47646844387054443
1741033312159891000,106.99489086914062,5.421381950378418,2.8446578979492188,1.2782450914382935
1741033312169993200,107.0049931640625,7.270676136016846,1.7641143798828125,2.326662302017212
1741033312180095200,107.01509521484375,6.460230827331543,0.6421728134155273,1.9106477499008179
1741033312190197000,107.02519702148437,3.05700945854187,-0.4826650619506836,0.6968747973442078
1741033312200299300,107.03529931640625,-3.1759533882141113,-1.3648195266723633,-0.3456052541732788
1741033312210401300,107.0454013671875,-2.919905424118042,-1.156494140625,0.3545442223548889
1741033312220503000,107.0555029296875,0.5096490979194641,-1.238539695739746,1.5579434633255005
1741033312230605600,107.06560546875,1.6358400583267212,-2.4555306434631348,1.975449562072754
1741033312240707300,107.07570727539063,2.6436092853546143,-3.6275434494018555,2.2230145931243896
1741033312250809900,107.08580981445313,3.7346184253692627,-4.322446346282959,2.812778949737549
1741033312260911600,107.09591162109375,4.199305534362793,-4.796133995056152,3.2760977745056152
1741033312271013400,107.10601342773438,3.961005210876465,-5.090598106384277,3.3164896965026855
1741033312281116000,107.11611596679687,3.2860946655273438,-5.271302223205566,3.2942452430725098
1741033312291217700,107.1262177734375,2.392805576324463,-5.580785751342773,2.6623942852020264
1741033312301320200,107.1363203125,1.8126535415649414,-5.75603723526001,1.9788310527801514
1741033312311421700,107.14642163085938,1.1675198078155518,-6.007772445678711,1.191616177558899
1741033312321524000,107.15652392578124,0.4901268482208252,-6.280725479125977,0.5599334836006165
1741033312331626000,107.1666259765625,0.08077645301818848,-6.543499946594238,0.35349953174591064
1741033312341727700,107.17672778320312,0.14283215999603271,-6.661978721618652,0.3480744957923889
1741033312351830000,107.186830078125,-0.179052472114563,-6.653651237487793,0.49241822957992554
1741033312361932000,107.19693212890625,-0.33931052684783936,-6.490279197692871,0.7472671866416931
1741033312372034600,107.20703466796876,-0.06410133838653564,-6.279843330383301,1.0625762939453125
1741033312382136300,107.21713623046875,0.1698744297027588,-6.079517364501953,1.2483184337615967
1741033312392238000,107.22723803710937,0.18257880210876465,-5.838617324829102,1.3950444459915161
1741033312402340600,107.23734057617187,0.3182804584503174,-5.559788703918457,1.537726879119873
1741033312412442400,107.2474423828125,0.6020920276641846,-5.2522149085998535,1.5268044471740723
1741033312422544100,107.25754418945313,0.9359130859375,-4.621516704559326,1.5153229236602783
1741033312432646700,107.26764672851563,1.6673126220703125,-3.4753613471984863,1.58543062210083
1741033312442748400,107.27774853515625,2.3298449516296387,-1.3564090728759766,1.8331413269042969
1741033312452851000,107.28785083007813,2.0691757202148438,1.8552465438842773,2.188464403152466
1741033312462952700,107.29795263671875,1.3619968891143799,5.721473693847656,2.5416693687438965
1741033312473054700,107.3080546875,1.3319458961486816,9.223066329956055,1.7220289707183838
1741033312483156700,107.31815673828125,3.358663320541382,10.605877876281738,-0.7707961797714233
1741033312493258500,107.32825854492188,4.106135368347168,8.996269226074219,-2.9382314682006836
1741033312503360800,107.33836083984374,1.8514704704284668,6.472822189331055,-4.093806266784668
1741033312513462800,107.348462890625,1.2017629146575928,4.403263092041016,-4.599669933319092
1741033312523565300,107.3585654296875,3.023131847381592,2.4271631240844727,-4.716440200805664
1741033312533667000,107.3686669921875,4.623795509338379,1.3556737899780273,-4.234346866607666
1741033312543768800,107.37876879882812,8.132930755615234,0.5471067428588867,-3.3185946941375732
1741033312553871400,107.38887133789062,12.122602462768555,-0.02692890167236328,-2.0491538047790527
1741033312563973000,107.39897314453125,9.6023530960083,1.4329586029052734,-1.5430099964141846
1741033312574075000,107.40907495117187,7.233438491821289,3.2351274490356445,-1.367583155632019
1741033312584177400,107.41917749023438,5.1913957595825195,3.409870147705078,-0.8959939479827881
1741033312594279200,107.42927905273437,3.083859443664551,3.042983055114746,0.48471248149871826
1741033312604381700,107.43938159179687,2.159203052520752,3.1143617630004883,2.0472867488861084
1741033312614483500,107.4494833984375,1.220062255859375,3.8390073776245117,3.189425230026245
1741033312624585500,107.45958544921875,0.5544161796569824,5.153607368469238,4.32852840423584
1741033312634687700,107.46968774414063,-0.03607654571533203,6.456755638122559,5.3266496658325195
1741033312644789200,107.47978930664063,-0.9220491051673889,7.645403861999512,6.391412258148193
1741033312654891500,107.4898916015625,-1.954750418663025,7.830600738525391,7.2539873123168945
1741033312664993500,107.49999365234375,-3.198530912399292,6.994434356689453,7.566715717315674
1741033312675095800,107.510095703125,-3.592087745666504,5.2834320068359375,6.721793174743652
1741033312685197800,107.52019775390625,-3.541245937347412,2.9362220764160156,5.451714992523193
1741033312695299600,107.53029956054688,-3.304307460784912,0.9105968475341797,4.085630416870117
1741033312705402000,107.54040209960938,-3.4748361110687256,-0.22278213500976562,3.245335578918457
1741033312715503900,107.55050390625,-3.5987582206726074,-1.0653610229492188,2.743678092956543
1741033312725605600,107.56060571289062,-3.627152442932129,-1.837812900543213,2.2158164978027344
1741033312735708200,107.57070825195312,-3.6296157836914062,-2.521811008453369,1.8214094638824463
1741033312745810000,107.58080981445312,-3.4727845191955566,-3.1240577697753906,1.5281422138214111
1741033312755912400,107.59091235351562,-3.1347756385803223,-3.900059223175049,1.2992706298828125
1741033312766014200,107.60101416015625,-2.811976671218872,-4.58143424987793,1.1605331897735596
1741033312776116200,107.6111162109375,-2.490424633026123,-5.101536273956299,1.218657374382019
1741033312786218500,107.62121850585937,-1.7584443092346191,-5.206417083740234,1.542328119277954
1741033312796320300,107.6313203125,0.9010382890701294,-4.531002998352051,2.1071810722351074
1741033312806422300,107.64142236328125,5.503222942352295,-3.4629130363464355,2.4023385047912598
1741033312816524300,107.65152416992187,9.260900497436523,-3.4888463020324707,2.09049129486084
1741033312826626600,107.66162646484375,4.701788902282715,-4.600682735443115,2.295332431793213
1741033312836860000,107.67185986328126,0.18581269681453705,-6.414412498474121,2.036421775817871
1741033312847164400,107.68216430664063,-1.9695188999176025,-7.8286824226379395,1.2918199300765991
1741033312857468200,107.69246826171874,-2.6061267852783203,-8.492386817932129,0.8635666370391846
1741033312867626500,107.70262646484375,-4.246686935424805,-8.282858848571777,0.5182254910469055
1741033312877731300,107.7127314453125,-6.274567127227783,-7.3471174240112305,0.6050034165382385
1741033312887832800,107.72283276367187,-8.026081085205078,-5.9407854080200195,0.9138093590736389
1741033312897934800,107.73293481445313,-8.696342468261719,-4.694972515106201,0.6079951524734497
1741033312908037000,107.743037109375,-8.154545783996582,-4.008072853088379,-0.16971325874328613
1741033312918139100,107.75313916015625,-7.010009765625,-3.7792015075683594,-0.754260778427124
1741033312928241400,107.76324145507813,-5.39849853515625,-3.8343076705932617,-0.6199086904525757
1741033312938343200,107.77334326171875,-3.985346555709839,-3.9245119094848633,0.1402949094772339
1741033312948445200,107.78344506835937,-3.724111318588257,-3.84820556640625,0.7645102739334106
1741033312958547500,107.79354736328125,-4.668294429779053,-3.1816654205322266,1.0332577228546143
1741033312968649200,107.80364916992187,-5.907412528991699,-2.148542881011963,1.020301103591919
1741033312978751500,107.81375146484375,-7.004275321960449,-0.923497200012207,1.0349887609481812
1741033312988853500,107.823853515625,-7.651710510253906,0.6015329360961914,1.3600316047668457
1741033312998955800,107.83395581054687,-7.43715238571167,2.4044532775878906,2.2003073692321777
1741033313009057800,107.84405786132812,-6.196795463562012,4.5796661376953125,3.5896027088165283
1741033313019159600,107.85415966796874,-3.8680570125579834,7.166263580322266,5.265295505523682
1741033313029262000,107.86426196289062,-1.183824062347412,9.459747314453125,6.535941123962402
1741033313039363800,107.87436376953124,1.0223267078399658,10.30909538269043,6.27480411529541
1741033313049465600,107.88446557617188,2.457015037536621,8.805562973022461,4.381260871887207
1741033313059567900,107.89456787109376,2.6498589515686035,6.639429092407227,2.095475435256958
1741033313069670000,107.904669921875,3.8709447383880615,5.830955505371094,0.3668290078639984
1741033313079772200,107.91477221679688,4.337169170379639,6.375052452087402,-0.864631175994873
1741033313089874000,107.9248740234375,3.1871087551116943,6.793888092041016,-1.6251566410064697
1741033313099976000,107.93497583007813,2.5974676609039307,5.4744873046875,-2.3055529594421387
1741033313110078200,107.945078125,3.111677646636963,3.3202924728393555,-2.520113945007324
1741033313120180000,107.95517993164063,3.941035747528076,0.9391555786132812,-2.602851629257202
1741033313130282200,107.9652822265625,4.327775001525879,-0.9374485015869141,-2.730168342590332
1741033313140384300,107.97538427734375,3.7752225399017334,-2.11968994140625,-2.9476184844970703
1741033313150486500,107.98548657226563,4.614906311035156,-2.083926200866699,-2.860154151916504
1741033313160588500,107.99558862304687,5.2204718589782715,-0.32965564727783203,-2.7092223167419434
1741033313170690300,108.00569018554687,4.662211894989014,2.731945037841797,-2.308577060699463
1741033313180792600,108.01579248046875,6.165844440460205,4.751710891723633,-1.1323258876800537
1741033313190894600,108.02589453125,7.8964104652404785,4.478583335876465,0.33018937706947327
1741033313200996400,108.03599633789062,7.604461193084717,3.3168859481811523,1.8297001123428345
1741033313211099000,108.04609887695312,6.44785213470459,2.2586984634399414,2.5644731521606445
1741033313221200600,108.05620068359374,5.378024578094482,0.8227767944335938,2.1967058181762695
1741033313231303200,108.06630322265624,4.451233863830566,-0.5163555145263672,1.462224006652832
1741033313241404700,108.07640478515626,3.4419682025909424,-1.5989990234375,0.6891461610794067
1741033313251506700,108.08650659179688,2.506697416305542,-2.211491107940674,0.17762833833694458
1741033313261609000,108.09660888671876,1.8836143016815186,-2.754530429840088,-0.31970083713531494
1741033313271710700,108.10671069335937,1.0510327816009521,-3.5216283798217773,-0.9552057981491089
1741033313281813000,108.11681298828125,0.40178412199020386,-4.192520618438721,-1.3283441066741943
1741033313291915000,108.1269150390625,-0.07631224393844604,-4.71886682510376,-1.3667153120040894
1741033313302016800,108.13701684570313,-0.24760299921035767,-5.062404155731201,-1.1102015972137451
1741033313312119000,108.147119140625,-0.25121796131134033,-5.240897178649902,-0.46468639373779297
1741033313322221000,108.15722094726563,-0.022763490676879883,-5.248733043670654,0.6370362639427185
1741033313332323300,108.1673232421875,0.2087726593017578,-5.216876029968262,1.5191994905471802
1741033313342425300,108.17742529296875,0.5243326425552368,-5.229227066040039,2.3871538639068604
1741033313352527000,108.18752709960937,0.9954502582550049,-5.13038969039917,3.3844423294067383
1741033313362629600,108.19762963867187,1.410001277923584,-5.084267616271973,4.1214070320129395
1741033313372731400,108.2077314453125,2.0306594371795654,-5.045030117034912,4.784050941467285
1741033313382833200,108.21783325195312,1.865800142288208,-5.18650484085083,4.968719482421875
1741033313392935400,108.22793530273438,1.329331874847412,-5.847278118133545,4.8251848220825195
1741033313403037400,108.23803735351562,1.0263407230377197,-6.694034099578857,4.018652439117432
1741033313413139700,108.2481396484375,0.3579568862915039,-7.162724494934082,2.638042449951172
1741033313423241500,108.25824145507812,0.16734766960144043,-7.199854850769043,1.7880091667175293
1741033313433343700,108.26834375,0.5116250514984131,-6.858175277709961,1.5920610427856445
1741033313443445800,108.27844580078126,1.0229971408843994,-6.102461814880371,1.7913379669189453
1741033313453547500,108.28854760742188,1.2972381114959717,-5.211550235748291,1.9178659915924072
1741033313463649800,108.29864990234375,1.6610496044158936,-3.9793529510498047,2.1778149604797363
1741033313473751800,108.30875170898437,1.8001315593719482,-1.874321460723877,2.613312005996704
1741033313483854000,108.31885400390625,0.9523904323577881,1.0794610977172852,3.088397264480591
1741033313493956000,108.3289560546875,-0.4757516384124756,5.1227617263793945,3.6501739025115967
1741033313504057900,108.33905786132813,-1.750483751296997,9.035722732543945,4.015600681304932
1741033313514160400,108.34916040039063,-3.3703067302703857,10.847027778625488,3.9805331230163574
1741033313524262100,108.35926220703125,-3.6115593910217285,8.852609634399414,3.0089917182922363
1741033313534364000,108.36936401367187,-2.6503746509552,4.725858688354492,1.2438154220581055
1741033313544466400,108.37946655273437,-2.1204733848571777,2.229191780090332,-0.4265841841697693
1741033313554568000,108.38956787109375,-2.055929183959961,1.4382963180541992,-2.1773126125335693
1741033313564670000,108.399669921875,-2.5314104557037354,1.9281806945800781,-3.2024214267730713
1741033313574772200,108.40977221679688,-3.022141218185425,3.3976545333862305,-3.752948045730591
1741033313584874200,108.41987426757812,-2.6274642944335938,5.060541152954102,-4.498438835144043
1741033313594976500,108.4299765625,-0.5666069984436035,6.027462005615234,-6.076422214508057
1741033313605078300,108.44007836914062,1.4158082008361816,6.61826229095459,-6.910732269287109
1741033313615180500,108.4501806640625,3.0269689559936523,6.672410011291504,-7.188213348388672
1741033313625282600,108.46028247070312,3.735032320022583,5.396313667297363,-7.067411422729492
1741033313635384300,108.47038427734375,3.3431382179260254,3.027820587158203,-4.640976905822754
1741033313645486600,108.48048657226562,1.4563531875610352,1.3651447296142578,-0.982366681098938
1741033313655588600,108.49058862304688,0.2430553436279297,0.6813087463378906,0.6132389903068542
1741033313665691100,108.50069116210938,-0.9061918258666992,0.9356250762939453,0.43889421224594116
1741033313675793000,108.51079296875,-1.5629322528839111,2.7579641342163086,0.333495557308197
1741033313685894700,108.52089477539063,-1.4357757568359375,4.896136283874512,0.49445652961730957
1741033313695997200,108.5309970703125,-0.6671969890594482,6.108074188232422,0.4875664710998535
1741033313706099000,108.54109887695313,-0.04284787178039551,6.199333190917969,0.22904276847839355
1741033313716200700,108.55120068359375,0.2158370018005371,5.068107604980469,-0.1737912893295288
1741033313726303000,108.56130297851563,0.004548311233520508,3.3537282943725586,-0.23437440395355225
1741033313736404700,108.57140478515625,-0.5063369274139404,1.8961782455444336,-0.09077441692352295
1741033313746506800,108.5815068359375,-0.6490466594696045,0.8574895858764648,0.07490324974060059
1741033313756609000,108.59160913085938,-0.6103525161743164,0.08518314361572266,0.31081247329711914
1741033313766711300,108.60171118164062,-0.4315471649169922,-0.721135139465332,0.504112720489502
1741033313776813300,108.61181323242188,-0.08946561813354492,-1.4648408889770508,0.6746294498443604
1741033313786915000,108.6219150390625,0.11322546005249023,-2.15968656539917,0.770943284034729
1741033313797017300,108.63201733398438,0.024999618530273438,-2.915848731994629,0.6721785664558411
1741033313807262500,108.64226245117187,-0.30048537254333496,-3.6319527626037598,0.628706693649292
1741033313817567000,108.65256689453125,-0.6226711273193359,-4.249667644500732,0.671857476234436
1741033313827693300,108.662693359375,-0.8868410587310791,-4.749236106872559,0.8039106130599976
1741033313837974000,108.67297412109374,-0.7503281831741333,-5.1036152839660645,1.004237174987793
1741033313848121600,108.68312158203125,-0.6543619632720947,-5.337070465087891,1.197436809539795
1741033313858223600,108.6932236328125,-0.6914957761764526,-5.515262603759766,1.3509328365325928
1741033313868326000,108.70332592773437,-0.7405295372009277,-5.592007160186768,1.5230307579040527
1741033313878427600,108.713427734375,-0.6669970154762268,-5.440868854522705,1.7519121170043945
1741033313888529700,108.72352978515624,-0.7835897207260132,-5.19673490524292,1.9049625396728516
1741033313898632000,108.7336318359375,-0.7286555171012878,-4.946391582489014,2.0879504680633545
1741033313908734000,108.74373388671874,-0.6682397127151489,-4.7107014656066895,2.117447853088379
1741033313918836200,108.75383618164062,-0.7180776000022888,-4.497493743896484,1.9211704730987549
1741033313928938000,108.76393798828126,-0.7249688506126404,-4.16373348236084,1.7701231241226196
1741033313939040300,108.77404028320312,-0.6400651931762695,-3.896820068359375,1.639143943786621
1741033313949142300,108.78414233398438,-0.4124686121940613,-3.6303062438964844,1.526782512664795
1741033313959244000,108.794244140625,-0.3667578399181366,-3.3296351432800293,1.3578025102615356
1741033313969346300,108.80434619140625,-0.2322242558002472,-3.0462284088134766,1.2522865533828735
1741033313979448300,108.8144482421875,-0.3610649108886719,-2.7046446800231934,1.1857773065567017
1741033313989550600,108.82455053710937,-0.477843314409256,-2.265774726867676,1.1849168539047241
1741033313999652400,108.83465234375,-0.857874870300293,-1.6909303665161133,1.1543903350830078
1741033314009754400,108.84475439453125,-1.4679529666900635,-0.9272747039794922,1.26991868019104
1741033314019857000,108.85485693359375,-1.8555173873901367,-0.18183135986328125,1.2482402324676514
1741033314029995300,108.86499536132813,-3.740992307662964,0.6230401992797852,0.9771683812141418
1741033314040299800,108.8752998046875,-9.703577041625977,2.9000377655029297,0.8739214539527893
1741033314050603800,108.88560375976563,-13.57275390625,5.807250022888184,1.689378261566162
1741033314060839700,108.89583959960937,-13.538742065429688,7.119621276855469,2.474575996398926
1741033314070961000,108.9059609375,-10.59359359741211,6.474133491516113,3.3663268089294434
1741033314081062700,108.91606274414063,-6.595131874084473,5.400555610656738,4.173373222351074
1741033314091165000,108.9261650390625,-3.3976144790649414,4.867513656616211,4.054286003112793
1741033314101267000,108.93626684570313,-1.9787002801895142,5.428811073303223,3.540365695953369
1741033314111368700,108.94636865234375,-1.0953993797302246,6.486808776855469,2.3841631412506104
1741033314121471200,108.95647119140625,-0.7569566369056702,7.489235877990723,0.8513911962509155
1741033314131573000,108.96657299804687,-0.3533439636230469,7.609320640563965,-0.5820523500442505
1741033314141675500,108.97667553710937,-0.13898473978042603,5.882728576660156,-1.7391998767852783
1741033314151777300,108.98677734375,0.8163787126541138,2.5671844482421875,-2.6125364303588867
1741033314161879000,108.99687915039063,1.4395475387573242,-0.05588722229003906,-2.409290075302124
1741033314171981600,109.00698168945313,2.0197372436523438,-1.4811620712280273,-2.307723045349121
1741033314182083300,109.01708325195312,4.0266804695129395,-1.636983871459961,-2.268636703491211
1741033314192185000,109.02718505859374,5.490016460418701,-0.1856555938720703,-1.8589208126068115
1741033314202287600,109.03728759765625,4.479344367980957,2.497433662414551,-0.7380534410476685
1741033314212389400,109.04738940429688,3.6780035495758057,4.840371131896973,0.45055562257766724
1741033314222491400,109.05749145507812,3.875154495239258,5.1818037033081055,1.0295101404190063
1741033314232593400,109.06759350585938,4.101496696472168,3.8353919982910156,1.0216598510742188
1741033314242695700,109.07769580078126,4.73279333114624,2.385599136352539,0.7989552617073059
1741033314252797700,109.08779760742188,6.293130874633789,1.4736518859863281,1.014948844909668
1741033314262899500,109.0978994140625,7.525128364562988,0.7337274551391602,1.0246471166610718
1741033314273001700,109.10800170898438,6.502492904663086,-0.2911968231201172,0.683637797832489
1741033314283103700,109.11810375976563,4.738882064819336,-1.5608091354370117,0.2448122501373291
1741033314293205500,109.12820556640625,-0.24496087431907654,-2.5041732788085938,-0.3340904712677002
1741033314303308000,109.13830810546875,-5.4379425048828125,-2.7719640731811523,-0.4109439253807068
1741033314313409800,109.14840991210937,-1.18941330909729,-1.9379682540893555,1.3076967000961304
1741033314323511600,109.15851147460937,1.808061957359314,-2.7928829193115234,1.9595190286636353
1741033314333614000,109.16861401367187,3.0708978176116943,-4.142930030822754,2.3017501831054688
1741033314343715800,109.1787158203125,3.961733818054199,-5.03572940826416,2.4555823802948
1741033314353818400,109.188818359375,4.045717716217041,-5.777210712432861,2.404914617538452
1741033314363920100,109.19892016601563,4.007047176361084,-6.2808837890625,2.174038887023926
1741033314374022100,109.20902221679688,3.3047103881835938,-6.577330112457275,1.6650582551956177
1741033314384124400,109.21912451171875,2.537900447845459,-6.748639106750488,1.1392420530319214
1741033314394226000,109.22922583007812,1.6055915355682373,-6.959585189819336,0.6540229320526123
1741033314404328200,109.239328125,0.30351078510284424,-7.2321977615356445,0.2974165678024292
1741033314414430200,109.24943017578126,0.17111146450042725,-7.215370178222656,0.3850385248661041
1741033314424532500,109.25953247070312,-0.09539675712585449,-7.282183647155762,0.5226603150367737
1741033314434777900,109.26977783203125,-0.13690602779388428,-7.304164409637451,0.7503401041030884
1741033314445082400,109.28008227539063,0.06663739681243896,-7.1986565589904785,0.9830904603004456
1741033314455385900,109.2903857421875,0.2182309627532959,-6.898131370544434,1.1260766983032227
1741033314465534500,109.30053442382813,0.2715308666229248,-6.5162200927734375,1.2517178058624268
1741033314475637000,109.31063696289063,0.49849510192871094,-6.083922386169434,1.3392696380615234
1741033314485738800,109.32073876953125,0.8303418159484863,-5.548550128936768,1.4171909093856812
1741033314495840800,109.3308408203125,1.085359811782837,-4.861833095550537,1.390462040901184
1741033314505943000,109.34094311523438,1.67897367477417,-3.6707587242126465,1.5246009826660156
1741033314516044800,109.351044921875,2.399510383605957,-1.7617192268371582,1.7551021575927734
1741033314526146800,109.36114672851562,3.3323826789855957,2.0554914474487305,2.2102203369140625
1741033314536249000,109.3712490234375,3.590906858444214,7.335110664367676,2.1309146881103516
1741033314546350800,109.38135083007812,3.8135740756988525,11.726825714111328,1.8425071239471436
1741033314556453000,109.391453125,2.5752766132354736,12.688385963439941,0.49288731813430786
1741033314566555100,109.40155517578125,0.5542821884155273,8.946416854858398,-2.429807662963867
1741033314576657000,109.41165698242187,-0.6367601156234741,4.455589294433594,-5.0112528800964355
1741033314586759200,109.42175927734375,-0.7098066806793213,1.8766002655029297,-6.87807559967041
1741033314596861200,109.43186108398437,0.4867255687713623,0.8416519165039062,-7.667851448059082
1741033314606963500,109.44196337890625,2.96058988571167,-0.12193107604980469,-6.279308319091797
1741033314617065200,109.45206518554687,9.076414108276367,-1.017782211303711,-3.710775375366211
1741033314627167000,109.4621669921875,10.916287422180176,0.20349979400634766,-2.092423439025879
1741033314637269500,109.47226953125,8.041528701782227,2.9670658111572266,-0.8813176155090332
1741033314647371300,109.48237133789063,5.352926731109619,5.582736968994141,0.09605467319488525
1741033314657473300,109.49247338867187,3.3060591220855713,6.831272125244141,1.1622258424758911
1741033314667575600,109.50257543945312,1.3692817687988281,6.517084121704102,1.9135816097259521
1741033314677677300,109.51267724609374,0.3216099739074707,5.852486610412598,1.9375832080841064
1741033314687779300,109.522779296875,-0.36799073219299316,5.674648284912109,1.65542471408844
1741033314697881600,109.53288159179688,-0.8108097314834595,6.214167594909668,1.9604601860046387
1741033314707983600,109.54298364257812,-1.146285057067871,7.107052803039551,2.9209723472595215
1741033314718086000,109.5530859375,-1.5316202640533447,7.2295122146606445,3.8752336502075195
1741033314728188200,109.56318823242188,-1.603379487991333,6.3431806564331055,4.469215393066406
1741033314738421500,109.57342138671875,-1.5409855842590332,4.780276298522949,4.393333911895752
1741033314748726000,109.58372607421875,-1.6380290985107422,3.3306703567504883,4.100489616394043
1741033314759029800,109.59402978515625,-1.7660753726959229,2.250676155090332,3.77374267578125
1741033314769187800,109.60418774414063,-1.829490065574646,1.4390325546264648,3.543825626373291
1741033314779292000,109.6142919921875,-1.94136643409729,0.6509914398193359,3.41348934173584
1741033314789394400,109.62439453125,-2.0356345176696777,-0.12092018127441406,3.274012327194214
1741033314799496200,109.63449609375,-1.9459635019302368,-0.9047603607177734,3.060408592224121
1741033314809598000,109.64459790039062,-1.596675992012024,-1.595921516418457,2.8299474716186523
1741033314819700500,109.65470043945312,-0.7846170663833618,-2.156179428100586,2.5641894340515137
1741033314829862700,109.66486254882813,-0.07108485698699951,-2.7880964279174805,2.2431557178497314
1741033314840167200,109.67516723632812,-0.39313673973083496,-3.5128908157348633,1.8962538242340088
1741033314850471200,109.68547119140625,-1.085707187652588,-4.331939697265625,1.627245306968689
1741033314860687600,109.6956875,-1.491114616394043,-4.940162658691406,1.524816870689392
1741033314870804700,109.7058046875,-1.5821144580841064,-5.380677223205566,1.5062788724899292
1741033314880906500,109.71590649414063,-1.4747318029403687,-5.721391677856445,1.5752674341201782
1741033314891008800,109.7260087890625,-1.4670556783676147,-6.079151153564453,1.6138430833816528
1741033314901110500,109.73611059570312,-1.6258888244628906,-6.2766571044921875,1.6707130670547485
1741033314911213000,109.74621313476563,-1.8454155921936035,-6.320497512817383,1.6969797611236572
1741033314921314800,109.75631469726562,-1.8804492950439453,-6.184896945953369,1.6452947854995728
1741033314931416600,109.76641650390626,-1.865576982498169,-5.963932037353516,1.5144767761230469
1741033314941519000,109.77651904296874,-2.116111993789673,-5.639487266540527,1.2892813682556152
1741033314951620900,109.78662084960938,-2.168562889099121,-5.245713710784912,1.0569998025894165
1741033314961723000,109.79672290039062,-2.227618932723999,-4.738840103149414,0.9557419419288635
1741033314971825200,109.8068251953125,-2.3919270038604736,-4.1933465003967285,0.9719695448875427
1741033314981927000,109.81692700195312,-3.094693660736084,-3.449371337890625,1.2681018114089966
1741033314992029000,109.82702880859375,-4.509210109710693,-2.4732308387756348,1.7304515838623047
1741033315002131200,109.83713110351563,-6.306194305419922,-1.4365558624267578,1.9919493198394775
1741033315012233000,109.84723291015625,-7.616865158081055,-0.6023216247558594,1.8484240770339966
1741033315022335000,109.8573349609375,-8.606732368469238,-0.1684732437133789,1.2507050037384033
1741033315032437200,109.86743725585937,-8.82250690460205,0.049457550048828125,0.8162257075309753
1741033315042539500,109.87753955078125,-8.560525894165039,0.2644081115722656,0.6721104383468628
1741033315052641500,109.8876416015625,-7.9528703689575195,0.7426261901855469,0.9440968632698059
1741033315062743000,109.89774291992188,-7.141571998596191,1.6334285736083984,1.4776337146759033
1741033315072845600,109.90784545898437,-6.077434539794922,2.870671272277832,2.228100299835205
1741033315082947300,109.917947265625,-4.98618221282959,4.336152076721191,3.023197650909424
1741033315093049000,109.92804907226562,-4.1695051193237305,5.798833847045898,3.7160158157348633
1741033315103151600,109.93815161132812,-3.2367165088653564,6.748518943786621,4.018279075622559
1741033315113253400,109.94825341796874,-2.187295436859131,6.764191627502441,3.6468217372894287
1741033315123355400,109.95835546875,-1.8663098812103271,6.394362449645996,2.674622058868408
1741033315133457700,109.96845776367188,-2.0109670162200928,6.8759965896606445,1.5518321990966797
1741033315143559400,109.97855932617188,-2.4257709980010986,7.343171119689941,0.10101085901260376
1741033315153661400,109.98866137695312,-2.3418943881988525,6.73681640625,-1.6543337106704712
1741033315163763700,109.998763671875,1.2460956573486328,5.041245460510254,-2.710092306137085
1741033315173865500,110.00886547851563,6.211367607116699,3.0877151489257812,-3.0798754692077637
1741033315183967500,110.01896752929687,6.268308639526367,1.569441795349121,-2.5176539421081543
1741033315194069800,110.02906982421875,5.1392974853515625,0.6683473587036133,-1.670154333114624
1741033315204172000,110.03917211914063,5.105569362640381,0.8151988983154297,-0.9183313846588135
1741033315214274000,110.04927416992187,6.191379547119141,1.9612512588500977,-0.1836845874786377
1741033315224375600,110.05937548828125,7.092422962188721,3.3954925537109375,0.5808675289154053
1741033315234478000,110.06947802734375,6.906839370727539,3.892305374145508,1.2777351140975952
1741033315244579800,110.07957983398437,6.916287899017334,3.4485645294189453,2.0089070796966553
1741033315254681600,110.089681640625,7.33287239074707,2.5173168182373047,3.184743642807007
1741033315264784100,110.0997841796875,5.922311305999756,1.4322509765625,3.2332546710968018
1741033315274886000,110.10988598632812,3.917163848876953,0.5179328918457031,1.9516971111297607
1741033315284988000,110.11998779296874,6.1401519775390625,-0.530369758605957,-0.7582084536552429
1741033315295090200,110.13009008789062,6.769258499145508,-1.5398883819580078,-2.3099148273468018
1741033315305192000,110.14019189453126,-0.5334022045135498,-2.955045700073242,-2.3647444248199463
1741033315315294000,110.1502939453125,-10.330599784851074,-3.484541893005371,-2.101656913757324
1741033315325396200,110.16039624023438,-4.729043483734131,-2.8467583656311035,0.10276506096124649
1741033315335498000,110.170498046875,1.328935980796814,-3.008960723876953,1.9939980506896973
1741033315345600000,110.18060009765625,4.130156993865967,-3.6987500190734863,2.737091064453125
1741033315355702300,110.19070239257813,5.135444164276123,-3.951295852661133,3.2507808208465576
1741033315365804500,110.20080444335937,4.767009258270264,-4.1205830574035645,3.6607439517974854
1741033315375906600,110.21090649414063,3.8564765453338623,-4.429718494415283,3.3885583877563477
1741033315386008000,110.22100805664063,3.4741649627685547,-4.771491050720215,2.63808536529541
1741033315396110600,110.23111059570313,2.616201877593994,-5.309684753417969,1.6147037744522095
1741033315406212400,110.24121240234375,1.697278380393982,-5.946589469909668,0.8861289620399475
1741033315416314000,110.25131420898437,0.8331596851348877,-6.537301063537598,0.44037604331970215
1741033315426416600,110.26141674804687,0.3880593776702881,-6.842597007751465,0.2442324161529541
1741033315436518400,110.27151831054688,0.18074345588684082,-7.065518379211426,0.23374497890472412
1741033315446620400,110.28162036132812,-0.2400963306427002,-7.218968391418457,0.2855098843574524
1741033315456722700,110.29172265625,-0.44725358486175537,-7.207586288452148,0.49018317461013794
1741033315466824400,110.30182446289062,-0.6166850328445435,-6.936404228210449,1.0452449321746826
1741033315476926500,110.31192651367188,-0.399753212928772,-6.541138648986816,1.6372144222259521
1741033315487028700,110.32202880859376,0.10683619976043701,-6.191536903381348,2.0791382789611816
1741033315497130500,110.33213061523438,0.5904580354690552,-5.831979751586914,2.2674951553344727
1741033315507232500,110.342232421875,0.8852667808532715,-5.4041924476623535,2.1165859699249268
1741033315517334800,110.35233471679688,1.1251192092895508,-4.819808483123779,1.9177474975585938
1741033315527436300,110.36243627929687,1.7737009525299072,-4.087036609649658,1.8900545835494995
1741033315537538800,110.37253881835937,2.543858051300049,-3.080467700958252,1.8352190256118774
1741033315547640600,110.382640625,3.2916345596313477,-1.4766230583190918,1.7253907918930054
1741033315557743000,110.3927431640625,3.690774917602539,1.319493293762207,1.8613041639328003
1741033315567844900,110.40284497070313,3.1830995082855225,5.260393142700195,2.0956828594207764
1741033315577946600,110.41294653320313,2.0167837142944336,9.915589332580566,1.8425650596618652
1741033315588049200,110.42304907226563,2.4318017959594727,12.808394432067871,0.43380966782569885
1741033315598151000,110.43315087890625,2.9044318199157715,11.042566299438477,-2.441878318786621
1741033315608252700,110.44325268554688,1.3937535285949707,6.981077194213867,-4.823887825012207
1741033315618355200,110.45335522460938,0.13022208213806152,4.091608047485352,-5.932495594024658
1741033315628457000,110.46345703125,0.9642829895019531,2.215579032897949,-6.063791751861572
1741033315638559000,110.47355908203124,4.573281288146973,1.0883455276489258,-5.524956226348877
1741033315648661200,110.4836611328125,9.84387493133545,0.6263542175292969,-4.620303153991699
1741033315658763000,110.49376293945312,13.336458206176758,0.007903099060058594,-3.4236154556274414
1741033315668865000,110.50386499023438,10.459305763244629,1.5008630752563477,-1.5131886005401611
1741033315678967000,110.51396704101562,6.600702285766602,3.736845016479492,0.157456636428833
1741033315689068800,110.52406884765625,5.254922866821289,5.137645721435547,1.4746451377868652
1741033315699171300,110.53417138671875,2.989727735519409,5.68122673034668,2.366635322570801
1741033315709273000,110.54427319335937,1.5109930038452148,5.539661407470703,3.194992780685425
1741033315719374800,110.55437475585937,0.3922922611236572,5.114956855773926,3.719266653060913
1741033315729477400,110.56447729492187,-0.6604769229888916,4.790078163146973,4.443877696990967
1741033315739579100,110.5745791015625,-1.4311386346817017,4.85637092590332,5.291197299957275
1741033315749681700,110.584681640625,-1.9932552576065063,4.875161170959473,5.949071407318115
1741033315759783400,110.59478344726563,-2.6635959148406982,4.775277137756348,6.125457286834717
1741033315769885200,110.60488525390625,-3.6426963806152344,4.438350677490234,5.913239479064941
1741033315779987700,110.61498779296875,-3.8429667949676514,3.8700056076049805,5.246262073516846
1741033315790089500,110.62508935546875,-3.124351978302002,2.732510566711426,3.980022430419922
1741033315800191500,110.63519140625,-1.9562801122665405,1.4803485870361328,2.9420042037963867
1741033315810293800,110.64529370117188,-1.6291818618774414,0.47564220428466797,2.543473243713379
1741033315820395500,110.6553955078125,-1.79499089717865,-0.31186676025390625,2.490694046020508
1741033315830497500,110.66549755859376,-1.6769824028015137,-1.079930305480957,2.3397443294525146
1741033315840599600,110.675599609375,-0.8803802728652954,-1.5735893249511719,2.1435458660125732
1741033315850701300,110.68570141601562,0.7052032947540283,-1.6125726699829102,1.893062710762024
1741033315860803800,110.69580395507812,2.2930736541748047,-1.726637840270996,1.610443353652954
1741033315870905600,110.70590551757813,1.6072475910186768,-2.420468330383301,1.5391778945922852
1741033315881007400,110.71600732421875,0.17872858047485352,-3.3988194465637207,1.359007477760315
1741033315891110000,110.72610986328125,-0.8215844631195068,-4.110755443572998,1.4173760414123535
1741033315901211600,110.73621166992187,-1.241267442703247,-4.491368293762207,1.5917044878005981
1741033315911313400,110.7463134765625,-1.3140753507614136,-4.743114471435547,1.8677138090133667
1741033315921416000,110.756416015625,-1.5047638416290283,-4.995467185974121,2.1060550212860107
1741033315931517700,110.766517578125,-1.6791369915008545,-5.10009765625,2.2463812828063965
1741033315941619500,110.77661938476562,-1.8972766399383545,-5.323930740356445,2.122749090194702
1741033315951722000,110.78672192382813,-2.178271532058716,-5.432181358337402,1.8381924629211426
1741033315961823700,110.79682373046874,-2.229322671890259,-5.473771095275879,1.5075712203979492
1741033315971925800,110.80692578125,-1.9393320083618164,-5.402750015258789,1.1765538454055786
1741033315982027800,110.81702783203124,-1.4829388856887817,-5.35297966003418,0.802951455116272
1741033315992129500,110.82712963867188,-0.9614629745483398,-5.279624938964844,0.593207597732544
1741033316002231800,110.83723168945312,-0.6844454407691956,-5.080132961273193,0.7313194274902344
1741033316012333800,110.84733374023438,-0.1458738148212433,-4.781297206878662,1.0570611953735352
1741033316022436400,110.85743627929688,-0.19802778959274292,-4.4269866943359375,1.3515123128890991
1741033316032538000,110.8675380859375,-0.49941641092300415,-3.947293281555176,1.71637761592865
1741033316042640000,110.87763989257813,-1.4368515014648438,-3.0754852294921875,2.3469364643096924
1741033316052742400,110.88774243164063,-3.3285975456237793,-1.6396889686584473,3.311616897583008
1741033316062844200,110.89784423828125,-7.082041263580322,0.2760505676269531,4.391332626342773
1741033316072946000,110.90794580078125,-11.75688362121582,2.585513114929199,5.171117305755615
1741033316083048400,110.91804833984375,-13.696162223815918,3.924823760986328,5.121553421020508
1741033316093150200,110.92815014648437,-12.636503219604492,3.570711135864258,3.7450146675109863
1741033316103252000,110.938251953125,-9.652819633483887,2.208465576171875,2.1529877185821533
1741033316113354500,110.9483544921875,-6.855273246765137,1.2425422668457031,0.9995704889297485
1741033316123456000,110.9584560546875,-5.757007598876953,1.1513500213623047,0.30623388290405273
1741033316133558300,110.96855834960938,-5.787390232086182,1.5295047760009766,-0.11224031448364258
1741033316143660300,110.97866040039062,-6.327520847320557,2.30440616607666,0.003811359405517578
1741033316153762000,110.98876196289062,-7.099359035491943,3.4537839889526367,0.5004985332489014
1741033316163864300,110.9988642578125,-7.7498064041137695,4.967243194580078,1.3739709854125977
1741033316173966300,111.00896630859376,-8.04307746887207,6.757101058959961,2.575187921524048
1741033316184068000,111.01906811523438,-6.997322082519531,7.840442657470703,3.419464588165283
1741033316194170600,111.02917065429688,-4.986155033111572,7.1518144607543945,3.0025458335876465
1741033316204272400,111.0392724609375,-2.6451916694641113,5.276172637939453,2.321603298187256
1741033316214374100,111.0493740234375,-0.8835915327072144,3.039717674255371,2.13999080657959
1741033316224476700,111.0594765625,0.38247084617614746,0.9941511154174805,2.0356247425079346
1741033316234578400,111.06957836914063,0.8225002288818359,-0.13790321350097656,1.9546022415161133
1741033316244680200,111.07968017578125,1.19693922996521,-0.5400180816650391,1.774627923965454
1741033316254782700,111.08978271484375,2.1569881439208984,-0.03905487060546875,1.587646245956421
1741033316264884200,111.09988427734375,3.8522393703460693,1.1763038635253906,1.3806700706481934
1741033316274986200,111.109986328125,5.8087358474731445,2.5385055541992188,1.1903457641601562
1741033316285088500,111.12008862304687,7.884173393249512,3.539639472961426,1.3512227535247803
1741033316295190300,111.13019018554688,9.890119552612305,3.7750959396362305,1.4155089855194092
1741033316305292500,111.14029248046874,10.287508964538574,3.1635255813598633,1.961859941482544
1741033316315394600,111.15039453125,8.625322341918945,1.5299978256225586,2.407566547393799
1741033316325496300,111.16049633789062,6.268616676330566,-0.29520320892333984,2.3550469875335693
1741033316335598600,111.1705986328125,4.063551425933838,-1.6555123329162598,1.8116663694381714
1741033316345700600,111.18070068359376,2.5058372020721436,-2.4701437950134277,1.1700191497802734
1741033316355802400,111.19080224609375,1.4221899509429932,-2.886744499206543,0.6184127926826477
1741033316365905000,111.20090478515625,-0.06847643852233887,-3.1216440200805664,0.2034783512353897
1741033316376006700,111.21100659179687,-0.34440362453460693,-3.59147310256958,-0.07800537347793579
1741033316386108400,111.2211083984375,-1.8594896793365479,-4.078348159790039,-0.42483559250831604
1741033316396211000,111.2312109375,-2.3850314617156982,-3.8419880867004395,-0.2830236554145813
1741033316406312700,111.24131274414063,-4.245042324066162,-3.4768543243408203,-0.05192120373249054
1741033316416414500,111.25141455078125,0.8624449968338013,-3.8887763023376465,-1.230522871017456
1741033316426516700,111.26151684570313,4.493147850036621,-4.639143943786621,-0.14003369212150574
1741033316436618500,111.27161840820312,5.515268802642822,-5.321615219116211,1.5993452072143555
1741033316446721500,111.28172143554687,5.390145778656006,-5.979221343994141,1.9338786602020264
1741033316456823800,111.29182373046875,5.070909023284912,-6.845370292663574,1.7993263006210327
1741033316466925300,111.30192529296875,4.539621829986572,-7.416543960571289,1.851660966873169
1741033316477027600,111.31202758789063,3.7356531620025635,-7.535423755645752,2.0016748905181885
1741033316487129600,111.32212963867188,3.2641022205352783,-7.398589134216309,1.957885503768921
1741033316497231400,111.3322314453125,3.10190749168396,-7.121439456939697,1.6760880947113037
1741033316507333600,111.34233374023438,2.573972702026367,-6.823005676269531,1.3654298782348633
1741033316517435600,111.352435546875,1.9512572288513184,-6.615683555603027,1.309600830078125
1741033316527538200,111.3625380859375,1.391815185546875,-6.422194480895996,1.4697940349578857
1741033316537640000,111.37263989257812,1.3211801052093506,-5.978219985961914,1.6544744968414307
1741033316547741700,111.38274169921876,1.6548457145690918,-5.438420295715332,1.609938144683838
1741033316557844200,111.39284423828126,2.0932319164276123,-4.633280277252197,1.5433461666107178
1741033316567946000,111.40294604492188,2.785849094390869,-3.4942197799682617,1.6117637157440186
1741033316578047700,111.4130478515625,3.4216065406799316,-1.6658825874328613,1.7614786624908447
1741033316588150300,111.423150390625,4.356439113616943,1.1548471450805664,2.025420665740967
1741033316598252000,111.433251953125,3.8288393020629883,5.079324722290039,1.9950244426727295
1741033316608354000,111.44335400390625,2.712043523788452,8.825246810913086,1.1407194137573242
1741033316618456300,111.45345629882813,3.2220072746276855,10.60326862335205,-0.7810311913490295
1741033316628557800,111.46355786132813,4.431203842163086,8.848409652709961,-3.912304639816284
1741033316638660000,111.47366015625,4.264662742614746,5.725882530212402,-5.961236476898193
1741033316648762000,111.48376220703125,3.025688886642456,3.8186092376708984,-6.612802505493164
1741033316658863900,111.49386376953125,1.9497442245483398,2.8338136672973633,-6.236459732055664
1741033316668966100,111.50396606445312,2.029977798461914,1.9235639572143555,-5.723723888397217
1741033316679068200,111.51406811523438,5.030111312866211,1.3317022323608398,-4.348945617675781
1741033316689170000,111.524169921875,10.819368362426758,1.1149578094482422,-2.8408665657043457
1741033316699272400,111.5342724609375,13.328489303588867,0.9690475463867188,-1.2229124307632446
1741033316709374200,111.54437426757812,9.103141784667969,2.703824996948242,0.24638783931732178
1741033316719476000,111.55447607421875,4.987920761108398,4.294770240783691,0.9102965593338013
1741033316729578500,111.56457861328126,2.93277645111084,4.2703657150268555,1.844710350036621
1741033316739680300,111.57468017578125,1.5657415390014648,3.6876096725463867,2.6460208892822266
1741033316749782000,111.58478198242187,0.8561911582946777,3.292745590209961,3.344265937805176
1741033316759884500,111.59488452148437,0.42487215995788574,3.4918270111083984,3.8916001319885254
1741033316769986000,111.60498608398437,-0.006928443908691406,4.284395217895508,4.439670562744141
1741033316780088300,111.61508837890625,-0.5683865547180176,5.308781623840332,5.0117340087890625
1741033316790190300,111.6251904296875,-1.4269859790802002,6.106410980224609,5.524167060852051
1741033316800292000,111.6352919921875,-2.0584328174591064,6.178544998168945,5.709543228149414
1741033316810394400,111.64539428710937,-2.3574914932250977,5.241039276123047,5.272579193115234
1741033316820496400,111.65549633789063,-2.0269670486450195,3.6992359161376953,4.38268518447876
1741033316830598100,111.66559814453124,-1.5532679557800293,2.029003143310547,3.4466443061828613
1741033316840700400,111.67570043945312,-1.3142931461334229,0.622166633605957,2.7790780067443848
1741033316850802400,111.68580249023438,-1.1256593465805054,-0.31383228302001953,2.6736676692962646
1741033316860904200,111.695904296875,-0.5664775371551514,-0.9013681411743164,2.7246358394622803
1741033316871006700,111.7060068359375,0.5212798118591309,-1.2481746673583984,2.7242562770843506
1741033316881108500,111.7161083984375,1.7193152904510498,-1.556884765625,2.635289192199707
1741033316891210200,111.72621020507812,1.8321194648742676,-2.0255327224731445,2.542003631591797
1741033316901312800,111.73631274414062,0.981060266494751,-2.8379502296447754,2.523732900619507
1741033316911414300,111.74641430664063,0.12872624397277832,-3.600849151611328,2.579765558242798
1741033316921516300,111.75651635742187,-0.8273364305496216,-4.1313982009887695,2.5899922847747803
1741033316931618800,111.76661889648437,-1.5163589715957642,-4.340259075164795,2.7302606105804443
1741033316941720600,111.77672045898437,-1.9794995784759521,-4.5707268714904785,2.7843050956726074
1741033316951822800,111.78682275390625,-2.133204460144043,-4.825441837310791,2.628145933151245
1741033316961924900,111.7969248046875,-2.02079176902771,-5.073897838592529,2.339625597000122
1741033316972026600,111.80702661132813,-1.8155601024627686,-5.326541900634766,2.0375967025756836
1741033316982129000,111.81712890625,-1.7458982467651367,-5.443828582763672,1.7811641693115234
1741033316992231000,111.82723095703125,-1.4983928203582764,-5.602832317352295,1.561514973640442
1741033317002332700,111.83733276367188,-1.0685906410217285,-5.566606521606445,1.555519938468933
1741033317012435000,111.84743505859375,-0.8277471661567688,-5.431450843811035,1.6305747032165527
1741033317022537000,111.85753686523438,-0.7117079496383667,-5.199715614318848,1.8073265552520752
1741033317032638700,111.867638671875,-0.6219145655632019,-4.80148983001709,2.069904327392578
1741033317042741200,111.8777412109375,-0.8900962471961975,-4.289699077606201,2.432894706726074
1741033317052842800,111.8878427734375,-2.045754909515381,-3.6030054092407227,3.0015408992767334
1741033317062944800,111.89794482421875,-3.753368616104126,-2.142940044403076,4.108839511871338
1741033317073047000,111.90804711914062,-7.481592178344727,-0.13606643676757812,5.523515224456787
1741033317083148800,111.91814868164063,-10.9129056930542,1.9169530868530273,6.142409324645996
1741033317093250800,111.92825073242187,-11.78300666809082,2.760188102722168,5.641586780548096
1741033317103353000,111.93835302734375,-10.10904312133789,2.030305862426758,4.119368553161621
1741033317113454800,111.94845483398437,-8.05790901184082,0.5025911331176758,2.479206085205078
1741033317123557000,111.95855712890625,-6.536221027374268,-0.4866752624511719,1.2767531871795654
1741033317133659100,111.9686591796875,-5.942293643951416,-0.4363536834716797,1.1022154092788696
1741033317143761000,111.97876098632813,-6.465604782104492,0.22674179077148438,0.9941645860671997
1741033317153863200,111.98886328125,-7.1511921882629395,1.0235166549682617,0.8219208717346191
1741033317163965200,111.99896508789062,-7.480612754821777,1.6379737854003906,0.6730945110321045
1741033317174067000,112.00906689453124,-7.333075046539307,2.1955947875976562,0.7219984531402588
1741033317184169200,112.01916918945312,-7.013915538787842,2.849545478820801,0.9626914262771606
1741033317194271000,112.02927099609374,-6.925236701965332,3.800076484680176,1.3737232685089111
1741033317204373000,112.039373046875,-6.689682960510254,5.28040885925293,2.061706781387329
1741033317214475300,112.04947534179688,-5.59489107131958,6.733847618103027,2.49296236038208
1741033317224577000,112.05957690429688,-3.549574613571167,7.2513322830200195,2.6066136360168457
1741033317234679000,112.06967895507813,-1.4422178268432617,6.8779191970825195,2.4764201641082764
1741033317244781300,112.07978125,-1.0549039840698242,5.0951080322265625,2.194143533706665
1741033317254883000,112.08988305664063,-0.846106767654419,2.664944648742676,1.9803202152252197
1741033317264984800,112.09998486328125,-0.4020121097564697,0.6384897232055664,1.7286255359649658
1741033317275086800,112.1100869140625,-0.14027190208435059,-0.5654220581054688,1.3401137590408325
1741033317285189000,112.12018920898437,0.13850164413452148,-0.5997180938720703,0.9799302816390991
1741033317295291000,112.13029077148437,0.7335412502288818,0.4655494689941406,0.821738600730896
1741033317305393200,112.14039306640625,1.6278328895568848,2.2834577560424805,0.8959442377090454
1741033317315495200,112.1504951171875,3.2895874977111816,4.233070373535156,1.4887725114822388
1741033317325597400,112.16059741210937,5.717273235321045,5.340032577514648,2.4279353618621826
1741033317335866400,112.17086645507813,9.415973663330078,5.396416664123535,3.3770060539245605
1741033317346171000,112.1811708984375,11.370713233947754,4.575030326843262,4.152646541595459
1741033317356465000,112.19146484375,10.732856750488281,2.820585250854492,4.625422954559326
1741033317366599400,112.20159936523437,8.542844772338867,0.4927797317504883,4.27250862121582
1741033317376701200,112.211701171875,6.467514991760254,-1.2881546020507812,3.2848708629608154
1741033317386803700,112.2218037109375,4.591985702514648,-2.385958671569824,1.9150655269622803
1741033317396905200,112.2319052734375,3.003185272216797,-3.0764694213867188,0.8560805916786194
1741033317407007200,112.24200732421875,1.4315093755722046,-3.571168899536133,0.5882290601730347
1741033317417109500,112.25210961914063,0.8176217675209045,-3.784369468688965,0.8127809762954712
1741033317427211300,112.26221118164062,-0.781946063041687,-4.196918487548828,-1.0158249139785767
1741033317437313500,112.2723134765625,-2.4450926780700684,-4.0250725746154785,0.5292956829071045
1741033317447415600,112.28241552734374,3.0744285583496094,-4.247745037078857,3.882678985595703
1741033317457517300,112.29251733398438,6.3300299644470215,-5.049093246459961,5.185058116912842
1741033317467619600,112.30261962890626,9.291008949279785,-6.065582275390625,4.485173225402832
1741033317477721600,112.3127216796875,10.97044849395752,-6.560334205627441,3.58805251121521
1741033317487823400,112.3228232421875,8.49890422821045,-6.715137481689453,2.469109058380127
1741033317497926000,112.33292578125,5.80803108215332,-6.816811561584473,1.2965312004089355
1741033317508027600,112.34302758789063,4.134511470794678,-6.9672369956970215,0.44846591353416443
1741033317518129400,112.35312939453125,3.3370046615600586,-7.066452980041504,0.05111458897590637
1741033317528255700,112.363255859375,2.628065586090088,-7.109212398529053,-0.09115970134735107
1741033317538560300,112.37356030273438,2.1004085540771484,-7.208162307739258,0.013777613639831543
1741033317548864500,112.38386450195313,1.5217713117599487,-7.291645050048828,0.2129199206829071
1741033317559110000,112.39410986328124,1.1858669519424438,-7.1921067237854,0.4433347284793854
1741033317569233700,112.40423364257812,1.2602617740631104,-6.749759674072266,0.8060629367828369
1741033317579335700,112.41433569335938,1.6959922313690186,-5.893161296844482,1.47987961769104
1741033317589437700,112.42443774414062,2.1509952545166016,-4.954575061798096,1.9196618795394897
1741033317599539500,112.43453955078125,2.7140941619873047,-3.7680811882019043,2.3147506713867188
1741033317609641700,112.44464184570313,3.2031195163726807,-2.4528093338012695,2.5107171535491943
1741033317619743700,112.45474365234375,3.6114158630371094,-0.8272743225097656,2.587106943130493
1741033317629845500,112.46484545898437,3.7859702110290527,1.2703580856323242,2.503570556640625
1741033317639948000,112.47494799804687,3.6867692470550537,4.205820083618164,2.240032196044922
1741033317650049800,112.4850498046875,2.9414288997650146,7.62654972076416,1.3298050165176392
1741033317660151600,112.49515161132813,4.457029342651367,10.04660415649414,-0.27241331338882446
1741033317670254000,112.50525415039063,7.165640354156494,9.614252090454102,-2.64310884475708
1741033317680355800,112.51535595703125,5.113914966583252,7.341506004333496,-4.1352219581604
1741033317690457600,112.52545751953124,3.259087562561035,5.758925437927246,-4.455096244812012
1741033317700560100,112.53556005859375,3.634026288986206,3.9195480346679688,-4.0534467697143555
1741033317710662000,112.54566186523438,4.787591457366943,1.9997739791870117,-2.887354850769043
1741033317720764000,112.55576391601562,6.97074556350708,1.1593427658081055,-0.8395835757255554
1741033317730866200,112.5658662109375,9.754179000854492,-0.12835025787353516,0.3741544485092163
1741033317740967700,112.5759677734375,7.803613662719727,0.6613702774047852,0.9751048684120178
1741033317751070000,112.58607006835938,5.606817245483398,2.332760810852051,0.9740371704101562
1741033317761172000,112.596171875,4.228111743927002,3.2091140747070312,1.308449625968933
1741033317771273700,112.60627368164063,2.7690672874450684,3.614443778991699,2.5564563274383545
1741033317781376000,112.6163759765625,2.9949910640716553,3.7861576080322266,3.7675232887268066
1741033317791478000,112.62647802734375,3.2220351696014404,4.102293968200684,4.499545097351074
1741033317801579800,112.63657983398437,2.3245151042938232,4.856136322021484,4.918774127960205
1741033317811681500,112.646681640625,1.0294737815856934,5.881612777709961,5.363454818725586
1741033317821784000,112.6567841796875,-0.10154926776885986,6.752538681030273,5.945003986358643
1741033317831885800,112.6668857421875,-1.1067029237747192,7.248038291931152,6.606575012207031
1741033317841987600,112.67698754882812,-1.8250420093536377,7.145610809326172,7.025212287902832
1741033317852090000,112.68709008789062,-2.921757698059082,6.1211137771606445,6.8851118087768555
1741033317862191600,112.69719165039062,-3.319071054458618,4.361150741577148,5.927875995635986
1741033317872293600,112.70729370117188,-3.2090373039245605,2.540459632873535,4.598460674285889
1741033317882396000,112.71739599609376,-3.031461715698242,0.8662710189819336,3.337528944015503
1741033317892497700,112.72749755859375,-3.0005412101745605,-0.48676586151123047,2.567841053009033
1741033317902600000,112.73759985351562,-2.926832675933838,-1.505192756652832,2.174391984939575
1741033317912702000,112.74770190429687,-2.6372416019439697,-2.2993664741516113,2.041971206665039
1741033317922803700,112.7578037109375,-2.2243564128875732,-2.8794264793395996,2.1067914962768555
1741033317932906000,112.76790600585937,-1.9032607078552246,-3.4248147010803223,2.2056288719177246
1741033317943151000,112.77815112304687,-1.72611403465271,-3.8532285690307617,2.299222469329834
1741033317953455600,112.78845556640626,-1.612734079360962,-4.217021465301514,2.3549532890319824
1741033317963759400,112.79875927734375,-1.4187277555465698,-4.407537937164307,2.360093593597412
1741033317973908000,112.80890795898438,-0.8345786333084106,-4.462010383605957,2.313908100128174
1741033317984010500,112.81901049804688,0.4017202854156494,-4.272069454193115,2.159939765930176
1741033317994112300,112.8291123046875,2.721851348876953,-3.612941265106201,1.634847640991211
1741033318004214000,112.83921411132812,3.9273836612701416,-3.2468690872192383,1.8146779537200928
1741033318014315800,112.84931567382813,1.5347366333007812,-3.3604660034179688,1.9811853170394897
1741033318024418300,112.85941821289063,0.19483423233032227,-3.69675350189209,2.1579160690307617
1741033318034520000,112.86952001953125,-0.4613471031188965,-3.8826146125793457,2.2580575942993164
1741033318044622000,112.8796220703125,-0.9298524856567383,-3.9725890159606934,2.34798264503479
1741033318054724400,112.88972436523437,-1.72866690158844,-4.003607273101807,2.2518274784088135
1741033318064825900,112.89982592773437,-2.719773292541504,-3.8848252296447754,2.05574631690979
1741033318074928000,112.90992822265625,-3.512770175933838,-3.843177318572998,1.8444321155548096
1741033318085030100,112.92003002929688,-3.403005599975586,-3.5594987869262695,1.8332927227020264
1741033318095132000,112.9301318359375,-3.5534839630126953,-2.8745627403259277,2.1762020587921143
1741033318105234400,112.940234375,-3.151474952697754,-2.143552303314209,2.513282299041748
1741033318115336200,112.95033618164062,-2.52789044380188,-1.172933578491211,2.960117816925049
1741033318125438000,112.96043798828126,-3.0320639610290527,-0.1168975830078125,3.547194719314575
1741033318135540500,112.97054052734374,-4.134069442749023,0.9810476303100586,4.512082099914551
1741033318145642200,112.98064233398438,-4.23484992980957,2.3324947357177734,5.475066184997559
1741033318155744000,112.99074389648437,-5.866732597351074,3.88527774810791,6.614058017730713
1741033318165846500,113.00084643554688,-7.427877902984619,5.291715621948242,7.305522918701172
1741033318175948300,113.0109482421875,-8.728759765625,5.945274353027344,7.062831401824951
1741033318186049800,113.0210498046875,-8.881828308105469,5.744998931884766,6.021613597869873
1741033318196151800,113.03115185546875,-7.814716339111328,4.746463775634766,4.489691734313965
1741033318206254000,113.04125415039063,-7.099059104919434,3.8872671127319336,3.486044406890869
1741033318216355800,113.05135595703125,-6.624654293060303,3.4682912826538086,2.659559726715088
1741033318226458000,113.0614580078125,-6.288115501403809,3.4354257583618164,1.9749159812927246
1741033318236560100,113.07156005859375,-6.145178318023682,3.8534669876098633,1.671964406967163
1741033318246662000,113.08166186523438,-6.456934928894043,4.535097122192383,1.4741106033325195
1741033318256764200,113.09176416015625,-6.334861755371094,4.958658218383789,0.7976746559143066
1741033318266866200,113.1018662109375,-5.481779098510742,4.627316474914551,0.038593292236328125
1741033318276968000,113.11196801757812,-4.810694694519043,3.466080665588379,-1.0841479301452637
1741033318287070500,113.12207055664062,-4.131259441375732,1.9248809814453125,-1.5772769451141357
1741033318297172200,113.13217211914062,-3.413015365600586,0.6000795364379883,-1.327759027481079
1741033318307274000,113.14227392578125,-2.715596914291382,-0.37044715881347656,-1.4407835006713867
1741033318317376500,113.15237646484375,-1.5248727798461914,-0.7135391235351562,-1.7313282489776611
1741033318327478000,113.16247802734375,-1.048243522644043,-0.09700298309326172,-1.7229294776916504
1741033318337580000,113.172580078125,-1.0396125316619873,1.1756935119628906,-1.2397375106811523
1741033318347682300,113.18268237304687,-0.8985679149627686,2.8575239181518555,-0.07982850074768066
1741033318357784000,113.1927841796875,-0.23517584800720215,4.450610160827637,1.4739718437194824
1741033318367885800,113.2028857421875,0.9875383377075195,5.4905805587768555,2.6736249923706055
1741033318377988000,113.21298803710937,2.9171876907348633,5.385036468505859,3.0788955688476562
1741033318388090000,113.22309008789063,4.598939418792725,4.086528778076172,2.683025360107422
1741033318398191900,113.23319189453125,5.423755645751953,2.3317432403564453,2.191648006439209
1741033318408294100,113.24329418945312,6.0556488037109375,0.856475830078125,2.1052703857421875
1741033318418396200,113.25339624023438,5.886133193969727,-0.3140859603881836,2.020963430404663
1741033318428498000,113.26349780273438,5.122165679931641,-1.4245567321777344,2.0397276878356934
1741033318438600200,113.27360009765626,4.288689613342285,-2.3624744415283203,2.116039752960205
1741033318448702200,113.2837021484375,3.4941680431365967,-3.221242904663086,1.9903348684310913
1741033318458803700,113.2938037109375,1.7900426387786865,-3.8382749557495117,1.473351001739502
1741033318468906200,113.30390625,0.21607494354248047,-4.3167595863342285,1.219264268875122
1741033318479008000,113.31400805664063,-0.8324078321456909,-4.596573352813721,1.121273398399353
1741033318489110000,113.32411010742187,0.1506807804107666,-4.759952545166016,1.437025547027588
1741033318499212300,113.33421240234375,-1.2983911037445068,-4.764218330383301,1.5557781457901
1741033318509314000,113.34431396484375,-2.2225098609924316,-4.7121686935424805,1.3641126155853271
1741033318519415800,113.35441577148437,2.892350196838379,-4.848590850830078,0.1970580369234085
1741033318529517800,113.36451782226563,6.366785526275635,-5.679083824157715,0.9554909467697144
1741033318539620000,113.3746201171875,5.887272357940674,-5.875286102294922,2.7246105670928955
1741033318549721900,113.38472192382812,4.89237642288208,-5.932952404022217,3.6265532970428467
1741033318559824100,113.39482421875,4.811558723449707,-6.229275703430176,4.018028736114502
1741033318569926100,113.40492602539062,4.705567359924316,-6.600849628448486,4.0574541091918945
1741033318580027600,113.41502758789062,4.3167619705200195,-7.018287181854248,3.6382670402526855
1741033318590130200,113.42513012695312,3.7488319873809814,-7.175899982452393,3.0366146564483643
1741033318600232000,113.43523193359376,3.175199270248413,-7.146887302398682,2.3867104053497314
1741033318610333700,113.44533374023437,2.9970295429229736,-6.9356536865234375,1.9281126260757446
1741033318620436200,113.45543627929688,2.8945508003234863,-6.405971527099609,1.742957353591919
1741033318630538000,113.4655380859375,2.9713690280914307,-5.525925636291504,1.667122721672058
1741033318640639700,113.4756396484375,3.333326578140259,-4.231762886047363,1.8175355195999146
1741033318650741500,113.48574145507813,3.4328341484069824,-2.500027656555176,1.9901280403137207
1741033318660844000,113.49584399414063,3.6757869720458984,-0.1710672378540039,1.9551199674606323
1741033318670945800,113.50594580078125,3.952768325805664,2.6492605209350586,1.742976188659668
1741033318681047800,113.5160478515625,4.131878852844238,5.240927696228027,1.098534107208252
1741033318691150000,113.52615014648437,4.254735469818115,7.148433685302734,0.05946612358093262
1741033318701251800,113.536251953125,4.0209784507751465,7.5154314041137695,-1.1817926168441772
1741033318711353900,113.54635375976562,2.6245219707489014,6.499091148376465,-2.6294095516204834
1741033318721455900,113.55645581054688,2.2039828300476074,4.675271987915039,-4.117758750915527
1741033318731557600,113.5665576171875,2.6165943145751953,2.8903894424438477,-5.1535186767578125
1741033318741660200,113.57666015625,5.2553911209106445,1.1075286865234375,-6.03308629989624
1741033318751762000,113.58676196289062,7.714816093444824,0.03795051574707031,-5.184110641479492
1741033318761863700,113.59686376953125,9.484676361083984,0.5512733459472656,-2.724761962890625
1741033318771965400,113.60696533203125,7.415004253387451,2.473027229309082,0.12568902969360352
1741033318782068000,113.61706787109375,5.252307891845703,4.746935844421387,1.869009256362915
1741033318792169700,113.62716967773437,2.7418060302734375,6.697078704833984,2.0667104721069336
1741033318802271500,113.637271484375,0.3364100456237793,7.1472015380859375,1.6480778455734253
1741033318812374000,113.6473740234375,-0.6798815727233887,5.682090759277344,1.5503062009811401
1741033318822475800,113.65747583007813,-0.4373800754547119,3.6696605682373047,1.6633793115615845
1741033318832577500,113.66757763671875,-0.008064746856689453,2.9729928970336914,1.7525393962860107
1741033318842680000,113.67768017578125,0.2919270992279053,3.7820959091186523,2.1561551094055176
1741033318852781600,113.68778149414062,0.18445253372192383,5.445265769958496,2.9674482345581055
1741033318862883800,113.6978837890625,-0.10683321952819824,6.931858062744141,3.889737129211426
1741033318872985900,113.70798583984374,-0.4521057605743408,7.487851142883301,4.622411727905273
1741033318883087600,113.71808764648438,-0.6727299690246582,6.883151054382324,5.019338607788086
1741033318893189400,113.728189453125,-1.0699896812438965,5.13559627532959,4.6596479415893555
1741033318903291600,113.73829174804688,-1.5490343570709229,3.265684127807617,3.853952407836914
1741033318913393700,113.7483935546875,-1.9476377964019775,1.904221534729004,3.246335029602051
1741033318923495400,113.75849536132813,-2.051208257675171,0.9284114837646484,2.8861165046691895
1741033318933598000,113.76859790039063,-1.933772325515747,0.06097412109375,2.662971258163452
1741033318943699700,113.77869970703125,-1.5425524711608887,-0.7447538375854492,2.4109299182891846
1741033318953801500,113.78880151367187,-0.69706130027771,-1.4577155113220215,2.1270394325256348
1741033318963904000,113.79890405273437,1.288109302520752,-1.8028206825256348,1.8729153871536255
1741033318974005500,113.80900561523437,3.488413095474243,-2.0893330574035645,1.5482780933380127
1741033318984107500,113.819107421875,3.5961973667144775,-2.614253044128418,1.675906777381897
1741033318994209800,113.82920971679688,2.19866681098938,-3.0796732902526855,2.015191078186035
1741033319004311600,113.8393115234375,0.9702346324920654,-3.5292458534240723,2.6573357582092285
1741033319014413300,113.84941333007812,0.03042316436767578,-3.9104413986206055,2.9791812896728516
1741033319024515600,113.859515625,-0.49920952320098877,-3.990767478942871,3.254514217376709
1741033319034725000,113.86972509765624,-1.047066330909729,-4.039610862731934,3.1692774295806885
1741033319045029600,113.88002954101563,-1.296724557876587,-4.390402793884277,2.612807273864746
1741033319055333400,113.89033349609375,-1.060870885848999,-4.876619338989258,1.9146957397460938
1741033319065511200,113.90051123046875,-0.9414176344871521,-5.248439311981201,1.3365013599395752
1741033319075620000,113.9106201171875,-1.1087273359298706,-5.545284271240234,0.9536118507385254
1741033319085721900,113.92072192382813,-1.1645054817199707,-5.874502658843994,0.8780877590179443
1741033319095823600,113.93082373046875,-1.2857489585876465,-6.030699729919434,1.047486662864685
1741033319105925400,113.94092529296876,-1.2305591106414795,-6.018794059753418,1.3604843616485596
1741033319116028000,113.95102783203124,-1.1271874904632568,-5.8101043701171875,1.8082027435302734
1741033319126129700,113.96112963867188,-1.0522319078445435,-5.424684047698975,2.274541139602661
1741033319136231400,113.9712314453125,-1.0070240497589111,-4.871225357055664,2.6312530040740967
1741033319146334000,113.981333984375,-1.2251524925231934,-4.220952033996582,2.9279510974884033
1741033319156435500,113.991435546875,-1.8713325262069702,-3.4036197662353516,3.2930216789245605
1741033319166537700,114.00153784179687,-3.376446008682251,-2.224116802215576,3.9047226905822754
1741033319176639700,114.0116396484375,-6.116839408874512,-0.15705204010009766,5.1495513916015625
1741033319186741500,114.02174145507813,-11.88154411315918,2.8686952590942383,6.922496795654297
1741033319196843300,114.03184326171875,-15.757319450378418,5.592002868652344,8.057512283325195
1741033319206945500,114.04194555664063,-14.59032154083252,5.947479248046875,7.033895492553711
1741033319217047600,114.05204760742187,-11.6442232131958,3.800111770629883,3.7852940559387207
1741033319227150000,114.06215014648437,-7.702023983001709,1.2885007858276367,1.694862961769104
1741033319237419000,114.0724189453125,-5.402246952056885,0.41277313232421875,1.2223737239837646
1741033319247723500,114.0827236328125,-5.209277629852295,1.3162775039672852,0.8777004480361938
1741033319258017300,114.09301733398438,-5.3495259284973145,2.6936635971069336,0.8484508991241455
1741033319268151800,114.10315185546875,-6.092034816741943,4.214655876159668,0.8454158306121826
1741033319278253600,114.11325366210937,-6.66746711730957,5.732132911682129,1.0645421743392944
1741033319288355600,114.12335546875,-6.377241134643555,7.104423522949219,1.1881450414657593
1741033319298457900,114.13345776367187,-5.186457633972168,8.062853813171387,1.0145782232284546
1741033319308559600,114.1435595703125,-3.743006706237793,8.082204818725586,0.8192816972732544
1741033319318661600,114.15366162109375,-2.5197198390960693,6.292494773864746,0.6417241096496582
1741033319328764000,114.16376391601563,-1.2745448350906372,3.2420921325683594,0.7211297750473022
1741033319338865400,114.17386547851562,0.16515159606933594,0.8260822296142578,1.3829469680786133
1741033319348967700,114.1839677734375,0.5836520195007324,-0.6536426544189453,1.7839598655700684
1741033319359069700,114.19406958007812,1.8596761226654053,-0.7557897567749023,1.7388850450515747
1741033319369171500,114.20417138671876,2.7606918811798096,-0.10822391510009766,1.4816981554031372
1741033319379273200,114.21427319335938,4.954004764556885,1.095026969909668,0.9539697766304016
1741033319389375700,114.22437573242188,7.239047050476074,2.270549774169922,0.5084524154663086
1741033319399477500,114.2344775390625,10.176957130432129,3.1682662963867188,0.664512038230896
1741033319409579300,114.24457934570313,11.874591827392578,3.5210800170898438,1.4698892831802368
1741033319419681800,114.25468188476563,10.585713386535645,2.9345664978027344,2.7517008781433105
1741033319429783600,114.26478344726563,8.832157135009766,1.6921958923339844,3.2650628089904785
1741033319439885300,114.27488525390625,6.200299263000488,0.1327495574951172,2.8837075233459473
1741033319449987800,114.28498779296875,3.796969175338745,-1.4012298583984375,1.956957459449768
1741033319460089600,114.29508959960937,2.148176670074463,-2.497359275817871,1.2957229614257812
1741033319470191000,114.30519116210938,1.10479736328125,-3.220822811126709,0.9118809103965759
1741033319480293400,114.31529345703125,0.6487855911254883,-3.828301429748535,0.6911814212799072
1741033319490395400,114.3253955078125,0.5083897113800049,-4.325412273406982,0.6094260811805725
1741033319500497200,114.3354970703125,0.1478128433227539,-4.937074184417725,0.5094118118286133
1741033319510599400,114.34559936523438,-0.3104989528656006,-5.530449390411377,0.2865599989891052
1741033319520701400,114.35570141601562,-0.22222912311553955,-5.868658065795898,-0.3852255344390869
1741033319530803200,114.36580322265625,0.08507299423217773,-5.5564398765563965,-1.4606162309646606
1741033319540905500,114.37590551757812,-4.167699813842773,-4.284390449523926,-0.7304350137710571
1741033319551007500,114.38600756835937,-0.5609948039054871,-4.584639549255371,0.39500975608825684
1741033319561109200,114.39610913085937,2.5908021926879883,-5.8943047523498535,0.9198322296142578
1741033319571211000,114.4062109375,4.4775071144104,-6.723300457000732,0.877116322517395
1741033319581313500,114.4163134765625,6.345221042633057,-6.948402404785156,1.0016684532165527
1741033319591415000,114.4264150390625,7.468475818634033,-6.764772415161133,1.3875535726547241
1741033319601517000,114.43651708984375,7.075037002563477,-6.953389644622803,1.3061047792434692
1741033319611619300,114.44661938476563,5.445609092712402,-7.307639122009277,1.3663084506988525
1741033319621721000,114.45672119140625,3.263866901397705,-7.5116071701049805,1.5516804456710815
1741033319631822800,114.46682275390626,1.7640225887298584,-7.467737197875977,1.6056160926818848
1741033319641924900,114.4769248046875,1.2723731994628906,-7.228742599487305,1.70326566696167
1741033319652027100,114.48702709960938,1.4119789600372314,-6.719305992126465,1.5933643579483032
1741033319662129000,114.49712890625,1.621110439300537,-6.122437477111816,1.3684523105621338
1741033319672231200,114.50723120117188,1.8651549816131592,-5.303618431091309,1.216386318206787
1741033319682333200,114.51733325195312,2.2260901927948,-3.9829306602478027,1.3268555402755737
1741033319692435000,114.52743505859375,2.527240753173828,-2.0258092880249023,1.5542333126068115
1741033319702537200,114.537537109375,2.7150354385375977,1.0733938217163086,1.9748611450195312
1741033319712639200,114.54763916015625,2.868319272994995,5.732273101806641,2.6552891731262207
1741033319722740700,114.55774072265625,3.434272527694702,10.224080085754395,2.89274525642395
1741033319732842500,114.56784252929687,3.8058834075927734,12.91373062133789,1.8853428363800049
1741033319742945000,114.57794506835937,4.008105278015137,11.421178817749023,-1.3233065605163574
1741033319753046800,114.588046875,3.7003138065338135,7.274707794189453,-4.89005708694458
1741033319763148800,114.59814868164062,2.9506561756134033,3.6439390182495117,-6.748141288757324
1741033319773251000,114.6082509765625,2.790253162384033,1.6446733474731445,-7.929028511047363
1741033319783352800,114.61835278320312,4.352251052856445,0.6712284088134766,-7.713481426239014
1741033319793454800,114.62845483398438,7.436219692230225,0.4892730712890625,-5.932114601135254
1741033319803557000,114.63855712890626,8.002442359924316,1.9005823135375977,-2.796304941177368
1741033319813659000,114.64865893554688,6.285184860229492,4.2048234939575195,-0.09418165683746338
1741033319823760600,114.6587607421875,3.4942216873168945,5.753018379211426,1.1555036306381226
1741033319833862700,114.66886254882813,1.2688014507293701,5.458596229553223,0.9559632539749146
1741033319843964700,114.67896459960937,0.207838773727417,3.784909248352051,0.39009034633636475
1741033319854066400,114.68906640625,0.11287832260131836,2.2412643432617188,0.41710686683654785
1741033319864169000,114.6991689453125,-0.22980928421020508,1.3373851776123047,0.6589956283569336
1741033319874271000,114.70927099609375,-0.20246672630310059,1.2884836196899414,0.9380270838737488
1741033319884551400,114.71955151367187,-0.13646817207336426,2.2839059829711914,1.6162607669830322
1741033319894856000,114.72985595703125,0.14695119857788086,3.9394121170043945,2.6762468814849854
1741033319905140200,114.74014013671875,0.48522305488586426,5.608487129211426,3.819861888885498
1741033319915272700,114.75027270507813,0.6144633293151855,6.760988235473633,4.748509883880615
1741033319925375000,114.760375,0.6630189418792725,6.94545841217041,5.271437644958496
1741033319935476700,114.77047680664063,0.6098287105560303,5.9721574783325195,5.2299299240112305
1741033319945578500,114.78057861328125,0.46552205085754395,4.1527299880981445,4.5437846183776855
1741033319955680500,114.79068041992187,0.2063136100769043,2.240899085998535,3.405862331390381
1741033319965782800,114.80078271484375,0.2389085292816162,0.9407243728637695,2.6674883365631104
1741033319975884500,114.81088452148437,0.7579638957977295,-0.015293121337890625,2.2607247829437256
1741033319985986800,114.82098681640625,1.7086005210876465,-0.6250705718994141,2.0477001667022705
1741033319996088800,114.8310888671875,2.3528013229370117,-0.969846248626709,1.951596736907959
1741033320006190600,114.84119067382812,1.840047836303711,-1.4549455642700195,1.9132788181304932
1741033320016292000,114.8512919921875,0.7820067405700684,-2.052896022796631,2.165062427520752
1741033320026394600,114.86139453125,0.0025873184204101562,-2.68983793258667,2.358565330505371
1741033320036496400,114.87149633789062,-0.02122974395751953,-3.199347496032715,2.779268980026245
1741033320046598100,114.88159814453125,-0.25744104385375977,-3.4174203872680664,3.162498712539673
1741033320056700700,114.89170068359375,-0.22348570823669434,-3.5074267387390137,3.419701337814331
1741033320066802400,114.90180249023437,-0.3942255973815918,-3.465205669403076,3.577558994293213
1741033320076904400,114.91190454101563,-0.7120767831802368,-3.418785572052002,3.494295120239258
1741033320087006700,114.9220068359375,-1.0094527006149292,-3.705214500427246,3.0115303993225098
1741033320097108500,114.9321083984375,-0.7833667993545532,-4.130821228027344,2.6018757820129395
1741033320107210200,114.94221020507813,-0.5664972066879272,-4.50770902633667,2.331679344177246
1741033320117312300,114.95231225585937,-0.9221460819244385,-4.69605016708374,2.0303964614868164
1741033320127414500,114.96241455078125,-1.2893829345703125,-4.878094673156738,1.7910056114196777
1741033320137516000,114.97251611328124,-1.5918896198272705,-4.930193901062012,1.7642536163330078
1741033320147618300,114.98261840820312,-1.7527635097503662,-4.836512565612793,1.960881233215332
1741033320157720300,114.99272021484374,-1.4445866346359253,-4.515120506286621,2.410691738128662
1741033320167822000,115.00282202148438,-1.0804502964019775,-4.014608383178711,2.8739383220672607
1741033320177923800,115.012923828125,-0.8286226987838745,-3.4053187370300293,3.381216526031494
1741033320188026400,115.0230263671875,-1.0141234397888184,-2.6936392784118652,3.846531629562378
1741033320198128000,115.03312817382813,-1.3286999464035034,-2.000332832336426,4.283342361450195
1741033320208230000,115.04322998046875,-1.2982269525527954,-1.1485347747802734,4.5482940673828125
1741033320218332400,115.05333251953125,-2.985727310180664,0.11444473266601562,5.208018779754639
1741033320228459000,115.063458984375,-5.97458028793335,2.2848339080810547,6.654562950134277
1741033320238763500,115.07376342773438,-9.854447364807129,4.849063873291016,8.417374610900879
1741033320249067500,115.08406762695313,-12.288776397705078,6.397453308105469,9.648160934448242
1741033320259312600,115.09431274414062,-11.238417625427246,6.215664863586426,8.812875747680664
1741033320269436200,115.10443627929688,-9.271605491638184,4.622669219970703,6.356631278991699
1741033320279538400,115.11453833007812,-7.114404201507568,2.979985237121582,4.250865459442139
1741033320289640200,115.12464013671875,-5.64399528503418,2.2338027954101562,3.3426647186279297
1741033320299742000,115.13474194335937,-5.429137706756592,2.2019758224487305,2.655590057373047
1741033320309844200,115.14484423828125,-5.444835662841797,2.565296173095703,2.4113211631774902
1741033320319946000,115.15494604492187,-5.889124870300293,3.320540428161621,2.2651119232177734
1741033320330047700,115.1650478515625,-6.467090129852295,4.40311336517334,2.145904064178467
1741033320340150300,115.175150390625,-6.286138534545898,5.2095441818237305,1.6690125465393066
1741033320350252000,115.185251953125,-5.371528625488281,5.565092086791992,1.218761682510376
1741033320360353800,115.19535375976562,-4.255916595458984,5.24465274810791,0.8185601234436035
1741033320370455600,115.20545556640624,-3.328796625137329,3.763400077819824,0.2539663314819336
1741033320380558000,115.21555810546874,-2.759674310684204,1.7543611526489258,-0.09253692626953125
1741033320390659800,115.22565991210938,-1.8889203071594238,-0.08217906951904297,-0.28083276748657227
1741033320400761600,115.23576171875,-0.975799560546875,-1.4194140434265137,-0.6168727874755859
1741033320410864000,115.24586401367188,-0.5868422985076904,-1.7488455772399902,-0.10906124114990234
1741033320420966000,115.2559658203125,0.04621410369873047,-1.0204057693481445,-0.007852315902709961
1741033320431067400,115.2660673828125,0.334026575088501,0.3273811340332031,-0.6672418117523193
1741033320441169700,115.27616967773437,1.345510482788086,2.011493682861328,-0.7605350017547607
1741033320451271700,115.28627172851563,3.0410685539245605,3.5644054412841797,0.015128374099731445
1741033320461373400,115.29637353515625,4.389556407928467,4.728259086608887,1.447810173034668
1741033320471475700,115.30647583007813,5.817596435546875,5.248157501220703,2.667445421218872
1741033320481577700,115.31657763671875,6.5026044845581055,4.718786239624023,3.498967170715332
1741033320491679500,115.32667944335938,6.920213222503662,3.2768030166625977,3.581413745880127
1741033320501781200,115.33678125,5.995128631591797,1.0573186874389648,2.9669580459594727
1741033320511883800,115.3468837890625,4.999910354614258,-0.8794002532958984,2.410788059234619
1741033320521985500,115.35698559570312,3.9218502044677734,-2.2857608795166016,2.047828435897827
1741033320532087300,115.36708740234376,3.287180185317993,-3.216487407684326,1.6801425218582153
1741033320542189800,115.37718994140624,3.0665035247802734,-4.05289888381958,1.1263244152069092
1741033320552291600,115.38729150390625,2.583106517791748,-4.657342910766602,0.6507565975189209
1741033320562393000,115.39739306640625,1.4340541362762451,-5.048933029174805,0.10269820690155029
1741033320572495000,115.4074951171875,0.6067092418670654,-5.299564838409424,-0.44627755880355835
1741033320582597400,115.41759741210937,-0.48903608322143555,-5.123783111572266,-0.5819898843765259
1741033320592699100,115.42769921875,-0.27426695823669434,-5.141251087188721,0.051613450050354004
1741033320602801400,115.43780151367187,-2.6534078121185303,-4.721823692321777,0.4838488698005676
1741033320612903400,115.4479033203125,-3.1046957969665527,-4.727712631225586,1.4625369310379028
1741033320623005200,115.45800512695313,0.6594705581665039,-5.286668300628662,2.739842176437378
1741033320633107000,115.46810693359375,4.592184066772461,-5.674477577209473,2.2065162658691406
1741033320643209200,115.47820922851562,9.925972938537598,-6.327494144439697,1.399172067642212
1741033320653311200,115.48831127929688,8.58970832824707,-7.035767555236816,1.9585245847702026
1741033320663413000,115.4984130859375,5.083950996398926,-7.312362194061279,2.7492713928222656
1741033320673515300,115.50851538085938,3.8103907108306885,-7.157458782196045,3.2577786445617676
1741033320683617000,115.51861694335938,3.898798704147339,-6.925435543060303,3.759326457977295
1741033320693718800,115.52871875,3.9921441078186035,-6.509156227111816,3.9670441150665283
1741033320703820800,115.53882080078125,4.057144641876221,-5.810362815856934,3.6947202682495117
1741033320713923000,115.54892309570313,4.302851676940918,-4.97142219543457,2.871196746826172
1741033320724024800,115.55902490234375,4.313464164733887,-3.8226237297058105,2.4414968490600586
1741033320734126800,115.569126953125,4.332103729248047,-2.286935806274414,2.4174041748046875
1741033320744229000,115.57922900390625,4.475271224975586,-0.05057716369628906,2.7357430458068848
1741033320754331000,115.58933081054687,4.488514423370361,2.3846569061279297,2.86415958404541
1741033320764432600,115.5994326171875,4.480119705200195,4.716442108154297,2.4521725177764893
1741033320774534700,115.60953466796875,4.356332302093506,6.597259521484375,1.1238245964050293
1741033320784637000,115.61963696289062,4.005865097045898,7.119280815124512,-1.275606632232666
1741033320794738400,115.62973852539062,2.8168017864227295,5.947137832641602,-4.258100986480713
1741033320804840200,115.63984008789062,2.3118057250976562,4.399982452392578,-6.3812336921691895
1741033320814942700,115.64994262695312,2.2366220951080322,3.2770767211914062,-6.425980091094971
1741033320825044500,115.66004443359375,2.526538610458374,2.9816579818725586,-5.730044364929199
1741033320835146200,115.67014624023437,3.4973371028900146,2.7030868530273438,-5.917956352233887
1741033320845248800,115.68024877929687,6.3935546875,1.7146453857421875,-5.6200127601623535
1741033320855350500,115.6903505859375,9.02040958404541,1.2754697799682617,-3.562656879425049
1741033320865452300,115.70045239257813,8.424757957458496,1.8181676864624023,-1.176184892654419
1741033320875554000,115.71055395507813,5.522884368896484,2.8362808227539062,0.5741599202156067
1741033320885656600,115.72065649414063,4.137386322021484,4.0243730545043945,1.7531843185424805
1741033320895758300,115.73075830078125,2.307469129562378,4.897326469421387,2.0284154415130615
1741033320905860400,115.7408603515625,1.5423202514648438,4.46596622467041,2.158808946609497
1741033320915962600,115.75096264648438,1.0062525272369385,3.2365474700927734,2.554381847381592
1741033320926064000,115.76106420898438,0.38639187812805176,2.3099565505981445,2.841559648513794
1741033320936166000,115.77116577148438,0.31419968605041504,2.387847900390625,3.151470184326172
1741033320946268200,115.78126806640626,0.6037445068359375,3.5932769775390625,3.6976308822631836
1741033320956370200,115.7913701171875,1.0809497833251953,5.266046524047852,4.411468505859375
1741033320966472000,115.80147192382813,1.2628703117370605,6.648897171020508,4.984612941741943
1741033320976574200,115.81157421875,0.9181528091430664,7.3054399490356445,5.434347629547119
1741033320986676200,115.82167626953125,0.10531377792358398,6.833197593688965,5.425849914550781
1741033320996778000,115.83177807617187,-0.6531579494476318,4.928420066833496,4.8316426277160645
1741033321006879700,115.84187963867187,-1.0068821907043457,2.821282386779785,3.9980037212371826
1741033321016982300,115.85198217773437,-1.4029079675674438,1.3538665771484375,3.2436869144439697
1741033321027084000,115.862083984375,-1.564430594444275,0.13650035858154297,2.682650566101074
1741033321037185500,115.872185546875,-0.918473482131958,-0.8701200485229492,2.280219554901123
1741033321047287600,115.88228759765624,0.43427205085754395,-1.4842896461486816,2.10386323928833
1741033321057389800,115.89238989257812,1.5314769744873047,-1.810316562652588,2.101785659790039
1741033321067491600,115.90249169921876,1.4759178161621094,-2.151515007019043,2.2050225734710693
1741033321077593600,115.91259350585938,0.9247639179229736,-2.4159183502197266,2.322976589202881
1741033321087696000,115.92269580078126,0.12670445442199707,-2.834258556365967,2.417764186859131
1741033321097797600,115.93279760742188,-0.4207777976989746,-3.078148365020752,2.689044952392578
1741033321107899400,115.9428994140625,-0.37892723083496094,-3.3569283485412598,2.797478199005127
1741033321118001700,115.95300170898437,0.050589799880981445,-3.4554638862609863,2.9786627292633057
1741033321128103700,115.96310375976563,-0.22384858131408691,-3.376063346862793,2.964942693710327
1741033321138205400,115.97320532226563,-0.9779493808746338,-3.5107908248901367,2.8320703506469727
1741033321148307700,115.9833076171875,-1.4839876890182495,-3.7944893836975098,2.611262798309326
1741033321158409500,115.99340942382813,-1.6672866344451904,-4.309368133544922,2.3242738246917725
1741033321168511200,116.00351123046875,-1.857715368270874,-4.712361812591553,1.9078856706619263
1741033321178613000,116.01361303710938,-2.0869545936584473,-4.949757099151611,1.5798170566558838
1741033321188715500,116.02371557617188,-1.7712937593460083,-5.173311233520508,1.204148769378662
1741033321198817300,116.0338173828125,-1.2906334400177002,-5.361644268035889,1.0718743801116943
1741033321208919000,116.0439189453125,-0.9001868963241577,-5.316652297973633,1.056135654449463
1741033321219021000,116.05402099609375,-0.8511449694633484,-5.083054542541504,1.183260440826416
1741033321229123300,116.06412329101562,-0.8091954588890076,-4.685574054718018,1.517564296722412
1741033321239225000,116.07422509765625,-0.6771067976951599,-4.0745015144348145,1.960017204284668
1741033321249327000,116.0843271484375,-0.7516787052154541,-3.353013515472412,2.3760571479797363
1741033321259429400,116.09442944335937,-0.8708268404006958,-2.5646791458129883,2.689298152923584
1741033321269531000,116.10453076171875,-0.8776291012763977,-1.6728105545043945,2.870522975921631
1741033321279632600,116.11463256835937,-1.4165153503417969,-0.5207357406616211,3.0793840885162354
1741033321289735200,116.12473510742187,-5.336184501647949,1.543691635131836,4.2104363441467285
1741033321299837000,116.1348369140625,-11.104233741760254,4.355493545532227,5.613016128540039
1741033321309938700,116.14493872070312,-16.031070709228516,6.838973045349121,6.778182029724121
1741033321320041200,116.15504125976562,-16.268478393554688,7.365303993225098,6.800518989562988
1741033321330143000,116.16514306640624,-12.641444206237793,5.48876953125,4.89358377456665
1741033321340244700,116.17524462890626,-7.924581527709961,2.7675256729125977,2.7813668251037598
1741033321350346500,116.18534643554688,-5.783059597015381,1.6221847534179688,1.701371192932129
1741033321360449000,116.19544897460938,-5.499678134918213,1.3391532897949219,1.2774438858032227
1741033321370550800,116.20555078125,-5.193450927734375,1.5490617752075195,1.3923425674438477
1741033321380652300,116.21565234375,-5.135221004486084,2.2659692764282227,1.8968360424041748
1741033321390754600,116.22575463867187,-5.22733211517334,3.3903398513793945,2.4697723388671875
1741033321400856600,116.23585668945313,-4.491255283355713,4.235902786254883,2.7948827743530273
1741033321410958300,116.24595825195313,-3.068875551223755,4.448169708251953,2.5449256896972656
1741033321421060600,116.256060546875,-2.4372687339782715,3.7377538681030273,1.492084264755249
1741033321431162600,116.26616259765625,-2.150502920150757,2.3456945419311523,0.4775538444519043
1741033321441264400,116.27626440429688,-1.2124438285827637,0.7398538589477539,0.23225784301757812
1741033321451366100,116.2863662109375,-0.13564133644104004,-0.5808773040771484,0.03174757957458496
1741033321461468400,116.29646850585938,0.37032246589660645,-1.0131731033325195,0.03848409652709961
1741033321471570400,116.3065703125,0.96173095703125,-0.48593902587890625,0.009088516235351562
1741033321481672200,116.31667211914062,1.9019227027893066,0.8965444564819336,0.19129037857055664
1741033321491773700,116.32677368164063,3.113729953765869,2.6850366592407227,0.27416515350341797
1741033321501876500,116.33687646484375,4.954940319061279,4.11685848236084,0.44489312171936035
1741033321511978000,116.34697802734375,6.751344680786133,5.05332088470459,0.8643811941146851
1741033321522080000,116.357080078125,7.794322490692139,5.152255058288574,1.6843409538269043
1741033321532182300,116.36718237304687,8.42724895477295,4.2840576171875,2.2476000785827637
1741033321542284000,116.37728393554687,7.579917907714844,2.576329231262207,2.550628185272217
1741033321552385800,116.3873857421875,6.082334518432617,0.6216325759887695,2.522794485092163
1741033321562487800,116.39748779296875,4.712335586547852,-0.9233598709106445,2.1091856956481934
1741033321572590000,116.40759008789063,3.678117036819458,-1.963294506072998,1.5971978902816772
1741033321582691800,116.41769189453125,2.6250951290130615,-2.665609836578369,1.1616623401641846
1741033321592793600,116.42779370117188,2.042557954788208,-3.218944549560547,0.7374656796455383
1741033321602896000,116.43789575195312,1.3221609592437744,-3.8109121322631836,-0.087973952293396
1741033321612998000,116.44799780273438,0.29477834701538086,-4.536327838897705,-0.9271514415740967
1741033321623099400,116.45809936523438,0.8313660621643066,-4.961249828338623,-1.0692707300186157
1741033321633202000,116.46820190429688,0.2811274528503418,-4.8114166259765625,-0.9962432384490967
1741033321643303700,116.4783037109375,-2.8493800163269043,-3.9311866760253906,-0.05614328384399414
1741033321653405400,116.48840551757813,-2.007347583770752,-4.056838512420654,0.326227068901062
1741033321663507200,116.49850708007813,4.2570061683654785,-5.2054595947265625,-0.8744643330574036
1741033321673609700,116.50860961914063,6.041520118713379,-5.969019889831543,0.7662085294723511
1741033321683711500,116.51871142578125,6.612701416015625,-6.539222717285156,2.2215046882629395
1741033321693813200,116.52881323242187,6.3398237228393555,-7.127570152282715,2.65812611579895
1741033321703915300,116.53891528320312,6.142080307006836,-7.575666904449463,3.0632574558258057
1741033321714017500,116.549017578125,5.514345169067383,-7.846068382263184,3.0806522369384766
1741033321724119300,116.55911938476562,4.127068519592285,-7.655444622039795,3.0482566356658936
1741033321734220800,116.569220703125,3.03851580619812,-7.204222679138184,2.7738499641418457
1741033321744323000,116.57932299804688,2.3426780700683594,-6.802988052368164,2.007718324661255
1741033321754425000,116.58942504882812,2.1357550621032715,-6.309289932250977,1.5160452127456665
1741033321764526800,116.59952685546875,2.1917848587036133,-5.608039855957031,1.3917181491851807
1741033321774629000,116.60962915039063,2.1237926483154297,-4.728833198547363,1.2986905574798584
1741033321784731100,116.61973120117187,2.1628313064575195,-3.5933361053466797,1.4038090705871582
1741033321794833000,116.6298330078125,2.7829785346984863,-1.7617807388305664,1.7767791748046875
1741033321804934700,116.6399345703125,3.334231376647949,0.9140434265136719,2.1148412227630615
1741033321815037200,116.650037109375,3.422441244125366,3.901439666748047,1.9701662063598633
1741033321825139000,116.66013891601563,3.5895237922668457,6.750088691711426,1.3858506679534912
1741033321835240700,116.67024072265625,4.296722412109375,8.37569808959961,-0.19491273164749146
1741033321845342500,116.68034252929688,4.501682758331299,7.980181694030762,-2.992849349975586
1741033321855444700,116.69044482421874,4.554500102996826,6.057583808898926,-5.315914154052734
1741033321865546500,116.70054638671876,5.039058208465576,3.523074150085449,-6.4021406173706055
1741033321875648300,116.71064819335938,5.4339399337768555,1.8158302307128906,-6.5401201248168945
1741033321885750300,116.72075024414063,5.049867630004883,1.0553464889526367,-5.175530910491943
1741033321895852500,116.7308525390625,6.564513206481934,1.152543067932129,-2.772526979446411
1741033321905954300,116.74095434570313,8.013683319091797,1.7491416931152344,-1.0249292850494385
1741033321916056600,116.751056640625,7.095647811889648,2.751307487487793,0.09518766403198242
1741033321926158600,116.76115869140625,4.7767229080200195,4.854160308837891,1.0070953369140625
1741033321936260400,116.77126025390625,2.4171876907348633,6.7386579513549805,1.331191062927246
1741033321946362000,116.78136206054687,1.0436573028564453,6.894661903381348,1.4101550579071045
1741033321956464400,116.79146435546875,1.0235283374786377,5.256223678588867,1.613787293434143
1741033321966566100,116.80156616210938,0.8062436580657959,3.4704370498657227,1.7845889329910278
1741033321976668000,116.81166796875,0.3897273540496826,2.8945884704589844,1.9822887182235718
1741033321986769700,116.82176977539062,0.4316980838775635,3.530193328857422,2.566187858581543
1741033321996872200,116.8318720703125,0.545921802520752,4.878754615783691,3.2822279930114746
1741033322006974000,116.84197387695312,0.437105655670166,6.1099958419799805,3.975475549697876
1741033322017075700,116.85207568359375,0.25676512718200684,6.6266984939575195,4.615525722503662
1741033322027177700,116.862177734375,-0.23874258995056152,6.35440731048584,4.917431354522705
1741033322037280000,116.87228002929687,-0.7349367141723633,4.982073783874512,4.501848220825195
1741033322047381800,116.8823818359375,-0.7654271125793457,2.9722938537597656,3.4818334579467773
1741033322057483800,116.89248388671875,-0.3534088134765625,1.4732074737548828,2.637946605682373
1741033322067586000,116.9025859375,0.18924593925476074,0.48240184783935547,2.179260730743408
1741033322077687600,116.9126875,0.9153132438659668,-0.25229835510253906,1.9452290534973145
1741033322087789300,116.92278930664062,2.2774829864501953,-0.6467180252075195,1.8558357954025269
1741033322097891800,116.93289184570312,2.9097633361816406,-1.0182175636291504,1.7821035385131836
1741033322107993600,116.94299365234374,2.161353588104248,-1.681103229522705,2.025010108947754
1741033322118095400,116.95309545898438,0.8304369449615479,-2.3930912017822266,2.46793270111084
1741033322128197000,116.96319702148438,-0.027843713760375977,-2.9509787559509277,2.981645107269287
1741033322138299600,116.97329956054688,-0.8912839889526367,-3.302621841430664,3.297917604446411
1741033322148401400,116.9834013671875,-0.8613033294677734,-3.513228416442871,3.387855291366577
1741033322158503200,116.99350317382813,-0.2154843807220459,-3.2716803550720215,3.4992191791534424
1741033322168605000,117.00360498046875,0.1479201316833496,-2.997776985168457,3.5906946659088135
1741033322178707500,117.01370751953125,-0.09069466590881348,-2.924586772918701,3.5136544704437256
1741033322188809000,117.02380908203125,-0.7715061902999878,-3.338301658630371,3.249656915664673
1741033322198911000,117.03391088867187,-1.3074729442596436,-3.9875760078430176,2.879640579223633
1741033322209013200,117.04401318359375,-1.9995629787445068,-4.501728057861328,2.3269472122192383
1741033322219115000,117.05411499023438,-2.3902018070220947,-4.667891025543213,1.8462793827056885
1741033322229216800,117.064216796875,-2.0612940788269043,-4.746752738952637,1.4655463695526123
1741033322239319000,117.07431909179688,-1.607374668121338,-4.712529182434082,1.2123322486877441
1741033322249421000,117.08442114257812,-1.0737240314483643,-4.633159637451172,1.3206994533538818
1741033322259522800,117.09452270507812,-0.6571882963180542,-4.391894340515137,1.6914684772491455
1741033322269624600,117.10462451171875,-0.5260610580444336,-4.085100173950195,2.183525562286377
1741033322279726800,117.11472680664062,-0.4092637300491333,-3.6688404083251953,2.77461576461792
1741033322289828900,117.12482885742187,-0.5051721334457397,-3.252262592315674,3.217667818069458
1741033322299930400,117.13493041992187,-1.0897152423858643,-2.683899402618408,3.524808406829834
1741033322310032100,117.1450322265625,-1.5058329105377197,-1.904407024383545,3.83030104637146
1741033322320134700,117.155134765625,-4.3196563720703125,-0.5088520050048828,5.005115032196045
1741033322330236400,117.165236328125,-8.148303031921387,1.671015739440918,6.2961626052856445
1741033322340338200,117.17533813476562,-12.843684196472168,3.6251935958862305,7.266774654388428
1741033322350440200,117.18544018554688,-14.042323112487793,4.676011085510254,7.515756607055664
1741033322360542500,117.19554248046875,-12.466999053955078,4.098631858825684,6.254520893096924
1741033322370644200,117.20564428710938,-9.390726089477539,2.6982831954956055,4.349879264831543
1741033322380746000,117.21574609375,-6.7559943199157715,1.5524263381958008,2.755763053894043
1741033322390848000,117.22584790039062,-5.980319023132324,1.502676010131836,1.9279875755310059
1741033322400950300,117.2359501953125,-6.281789302825928,1.9723052978515625,1.6912248134613037
1741033322411051800,117.2460517578125,-6.168198108673096,2.5245113372802734,1.7143959999084473
1741033322421154300,117.256154296875,-5.582499980926514,2.9435834884643555,1.831723928451538
1741033322431256000,117.26625610351563,-5.609753608703613,3.7319469451904297,2.3513381481170654
1741033322441357800,117.27635791015625,-5.281017780303955,4.59914493560791,2.6127312183380127
1741033322451459600,117.28645947265625,-4.5045976638793945,4.9839935302734375,2.717703342437744
1741033322461562000,117.29656201171875,-3.3214807510375977,5.023326873779297,2.550701141357422
1741033322471663900,117.30666381835937,-2.6879494190216064,4.0692853927612305,1.6059627532958984
1741033322481765600,117.316765625,-2.3177566528320312,2.3455724716186523,0.7009007930755615
1741033322491867400,117.32686743164062,-1.2226941585540771,0.6713142395019531,0.2816483974456787
1741033322501970000,117.33696997070312,-0.38248324394226074,-0.4446601867675781,0.22020459175109863
1741033322512071700,117.34707177734376,-0.020652055740356445,-0.6350874900817871,0.05899524688720703
1741033322522173200,117.35717309570313,0.5998640060424805,0.029639244079589844,0.016045093536376953
1741033322532275500,117.367275390625,1.617781400680542,1.2062263488769531,0.1398320198059082
1741033322542377500,117.37737744140625,3.210355043411255,2.3735313415527344,0.17072081565856934
1741033322552479200,117.38747924804687,4.913400650024414,3.352705955505371,0.7169792652130127
1741033322562581000,117.3975810546875,6.572643280029297,4.292388916015625,2.0251734256744385
1741033322572683300,117.40768334960937,7.615540504455566,4.679024696350098,3.1599371433258057
1741033322582785300,117.41778540039063,8.360334396362305,4.28314208984375,3.7262368202209473
1741033322592887000,117.42788696289062,8.035552978515625,3.0671443939208984,3.7500033378601074
1741033322602988800,117.43798876953124,6.554376125335693,1.2313919067382812,3.601952314376831
1741033322613091300,117.44809130859375,4.693684101104736,-0.5323448181152344,3.0285887718200684
1741033322623193000,117.45819311523438,3.340538263320923,-1.7413878440856934,2.3086161613464355
1741033322633294600,117.46829467773438,2.4598021507263184,-2.541320323944092,1.6142404079437256
1741033322643396600,117.47839672851562,2.035066604614258,-2.9648523330688477,1.2308311462402344
1741033322653499000,117.48849877929688,1.7845728397369385,-3.40142822265625,1.0227923393249512
1741033322663600600,117.4986005859375,1.0814228057861328,-3.8698692321777344,0.5810073614120483
1741033322673702700,117.50870263671875,-0.15993666648864746,-4.556583881378174,0.14907580614089966
1741033322683805000,117.51880493164063,-0.3856579065322876,-5.084831237792969,-0.09426224231719971
1741033322693906700,117.52890673828125,-4.582727432250977,-4.810203552246094,-0.6382694840431213
1741033322704008400,117.53900854492187,-4.330275535583496,-4.228204250335693,0.4671601951122284
1741033322714110500,117.5491103515625,5.056432247161865,-4.645798683166504,0.420119047164917
1741033322724213200,117.55921313476563,9.914311408996582,-6.15150260925293,1.5914348363876343
1741033322734446600,117.56944653320312,11.059370994567871,-6.593870162963867,3.682647943496704
1741033322744751000,117.57975122070313,9.545881271362305,-7.346059799194336,4.079440593719482
1741033322755054800,117.59005493164062,7.582658290863037,-8.189752578735352,3.4728691577911377
1741033322765212200,117.60021215820312,5.546920299530029,-8.418343544006348,3.0647025108337402
1741033322775316200,117.61031616210937,3.602146625518799,-7.964435577392578,2.776026725769043
1741033322785418800,117.62041870117187,2.347881317138672,-7.4555559158325195,2.3276357650756836
1741033322795520300,117.63052026367187,1.907304048538208,-6.9521894454956055,1.9051764011383057
1741033322805622000,117.6406220703125,1.9928393363952637,-6.4067606925964355,1.6036790609359741
1741033322815724000,117.65072412109375,1.9895734786987305,-5.763759136199951,1.4955321550369263
1741033322825826300,117.66082641601562,2.103332281112671,-4.954198837280273,1.6656750440597534
1741033322835928000,117.67092797851562,2.507347583770752,-3.8063621520996094,1.934942364692688
1741033322846029800,117.68102978515626,3.2992982864379883,-2.067978858947754,2.3046679496765137
1741033322856131800,117.6911318359375,3.938232421875,0.3979377746582031,2.709845781326294
1741033322866234000,117.70123413085938,3.9460208415985107,3.340394973754883,2.392908811569214
1741033322876335900,117.7113359375,3.2968266010284424,6.703341484069824,1.8721632957458496
1741033322886437600,117.72143774414063,3.845238208770752,8.656925201416016,0.12383106350898743
1741033322896540000,117.73153979492187,4.306717872619629,8.5431489944458,-2.636972188949585
1741033322906641700,117.7416416015625,3.5694730281829834,6.6438093185424805,-5.49398946762085
1741033322916743400,117.75174340820313,4.195782661437988,4.338171005249023,-6.799064636230469
1741033322926846000,117.76184594726563,4.821678638458252,2.7361888885498047,-6.731745719909668
1741033322937138700,117.772138671875,5.53387451171875,1.8029794692993164,-5.755484580993652
1741033322947443200,117.78244311523437,7.556221961975098,1.47772216796875,-3.0111334323883057
1741033322957717500,117.79271752929688,10.39104175567627,1.3725175857543945,-1.0885264873504639
1741033322967847700,117.80284765625,10.344306945800781,1.8934221267700195,0.2506410479545593
1741033322977949400,117.81294946289063,8.424112319946289,3.051581382751465,1.4921313524246216
1741033322988051200,117.82305126953125,5.66322660446167,4.933245658874512,1.9057555198669434
1741033322998153200,117.8331533203125,2.7916808128356934,5.88797664642334,2.0988283157348633
1741033323008255500,117.84325537109375,1.4707863330841064,5.2226762771606445,2.556061267852783
1741033323018357200,117.85335717773438,0.8503735065460205,3.888056755065918,3.1316566467285156
1741033323028459000,117.863458984375,0.4660651683807373,3.0867624282836914,3.7480621337890625
1741033323038561300,117.87356127929688,0.41364288330078125,3.288548469543457,4.288645267486572
1741033323048663300,117.88366333007812,0.4091603755950928,4.020231246948242,4.783146381378174
1741033323058764800,117.89376489257812,0.26461029052734375,5.002723693847656,5.383317947387695
1741033323068866600,117.90386645507813,0.008650064468383789,5.7941083908081055,5.888650417327881
1741033323078969000,117.91396899414063,-0.26695871353149414,6.11589241027832,6.172502517700195
1741033323089070800,117.92407080078125,0.07869100570678711,5.787205696105957,6.079444885253906
1741033323099172600,117.93417260742187,1.1616835594177246,4.785550117492676,5.3496809005737305
1741033323109274400,117.9442744140625,0.7662408351898193,3.312375068664551,4.325013160705566
1741033323119377000,117.954376953125,-0.0494236946105957,2.1257076263427734,3.6431758403778076
1741033323129478700,117.96447875976563,0.3792142868041992,1.2113933563232422,2.969186782836914
1741033323139580400,117.97458032226562,1.2447137832641602,0.4357748031616211,2.4103024005889893
1741033323149682400,117.98468237304688,1.4525766372680664,-0.37319278717041016,2.2398931980133057
1741033323159784700,117.99478466796874,0.8292114734649658,-0.98992919921875,2.400590419769287
1741033323169886200,118.00488623046876,0.5991504192352295,-1.7020225524902344,2.8466882705688477
1741033323179988000,118.01498803710938,0.01537632942199707,-2.1172471046447754,3.3481602668762207
1741033323190090200,118.02509033203125,-0.27463459968566895,-2.559309482574463,3.6623170375823975
1741033323200192300,118.03519213867187,-0.3851358890533447,-2.771775245666504,3.7569968700408936
1741033323210294000,118.0452939453125,-1.1341522932052612,-3.1864819526672363,3.498673915863037
1741033323220395800,118.05539575195313,-1.2977099418640137,-3.6865687370300293,3.3518805503845215
1741033323230498300,118.06549829101563,-1.5153791904449463,-4.208498954772949,3.165821075439453
1741033323240600000,118.07560009765625,-1.5897698402404785,-4.764930248260498,2.8436059951782227
1741033323250701800,118.08570190429687,-1.4691319465637207,-5.165042877197266,2.566640853881836
1741033323260803600,118.09580346679688,-1.3719102144241333,-5.481122016906738,2.453746795654297
1741033323270906000,118.10590600585938,-1.288991928100586,-5.722639560699463,2.4875388145446777
1741033323281007600,118.11600756835938,-1.2528636455535889,-5.872276782989502,2.55592942237854
1741033323291109400,118.126109375,-1.3030643463134766,-5.838480472564697,2.656341075897217
1741033323301211400,118.13621142578126,-1.6218583583831787,-5.490001678466797,2.8831052780151367
1741033323311313700,118.14631372070312,-1.301929235458374,-5.064615249633789,3.1569995880126953
1741033323321415400,118.15641552734375,-1.8535432815551758,-4.353870391845703,3.5545239448547363
1741033323331517200,118.16651708984375,-2.7309107780456543,-3.2623891830444336,4.598048686981201
1741033323341619500,118.17661938476563,-4.998730659484863,-1.3206305503845215,6.112896919250488
1741033323351721500,118.18672143554687,-8.047624588012695,1.115570068359375,8.023177146911621
1741033323361823200,118.1968232421875,-11.367240905761719,3.4964237213134766,9.939316749572754
1741033323371924700,118.2069248046875,-11.608776092529297,4.343367576599121,10.074003219604492
1741033323382027300,118.21702734375,-9.70800495147705,3.1608715057373047,8.10740852355957
1741033323392129000,118.22712890625,-7.119649887084961,1.2984132766723633,5.706676483154297
1741033323402230800,118.23723071289062,-5.802127361297607,0.11754322052001953,4.030616760253906
1741033323412332500,118.24733251953126,-6.115267753601074,-0.2758617401123047,3.1219937801361084
1741033323422435000,118.25743505859376,-6.677123069763184,-0.048806190490722656,2.7375502586364746
1741033323432536800,118.26753686523438,-6.8861470222473145,0.4352378845214844,2.494007110595703
1741033323442638600,118.277638671875,-7.309789657592773,1.1526546478271484,2.224529266357422
1741033323452740400,118.287740234375,-7.3353705406188965,2.1370439529418945,1.8861923217773438
1741033323462843000,118.2978427734375,-7.89430570602417,3.6137495040893555,1.6209328174591064
1741033323472944600,118.30794458007813,-8.077005386352539,5.459944725036621,1.4264070987701416
1741033323483046100,118.31804614257813,-7.548521995544434,7.335731506347656,2.0434060096740723
1741033323493148400,118.3281484375,-5.645023822784424,8.342682838439941,3.0198402404785156
1741033323503250400,118.33825048828125,-3.1255881786346436,7.834394454956055,3.103858232498169
1741033323513352200,118.34835229492188,-2.3121049404144287,5.773551940917969,3.2435083389282227
1741033323523454000,118.35845385742188,-1.7550773620605469,3.171778678894043,3.2997941970825195
1741033323533556200,118.36855615234376,-1.086594581604004,1.1848039627075195,3.2736868858337402
1741033323543658200,118.378658203125,-0.37305212020874023,0.09282112121582031,2.717470169067383
1741033323553760000,118.38876000976562,-0.29449033737182617,-0.2185230255126953,1.604656457901001
1741033323563861800,118.39886181640625,-0.17910003662109375,0.16174983978271484,0.9185495376586914
1741033323573964300,118.40896435546875,1.1106841564178467,1.0730838775634766,0.6593782901763916
1741033323584066000,118.41906616210937,3.1743922233581543,2.2369556427001953,0.8563179969787598
1741033323594167600,118.42916748046875,5.590823173522949,3.472637176513672,1.5484870672225952
1741033323604269600,118.43926953125,7.403310775756836,4.2894392013549805,2.3872597217559814
1741033323614371800,118.44937182617187,8.93829345703125,4.525568962097168,3.139141082763672
1741033323624473600,118.4594736328125,9.544312477111816,3.979555130004883,3.8125627040863037
1741033323634575400,118.46957543945312,8.278888702392578,2.5047006607055664,4.111212730407715
1741033323644677400,118.47967749023438,6.411447525024414,0.35872745513916016,3.483198642730713
1741033323654779600,118.48977954101562,4.8205108642578125,-1.392101764678955,2.508120059967041
1741033323664881400,118.49988134765626,3.2810704708099365,-2.504992961883545,1.7309666872024536
1741033323674983200,118.50998315429688,2.48850679397583,-3.280012607574463,0.5641021728515625
1741033323685085400,118.52008544921875,1.5062828063964844,-4.00795841217041,-0.3828139305114746
1741033323695187500,118.5301875,0.9141976833343506,-3.9415507316589355,0.010631799697875977
1741033323705289000,118.5402890625,1.9844015836715698,-3.207399845123291,1.075499415397644
1741033323715390700,118.550390625,-0.3136850595474243,-2.357583999633789,2.90898060798645
1741033323725493200,118.5604931640625,3.275162935256958,-3.011202335357666,3.943598508834839
1741033323735595000,118.57059497070313,8.2850341796875,-4.318268775939941,3.45759654045105
1741033323745696800,118.58069677734375,9.24276065826416,-6.062226295471191,4.179749011993408
1741033323755798500,118.59079858398438,9.800735473632812,-7.00745964050293,4.487159252166748
1741033323765901000,118.60090112304688,10.056020736694336,-7.51487398147583,3.8231773376464844
1741033323776002800,118.6110029296875,9.325597763061523,-7.632780075073242,3.418095350265503
1741033323786104600,118.6211044921875,7.1191205978393555,-7.087566375732422,3.3180060386657715
1741033323796206600,118.63120654296876,5.930973529815674,-6.773764133453369,2.705838203430176
1741033323806308900,118.64130883789062,4.591876983642578,-6.628617286682129,2.0798535346984863
1741033323816410400,118.65141040039063,2.882603645324707,-6.512823104858398,1.8829891681671143
1741033323826512100,118.66151220703125,1.5809153318405151,-5.935399055480957,2.1392791271209717
1741033323836614000,118.67161376953125,1.1928503513336182,-4.895211696624756,2.719700336456299
1741033323846716200,118.68171606445313,1.091644525527954,-3.62701416015625,3.0840847492218018
1741033323856818200,118.69181811523437,1.2340563535690308,-2.3542838096618652,3.084256649017334
1741033323866920000,118.701919921875,1.6096160411834717,-1.1980934143066406,2.9796948432922363
1741033323877021700,118.71202172851562,1.5596834421157837,-0.057834625244140625,2.860290765762329
1741033323887124200,118.72212426757812,1.5442837476730347,1.3227043151855469,2.551378011703491
1741033323897226000,118.73222607421874,1.551037311553955,2.4580860137939453,1.917641282081604
1741033323907327500,118.74232739257812,1.7866097688674927,3.3560237884521484,0.8944957256317139
1741033323917429500,118.75242944335938,1.701812744140625,3.8785400390625,-0.8349725008010864
1741033323927531800,118.76253173828125,1.7336921691894531,4.120569229125977,-2.8979368209838867
1741033323937633500,118.77263354492187,2.8977391719818115,3.806070327758789,-4.391402244567871
1741033323947735300,118.7827353515625,4.3953704833984375,3.2627058029174805,-4.992935657501221
1741033323957837300,118.79283740234375,5.239422798156738,3.0664072036743164,-5.438139915466309
1741033323967939600,118.80293969726563,5.6329240798950195,3.3815221786499023,-5.284232139587402
1741033323978041300,118.81304125976563,5.8549370765686035,4.277471542358398,-4.375160217285156
1741033323988143000,118.82314306640625,7.792152404785156,4.478507041931152,-3.2937464714050293
1741033323998245400,118.83324536132812,9.6021146774292,3.6510772705078125,-2.3375649452209473
1741033324008347400,118.84334741210938,6.964550018310547,3.251800537109375,-1.7534303665161133
1741033324018449000,118.85344897460938,4.243155479431152,3.509204864501953,-0.7311946153640747
1741033324028550700,118.86355053710938,2.4300315380096436,3.717803955078125,0.6941858530044556
1741033324038653200,118.87365307617188,1.5073702335357666,3.625225067138672,1.8476563692092896
1741033324048755000,118.8837548828125,1.7902677059173584,3.3080034255981445,2.64593505859375
1741033324058856700,118.89385668945313,2.2475392818450928,3.2136011123657227,3.392345905303955
1741033324068958500,118.90395849609375,2.7166316509246826,3.5505504608154297,4.139514923095703
1741033324079060200,118.91406030273437,2.7094502449035645,4.284967422485352,4.7717742919921875
1741033324089162800,118.92416284179687,2.3449156284332275,4.914424896240234,5.284967422485352
1741033324099264500,118.93426440429687,1.67531156539917,5.2697343826293945,5.733610153198242
1741033324109366300,118.9443662109375,0.8527541160583496,5.325538635253906,5.937290191650391
1741033324119468300,118.95446826171874,0.03318381309509277,5.022768974304199,5.794579982757568
1741033324129570300,118.9645703125,-0.6782660484313965,4.072315216064453,5.113308906555176
1741033324139672000,118.97467211914062,-0.9430485963821411,2.7827024459838867,4.265787124633789
1741033324149773800,118.98477392578125,-1.3070259094238281,1.6400327682495117,3.515427589416504
1741033324159876000,118.9948759765625,-1.7401371002197266,0.5597352981567383,3.0466132164001465
1741033324169978000,119.00497802734375,-1.9301142692565918,-0.45108985900878906,2.684135913848877
1741033324180079900,119.01507983398437,-1.8397709131240845,-1.1638422012329102,2.4752848148345947
1741033324190181600,119.025181640625,-1.385939121246338,-1.8200607299804688,2.247157573699951
1741033324200284000,119.03528393554687,0.041132450103759766,-2.102546215057373,2.119661569595337
1741033324210386000,119.04538598632813,1.69282865524292,-2.181706428527832,2.0917162895202637
1741033324220487700,119.05548779296875,2.1600992679595947,-2.2505412101745605,2.425044298171997
1741033324230589400,119.06558935546875,1.280271053314209,-2.4749011993408203,2.9071357250213623
1741033324240691700,119.07569165039062,0.318772554397583,-2.7848925590515137,3.3913800716400146
1741033324250793500,119.08579345703124,-0.11370444297790527,-3.1286420822143555,3.7757506370544434
1741033324260895200,119.09589526367188,-0.44200968742370605,-3.40806245803833,4.140854835510254
1741033324270997000,119.1059970703125,-0.8940554857254028,-3.7637224197387695,4.203727722167969
1741033324281099000,119.11609912109375,-1.2757498025894165,-4.126082420349121,4.0298590660095215
1741033324291201300,119.126201171875,-1.4488554000854492,-4.4847917556762695,3.838502883911133
1741033324301303000,119.13630297851563,-1.5279715061187744,-4.830530166625977,3.4493520259857178
1741033324311404800,119.14640478515625,-2.0439586639404297,-5.113350868225098,2.8984813690185547
1741033324321506800,119.1565068359375,-2.2054085731506348,-5.279638767242432,2.596790313720703
1741033324331609000,119.16660913085937,-2.233569622039795,-5.191555976867676,2.606167793273926
1741033324341710600,119.17671069335937,-2.3118319511413574,-4.994098663330078,2.685039520263672
1741033324351812400,119.18681225585938,-2.1592555046081543,-4.597899913787842,2.7936418056488037
1741033324361915000,119.19691479492188,-2.8802340030670166,-3.8489108085632324,2.9520912170410156
1741033324372016600,119.2070166015625,-5.1909871101379395,-2.147246837615967,3.73539137840271
1741033324382118400,119.21711840820312,-9.307390213012695,0.3040504455566406,4.6969428062438965
1741033324392220200,119.22722021484375,-11.462474822998047,2.70095157623291,5.523858070373535
1741033324402322700,119.23732275390626,-12.044626235961914,3.836833953857422,5.432867050170898
1741033324412424400,119.24742456054688,-11.616350173950195,3.710850715637207,4.995726585388184
1741033324422526200,119.25752612304687,-9.25963306427002,2.250411033630371,3.9303605556488037
1741033324432627700,119.26762768554687,-6.326383113861084,0.6020822525024414,3.048412561416626
1741033324442729700,119.27772973632813,-5.266763687133789,0.08081912994384766,2.440671443939209
1741033324452832000,119.28783203125,-5.760012626647949,0.3458738327026367,1.7673580646514893
1741033324462933800,119.29793383789062,-6.68899393081665,1.045541763305664,1.0942027568817139
1741033324473035500,119.30803540039062,-6.7966179847717285,2.0032854080200195,0.9461085796356201
1741033324483137800,119.3181376953125,-6.935643672943115,2.990541458129883,1.1909747123718262
1741033324493239800,119.32823974609374,-6.922387599945068,4.260651588439941,1.6077771186828613
1741033324503341600,119.33834155273438,-6.798989295959473,5.906947135925293,2.034834384918213
1741033324513443300,119.348443359375,-6.368895053863525,7.946639060974121,2.310112476348877
1741033324523545600,119.35854565429688,-5.102534294128418,9.505349159240723,2.6958842277526855
1741033324533647600,119.36864770507813,-3.070626735687256,9.468515396118164,3.2169554233551025
1741033324543749000,119.3787490234375,-1.6779096126556396,7.039638519287109,3.1757750511169434
1741033324553851000,119.38885083007813,-1.0185052156448364,3.5509233474731445,2.642975330352783
1741033324563953400,119.39895336914063,-0.37880754470825195,0.9167490005493164,2.4878571033477783
1741033324574055200,119.40905517578125,0.24857687950134277,-0.43718719482421875,2.379338502883911
1741033324584157000,119.41915698242188,0.2772815227508545,-0.6659307479858398,2.1363136768341064
1741033324594258700,119.4292587890625,0.23750066757202148,0.20874595642089844,2.012328624725342
1741033324604360700,119.43936059570312,1.0256977081298828,1.9517078399658203,2.0564794540405273
1741033324614463000,119.449462890625,2.0593748092651367,3.2997817993164062,1.9828954935073853
1741033324624565000,119.45956494140626,3.4292778968811035,3.748363494873047,1.8503035306930542
1741033324634774500,119.4697744140625,5.087543964385986,3.7373876571655273,1.64307701587677
1741033324645079000,119.4800791015625,6.4143757820129395,3.449420928955078,1.8073937892913818
1741033324655383000,119.49038305664062,7.987669944763184,2.8982887268066406,2.475800037384033
1741033324665560000,119.50056005859375,8.285812377929688,1.713923454284668,3.046459674835205
1741033324675668700,119.51066870117188,7.512864589691162,0.05972003936767578,3.4408531188964844
1741033324685770800,119.52077075195312,5.936037063598633,-1.6262121200561523,3.411590337753296
1741033324695872300,119.53087231445312,4.752806663513184,-2.7662758827209473,3.05238676071167
1741033324705974000,119.54097412109375,4.029305458068848,-3.624239444732666,2.4423716068267822
1741033324716076500,119.55107666015626,3.4913907051086426,-4.285723686218262,1.8575325012207031
1741033324726178300,119.56117822265625,1.8505799770355225,-4.801966190338135,1.31251060962677
1741033324736280000,119.57128002929687,0.6090489625930786,-5.081626892089844,1.2272975444793701
1741033324746381800,119.5813818359375,1.3256748914718628,-5.3746018409729,0.9381937980651855
1741033324756483800,119.59148388671875,1.9972281455993652,-5.604323387145996,0.4636083245277405
1741033324766586000,119.60158618164063,-1.9068522453308105,-5.214741230010986,1.1174753904342651
1741033324776687900,119.61168798828125,0.8592404723167419,-5.245911121368408,2.9512176513671875
1741033324786789400,119.62178930664062,3.5960237979888916,-5.816173553466797,3.935335397720337
1741033324796891600,119.6318916015625,4.681020736694336,-6.510313034057617,3.753051280975342
1741033324806993700,119.64199365234376,5.490087509155273,-7.000190258026123,3.3195457458496094
1741033324817095400,119.65209545898438,6.438850402832031,-7.096024990081787,2.903414011001587
1741033324827198000,119.66219799804688,6.752442836761475,-6.915428161621094,2.790848731994629
1741033324837467000,119.672466796875,6.102475166320801,-6.586551666259766,2.5870065689086914
1741033324847771400,119.682771484375,4.73787784576416,-6.142114639282227,2.336275339126587
1741033324858065200,119.69306518554687,3.550478458404541,-5.477660655975342,2.3535537719726562
1741033324868199000,119.70319897460938,2.8100204467773438,-4.6478729248046875,2.5610294342041016
1741033324878301400,119.71330151367188,2.638493776321411,-3.7043533325195312,2.8488922119140625
1741033324888403200,119.7234033203125,2.8152859210968018,-2.703254222869873,2.9682183265686035
1741033324898505000,119.7335048828125,3.1558265686035156,-1.7060413360595703,2.753143072128296
1741033324908607000,119.74360693359375,3.3646552562713623,-0.6098184585571289,2.510448932647705
1741033324918709200,119.75370922851563,3.519852638244629,0.46413326263427734,2.1644980907440186
1741033324928811000,119.76381103515625,3.2322516441345215,1.7227706909179688,1.6207634210586548
1741033324938912500,119.77391259765625,2.6629772186279297,3.200995445251465,0.9168157577514648
1741033324949014300,119.78401416015625,1.848960518836975,4.711633682250977,-0.10059458017349243
1741033324959116500,119.79411645507813,1.5333682298660278,5.751681327819824,-1.5787137746810913
1741033324969218600,119.80421850585938,2.6299972534179688,5.810441017150879,-3.689741611480713
1741033324979320300,119.8143203125,3.6599459648132324,4.8985748291015625,-5.138406276702881
1741033324989422000,119.82442211914062,4.86587381362915,3.759267807006836,-5.744981288909912
1741033324999524600,119.83452465820312,5.606593132019043,3.2637929916381836,-5.330963134765625
1741033325009626400,119.84462646484376,5.153599739074707,3.7356224060058594,-4.230241298675537
1741033325019728100,119.85472802734375,4.610874176025391,4.633064270019531,-3.1627886295318604
1741033325029854500,119.8648544921875,5.566547393798828,4.872330665588379,-2.6362369060516357
1741033325040159000,119.87515893554688,8.912391662597656,3.752896308898926,-1.7457306385040283
1741033325050463200,119.88546313476563,8.570026397705078,2.6451730728149414,-0.35536444187164307
1741033325060708400,119.89570825195312,7.094558238983154,2.846928596496582,1.1509441137313843
1741033325070831900,119.90583178710938,5.095292091369629,2.3845434188842773,2.317172050476074
1741033325081017600,119.916017578125,4.117099285125732,1.619837760925293,3.589046001434326
1741033325091203300,119.92620336914062,4.077432632446289,1.5087995529174805,4.7090864181518555
1741033325101201000,119.93620092773438,3.6783607006073,2.2568445205688477,5.629373073577881
1741033325111371000,119.94637109375,3.177285671234131,3.387420654296875,6.25311803817749
1741033325121675300,119.95667529296875,1.9788286685943604,4.575857162475586,6.633389472961426
1741033325131979000,119.96697900390625,0.5542716979980469,5.689934730529785,6.905350208282471
1741033325142105300,119.97710522460937,-0.7036926746368408,6.585544586181641,7.044254302978516
1741033325152241700,119.98724169921876,-1.8209315538406372,6.910952568054199,7.0656256675720215
1741033325162343200,119.99734326171875,-2.4944639205932617,6.024940490722656,6.710972309112549
1741033325172445200,120.00744506835937,-2.5724380016326904,3.9838390350341797,5.756344795227051
1741033325182547500,120.01754736328125,-2.3457815647125244,1.8640203475952148,4.422718524932861
1741033325192649200,120.02764916992187,-2.363149404525757,0.314117431640625,3.2317681312561035
1741033325202751200,120.03775122070313,-2.6115307807922363,-0.6243801116943359,2.56699275970459
1741033325212853500,120.047853515625,-2.5826222896575928,-1.4054946899414062,2.111839771270752
1741033325222955000,120.057955078125,-2.3377456665039062,-2.1623988151550293,1.7448420524597168
1741033325233152800,120.06815283203125,-1.345869779586792,-2.743657112121582,1.625325322151184
1741033325243457300,120.07845727539062,0.29060935974121094,-2.9131836891174316,1.633407711982727
1741033325253619200,120.088619140625,1.308154582977295,-2.9322338104248047,1.7820733785629272
1741033325263864300,120.0988642578125,1.3122942447662354,-2.818394184112549,2.290215015411377
1741033325274168800,120.1091689453125,0.7965328693389893,-2.848385810852051,2.7727904319763184
1741033325284472600,120.11947265625,0.5203583240509033,-2.890082836151123,3.149920701980591
1741033325294776000,120.12977612304688,0.5373024940490723,-2.9656271934509277,3.425473928451538
1741033325304958700,120.13995874023438,0.3387753963470459,-3.1868443489074707,3.6739354133605957
1741033325315060500,120.150060546875,-0.6433005332946777,-3.5072622299194336,3.821928024291992
1741033325325162800,120.16016284179688,-1.5767370462417603,-3.973567008972168,3.5230159759521484
1741033325335264500,120.17026440429687,-1.8114118576049805,-4.420833110809326,3.041029453277588
1741033325345366300,120.1803662109375,-2.1092944145202637,-4.886501789093018,2.4844279289245605
1741033325355468000,120.19046801757813,-2.082740306854248,-5.321318626403809,2.0629143714904785
1741033325365570000,120.20057006835937,-1.8355869054794312,-5.515229225158691,1.9294575452804565
1741033325375672300,120.21067236328125,-2.1942832469940186,-5.273971080780029,2.047769069671631
1741033325385774000,120.22077416992188,-2.313387870788574,-4.662481307983398,2.2961933612823486
1741033325395875800,120.23087573242188,-2.9280309677124023,-3.8595871925354004,2.803971767425537
1741033325405978000,120.24097802734374,-3.41562557220459,-2.7527122497558594,3.7883434295654297
1741033325416080100,120.251080078125,-6.231562614440918,-0.647308349609375,5.637618064880371
1741033325426181600,120.261181640625,-9.747745513916016,1.8510456085205078,7.331457138061523
1741033325436284200,120.2712841796875,-12.251840591430664,4.193460464477539,8.587942123413086
1741033325446565000,120.28156518554688,-11.405263900756836,4.864513397216797,8.070324897766113
1741033325456869400,120.29186938476562,-9.747016906738281,3.543355941772461,5.897626876831055
1741033325467153700,120.30215356445312,-7.337600231170654,1.4947690963745117,3.8092424869537354
1741033325477285400,120.31228540039062,-5.520058631896973,0.2426004409790039,2.533048629760742
1741033325487387600,120.3223876953125,-5.063248634338379,0.2806081771850586,2.125485420227051
1741033325497489400,120.33248950195312,-5.530430316925049,0.7998037338256836,1.8333463668823242
1741033325507591200,120.34259106445313,-5.732901096343994,1.4791088104248047,1.6009495258331299
1741033325517693200,120.35269311523437,-5.699268341064453,2.0161867141723633,1.5811140537261963
1741033325527795500,120.36279541015625,-5.382633209228516,2.486565589904785,1.893272042274475
1741033325537897200,120.37289721679687,-5.1823506355285645,2.9806833267211914,2.405625343322754
1741033325547999000,120.3829990234375,-5.053955078125,3.637885093688965,3.025731086730957
1741033325558100500,120.3931005859375,-4.842365741729736,4.613419532775879,3.574277877807617
1741033325568203000,120.403203125,-4.118582725524902,5.508016586303711,3.7464680671691895
1741033325578304800,120.4133046875,-3.030505657196045,5.696808815002441,3.5801775455474854
1741033325588406500,120.42340649414062,-1.7836370468139648,4.4801435470581055,2.5270352363586426
1741033325598508300,120.43350830078126,-1.67952299118042,2.611691474914551,1.0198547840118408
1741033325608610000,120.44361010742188,-1.708782434463501,1.0528755187988281,0.34863901138305664
1741033325618712600,120.45371264648438,-1.220044732093811,-0.010309219360351562,0.3041245937347412
1741033325628814300,120.463814453125,-0.6382598876953125,-0.28585338592529297,0.3181130886077881
1741033325638916000,120.473916015625,-0.16010069847106934,0.28577232360839844,0.6902923583984375
1741033325649017900,120.48401782226563,0.02098560333251953,1.5216617584228516,1.3386123180389404
1741033325659120400,120.49412036132813,1.116079568862915,2.7812271118164062,2.056913375854492
1741033325669222000,120.50422192382813,2.575373888015747,3.51267147064209,2.7591195106506348
1741033325679323600,120.51432373046875,4.208453178405762,3.925227165222168,3.285736560821533
1741033325689425400,120.52442529296874,5.587347030639648,4.222170829772949,3.4643216133117676
1741033325699527700,120.53452758789062,7.101129055023193,4.118405342102051,3.6592304706573486
1741033325709629700,120.54462963867188,9.028305053710938,3.501434326171875,3.5878469944000244
1741033325719731500,120.5547314453125,9.034714698791504,2.2596635818481445,3.7406845092773438
1741033325729833200,120.56483325195312,7.5677714347839355,0.2672233581542969,3.716005802154541
1741033325739935500,120.574935546875,5.951170921325684,-1.668229103088379,2.777233600616455
1741033325750037500,120.58503759765625,4.615943431854248,-3.0025062561035156,1.713421106338501
1741033325760139000,120.59513891601563,3.747544527053833,-3.8516430854797363,0.7343090772628784
1741033325770240800,120.60524072265625,2.6863620281219482,-4.5537495613098145,-0.06985634565353394
1741033325780342500,120.61534252929688,1.4599997997283936,-4.895235538482666,-1.0131230354309082
1741033325790445000,120.62544506835937,0.42145466804504395,-5.11361026763916,-1.3586431741714478
1741033325800546800,120.635546875,0.7187666893005371,-4.6056809425354,-0.834850549697876
1741033325810648600,120.64564868164062,-1.9506820440292358,-3.607461929321289,-0.4104970395565033
1741033325820750600,120.65575048828126,3.2828245162963867,-4.374678611755371,-0.4663587808609009
1741033325830924500,120.66592456054687,5.383735656738281,-5.682241439819336,0.961722195148468
1741033325841229000,120.67622900390624,5.456104278564453,-6.538729667663574,2.4010977745056152
1741033325851533000,120.68653295898437,5.2491302490234375,-7.300024032592773,2.7517309188842773
1741033325861739800,120.69673974609375,5.553955554962158,-7.809655666351318,2.5485527515411377
1741033325871854600,120.7068544921875,5.038518905639648,-8.03279972076416,2.3319826126098633
1741033325881956400,120.71695629882812,4.016304016113281,-7.947196960449219,2.188711643218994
1741033325892058600,120.72705859375,2.7483222484588623,-7.3444976806640625,2.2193799018859863
1741033325902327600,120.73732763671875,2.2351205348968506,-6.573796272277832,2.282003164291382
1741033325912632000,120.74763208007812,2.029209613800049,-5.930647850036621,2.0177419185638428
1741033325922925800,120.75792578125,2.0726428031921387,-5.301782608032227,1.9063068628311157
1741033325933059800,120.76805981445312,2.458026647567749,-4.607657432556152,2.0167899131774902
1741033325943162400,120.77816235351563,2.5403218269348145,-3.8752121925354004,2.1445863246917725
1741033325953263900,120.78826391601562,2.977539539337158,-2.922732353210449,2.3800764083862305
1741033325963365600,120.79836572265626,3.66497802734375,-1.435689926147461,2.773371696472168
1741033325973467400,120.80846728515625,3.6965091228485107,0.5750150680541992,2.9561805725097656
1741033325983569400,120.8185693359375,3.6864757537841797,2.9498043060302734,2.5935912132263184
1741033325993671700,120.82867163085938,2.913529396057129,5.493697166442871,1.5409882068634033
1741033326003773400,120.8387734375,2.83897066116333,6.713055610656738,-0.8799935579299927
1741033326013875200,120.84887524414063,3.058112144470215,6.248671531677246,-3.9952681064605713
1741033326023977500,120.8589775390625,3.394116163253784,4.72361946105957,-6.430816650390625
1741033326034079500,120.86907958984375,3.733886241912842,3.024892807006836,-7.380706310272217
1741033326044181000,120.87918090820312,3.8802409172058105,2.1705455780029297,-6.853134632110596
1741033326054282800,120.88928271484374,4.569591522216797,2.0581493377685547,-5.777858734130859
1741033326064384500,120.89938452148438,7.163736343383789,2.0084590911865234,-4.102139949798584
1741033326074487000,120.90948706054688,8.936738014221191,2.5918054580688477,-1.1683237552642822
1741033326084588800,120.9195888671875,8.17314338684082,3.6803359985351562,0.6922590136528015
1741033326094690600,120.92969067382812,6.522418022155762,4.980280876159668,1.6691765785217285
1741033326104792300,120.93979223632813,4.134310722351074,6.056589126586914,1.3928723335266113
1741033326114894000,120.94989404296875,2.402575969696045,5.900088310241699,0.645038902759552
1741033326124996600,120.95999658203125,1.7432641983032227,4.578598976135254,0.22197651863098145
1741033326135098000,120.97009814453125,1.314060926437378,3.3718671798706055,0.300815224647522
1741033326145199900,120.98019995117187,1.1586620807647705,3.0015621185302734,1.0632392168045044
1741033326155302100,120.99030224609375,1.2447428703308105,3.4962282180786133,2.0537776947021484
1741033326165404200,121.00040405273438,1.403066635131836,4.5134382247924805,3.1408767700195312
1741033326175506000,121.010505859375,1.3872277736663818,5.626590728759766,4.284933567047119
1741033326185607700,121.02060766601562,1.1691374778747559,6.215630531311035,5.114170551300049
1741033326195709400,121.03070947265626,1.364715576171875,5.929093360900879,5.517603397369385
1741033326205811700,121.04081176757812,1.9119858741760254,4.819669723510742,5.351644515991211
1741033326215913700,121.05091381835938,2.6275978088378906,3.3289871215820312,4.575756072998047
1741033326226015500,121.06101538085937,3.354748487472534,2.1071176528930664,3.9396514892578125
1741033326236117000,121.07111694335937,3.5109407901763916,1.2402009963989258,3.5460853576660156
1741033326246218800,121.08121875,3.113450288772583,0.5148191452026367,3.41418194770813
1741033326256321300,121.0913212890625,2.2754273414611816,-0.2554025650024414,3.5607309341430664
1741033326266423000,121.10142309570313,1.4513766765594482,-0.8838825225830078,3.9032509326934814
1741033326276524800,121.11152490234375,1.0125837326049805,-1.097315788269043,4.427199363708496
1741033326286626600,121.12162646484374,0.947321891784668,-1.1352434158325195,4.848550796508789
1741033326296728600,121.131728515625,1.026444911956787,-1.4495325088500977,4.8775105476379395
1741033326306830800,121.14183081054688,1.2826567888259888,-1.8114209175109863,4.687177658081055
1741033326316932600,121.1519326171875,1.4907171726226807,-2.178859233856201,4.315971374511719
1741033326327034000,121.1620341796875,1.010567307472229,-2.8305459022521973,3.756136894226074
1741033326337136400,121.17213647460937,-0.0016323328018188477,-3.6282596588134766,2.979058027267456
1741033326347238400,121.18223828125,-0.4762638509273529,-4.367522716522217,2.291759490966797
1741033326357340200,121.19234008789063,-0.4951280951499939,-5.207498073577881,1.851442813873291
1741033326367442000,121.20244189453125,-0.6129676699638367,-5.669392108917236,1.939537525177002
1741033326377543700,121.21254370117188,-0.9386433959007263,-5.817259788513184,2.235121011734009
1741033326387646200,121.22264624023437,-1.257135272026062,-5.737135887145996,2.61973237991333
1741033326397748000,121.232748046875,-1.1762408018112183,-5.551476955413818,2.967331647872925
1741033326407849700,121.242849609375,-0.8737770915031433,-5.307353496551514,3.4067797660827637
1741033326417951500,121.25295141601562,-0.1228870153427124,-5.190073490142822,3.829320192337036
1741033326428053200,121.26305322265625,0.49177229404449463,-4.982912540435791,4.109954357147217
1741033326438191600,121.27319165039063,0.5624438524246216,-4.631537437438965,4.443727016448975
1741033326448496000,121.28349609375,0.59168541431427,-4.4085798263549805,4.665660858154297
1741033326458800000,121.29380004882813,-0.18615460395812988,-3.8351449966430664,5.194502830505371
1741033326469032200,121.3040322265625,-1.9430725574493408,-2.8574180603027344,5.874650001525879
1741033326479157200,121.3141572265625,-4.535085678100586,-1.1729540824890137,6.908162593841553
1741033326489258800,121.3242587890625,-7.305049896240234,0.8355083465576172,8.080334663391113
1741033326499361300,121.334361328125,-9.149067878723145,2.485748291015625,8.861080169677734
1741033326509463000,121.34446313476562,-9.198944091796875,3.4390945434570312,8.824172019958496
1741033326519564800,121.35456469726563,-8.63447093963623,3.2722129821777344,7.239670276641846
1741033326529666600,121.36466650390625,-7.214896202087402,2.3574399948120117,4.673627853393555
1741033326539768300,121.37476831054687,-5.634568214416504,1.6869611740112305,3.004364013671875
1741033326549870800,121.38487084960937,-5.3575849533081055,1.4237003326416016,2.4607796669006348
1741033326559973400,121.39497338867187,-5.154257774353027,1.5245866775512695,2.060668706893921
1741033326570098200,121.40509814453125,-5.369112014770508,1.8590106964111328,1.5823464393615723
1741033326580402700,121.41540258789063,-6.115630626678467,2.6077938079833984,1.0157606601715088
1741033326590707000,121.42570703125,-5.908466339111328,2.886528968811035,0.27619218826293945
1741033326600952300,121.43595239257813,-6.2647504806518555,3.396757125854492,-0.1587696075439453
1741033326611076000,121.446076171875,-6.564544200897217,4.228615760803223,-0.3742399215698242
1741033326621178000,121.45617822265625,-6.157831192016602,4.579477310180664,-0.5418171882629395
1741033326631280400,121.4662802734375,-5.169812202453613,4.270012855529785,-0.36227941513061523
1741033326641382000,121.4763818359375,-3.5587363243103027,3.385922431945801,0.21225261688232422
1741033326651483600,121.48648364257812,-2.0545473098754883,2.1770992279052734,1.2876627445220947
1741033326661585400,121.49658544921876,-1.2841925621032715,0.8085289001464844,1.8740718364715576
1741033326671688000,121.50668798828124,-1.0884631872177124,-0.15764236450195312,1.6696598529815674
1741033326681789700,121.51678979492188,-0.9090093374252319,-0.4661898612976074,1.4396378993988037
1741033326691891500,121.52689135742187,-0.6978356838226318,-0.5740184783935547,0.8640213012695312
1741033326701993200,121.5369931640625,-0.25528037548065186,-0.4148845672607422,0.535273551940918
1741033326712095000,121.54709497070313,-0.10820412635803223,0.12479686737060547,0.6291196346282959
1741033326722197500,121.55719750976563,0.1037282943725586,0.9625730514526367,1.3289320468902588
1741033326732299000,121.56729907226563,-0.1094670295715332,2.0800657272338867,2.455627679824829
1741033326742400800,121.57740087890625,-0.11693024635314941,3.3633251190185547,2.6541361808776855
1741033326752502800,121.58750268554688,0.4189012050628662,4.090666770935059,2.14690899848938
1741033326762605000,121.59760498046874,1.273036241531372,4.167093276977539,2.095182418823242
1741033326772706800,121.60770678710938,2.774495840072632,3.5021286010742188,2.6532440185546875
1741033326782808600,121.61780859375,4.305166244506836,2.427745819091797,3.0251266956329346
1741033326792910300,121.62791040039062,5.133213996887207,0.9681692123413086,3.0443568229675293
1741033326803012600,121.6380126953125,5.154075622558594,-0.4847850799560547,2.700815200805664
1741033326813114600,121.64811450195313,4.757132530212402,-1.763688087463379,2.2362236976623535
1741033326823216000,121.65821606445313,4.150333404541016,-2.719520092010498,2.0465402603149414
1741033326833318000,121.66831787109375,3.3202478885650635,-3.5408267974853516,1.8850786685943604
1741033326843419600,121.67841967773437,2.505713701248169,-4.338859558105469,1.393539547920227
1741033326853522200,121.68852221679687,2.0979838371276855,-5.168760299682617,0.5413857698440552
1741033326863624000,121.6986240234375,1.4015398025512695,-5.667326927185059,-0.7944852113723755
1741033326873725700,121.7087255859375,-0.15468478202819824,-5.627243995666504,-1.1344612836837769
1741033326883828200,121.718828125,-0.033411502838134766,-5.443244934082031,-1.0693575143814087
1741033326893965000,121.72896508789063,-0.254241943359375,-5.137378692626953,-0.8433400392532349
1741033326904269600,121.73926953125,-0.6525136232376099,-4.978341579437256,-0.49036186933517456
1741033326914573600,121.74957348632813,2.1604301929473877,-5.825183868408203,0.17285379767417908
1741033326924809500,121.7598095703125,5.896641254425049,-6.502758502960205,1.2132325172424316
1741033326934931200,121.76993115234374,8.293682098388672,-6.9417548179626465,1.3725666999816895
1741033326945033500,121.78003344726562,8.987403869628906,-7.18006706237793,1.7164807319641113
1741033326955135700,121.7901357421875,7.2167768478393555,-7.180896759033203,2.546295166015625
1741033326965369000,121.800369140625,6.063624382019043,-6.667976379394531,3.1675686836242676
1741033326975673300,121.81067333984375,6.2211503982543945,-6.112738609313965,3.3613057136535645
1741033326985977000,121.82097705078125,6.730235576629639,-5.518949508666992,2.8726320266723633
1741033326996134700,121.831134765625,6.193567276000977,-4.776045799255371,2.2060959339141846
1741033327006238500,121.84123852539062,5.187026023864746,-3.73294734954834,1.9430463314056396
1741033327016341000,121.85134106445312,4.266210556030273,-2.4082303047180176,1.8731117248535156
1741033327026442800,121.86144287109374,3.624357223510742,-0.8496980667114258,1.5776233673095703
1741033327036544500,121.87154443359375,3.061765432357788,0.6598587036132812,0.8091980814933777
1741033327046646300,121.88164624023437,3.065279483795166,1.8898000717163086,-0.15444743633270264
1741033327056748300,121.89174829101563,3.2863974571228027,2.590913772583008,-1.2001622915267944
1741033327066850600,121.9018505859375,2.6518092155456543,2.7700138092041016,-2.2886343002319336
1741033327076952300,121.91195239257813,1.7102417945861816,2.3772974014282227,-3.6609954833984375
1741033327087054000,121.92205419921875,1.1799986362457275,1.818709373474121,-4.8728227615356445
1741033327097155600,121.93215551757812,1.8794076442718506,1.6260614395141602,-5.1783576011657715
1741033327107257900,121.9422578125,3.1510584354400635,1.5682611465454102,-5.161379337310791
1741033327117359900,121.95235986328125,4.427643775939941,1.0868539810180664,-5.039214134216309
1741033327127462400,121.96246240234375,5.6282196044921875,0.12502479553222656,-4.895890235900879
1741033327137719300,121.97271923828124,7.199028491973877,0.11913681030273438,-2.979356288909912
1741033327148023800,121.98302392578125,5.698498249053955,1.9491920471191406,0.6071253418922424
1741033327158327600,121.99332763671875,2.864285469055176,3.5593671798706055,1.6384711265563965
1741033327168463400,122.00346337890625,0.8636343479156494,4.509033203125,0.983711838722229
1741033327178565000,122.01356518554688,1.1749293804168701,5.074275016784668,0.37555694580078125
1741033327188667000,122.0236669921875,2.0984623432159424,6.007532119750977,0.6950169205665588
1741033327198769400,122.03376928710938,2.481651782989502,7.222939491271973,0.9120047092437744
1741033327208871200,122.04387109375,2.7962276935577393,8.417072296142578,0.9135615825653076
1741033327218973000,122.05397290039062,3.4246296882629395,9.350135803222656,1.3225948810577393
1741033327229074400,122.06407446289063,3.7067012786865234,9.779431343078613,2.0291872024536133
1741033327239176700,122.0741767578125,3.3733816146850586,9.325287818908691,2.990701913833618
1741033327249278700,122.08427880859375,2.8135597705841064,8.21846866607666,4.038128852844238
1741033327259380500,122.09438037109375,2.5197994709014893,6.758742332458496,4.5254974365234375
1741033327269482200,122.10448217773437,2.3488738536834717,4.959969520568848,4.096771240234375
1741033327279584000,122.114583984375,2.684008836746216,3.6297502517700195,3.341367244720459
1741033327289686300,122.12468627929688,3.2040183544158936,3.0602941513061523,2.742063283920288
1741033327299788300,122.13478833007812,3.1761527061462402,2.6115455627441406,2.303354024887085
1741033327309890000,122.14489013671874,2.263049602508545,1.8094892501831055,2.218008518218994
1741033327319991600,122.15499145507812,0.8172717094421387,0.7941017150878906,2.5086097717285156
1741033327330106400,122.1651064453125,-0.4545574188232422,-0.19759654998779297,2.93522310256958
1741033327340410600,122.17541064453125,-1.252794623374939,-0.9944362640380859,3.212923526763916
1741033327350715000,122.18571484375,-1.6847608089447021,-1.6337881088256836,3.4765501022338867
1741033327360970000,122.19596997070313,-1.7258737087249756,-1.9360504150390625,3.743169069290161
1741033327371095300,122.20609521484376,-1.5687423944473267,-2.2818198204040527,3.716118812561035
1741033327381197600,122.21619750976562,-1.175516128540039,-2.6594042778015137,3.480774164199829
1741033327391299300,122.22629931640626,-0.6658700704574585,-3.2025961875915527,3.1529831886291504
1741033327401401000,122.23640112304687,-0.6238676309585571,-3.811403274536133,2.859523057937622
1741033327411502800,122.2465029296875,-0.794615626335144,-4.43560791015625,2.700390100479126
1741033327421605000,122.25660522460937,-1.0585201978683472,-5.015840530395508,2.660975694656372
1741033327431707100,122.26670703125,-0.9872581362724304,-5.569295883178711,2.83064866065979
1741033327441809000,122.27680883789063,-0.670358419418335,-6.234050750732422,3.099741220474243
1741033327451910400,122.28691040039062,-0.42673513293266296,-6.770017623901367,3.2815093994140625
1741033327462012200,122.29701220703124,-0.2712254822254181,-7.036615371704102,3.383186101913452
1741033327472114700,122.30711474609375,-0.2860200107097626,-7.16379976272583,3.3810975551605225
1741033327482216400,122.31721655273438,-0.3568299412727356,-7.0751848220825195,3.4209201335906982
1741033327492318200,122.32731811523438,-0.47266364097595215,-6.872934341430664,3.474968433380127
1741033327502420000,122.337419921875,-1.092957615852356,-6.436101913452148,3.6258528232574463
1741033327512522000,122.34752197265625,-1.550898551940918,-5.452406883239746,4.066115379333496
1741033327522624300,122.35762426757813,-2.981755256652832,-4.004598617553711,4.799016952514648
1741033327532726300,122.36772631835937,-5.164352893829346,-2.1245036125183105,5.716886520385742
1741033327542912000,122.377912109375,-8.424737930297852,0.20325660705566406,7.037004470825195
1741033327553216500,122.38821655273438,-10.907398223876953,1.8980112075805664,7.372596740722656
1741033327563520500,122.3985205078125,-10.816699028015137,2.5589828491210938,6.415191650390625
1741033327573717000,122.40871704101562,-9.511088371276855,2.320432662963867,4.772603988647461
1741033327583829500,122.41882958984375,-8.502157211303711,1.8798179626464844,3.066849708557129
1741033327593931000,122.42893090820313,-7.46401309967041,1.5808420181274414,1.7298530340194702
1741033327604033500,122.43903344726563,-6.401627540588379,1.5623369216918945,1.1464893817901611
1741033327614135300,122.44913525390625,-5.706725597381592,1.7148942947387695,0.6372661590576172
1741033327624237000,122.45923706054687,-5.849794864654541,2.013789176940918,0.17201614379882812
1741033327634338800,122.4693388671875,-6.2857513427734375,2.6298789978027344,-0.37116003036499023
1741033327644440600,122.47944067382812,-7.3233642578125,3.9679460525512695,-0.640007495880127
1741033327654543000,122.48954321289062,-8.249044418334961,5.760961532592773,-0.6023738384246826
1741033327664644900,122.49964477539062,-7.902555465698242,7.702088356018066,0.01715373992919922
1741033327674746600,122.50974658203126,-5.971856594085693,8.464800834655762,1.1412174701690674
1741033327684848000,122.51984814453125,-3.475508213043213,7.18543815612793,2.008896589279175
1741033327694950400,122.52995043945313,-1.534227967262268,4.485639572143555,2.365424394607544
1741033327705052400,122.54005249023437,-1.0135804414749146,2.153074264526367,2.575227975845337
1741033327715154200,122.550154296875,-0.7486193180084229,0.8446569442749023,2.330885887145996
1741033327725256000,122.560255859375,-0.5844869613647461,0.5755863189697266,1.8815478086471558
1741033327735357700,122.57035766601562,-0.0696420669555664,1.3502159118652344,1.5622360706329346
1741033327745460000,122.5804599609375,-0.05328369140625,2.616335868835449,1.297427773475647
1741033327755562000,122.59056201171875,0.9902033805847168,3.7878217697143555,1.8832066059112549
1741033327765663700,122.60066381835938,2.0970258712768555,4.41908073425293,2.570805549621582
1741033327775765200,122.61076513671875,3.636802911758423,4.461572647094727,3.190664291381836
1741033327785867000,122.62086694335937,5.791892051696777,4.293688774108887,4.009637355804443
1741033327795969500,122.63096948242188,7.779439926147461,4.143736839294434,4.716874122619629
1741033327806071300,122.6410712890625,9.12906551361084,3.244436264038086,5.109551429748535
1741033327816173000,122.65117309570313,8.672859191894531,1.5865516662597656,5.145150661468506
1741033327826274800,122.66127490234375,7.33170223236084,-0.24396800994873047,4.616158485412598
1741033327836376800,122.671376953125,5.221268653869629,-1.4456934928894043,4.089075088500977
1741033327846479000,122.68147900390625,3.7935166358947754,-2.3553481101989746,3.4409821033477783
1741033327856580900,122.69158081054688,2.1458404064178467,-3.2246103286743164,2.564964771270752
1741033327866682600,122.7016826171875,1.0426685810089111,-4.051398754119873,1.7640035152435303
1741033327876784000,122.7117841796875,0.6676831245422363,-4.438462257385254,1.2021836042404175
1741033327886886400,122.72188647460938,0.8714110851287842,-4.748368263244629,0.6912282109260559
1741033327896988400,122.73198852539062,0.6350034475326538,-4.81572151184082,0.6615883111953735
1741033327907090200,122.74209008789063,0.5623466968536377,-4.613526344299316,0.49487173557281494
1741033327917192000,122.75219189453125,-0.3777502775192261,-3.635745048522949,0.6656377911567688
1741033327927294500,122.76229443359375,-1.4528889656066895,-2.775831699371338,1.1882662773132324
1741033327937395700,122.77239575195313,2.196868896484375,-3.843381881713867,1.1463875770568848
1741033327947688200,122.78268823242188,5.700061798095703,-5.299144744873047,1.0569363832473755
1741033327957992400,122.79299243164063,8.120824813842773,-6.414342880249023,0.9417116641998291
1741033327968267000,122.80326708984374,9.609525680541992,-7.390376567840576,0.761981189250946
1741033327978397400,122.8133974609375,7.711544036865234,-8.38747787475586,1.1377832889556885
1741033327988499700,122.82349975585937,6.007007122039795,-8.65731430053711,1.6069519519805908
1741033327998601500,122.8336015625,5.242473602294922,-8.466909408569336,2.116107225418091
1741033328008703200,122.843703125,4.962197303771973,-7.928491592407227,2.6589460372924805
1741033328018805000,122.85380493164062,4.866327285766602,-7.303376197814941,2.7476603984832764
1741033328028907000,122.86390698242188,4.5204997062683105,-6.57059383392334,2.336503028869629
1741033328039009300,122.87400927734375,3.8878045082092285,-5.831645965576172,1.9534456729888916
1741033328049110800,122.88411083984376,3.8356518745422363,-4.661680698394775,1.9064611196517944
1741033328059212500,122.89421264648438,3.745039939880371,-3.2939391136169434,2.0195107460021973
1741033328069314300,122.90431420898437,3.8533687591552734,-1.67742919921875,2.0791127681732178
1741033328079416000,122.914416015625,4.052304744720459,0.243316650390625,1.7007085084915161
1741033328089518600,122.9245185546875,4.532667636871338,2.672726631164551,0.7430557012557983
1741033328099620400,122.93462036132813,4.751752853393555,5.607300758361816,-0.5859843492507935
1741033328109722000,122.94472216796875,4.715073585510254,8.579031944274902,-2.5312418937683105
1741033328119824000,122.95482397460937,4.128992557525635,9.898377418518066,-4.326504230499268
1741033328129925600,122.96492553710938,4.088288307189941,9.083012580871582,-5.32981538772583
1741033328140028000,122.97502783203124,5.4271440505981445,6.378822326660156,-5.284148216247559
1741033328150129700,122.98512963867188,5.395071029663086,3.661271095275879,-4.86900520324707
1741033328160231400,122.9952314453125,5.353226661682129,2.8948583602905273,-3.4817516803741455
1741033328170333200,123.00533325195312,8.599255561828613,3.816587448120117,-1.5346243381500244
1741033328180435200,123.01543530273437,9.72180461883545,5.423588752746582,-1.1044392585754395
1741033328190537500,123.02553735351563,6.708278656005859,6.934926986694336,-1.763889193534851
1741033328200639200,123.03563916015625,2.3102848529815674,6.387754440307617,-2.38252329826355
1741033328210741000,123.04574096679687,0.370556116104126,3.9212732315063477,-1.205549716949463
1741033328220842500,123.05584252929688,0.3832817077636719,2.088711738586426,0.3791576623916626
1741033328230944300,123.0659443359375,0.08925509452819824,1.5420036315917969,1.533492088317871
1741033328241046800,123.076046875,-0.21312975883483887,1.9148645401000977,2.4690916538238525
1741033328251148500,123.0861484375,-0.3465996980667114,2.9300451278686523,3.4460349082946777
1741033328261250300,123.09625024414062,-0.3111635446548462,4.21021842956543,4.563041687011719
1741033328271352000,123.10635205078125,0.37837672233581543,5.435413360595703,5.634420394897461
1741033328281453800,123.11645385742187,0.7180131673812866,6.397788047790527,6.4161272048950195
1741033328291556400,123.12655639648438,0.8087648153305054,6.222281455993652,6.253831386566162
1741033328301658000,123.136658203125,0.8713036775588989,4.875936508178711,5.18806791305542
1741033328311760100,123.14676000976563,0.5796970129013062,3.1022472381591797,4.179485321044922
1741033328321934000,123.15693408203126,0.16081500053405762,1.6743183135986328,3.674367666244507
1741033328332238300,123.16723828125,-0.03751981258392334,0.6255569458007812,3.4374771118164062
1741033328342542300,123.17754223632812,-0.15098285675048828,-0.29934120178222656,3.207271099090576
1741033328352748500,123.18774853515625,-0.08107191324234009,-1.1424503326416016,3.017814874649048
1741033328362863000,123.19786303710937,0.19520050287246704,-1.9268598556518555,2.8756227493286133
1741033328372965600,123.20796557617187,0.3111894130706787,-2.5703587532043457,2.8985707759857178
1741033328383067400,123.2180673828125,0.549412727355957,-3.1058120727539062,2.9342200756073
1741033328393169200,123.22816918945313,0.568763017654419,-3.536499500274658,2.857663631439209
1741033328403271000,123.23827099609375,0.5608952641487122,-3.959015369415283,2.7984771728515625
1741033328413372700,123.24837255859374,0.5389832258224487,-4.42833137512207,2.76469087600708
1741033328423474400,123.25847436523438,0.5184283256530762,-4.807603359222412,2.689664125442505
1741033328433577000,123.26857690429688,0.8263865113258362,-5.13120174407959,2.5698447227478027
1741033328443678700,123.2786787109375,1.139784574508667,-5.531597137451172,2.3703670501708984
1741033328453780200,123.2887802734375,1.4173390865325928,-5.93856143951416,2.2161123752593994
1741033328463882000,123.29888208007813,1.5023301839828491,-6.143901824951172,2.2076947689056396
1741033328473984000,123.30898388671875,1.6965774297714233,-6.069880485534668,2.3026480674743652
1741033328484086300,123.31908618164063,1.9956027269363403,-5.800363063812256,2.5553054809570312
1741033328494188000,123.32918798828125,2.2569425106048584,-5.666172027587891,2.7712273597717285
1741033328504289800,123.33928979492188,2.2003865242004395,-5.479276657104492,2.9639346599578857
1741033328514391600,123.3493916015625,1.9800679683685303,-5.094648361206055,3.3212387561798096
1741033328524493800,123.35949389648438,0.8078155517578125,-4.21300745010376,3.8692374229431152
1741033328534595800,123.36959594726562,-0.8566510677337646,-3.254211902618408,4.318149566650391
1741033328544697300,123.379697265625,-2.7287325859069824,-2.3762550354003906,4.6501007080078125
1741033328554799000,123.38979907226563,-4.166597366333008,-1.3431882858276367,4.929925441741943
1741033328564900900,123.39990087890625,-4.825535774230957,-0.5770735740661621,4.663370132446289
1741033328575002600,123.41000268554687,-6.213870048522949,0.1531381607055664,4.708102226257324
1741033328585105200,123.42010522460937,-8.498872756958008,0.6682949066162109,4.865865707397461
1741033328595207000,123.43020703125,-10.156603813171387,0.7826509475708008,4.556221008300781
1741033328605308700,123.44030859375,-9.879507064819336,0.22692203521728516,3.661733627319336
1741033328615410400,123.45041040039062,-8.38636302947998,-0.5791425704956055,2.570998191833496
1741033328625512200,123.46051220703124,-8.277254104614258,-0.9495782852172852,1.660041332244873
1741033328635614500,123.47061450195312,-8.542281150817871,-0.8160257339477539,1.1350120306015015
1741033328645716200,123.48071630859376,-9.05462646484375,-0.5516576766967773,0.6911447048187256
1741033328655818000,123.49081787109375,-8.90747356414795,-0.3772611618041992,0.34722137451171875
1741033328665919700,123.50091967773437,-8.800003051757812,-0.21046066284179688,0.19248318672180176
1741033328676021500,123.511021484375,-8.754936218261719,0.3846311569213867,0.4019961357116699
1741033328686123800,123.52112377929687,-8.506147384643555,1.5354843139648438,0.45343780517578125
1741033328696225800,123.53122583007813,-7.338319778442383,2.625528335571289,0.6058928966522217
1741033328706328000,123.541328125,-6.256141662597656,3.885028839111328,1.2888638973236084
1741033328716597000,123.55159692382813,-5.269058704376221,4.733270645141602,2.61893630027771
1741033328726901500,123.56190161132812,-2.9362640380859375,4.935724258422852,4.42475700378418
1741033328737195500,123.57219555664062,0.3244302272796631,4.641100883483887,5.548942565917969
1741033328747329300,123.58232934570313,1.4955224990844727,3.502774238586426,5.389715671539307
1741033328757430800,123.5924306640625,0.8521332740783691,3.0911245346069336,5.11959981918335
1741033328767532800,123.60253271484375,0.7500227689743042,3.6191844940185547,4.883649826049805
1741033328777635000,123.61263500976563,0.9446903467178345,4.019245147705078,4.507230758666992
1741033328787736800,123.62273681640625,0.8488562107086182,3.9630985260009766,4.353878974914551
1741033328797838600,123.63283862304688,0.8878905773162842,3.420987129211426,4.456993103027344
1741033328807940400,123.6429404296875,1.5805652141571045,2.8912763595581055,4.640642166137695
1741033328818042000,123.6530419921875,3.0324602127075195,2.3958663940429688,4.642630577087402
1741033328828144400,123.66314428710938,4.558531761169434,1.941969871520996,4.278110027313232
1741033328838246400,123.67324633789063,6.223100662231445,1.598952293395996,4.163666248321533
1741033328848348000,123.68334790039063,7.466773509979248,1.3622360229492188,3.991544008255005
1741033328858449700,123.69344970703125,8.274499893188477,0.7287998199462891,3.514949083328247
1741033328868551400,123.70355151367187,9.423173904418945,-0.6978921890258789,2.7126967906951904
1741033328878654000,123.71365405273437,8.297097206115723,-2.4944558143615723,2.104881763458252
1741033328888755700,123.72375561523438,5.3500800132751465,-3.9994564056396484,1.3970661163330078
1741033328898857500,123.733857421875,3.771996259689331,-4.750531196594238,0.6650218963623047
1741033328908959200,123.74395922851562,2.7920994758605957,-4.942444801330566,0.05872303247451782
1741033328919061000,123.75406103515625,2.5054924488067627,-5.093730926513672,-0.2999361455440521
1741033328929163300,123.76416333007812,1.4324427843093872,-4.838802814483643,-0.4575638473033905
1741033328939324200,123.77432421875,-0.43698394298553467,-4.249161243438721,-0.6768255829811096
1741033328949628700,123.78462866210937,-3.6820759773254395,-3.329667091369629,-0.22133496403694153
1741033328959932700,123.7949326171875,2.161494731903076,-3.8886094093322754,0.13516412675380707
1741033328970149400,123.8051494140625,6.84142541885376,-5.916647911071777,0.13468211889266968
1741033328980267000,123.81526708984374,8.35891056060791,-7.430996894836426,-0.258840948343277
1741033328990368500,123.82536840820312,7.791053295135498,-8.154046058654785,-0.2586803734302521
1741033329000470300,123.83547021484375,6.620759010314941,-8.633426666259766,-0.09891131520271301
1741033329010572000,123.84557202148437,5.624957084655762,-8.82906436920166,0.15397071838378906
1741033329020673800,123.855673828125,4.443963050842285,-8.858715057373047,0.23998355865478516
1741033329030776300,123.8657763671875,3.637221336364746,-8.825860023498535,0.2772440016269684
1741033329040878000,123.87587817382813,3.315969944000244,-8.471054077148438,0.3748216927051544
1741033329050979800,123.88597973632812,3.126932382583618,-7.6380767822265625,0.5054961442947388
1741033329061081300,123.89608129882812,2.8021140098571777,-6.651511192321777,0.6594866514205933
1741033329071183400,123.90618334960938,2.637406349182129,-5.582372665405273,0.7536541223526001
1741033329081285600,123.91628564453126,2.840764045715332,-4.126312255859375,0.8859105706214905
1741033329091387400,123.92638745117188,2.9458065032958984,-2.01369571685791,1.081305980682373
1741033329101489200,123.9364892578125,2.6855130195617676,1.120626449584961,1.3670463562011719
1741033329111591000,123.9465908203125,2.7230944633483887,4.391685485839844,1.4041227102279663
1741033329121692700,123.95669262695313,4.174056053161621,7.130725860595703,0.836164116859436
1741033329131794700,123.96679467773437,6.294399261474609,9.024869918823242,-0.45560306310653687
1741033329141897000,123.97689697265625,5.403226375579834,9.608698844909668,-2.405806541442871
1741033329151998700,123.98699877929687,3.760791540145874,8.52082347869873,-4.129487037658691
1741033329162100200,123.99710034179688,2.4515395164489746,6.537230491638184,-4.617879867553711
1741033329172202000,124.00720190429688,1.8378198146820068,4.636198997497559,-4.4961676597595215
1741033329182304500,124.01730444335938,3.1662633419036865,2.8581247329711914,-4.769654273986816
1741033329192406300,124.02740625,4.556461334228516,2.193018913269043,-4.494244575500488
1741033329202508000,124.03750805664062,5.566539764404297,2.628270149230957,-3.7517223358154297
1741033329212609800,124.04760986328125,3.9097132682800293,3.889864921569824,-3.4546594619750977
1741033329222711600,124.05771166992187,1.2273759841918945,5.600358963012695,-2.807833433151245
1741033329232850000,124.06784985351563,-0.3786834478378296,6.231926918029785,-1.598544716835022
1741033329243154400,124.07815454101562,0.38883376121520996,4.8080596923828125,0.11576831340789795
1741033329253458400,124.08845849609375,1.1338274478912354,2.820953369140625,1.175649642944336
1741033329263694000,124.09869409179687,1.3031184673309326,1.9652767181396484,1.5646110773086548
1741033329273815300,124.10881518554687,1.6173534393310547,2.2950706481933594,1.8195042610168457
1741033329283917600,124.11891748046875,2.4482920169830322,3.542757034301758,2.2718358039855957
1741033329294019000,124.12901904296875,3.39068603515625,4.948734283447266,2.8849472999572754
1741033329304120800,124.13912084960937,3.9774160385131836,6.0683488845825195,3.5956099033355713
1741033329314222600,124.14922265625,4.120605945587158,6.1764326095581055,4.0750932693481445
1741033329324324400,124.15932446289062,3.8846676349639893,5.339818954467773,4.135434627532959
1741033329334427000,124.16942700195312,3.2194647789001465,3.7368040084838867,3.71913480758667
1741033329344529400,124.179529296875,2.0923452377319336,2.12841796875,3.1695289611816406
1741033329354822100,124.189822265625,0.8581640720367432,0.9792499542236328,3.025315284729004
1741033329365126400,124.20012646484375,-0.04134035110473633,-0.007605552673339844,3.0837111473083496
1741033329375401000,124.21040087890626,-0.35293543338775635,-0.8484592437744141,3.254927158355713
1741033329385530400,124.2205302734375,-0.434261679649353,-1.7295923233032227,3.3038535118103027
1741033329395632000,124.23063208007812,-0.34959328174591064,-2.465996265411377,3.32763409614563
1741033329405733600,124.24073364257812,-0.18869543075561523,-3.1492056846618652,3.293900489807129
1741033329415835400,124.25083544921876,-0.06571245193481445,-3.7489280700683594,3.2148752212524414
1741033329425937700,124.26093774414062,0.033701419830322266,-4.289834976196289,3.143961191177368
1741033329436039700,124.27103979492188,0.040402233600616455,-4.710840225219727,3.0941519737243652
1741033329446141400,124.28114135742187,0.029382765293121338,-5.077527046203613,3.0792055130004883
1741033329456243200,124.2912431640625,-0.04731646180152893,-5.35546350479126,3.0875213146209717
1741033329466345000,124.30134497070313,-0.13509951531887054,-5.589132308959961,3.0427355766296387
1741033329476446700,124.31144677734375,-0.19253888726234436,-5.764410972595215,2.959653377532959
1741033329486549000,124.32154907226563,-0.1556573212146759,-5.950339317321777,2.8028290271759033
1741033329496651000,124.33165112304688,-0.0016078948974609375,-6.012465476989746,2.616342544555664
1741033329506752500,124.34175244140626,0.20750576257705688,-6.032716751098633,2.4499659538269043
1741033329516854300,124.35185424804688,0.5528601408004761,-5.9616007804870605,2.3560643196105957
1741033329526956000,124.3619560546875,0.6585593223571777,-5.815179824829102,2.2593162059783936
1741033329537058000,124.37205810546875,0.368394136428833,-5.386189937591553,2.3207528591156006
1741033329547160300,124.38216040039063,-0.2259124517440796,-4.664393424987793,2.602202892303467
1741033329557262000,124.39226196289063,-1.5746681690216064,-3.5281128883361816,3.1534347534179688
1741033329567363800,124.40236376953125,-3.7216625213623047,-2.146772861480713,3.883453369140625
1741033329577465600,124.41246557617187,-6.389119625091553,-0.35198211669921875,4.944608688354492
1741033329587567600,124.42256762695312,-9.290715217590332,1.3204822540283203,5.657273769378662
1741033329597669600,124.43266967773438,-9.867118835449219,1.8172063827514648,5.0917816162109375
1741033329607771400,124.442771484375,-8.612909317016602,1.127974510192871,3.458219289779663
1741033329617873200,124.452873046875,-7.6819047927856445,0.08307361602783203,1.9243199825286865
1741033329627975000,124.46297485351562,-7.3053436279296875,-0.6646595001220703,0.746882438659668
1741033329638076700,124.47307666015625,-7.276978969573975,-0.7195892333984375,0.1650843620300293
1741033329648179000,124.48317895507813,-7.753241062164307,-0.24853038787841797,-0.13029861450195312
1741033329658281000,124.49328100585937,-8.100936889648438,0.5022478103637695,-0.26395368576049805
1741033329668382700,124.5033828125,-8.080070495605469,1.1702346801757812,-0.36508870124816895
1741033329678484200,124.51348413085938,-8.389379501342773,1.795079231262207,-0.3844585418701172
1741033329688586000,124.5235859375,-8.302367210388184,2.4814271926879883,0.11040210723876953
1741033329698688000,124.53368798828124,-8.258849143981934,3.240096092224121,1.0240707397460938
1741033329708790500,124.54379052734375,-7.805334568023682,4.411587715148926,2.0822744369506836
1741033329718892800,124.55389282226562,-6.853376865386963,6.0759477615356445,3.0941131114959717
1741033329729065500,124.5640654296875,-4.470705509185791,7.073958396911621,3.361983299255371
1741033329739370000,124.57436987304688,-2.1281490325927734,6.231531143188477,2.9301259517669678
1741033329749674000,124.58467407226563,-0.40357232093811035,4.471624374389648,2.7484729290008545
1741033329759880700,124.59488061523437,0.2214217185974121,2.8376712799072266,3.087362766265869
1741033329769995500,124.60499560546874,0.37562859058380127,1.8677845001220703,3.215669631958008
1741033329780097300,124.61509716796876,0.42679762840270996,1.6349802017211914,2.915801763534546
1741033329790199000,124.62519897460938,0.4155092239379883,2.289102554321289,2.49615478515625
1741033329800300800,124.63530078125,1.0315048694610596,3.649211883544922,2.2632815837860107
1741033329810403300,124.6454033203125,1.766319751739502,5.063384056091309,2.527493953704834
1741033329820505000,124.65550512695313,3.178572416305542,5.64979362487793,3.1598587036132812
1741033329830606800,124.66560693359375,4.691549301147461,5.564868927001953,3.5976436138153076
1741033329840708400,124.67570825195313,6.4822235107421875,4.826451301574707,3.5517311096191406
1741033329850810400,124.68581030273438,9.437746047973633,3.904862403869629,3.2982428073883057
1741033329860912600,124.69591259765625,12.207279205322266,2.480276107788086,3.4083962440490723
1741033329871014400,124.70601440429688,12.38832950592041,0.30670738220214844,3.3178772926330566
1741033329881116200,124.7161162109375,10.512648582458496,-2.1369733810424805,2.5824899673461914
1741033329891218000,124.72621801757812,6.830440998077393,-3.985044479370117,1.1094130277633667
1741033329901319700,124.73631958007813,4.8095550537109375,-4.758983612060547,0.07240241765975952
1741033329911421700,124.74642163085937,2.7033112049102783,-4.56502628326416,0.20621338486671448
1741033329921524000,124.75652392578125,2.4886159896850586,-4.574748992919922,0.16416305303573608
1741033329931625500,124.76662548828125,-2.7008371353149414,-4.238980293273926,-0.5672065615653992
1741033329941727200,124.77672729492187,-2.4457545280456543,-3.529773712158203,0.7629936933517456
1741033329951829000,124.7868291015625,3.963794469833374,-4.176926136016846,2.4580490589141846
1741033329961930800,124.7969306640625,5.689892768859863,-5.336088180541992,2.7387661933898926
1741033329972033300,124.807033203125,6.2260355949401855,-6.514925003051758,2.6212058067321777
1741033329982135000,124.81713500976562,6.584144592285156,-7.41004753112793,2.351022958755493
1741033329992236800,124.82723681640626,6.1505255699157715,-7.872161865234375,2.2215819358825684
1741033330002338600,124.83733862304688,5.201159954071045,-7.886512756347656,2.216768264770508
1741033330012440000,124.84744018554687,4.146590232849121,-7.868042945861816,2.156205177307129
1741033330022542000,124.8575419921875,3.172468900680542,-7.818658351898193,2.239370107650757
1741033330032644400,124.86764428710937,2.2367377281188965,-7.8580780029296875,2.209998607635498
1741033330042746000,124.87774609375,1.8592076301574707,-7.809140205383301,2.1520004272460938
1741033330052847900,124.88784790039062,1.4458303451538086,-7.675920486450195,2.0138936042785645
1741033330062949600,124.89794970703124,1.6775546073913574,-7.213037490844727,1.9994653463363647
1741033330073051400,124.90805151367188,1.6942896842956543,-6.581169128417969,2.031249523162842
1741033330083153700,124.91815356445312,1.6132302284240723,-5.8490777015686035,1.9579546451568604
1741033330093255700,124.92825561523438,1.6764562129974365,-4.801567554473877,1.8978641033172607
1741033330103357200,124.93835717773437,1.9212276935577393,-3.229546546936035,1.910582184791565
1741033330113459000,124.948458984375,2.4540624618530273,-0.8894929885864258,2.051875352859497
1741033330123560700,124.95856079101563,2.3994855880737305,2.4752607345581055,2.3065271377563477
1741033330133662500,124.96866235351563,1.558424949645996,6.59220027923584,1.9152894020080566
1741033330143765000,124.97876489257813,1.8482930660247803,9.625484466552734,0.22237682342529297
1741033330153866800,124.98886669921875,2.654693841934204,10.421910285949707,-2.376697301864624
1741033330163968500,124.99896850585938,3.1724624633789062,9.03003215789795,-4.602200508117676
1741033330174070300,125.0090703125,2.763993263244629,7.147626876831055,-5.903100967407227
1741033330184171800,125.019171875,4.12296724319458,4.8727617263793945,-6.554108619689941
1741033330194273800,125.02927368164063,6.116892337799072,2.513545036315918,-6.435497283935547
1741033330204376000,125.0393759765625,5.916244983673096,0.6861610412597656,-5.02000617980957
1741033330214477800,125.04947778320313,9.95226764678955,-1.314162254333496,-2.824213981628418
1741033330224579600,125.05957958984375,11.459063529968262,-1.0935873985290527,-1.2113443613052368
1741033330234681900,125.06968188476563,9.169692039489746,1.3473806381225586,-1.1583479642868042
1741033330244903200,125.07990307617187,8.800588607788086,2.4503517150878906,-0.9200407266616821
1741033330255207700,125.09020776367187,5.886603355407715,3.4315109252929688,0.0020908117294311523
1741033330265511400,125.10051147460938,4.378854751586914,4.100681304931641,1.7750428915023804
1741033330275678700,125.1106787109375,4.226444244384766,4.718595504760742,3.051635980606079
1741033330285784800,125.12078491210937,2.751194477081299,5.70925235748291,4.152854919433594
1741033330295886600,125.13088647460937,1.8788912296295166,7.063492774963379,5.644845962524414
1741033330305989000,125.14098901367187,1.292715072631836,8.330442428588867,7.244768142700195
1741033330316090600,125.15109057617188,0.5852625370025635,9.011448860168457,8.44237232208252
1741033330326192400,125.1611923828125,-0.4297834634780884,8.868162155151367,8.782008171081543
1741033330336294400,125.17129443359374,-1.4533039331436157,7.667115211486816,8.16037654876709
1741033330346396700,125.18139672851562,-2.409376621246338,5.75327205657959,6.932422637939453
1741033330356569300,125.1915693359375,-3.0344295501708984,3.579371452331543,5.330410003662109
1741033330366873900,125.20187377929688,-3.243168354034424,1.732285499572754,4.037716865539551
1741033330377177900,125.212177734375,-3.1293673515319824,0.4426460266113281,3.371112823486328
1741033330387384600,125.22238452148437,-2.790236473083496,-0.3634977340698242,3.2326362133026123
1741033330397499400,125.23249951171876,-2.3145523071289062,-0.9862232208251953,3.228607177734375
1741033330407601700,125.2426015625,-1.519151210784912,-1.690629482269287,3.085926055908203
1741033330417703700,125.25270361328126,-0.7986197471618652,-2.3399767875671387,2.923597812652588
1741033330427805400,125.26280541992188,-0.36025214195251465,-2.7545976638793945,2.9066238403320312
1741033330437907200,125.2729072265625,0.4148552417755127,-2.9432992935180664,2.954883575439453
1741033330448009000,125.28300903320313,2.595137357711792,-2.7612533569335938,2.8210561275482178
1741033330458110700,125.29311083984375,2.714740037918091,-2.9371089935302734,3.1036458015441895
1741033330468213200,125.30321313476563,1.6411383152008057,-3.4490408897399902,3.3192973136901855
1741033330478314800,125.31331469726562,0.7333180904388428,-3.6084609031677246,3.662349224090576
1741033330488416500,125.32341650390624,-0.0386042594909668,-3.810523509979248,3.8031158447265625
1741033330498518300,125.33351831054688,-0.5550999641418457,-3.959528923034668,3.737637519836426
1741033330508620000,125.3436201171875,-1.0840799808502197,-4.227358341217041,3.5564260482788086
1741033330518722000,125.35372216796875,-1.9295752048492432,-4.634705066680908,3.409109592437744
1741033330528824300,125.36382421875,-2.7526609897613525,-4.942294597625732,3.1352570056915283
1741033330538926000,125.37392602539063,-3.055745840072632,-5.285881996154785,2.667663335800171
1741033330549027800,125.38402783203125,-2.587369680404663,-5.621691703796387,2.3474581241607666
1741033330559129300,125.39412939453125,-1.9154462814331055,-5.604488372802734,2.2500767707824707
1741033330569231000,125.40423120117188,-1.378820538520813,-5.253827095031738,2.2742433547973633
1741033330579333600,125.41433374023437,-0.4937450885772705,-4.881531715393066,2.2807769775390625
1741033330589435400,125.42443530273438,-0.22321546077728271,-4.434478759765625,2.451998472213745
1741033330599537200,125.434537109375,-1.5189294815063477,-3.5993309020996094,2.947880983352661
1741033330609639000,125.44463891601562,-3.0201544761657715,-2.0349960327148438,3.826878309249878
1741033330619740700,125.45474072265625,-8.247922897338867,0.20013713836669922,4.765958786010742
1741033330629842400,125.46484252929687,-12.528738975524902,2.6608219146728516,5.6327104568481445
1741033330639945000,125.47494506835938,-13.016879081726074,3.704315185546875,5.743002891540527
1741033330650046500,125.48504638671875,-11.574790000915527,3.150676727294922,4.923534393310547
1741033330660148200,125.49514819335937,-9.06125259399414,1.8990659713745117,3.8903214931488037
1741033330670250000,125.50525,-6.444088459014893,0.4989461898803711,2.920905351638794
1741033330680351700,125.51535180664062,-5.694911003112793,0.12661266326904297,2.092097282409668
1741033330690453500,125.52545361328124,-5.774868488311768,0.28847217559814453,1.5338811874389648
1741033330700555500,125.53555541992188,-6.103704929351807,0.7389001846313477,1.3712453842163086
1741033330710657800,125.54565771484376,-6.516430854797363,1.2861499786376953,1.3454816341400146
1741033330720759600,125.55575952148438,-7.3041534423828125,2.384577751159668,1.5948703289031982
1741033330730861000,125.56586108398437,-8.090389251708984,4.204665184020996,1.995859146118164
1741033330740962800,125.575962890625,-8.032878875732422,6.498510360717773,2.6004843711853027
1741033330751064600,125.58606469726563,-6.988503456115723,8.30882740020752,3.309636354446411
1741033330761167000,125.5961669921875,-4.575744152069092,8.320802688598633,3.867215871810913
1741033330771268900,125.60626879882813,-1.9927469491958618,6.103080749511719,3.952009439468384
1741033330781370600,125.61637060546875,-0.8689497709274292,3.0626220703125,3.4034807682037354
1741033330791472400,125.62647241210938,-0.4253664016723633,0.9068012237548828,3.0670230388641357
1741033330801574100,125.63657421875,-0.639143705368042,-0.3359556198120117,2.826956033706665
1741033330811676000,125.64667602539062,-0.9523122310638428,-0.9435291290283203,2.3170371055603027
1741033330821778200,125.65677807617188,-0.8428487777709961,-0.6139593124389648,1.7081019878387451
1741033330831880000,125.6668798828125,0.2737102508544922,0.5839757919311523,1.536971092224121
1741033330841981700,125.67698168945313,2.114187479019165,2.301478385925293,1.546956181526184
1741033330852083500,125.68708349609375,4.597102165222168,3.789320945739746,1.6913561820983887
1741033330862185200,125.69718530273437,7.256415843963623,4.773015022277832,1.8944193124771118
1741033330872287500,125.70728759765625,10.482095718383789,4.938296318054199,1.5712906122207642
1741033330882389500,125.71738940429688,10.613129615783691,4.301149368286133,1.65230131149292
1741033330892491300,125.7274912109375,8.551078796386719,2.3704872131347656,2.0330278873443604
1741033330902592800,125.7375927734375,6.616440773010254,0.18053054809570312,2.01623272895813
1741033330912694500,125.74769458007812,4.600123405456543,-1.4796772003173828,1.3757808208465576
1741033330922796300,125.75779638671875,3.259162664413452,-2.551626205444336,0.14619803428649902
1741033330932898000,125.76789794921875,3.0479540824890137,-3.3717904090881348,-1.1871323585510254
1741033330943000600,125.77800048828125,3.476749897003174,-3.632601737976074,-1.5319938659667969
1741033330953102300,125.78810229492187,1.6508651971817017,-3.259706497192383,-0.4863017797470093
1741033330963204000,125.7982041015625,0.5619920492172241,-2.8695716857910156,0.28245121240615845
1741033330973305900,125.80830590820312,-5.865260124206543,-2.154387950897217,-0.27437078952789307
1741033330983407400,125.81840747070312,0.322282075881958,-2.4769978523254395,-1.2277138233184814
1741033330993509400,125.82850927734376,5.73148775100708,-4.126617431640625,0.8409913778305054
1741033331003611600,125.83861157226562,7.249812602996826,-5.701564788818359,2.0161030292510986
1741033331013713400,125.84871337890625,7.091613292694092,-6.739542007446289,2.3132972717285156
1741033331023815200,125.85881518554687,6.836017608642578,-7.156820297241211,2.5467288494110107
1741033331033917000,125.8689169921875,6.579263210296631,-7.525660514831543,2.4592809677124023
1741033331044018700,125.87901879882813,5.509397506713867,-7.993633270263672,2.2470245361328125
1741033331054121000,125.88912084960937,3.862675666809082,-8.038004875183105,2.1871249675750732
1741033331064223000,125.89922290039063,2.6823344230651855,-7.847471237182617,2.1734704971313477
1741033331074324500,125.90932446289062,2.2228493690490723,-7.504077434539795,2.1850786209106445
1741033331084426200,125.91942626953124,1.9854134321212769,-7.254921913146973,1.938462257385254
1741033331094528000,125.92952807617188,1.7623190879821777,-7.0364885330200195,1.6821436882019043
1741033331104629800,125.93962963867187,1.8327233791351318,-6.7203779220581055,1.5935572385787964
1741033331114731500,125.9497314453125,2.0438952445983887,-6.185768127441406,1.5707553625106812
1741033331124834000,125.959833984375,2.052222490310669,-5.610822677612305,1.3952558040618896
1741033331134935800,125.96993579101563,2.470876455307007,-4.72027587890625,1.3330864906311035
1741033331145037600,125.98003759765625,2.9007153511047363,-3.4419798851013184,1.2689740657806396
1741033331155139000,125.99013916015625,3.34897518157959,-1.6629023551940918,1.309542179107666
1741033331165240800,126.00024072265624,3.5824694633483887,0.8356027603149414,1.589321255683899
1741033331175343000,126.01034301757812,3.0083773136138916,4.587797164916992,2.2980504035949707
1741033331185445000,126.02044506835938,1.7615939378738403,8.288992881774902,1.7675142288208008
1741033331195547000,126.030546875,0.4929537773132324,10.402212142944336,0.447723925113678
1741033331205648600,126.04064868164062,1.1193814277648926,10.4109525680542,-1.6175600290298462
1741033331215750400,126.05075048828125,4.264805793762207,7.968610763549805,-3.2076804637908936
1741033331225852200,126.06085205078125,4.5080037117004395,5.294521331787109,-4.564598560333252
1741033331235953700,126.07095361328125,4.577653884887695,3.201892852783203,-5.632985591888428
1741033331246056200,126.08105615234375,5.944136619567871,1.0828790664672852,-6.852957725524902
1741033331256158000,126.09115795898437,6.933012008666992,0.19779205322265625,-6.065608024597168
1741033331266259700,126.101259765625,6.413794040679932,0.26480579376220703,-4.7185821533203125
1741033331276361500,126.11136157226562,4.628947734832764,1.3150367736816406,-2.439732551574707
1741033331286499800,126.12149975585938,2.4123775959014893,3.0312461853027344,-0.8773998022079468
1741033331296804400,126.13180444335937,1.1526761054992676,4.3693342208862305,-0.1518176794052124
1741033331307108600,126.14210864257812,0.6594967842102051,4.955238342285156,0.7927538752555847
1741033331317344000,126.15234399414062,0.8290884494781494,4.377192497253418,1.7796305418014526
1741033331327465000,126.16246484375,0.26707959175109863,3.016695976257324,2.0023040771484375
1741033331337566700,126.17256665039062,-0.11384320259094238,2.7888288497924805,2.202272415161133
1741033331347668700,126.18266870117188,-0.2205209732055664,3.8621015548706055,2.4784865379333496
1741033331357771000,126.19277099609376,-0.21569061279296875,5.3409271240234375,2.8681349754333496
1741033331367872500,126.20287255859375,0.06066322326660156,6.484952926635742,3.5255792140960693
1741033331377974300,126.21297436523437,0.2550044059753418,6.819234848022461,4.024026393890381
1741033331388076000,126.22307592773437,0.32639551162719727,6.261327743530273,4.182321548461914
1741033331398177800,126.233177734375,0.4339308738708496,5.055875778198242,4.0557169914245605
1741033331408280300,126.2432802734375,0.13053369522094727,3.6124658584594727,3.95896577835083
1741033331418382000,126.25338208007813,-0.5113842487335205,2.4344682693481445,4.009668350219727
1741033331428483800,126.26348388671875,-1.1690655946731567,1.3400907516479492,3.839211940765381
1741033331438585600,126.27358569335938,-1.5711393356323242,0.3271932601928711,3.5160772800445557
1741033331448687000,126.28368701171875,-1.6009156703948975,-0.5617389678955078,3.0527849197387695
1741033331458788900,126.29378881835937,-1.3220409154891968,-1.3064475059509277,2.5238819122314453
1741033331468891000,126.30389086914063,-0.9825091361999512,-1.779578685760498,2.21498441696167
1741033331478993200,126.3139931640625,-0.6084048748016357,-2.1996207237243652,1.781003475189209
1741033331489095000,126.32409497070313,-0.09405040740966797,-2.420274257659912,1.4820892810821533
1741033331499196700,126.33419677734375,0.3176555633544922,-2.643589973449707,1.4064329862594604
1741033331509298400,126.34429833984375,-0.27515101432800293,-3.0710973739624023,1.672134518623352
1741033331519400000,126.35439990234374,-1.0029122829437256,-3.703200340270996,1.7872388362884521
1741033331529501700,126.36450170898438,-1.21746826171875,-3.9516844749450684,2.075061082839966
1741033331539604200,126.37460424804688,-1.110427975654602,-3.7544264793395996,2.5890541076660156
1741033331549706000,126.3847060546875,-1.4535831212997437,-3.593761444091797,2.838122606277466
1741033331559807700,126.39480786132812,-1.987541913986206,-3.4561381340026855,2.8564181327819824
1741033331569909500,126.40490942382813,-2.498961925506592,-3.3982982635498047,2.691103219985962
1741033331580011300,126.41501123046875,-2.8327155113220215,-3.5146737098693848,2.1802806854248047
1741033331590113000,126.42511303710937,-2.9266536235809326,-3.7258667945861816,1.560721755027771
1741033331600215600,126.43521557617187,-2.586542844772339,-3.9763503074645996,1.0025608539581299
1741033331610317300,126.4453173828125,-2.2155940532684326,-4.267108917236328,0.6400525569915771
1741033331620418800,126.45541870117188,-2.0109992027282715,-4.434074401855469,0.47337961196899414
1741033331630520600,126.4655205078125,-2.0001986026763916,-4.301407814025879,0.4422783851623535
1741033331640622300,126.47562231445312,-1.922492504119873,-3.9115734100341797,0.4672214984893799
1741033331650724000,126.48572412109375,-1.8775825500488281,-3.4268884658813477,0.6006193161010742
1741033331660826400,126.49582641601563,-1.9633758068084717,-2.8002657890319824,0.7863752841949463
1741033331671047700,126.50604760742188,-2.066514492034912,-2.075929641723633,0.9124994277954102
1741033331681352200,126.51635229492187,-2.2202701568603516,-1.268488883972168,1.0892517566680908
1741033331691656000,126.52665600585938,-2.285996913909912,-0.4371967315673828,1.1928033828735352
1741033331701823200,126.5368232421875,-2.3480327129364014,0.28992557525634766,1.1674869060516357
1741033331711930000,126.54693017578126,-2.47502064704895,0.9585542678833008,1.001044750213623
1741033331722031900,126.55703198242188,-2.706353187561035,1.6538276672363281,0.7876098155975342
1741033331732133400,126.56713330078125,-3.007204532623291,2.607499122619629,0.6075503826141357
1741033331742235100,126.57723510742187,-7.1704864501953125,4.306517601013184,0.6625468730926514
1741033331752337000,126.5873369140625,-12.22928524017334,6.45903205871582,0.7346203327178955
1741033331762439000,126.59743896484375,-14.731520652770996,7.8979387283325195,1.4492735862731934
1741033331772541200,126.60754125976563,-12.78570556640625,8.242422103881836,1.9151452779769897
1741033331782643000,126.61764282226562,-9.396655082702637,8.387036323547363,2.774853229522705
1741033331792744700,126.62774462890626,-6.621204376220703,7.979796409606934,3.4390249252319336
1741033331802846500,126.63784643554688,-3.5818700790405273,6.519965171813965,3.396544933319092
1741033331812948000,126.64794799804687,-1.6818931102752686,4.384951591491699,2.750030040740967
1741033331823049700,126.6580498046875,-0.8912110328674316,1.4708738327026367,1.712404727935791
1741033331833152000,126.66815209960937,-0.33037400245666504,-0.43633460998535156,1.184326410293579
1741033331843254000,126.67825390625,-0.14383935928344727,-0.9027824401855469,0.8852348327636719
1741033331853355800,126.68835571289063,0.40320372581481934,-0.41355037689208984,0.7113662958145142
1741033331863457500,126.69845751953125,0.8881254196166992,0.6040077209472656,0.6251649856567383
1741033331873559300,126.70855932617188,1.1302950382232666,1.8997173309326172,0.409692645072937
1741033331883661000,126.7186611328125,1.4890873432159424,2.9733972549438477,0.3383009433746338
1741033331893762800,126.7287626953125,2.0006089210510254,3.350102424621582,0.6329982280731201
1741033331903865000,126.73886499023438,3.323367118835449,3.469588279724121,0.9496408700942993
1741033331913966800,126.748966796875,4.544895172119141,3.453129768371582,1.173963189125061
1741033331924068600,126.75906860351563,5.500275611877441,2.8618030548095703,1.2628039121627808
1741033331934170400,126.76917041015625,6.782534599304199,2.0399465560913086,1.5449986457824707
1741033331944272100,126.77927221679687,6.661545753479004,1.083207130432129,2.11063814163208
1741033331954374100,126.7893740234375,4.919829368591309,-0.405548095703125,2.583958148956299
1741033331964476400,126.79947631835938,3.5613274574279785,-1.7417097091674805,2.6885440349578857
1741033331974578200,126.809578125,2.807781219482422,-2.8652915954589844,2.4582338333129883
1741033331984679700,126.8196796875,2.1523947715759277,-3.7776613235473633,1.9830553531646729
1741033331994781400,126.82978149414062,1.641376256942749,-4.296049118041992,1.5308732986450195
1741033332004883200,126.83988330078125,0.6999975442886353,-4.508325576782227,1.0438405275344849
1741033332014985000,126.84998486328125,0.709831953048706,-4.503622531890869,0.3532704710960388
1741033332025087500,126.86008740234375,-0.49656498432159424,-4.323245525360107,0.09613719582557678
1741033332035189200,126.87018920898437,-2.9112043380737305,-3.952444076538086,-0.21896910667419434
1741033332045291000,126.880291015625,-2.073662519454956,-3.311805248260498,-1.4133225679397583
1741033332055392800,126.89039282226562,-1.6023688316345215,-3.800316333770752,0.22264376282691956
1741033332065494300,126.90049438476562,1.9823176860809326,-5.218854904174805,1.3620576858520508
1741033332075596000,126.91059594726562,3.8968284130096436,-6.343594551086426,1.7537328004837036
1741033332085698000,126.92069799804688,4.844429016113281,-7.019837379455566,2.0512495040893555
1741033332095800300,126.93080029296875,5.556751251220703,-7.377649307250977,2.4693546295166016
1741033332105902000,126.94090209960937,5.824595928192139,-7.873366355895996,2.433615207672119
1741033332116003800,126.95100390625,5.987892150878906,-8.106454849243164,2.3611700534820557
1741033332126105900,126.96110595703125,6.019947528839111,-7.940764904022217,2.4340100288391113
1741033332136315600,126.97131567382813,5.792762756347656,-7.496308326721191,2.346369504928589
1741033332146620000,126.98161987304688,5.298926830291748,-6.901062488555908,1.8759980201721191
1741033332156924000,126.991923828125,4.924075603485107,-6.01082181930542,1.7015913724899292
1741033332167101000,127.00210083007812,4.44049072265625,-4.720283508300781,1.909477949142456
1741033332177209000,127.012208984375,4.428444862365723,-2.7646822929382324,2.254885196685791
1741033332187310600,127.022310546875,4.378194808959961,0.4870767593383789,3.16538143157959
1741033332197413000,127.0324130859375,3.420804738998413,4.31175422668457,3.6801843643188477
1741033332207515000,127.04251489257813,1.9457378387451172,7.617807388305664,2.7793922424316406
1741033332217616600,127.05261669921875,1.6489717960357666,8.963418006896973,0.016201138496398926
1741033332227718400,127.06271850585938,3.8086018562316895,7.217473030090332,-4.008378028869629
1741033332237820200,127.07282006835938,2.638885498046875,4.822966575622559,-6.510409355163574
1741033332247922000,127.082921875,1.3738797903060913,3.124469757080078,-6.886022090911865
1741033332258024000,127.09302392578125,1.3120158910751343,2.42236328125,-6.2755231857299805
1741033332268126200,127.10312622070313,2.4882967472076416,1.9304933547973633,-5.030801296234131
1741033332278227700,127.11322778320313,4.563321590423584,1.255476951599121,-3.952847480773926
1741033332288329500,127.12332958984375,7.168138027191162,1.069014549255371,-2.9426562786102295
1741033332298431200,127.13343115234375,9.92500114440918,1.790700912475586,-1.9320385456085205
1741033332308533000,127.14353295898438,10.615079879760742,3.0329198837280273,-0.9771244525909424
1741033332318634800,127.153634765625,7.73244047164917,4.986569404602051,0.2535843849182129
1741033332328737000,127.16373706054688,4.363527297973633,6.335543632507324,1.0318567752838135
1741033332338839000,127.17383911132812,1.8757319450378418,6.02657413482666,1.7449342012405396
1741033332348940800,127.18394091796876,0.3424959182739258,4.508111000061035,2.07155704498291
1741033332359042300,127.19404223632813,-0.36154794692993164,3.296828269958496,2.424973964691162
1741033332369144000,127.20414404296875,-0.4257204532623291,3.271486282348633,2.8425652980804443
1741033332379245800,127.21424584960937,-0.11693048477172852,4.355768203735352,3.4135332107543945
1741033332389348400,127.22434838867187,0.008106470108032227,5.482052803039551,3.97529935836792
1741033332399450000,127.2344501953125,-0.06861662864685059,6.051831245422363,4.306847095489502
1741033332409552000,127.2445517578125,-0.3633735179901123,5.9272003173828125,4.207592010498047
1741033332419653600,127.25465356445312,-0.4379432201385498,5.190649032592773,3.8722400665283203
1741033332429755400,127.26475537109376,-0.14580297470092773,4.060524940490723,3.425013780593872
1741033332439857000,127.27485693359375,0.35185956954956055,2.9502363204956055,3.079066753387451
1741033332449959200,127.28495922851563,0.9591987133026123,1.9482908248901367,2.9475584030151367
1741033332460061200,127.29506127929687,2.2768852710723877,1.1112079620361328,2.939903736114502
1741033332470163000,127.30516284179687,4.236668586730957,0.7526960372924805,2.6042327880859375
1741033332480264700,127.3152646484375,5.804657936096191,0.7954254150390625,1.8149287700653076
1741033332490366500,127.32536645507813,5.756936073303223,0.2383594512939453,1.8377236127853394
1741033332500468200,127.33546826171874,3.3601949214935303,-0.9655723571777344,2.6863760948181152
1741033332510569700,127.34556982421876,0.6170759201049805,-2.1594796180725098,3.6642367839813232
1741033332520672500,127.35567260742188,-0.5963026285171509,-2.875114917755127,4.26788854598999
1741033332530774000,127.36577392578126,-1.9585168361663818,-3.223184108734131,4.526495933532715
1741033332540875800,127.37587573242187,-3.428863048553467,-3.4063315391540527,4.552872657775879
1741033332550977500,127.3859775390625,-3.5987722873687744,-3.6662535667419434,4.485940933227539
1741033332561079300,127.39607934570313,-2.897343158721924,-3.9870705604553223,4.4801788330078125
1741033332571181000,127.40618115234375,-2.750579833984375,-4.240527153015137,4.405972480773926
1741033332581283000,127.41628295898437,-3.0389485359191895,-4.643070220947266,3.7746291160583496
1741033332591385300,127.42638525390625,-2.901912212371826,-4.951963424682617,3.212524890899658
1741033332601487000,127.43648706054688,-2.493500232696533,-5.21778678894043,3.058432102203369
1741033332611588600,127.44658862304688,-2.1041436195373535,-5.450018405914307,2.9231338500976562
1741033332621690400,127.4566904296875,-1.6067206859588623,-5.421314239501953,2.8182711601257324
1741033332631792000,127.46679223632813,-1.1412060260772705,-5.22800350189209,2.6680846214294434
1741033332641894400,127.47689428710937,-0.6538328528404236,-4.990204811096191,2.560349702835083
1741033332651996400,127.48699633789063,0.5787100195884705,-4.789613723754883,2.5388917922973633
1741033332662098200,127.49709814453125,1.3794584274291992,-4.618771553039551,2.494150161743164
1741033332672200000,127.50719995117187,1.8272006511688232,-4.2938666343688965,2.4725191593170166
1741033332682301700,127.5173017578125,1.9005451202392578,-3.925011157989502,2.540581703186035
1741033332692403200,127.5274033203125,0.6445727348327637,-3.40549373626709,2.8258414268493652
1741033332702505200,127.53750512695312,-1.2438207864761353,-2.3228554725646973,3.008312702178955
1741033332712607500,127.547607421875,-4.909832954406738,-0.9847302436828613,2.715106964111328
1741033332722709500,127.55770947265626,-8.894283294677734,0.35103797912597656,2.3149874210357666
1741033332732871700,127.56787158203124,-14.096071243286133,1.526719093322754,1.893559455871582
1741033332743176000,127.57817602539062,-17.565149307250977,1.8401594161987305,1.5107803344726562
1741033332753480200,127.58848022460937,-15.313333511352539,1.5139989852905273,1.9455540180206299
1741033332763696000,127.59869604492188,-9.640600204467773,0.11435794830322266,1.4578146934509277
1741033332773812700,127.60881274414062,-6.7111053466796875,-0.3269176483154297,1.295832633972168
1741033332783914500,127.61891455078126,-6.137414932250977,-0.17527008056640625,0.9345846176147461
1741033332794016300,127.62901635742188,-6.359323024749756,0.1622915267944336,0.6348042488098145
1741033332804117800,127.63911767578125,-6.365281105041504,0.6331415176391602,0.6253402233123779
1741033332814219500,127.64921948242187,-5.904499530792236,1.2992544174194336,0.6942896842956543
1741033332824322000,127.65932202148437,-5.749545097351074,2.179560661315918,0.9000205993652344
1741033332834423800,127.669423828125,-5.386571884155273,3.2374305725097656,1.6170088052749634
1741033332844525600,127.67952563476562,-4.523244857788086,4.514385223388672,3.0575952529907227
1741033332854627300,127.68962744140624,-3.892439365386963,5.75510311126709,4.426156997680664
1741033332864729000,127.69972900390626,-3.120779275894165,5.635300636291504,5.164202690124512
1741033332874830800,127.70983081054688,-2.427432060241699,4.579655647277832,5.519068717956543
1741033332884932600,127.7199326171875,-1.9062589406967163,3.5126028060913086,5.489419460296631
1741033332895035000,127.73003491210937,-1.1069316864013672,2.8760576248168945,4.975337982177734
1741033332905136600,127.74013671875,-0.6459171772003174,2.8063087463378906,4.652081489562988
1741033332915238400,127.75023828125,0.595653772354126,2.651521682739258,4.353158950805664
1741033332925340200,127.76034008789063,2.3503007888793945,2.42861270904541,3.857844114303589
1741033332935442000,127.77044189453125,5.303927898406982,2.3079166412353516,3.697467088699341
1741033332945543700,127.78054370117188,8.64120101928711,2.353793144226074,3.460684061050415
1741033332955646000,127.79064599609374,9.628552436828613,2.1253204345703125,2.789274215698242
1741033332965748000,127.800748046875,10.552412986755371,1.7996578216552734,2.3660192489624023
1741033332975849500,127.81084936523438,10.915669441223145,1.2313461303710938,2.0182695388793945
1741033332985951200,127.820951171875,8.276076316833496,0.1587667465209961,1.6788322925567627
1741033332996053000,127.83105297851563,4.8900651931762695,-1.136918067932129,1.3841677904129028
1741033333006154800,127.84115478515625,2.1204280853271484,-2.2083230018615723,0.6651118397712708
1741033333016257300,127.85125732421875,0.24567651748657227,-3.085697650909424,-0.1401776373386383
1741033333026359000,127.86135913085937,-0.9160223007202148,-3.7486743927001953,-0.754423975944519
1741033333036460800,127.87146069335938,-0.6400934457778931,-3.910569667816162,-1.375471591949463
1741033333046562600,127.8815625,0.4852473735809326,-3.6186141967773438,-1.5335447788238525
1741033333056664000,127.8916640625,-0.6753708124160767,-3.508635997772217,-2.0990676879882812
1741033333066765800,127.90176586914062,-6.325557708740234,-2.1646881103515625,-2.122063636779785
1741033333076868000,127.9118681640625,-7.719971179962158,0.10735607147216797,-1.5510978698730469
1741033333086970000,127.92197021484375,3.482545852661133,-3.3813633918762207,-1.8149065971374512
1741033333097071900,127.93207177734375,10.387762069702148,-5.64185905456543,-0.7865684032440186
1741033333107173600,127.94217358398437,11.088349342346191,-7.766465187072754,0.29330646991729736
1741033333117275400,127.952275390625,10.37435531616211,-9.042571067810059,1.3741177320480347
1741033333127377700,127.96237768554687,8.704319953918457,-9.032394409179688,2.6078238487243652
1741033333137646600,127.972646484375,6.404209136962891,-8.969650268554688,2.7437071800231934
1741033333147761200,127.98276123046875,4.272850036621094,-8.775172233581543,2.2618625164031982
1741033333158041900,127.99304174804688,3.5626635551452637,-8.700676918029785,1.7970715761184692
1741033333168329500,128.00332958984376,3.746638298034668,-8.315719604492188,1.5198440551757812
1741033333178481000,128.01348095703125,4.0146331787109375,-7.5672078132629395,1.5693538188934326
1741033333188582700,128.02358276367187,4.504860877990723,-6.618868827819824,1.7768257856369019
1741033333198684400,128.03368432617188,4.576361656188965,-5.314087867736816,2.1193811893463135
1741033333208786000,128.04378588867186,4.414094924926758,-3.4372339248657227,2.5783066749572754
1741033333218888200,128.05388818359376,4.05107307434082,-0.6653728485107422,3.170210838317871
1741033333228990200,128.063990234375,2.7102460861206055,2.8136367797851562,3.586848258972168
1741033333239092000,128.07409204101563,1.2713563442230225,6.182966232299805,3.6493725776672363
1741033333249193700,128.08419384765625,0.11406922340393066,8.1353120803833,2.988886594772339
1741033333259296000,128.0942958984375,-0.7756670713424683,8.133435249328613,1.3324458599090576
1741033333269529300,128.104529296875,-2.1573641300201416,6.721489906311035,-1.3656880855560303
1741033333279833900,128.1148337402344,-2.6702914237976074,4.890229225158691,-3.712751865386963
1741033333290137600,128.1251376953125,-1.426202416419983,3.119633674621582,-4.901392459869385
1741033333300297000,128.135296875,4.025852203369141,2.214204788208008,-5.284096717834473
1741033333310398700,128.14539868164061,7.112636566162109,1.938471794128418,-5.160188674926758
1741033333320501200,128.15550122070312,5.660194396972656,2.3745384216308594,-4.854557514190674
1741033333330639600,128.1656396484375,3.547184705734253,3.4032678604125977,-3.823667287826538
1741033333340944100,128.17594409179688,2.2681665420532227,4.766880989074707,-1.4676624536514282
1741033333351248400,128.18624829101563,1.8943400382995605,5.984368324279785,0.7656815052032471
1741033333361483800,128.19648388671874,0.9249999523162842,6.365913391113281,1.174233317375183
1741033333371604700,128.20660473632813,0.33718085289001465,5.075421333312988,0.46549224853515625
1741033333381706500,128.21670654296875,-0.21829771995544434,3.25363826751709,0.8825488686561584
1741033333391808300,128.22680834960937,-0.9143621921539307,1.776468276977539,1.3977479934692383
1741033333401909800,128.23690966796875,-1.5545620918273926,1.4003181457519531,1.188719630241394
1741033333412011500,128.24701147460937,-2.0480198860168457,2.5053319931030273,1.018927812576294
1741033333422113300,128.25711328125,-1.8488855361938477,4.485105514526367,1.6406664848327637
1741033333432215800,128.2672158203125,-1.4752724170684814,6.122034072875977,2.3520584106445312
1741033333442317600,128.27731762695313,-1.4224810600280762,6.763925552368164,2.5189638137817383
1741033333452419300,128.28741943359375,-1.071784257888794,6.557940483093262,2.446646213531494
1741033333462521000,128.29752099609374,-0.9540102481842041,5.755319595336914,2.445725440979004
1741033333472622600,128.30762255859375,-0.9206705093383789,4.430758476257324,2.3340580463409424
1741033333482724400,128.31772436523437,-1.1673376560211182,2.97946834564209,2.2579562664031982
1741033333492826400,128.32782641601563,-1.7119781970977783,1.720102310180664,2.196286201477051
1741033333502928600,128.3379287109375,-2.3476901054382324,0.5637826919555664,1.9984842538833618
1741033333513030400,128.34803051757814,-2.8229153156280518,-0.39643287658691406,1.7709779739379883
1741033333523132200,128.35813208007812,-3.463512659072876,-1.2719125747680664,1.5052568912506104
1741033333533234000,128.36823388671874,-3.5853893756866455,-2.064146041870117,1.4110682010650635
1741033333543335700,128.37833569335936,-3.669241189956665,-2.6662611961364746,1.4240727424621582
1741033333553437200,128.38843725585937,-4.12575626373291,-2.993316650390625,1.3855400085449219
1741033333563539700,128.39853979492187,-4.71793270111084,-3.2548341751098633,1.2711820602416992
1741033333573641500,128.40864135742189,-5.027092456817627,-3.532595634460449,1.1527795791625977
1741033333583743200,128.4187431640625,-5.132776737213135,-3.702852725982666,1.098233699798584
1741033333593845000,128.42884497070312,-5.03485107421875,-3.863278388977051,1.026416540145874
1741033333603946800,128.43894677734374,-4.637829303741455,-3.9585914611816406,1.0278980731964111
1741033333614048500,128.44904858398436,-4.2159647941589355,-3.877102851867676,1.0310896635055542
1741033333624150300,128.459150390625,-3.8261337280273438,-3.731337547302246,1.0665032863616943
1741033333634252800,128.46925268554688,-3.4506773948669434,-3.61850643157959,1.066070795059204
1741033333644354600,128.4793544921875,-3.0027170181274414,-3.5482234954833984,1.0060279369354248
1741033333654456000,128.4894560546875,-2.4678802490234375,-3.468198776245117,0.8852185010910034
1741033333664557800,128.49955786132813,-2.2408688068389893,-3.392953395843506,0.6381106376647949
1741033333674659600,128.50965966796875,-1.7600281238555908,-3.1378889083862305,0.4236413240432739
1741033333684761600,128.51976171875,-1.0461721420288086,-2.9059972763061523,0.19480778276920319
1741033333694864000,128.52986376953126,-0.48773670196533203,-2.5384063720703125,0.024712592363357544
1741033333704965600,128.53996557617188,-0.06627035140991211,-2.0030384063720703,-0.07620878517627716
1741033333715067400,128.5500673828125,0.3486299514770508,-1.2743678092956543,-0.23464973270893097
1741033333725169700,128.56016967773436,0.47391796112060547,-0.4827275276184082,-0.33811020851135254
1741033333735414800,128.57041479492187,0.6570687294006348,0.37801551818847656,-0.23775795102119446
1741033333745719300,128.58071923828126,0.7294421195983887,1.488837718963623,-0.08323633670806885
1741033333756023000,128.59102294921874,0.5833706855773926,2.456298351287842,-0.05700133740901947
1741033333766170600,128.60117065429688,0.27555322647094727,3.36434268951416,-0.15081581473350525
1741033333776272400,128.6112724609375,-0.2080678939819336,4.075845718383789,-0.4153548777103424
1741033333786374100,128.6213740234375,-0.9306068420410156,4.536313056945801,-0.7942805290222168
1741033333796476200,128.63147607421874,-1.4539201259613037,4.749601364135742,-1.3965755701065063
1741033333806578400,128.64157836914063,-1.7990686893463135,4.807549476623535,-2.3152828216552734
1741033333816680200,128.65168017578125,-1.8917467594146729,4.89959716796875,-3.3151626586914062
1741033333826782000,128.66178198242187,-1.5189156532287598,4.992917060852051,-3.7546184062957764
1741033333836883700,128.6718837890625,-0.5414953231811523,5.278816223144531,-3.827709913253784
1741033333846985200,128.68198510742187,0.8607039451599121,5.878507614135742,-3.683750867843628
1741033333857087000,128.6920869140625,2.169318199157715,6.70408821105957,-3.3286080360412598
1741033333867189200,128.70218920898438,2.804349660873413,6.772649765014648,-3.256556987762451
1741033333877291300,128.71229125976564,1.722208023071289,6.1451826095581055,-2.8577792644500732
1741033333887393000,128.72239306640626,0.6864449977874756,4.328011512756348,-2.3663547039031982
1741033333897494800,128.73249487304687,0.8999087810516357,1.8458499908447266,-1.9160826206207275
1741033333907596500,128.7425964355469,5.1175127029418945,0.10902976989746094,-2.096378803253174
1741033333917698300,128.7526982421875,6.002225875854492,-0.7742099761962891,-2.0292015075683594
1741033333927799800,128.7627998046875,4.431542873382568,-0.7428503036499023,-1.475107192993164
1741033333937902300,128.77290234375,1.6619243621826172,0.2755699157714844,-0.11880788952112198
1741033333948004000,128.78300415039064,-0.2359578013420105,1.419844627380371,0.8202992677688599
1741033333958105900,128.79310595703126,-1.754035472869873,2.3826818466186523,1.3319416046142578
1741033333968207600,128.80320751953124,-4.385972499847412,2.327962875366211,1.6454216241836548
1741033333978309400,128.81330932617186,-0.1115487813949585,1.8707923889160156,2.5849862098693848
1741033333988411100,128.8234111328125,3.9547345638275146,0.8687639236450195,3.9918978214263916
1741033333998513200,128.83351318359374,6.077400207519531,0.563746452331543,6.340714931488037
1741033334008615400,128.84361547851563,6.364929676055908,0.20339393615722656,6.903806209564209
1741033334018717000,128.8537170410156,4.928921699523926,-0.7180042266845703,5.905746936798096
1741033334028818700,128.86381860351563,3.483544111251831,-1.9964475631713867,4.692145347595215
1741033334038920400,128.87392041015624,2.469637393951416,-3.2639827728271484,3.5693366527557373
1741033334049022200,128.88402221679686,1.708629846572876,-4.021160125732422,2.7794651985168457
1741033334059124500,128.89412451171876,0.910547137260437,-4.497966766357422,2.110292434692383
1741033334069226500,128.9042265625,0.3362917900085449,-4.900244235992432,1.546432375907898
1741033334079328300,128.91432836914063,0.10373938083648682,-5.1784257888793945,1.148003101348877
1741033334089430000,128.92442993164062,0.10948765277862549,-5.291770935058594,0.8339665532112122
1741033334099531500,128.93453149414063,-0.04288160800933838,-5.212436199188232,0.6994740962982178
1741033334109633300,128.94463330078125,-0.04933309555053711,-5.06173038482666,0.7410786151885986
1741033334119735300,128.9547353515625,-0.0438997745513916,-5.057477951049805,0.8864448666572571
1741033334129837600,128.96483764648437,0.04841327667236328,-5.184677600860596,1.038472056388855
1741033334139939300,128.97493920898438,-0.002088785171508789,-5.407488822937012,1.001596450805664
1741033334150041000,128.985041015625,-0.08150458335876465,-5.718406677246094,0.8512872457504272
1741033334160142800,128.99514282226562,0.18659663200378418,-5.658613204956055,0.8577389717102051
1741033334170244600,129.00524462890624,0.4835629463195801,-5.2611565589904785,0.9208540916442871
1741033334180346000,129.01534619140625,0.8308267593383789,-4.818917274475098,0.9898337125778198
1741033334190448400,129.02544848632812,0.8632502555847168,-4.489626884460449,1.008899211883545
1741033334200550400,129.03555029296874,1.4924962520599365,-4.18161153793335,1.135136365890503
1741033334210652200,129.04565209960938,2.0134172439575195,-3.5135445594787598,1.2369319200515747
1741033334220754000,129.05575390625,1.8791491985321045,-2.606503486633301,1.3004636764526367
1741033334230856400,129.0658564453125,1.4497361183166504,-1.4412188529968262,1.3181016445159912
1741033334241137200,129.07613720703125,1.0332884788513184,-0.1266651153564453,1.3467907905578613
1741033334251441700,129.0864416503906,0.21140503883361816,1.3432369232177734,1.3974498510360718
1741033334261725700,129.0967255859375,-0.8959722518920898,2.450225830078125,1.3081533908843994
1741033334271857400,129.106857421875,-1.7994117736816406,3.0930700302124023,0.9735760688781738
1741033334281959200,129.1169592285156,-2.112194299697876,3.249484062194824,0.44635501503944397
1741033334292060700,129.12706079101562,-1.5313818454742432,2.946366310119629,-0.7138005495071411
1741033334302163000,129.13716284179688,0.40152406692504883,2.3313207626342773,-2.884406805038452
1741033334312265000,129.14726489257814,2.2227542400360107,2.0328369140625,-5.646669387817383
1741033334322366700,129.15736669921876,2.893284559249878,2.1442155838012695,-7.7063493728637695
1741033334332468500,129.16746850585938,2.8964223861694336,2.7801780700683594,-8.586925506591797
1741033334342570200,129.1775703125,1.4946506023406982,3.8994626998901367,-8.991264343261719
1741033334352672000,129.18767211914061,-1.1100802421569824,5.572409629821777,-8.072308540344238
1741033334362774300,129.19777416992187,1.470238447189331,6.502422332763672,-4.424313068389893
1741033334372876300,129.20787622070313,6.070289611816406,5.771112442016602,-1.9359612464904785
1741033334382978000,129.21797802734375,3.2703685760498047,5.142884254455566,-0.820436954498291
1741033334393079600,129.22807958984376,-1.8398358821868896,4.975838661193848,-0.07062946259975433
1741033334403181300,129.23818139648438,-2.470445156097412,4.389777183532715,1.508538842201233
1741033334413283000,129.24828295898436,-1.1653034687042236,2.5384817123413086,3.0880072116851807
1741033334423384800,129.258384765625,-2.1036453247070312,1.3271942138671875,4.003777503967285
1741033334433487400,129.2684873046875,-3.4199795722961426,1.726165771484375,4.4914984703063965
1741033334443589000,129.27858911132813,-4.104855537414551,3.078096389770508,4.3312153816223145
1741033334453691000,129.28869091796875,-3.738862991333008,4.527790069580078,3.5387520790100098
1741033334463792400,129.29879248046876,-3.5767722129821777,5.6394147872924805,2.465505599975586
1741033334473894700,129.30889477539063,-3.3476359844207764,5.928178787231445,1.3979072570800781
1741033334484092400,129.31909252929688,-2.284207344055176,5.368620872497559,0.8497481942176819
1741033334494396700,129.32939672851563,-0.7928774356842041,4.034804344177246,1.041861891746521
1741033334504700700,129.33970068359375,0.2562887668609619,2.41306209564209,1.5128108263015747
1741033334514887400,129.34988745117187,0.4382479190826416,0.7447872161865234,1.605967402458191
1741033334524997600,129.35999755859376,0.0681917667388916,-0.47602272033691406,1.5174672603607178
1741033334535099400,129.37009936523438,-0.19466662406921387,-1.3438549041748047,1.3650846481323242
1741033334545202000,129.38020190429688,-0.5399043560028076,-2.021979331970215,1.1501805782318115
1741033334555303700,129.3903037109375,-0.6799886226654053,-2.495168685913086,1.0788625478744507
1741033334565405400,129.40040551757812,-0.8171727657318115,-2.841456890106201,1.051893949508667
1741033334575507200,129.41050708007813,-0.9472284317016602,-3.2273387908935547,1.0381083488464355
1741033334585608700,129.42060864257812,-1.1346728801727295,-3.6772942543029785,1.0171242952346802
1741033334595710500,129.43071044921874,-1.127563238143921,-4.179966449737549,0.9400507211685181
1741033334605812500,129.4408125,-1.0193734169006348,-4.700240612030029,0.7956639528274536
1741033334615914800,129.45091479492189,-0.987637996673584,-5.053194522857666,0.7115254402160645
1741033334626016500,129.4610166015625,-0.9259045124053955,-5.312656402587891,0.6393975615501404
1741033334636118300,129.4711181640625,-0.7723581790924072,-5.503388404846191,0.5385035276412964
1741033334646220000,129.48121997070314,-0.6354389190673828,-5.55538272857666,0.4962470531463623
1741033334656321800,129.49132177734376,-0.47981810569763184,-5.326364517211914,0.5258570909500122
1741033334666423300,129.50142333984374,-0.2908957004547119,-4.77626371383667,0.5776739716529846
1741033334676525800,129.51152587890624,-0.11112308502197266,-4.1186628341674805,0.6221756339073181
1741033334686627600,129.5216276855469,-0.1991281509399414,-3.2225866317749023,0.6539557576179504
1741033334696729300,129.53172924804687,-0.3296535015106201,-2.315094470977783,0.5784685611724854
1741033334706831000,129.5418310546875,-0.4708678722381592,-1.4998316764831543,0.39343178272247314
1741033334716932900,129.5519328613281,-0.7167870998382568,-0.6068410873413086,0.17989236116409302
1741033334727034600,129.56203466796876,-0.9332430362701416,0.18700027465820312,-0.06312692910432816
1741033334737136400,129.57213647460938,-1.1868765354156494,0.9150171279907227,-0.3952658772468567
1741033334747239000,129.58223901367188,-1.5585896968841553,1.5225839614868164,-0.9023526310920715
1741033334757340400,129.59234033203126,-1.895703911781311,2.0640077590942383,-1.504586100578308
1741033334767442200,129.60244213867188,-2.218104124069214,2.694040298461914,-2.0657002925872803
1741033334777544000,129.6125439453125,-2.405911684036255,3.2976694107055664,-2.4102933406829834
1741033334787645700,129.62264575195312,-1.9685418605804443,3.635732650756836,-2.7465980052948
1741033334797747700,129.63274780273437,3.1207141876220703,3.5805931091308594,-3.358957290649414
1741033334807850000,129.64285009765624,2.980952024459839,3.34751033782959,-4.195512294769287
1741033334817951700,129.65295166015625,0.5412678718566895,3.035616874694824,-3.9002559185028076
1741033334828054000,129.6630539550781,-1.646203637123108,3.027134895324707,-3.106496810913086
1741033334838155500,129.67315551757812,-2.222071647644043,3.319070816040039,-2.6275339126586914
1741033334848412000,129.68341186523438,-1.5825769901275635,4.377464294433594,-2.281764030456543
1741033334858716400,129.69371630859376,-1.3869332075119019,5.880608558654785,-2.526944160461426
1741033334869020200,129.70402026367188,-0.8972358703613281,7.043169021606445,-3.211702823638916
1741033334879157000,129.71415698242188,-0.329287052154541,7.6107330322265625,-3.194913148880005
1741033334889283300,129.72428344726563,-0.011424541473388672,6.190299034118652,-2.403829336166382
1741033334899587800,129.734587890625,-0.5448625087738037,2.7113590240478516,-1.9274027347564697
1741033334909892000,129.74489208984374,-1.5621027946472168,-0.010995864868164062,-1.6031254529953003
1741033334920137200,129.75513720703125,-2.045297145843506,-1.2763118743896484,-1.1294001340866089
1741033334930260700,129.7652607421875,-1.8696680068969727,-1.2968339920043945,-0.5187707543373108
1741033334940458200,129.77545825195313,-1.2810640335083008,0.25743865966796875,0.2822808027267456
1741033334950762800,129.7857626953125,-0.400829553604126,2.2449073791503906,0.799965500831604
1741033334961066800,129.79606665039063,0.4988076686859131,3.4583358764648438,0.8850398659706116
1741033334971253500,129.80625341796875,1.3871376514434814,3.540925979614258,0.9470433592796326
1741033334981363700,129.81636376953125,2.1917531490325928,2.679697036743164,1.1697999238967896
1741033334991465500,129.82646557617187,2.615238904953003,1.176443099975586,1.1230475902557373
1741033335001567200,129.83656713867188,2.5052096843719482,0.3141946792602539,1.249714970588684
1741033335011668700,129.84666870117186,2.367762327194214,0.10658836364746094,1.5601544380187988
1741033335021771500,129.856771484375,2.479785919189453,0.146392822265625,2.098174571990967
1741033335031873000,129.866873046875,3.118328809738159,-0.1503582000732422,2.4288973808288574
1741033335041974800,129.87697485351563,3.2381694316864014,-0.8712835311889648,2.3276455402374268
1741033335052076500,129.88707666015625,2.5464437007904053,-1.7311620712280273,1.9620190858840942
1741033335062178300,129.89717822265624,1.5882253646850586,-2.564143180847168,1.6479099988937378
1741033335072280000,129.90728002929689,0.876854658126831,-3.3013758659362793,1.6006356477737427
1741033335082382000,129.9173820800781,0.24108195304870605,-3.839245319366455,1.8518309593200684
1741033335092484400,129.927484375,-0.0186617374420166,-4.193154811859131,2.3091847896575928
1741033335102586000,129.93758618164063,0.07713079452514648,-4.464223384857178,2.767359972000122
1741033335112687600,129.9476875,-0.010547041893005371,-4.729623794555664,3.1135079860687256
1741033335122789400,129.95778930664062,-0.36727815866470337,-4.9332733154296875,3.240147352218628
1741033335132891100,129.96789111328124,-0.9858137369155884,-5.016010284423828,3.3756017684936523
1741033335142993700,129.97799365234374,-1.1397271156311035,-4.9862799644470215,3.259639263153076
1741033335153095400,129.98809545898436,-1.059653878211975,-5.025400638580322,2.7814347743988037
1741033335163197200,129.998197265625,-0.8314269781112671,-5.1162614822387695,2.3388586044311523
1741033335173299000,130.008298828125,-0.36791399121284485,-5.326882839202881,2.0139966011047363
1741033335183400700,130.0184006347656,0.24452459812164307,-5.663167953491211,1.6643528938293457
1741033335193502200,130.02850219726562,0.6775336265563965,-5.911410331726074,1.2685130834579468
1741033335203604200,130.03860424804688,0.8095283508300781,-6.0664753913879395,1.0409997701644897
1741033335213706500,130.04870654296874,0.9762395024299622,-6.07258415222168,0.9576369524002075
1741033335223808500,130.05880859375,1.1712886095046997,-5.803991317749023,0.9318697452545166
1741033335233982500,130.068982421875,1.1778172254562378,-5.327645778656006,0.9010985493659973
1741033335244287000,130.07928686523437,1.0642213821411133,-4.598357200622559,0.9633044004440308
1741033335254591000,130.08959106445312,0.9826615452766418,-3.5106568336486816,1.226698398590088
1741033335264797200,130.09979711914062,0.7853971123695374,-1.9535112380981445,1.5925624370574951
1741033335274911700,130.10991186523438,0.5265074372291565,-0.02337932586669922,1.9116904735565186
1741033335285013500,130.12001342773436,0.36337512731552124,1.9444589614868164,1.9605196714401245
1741033335295115300,130.130115234375,0.5074418783187866,4.047687530517578,2.0869431495666504
1741033335305216800,130.140216796875,0.8946317434310913,5.738826751708984,1.7575998306274414
1741033335315318500,130.15031860351561,1.4866975545883179,6.546916961669922,0.458493173122406
1741033335325421000,130.16042114257812,2.4008820056915283,6.153895378112793,-1.389527678489685
1741033335335702000,130.17070190429686,2.535543441772461,5.294271469116211,-3.2855145931243896
1741033335345792800,130.18079272460938,2.85794734954834,4.114114761352539,-6.173837661743164
1741033335355787800,130.19078784179686,6.0249176025390625,2.2263450622558594,-8.872481346130371
1741033335366092300,130.20109228515625,11.69957160949707,0.2258462905883789,-11.08214282989502
1741033335376396300,130.21139624023436,14.83001708984375,0.6631803512573242,-9.517321586608887
1741033335386700000,130.22169995117187,12.807287216186523,2.9253368377685547,-4.517913818359375
1741033335396897300,130.23189721679688,6.413506507873535,5.174837112426758,-1.2647900581359863
1741033335407106600,130.2421064453125,2.215388059616089,5.424786567687988,-0.415802001953125
1741033335417411000,130.2524111328125,-0.30152177810668945,4.343636512756348,0.18656355142593384
1741033335427573200,130.2625732421875,-1.025732398033142,3.297541618347168,1.3239727020263672
1741033335437718800,130.27271875,-1.9566314220428467,3.468912124633789,1.735198974609375
1741033335447831600,130.28283154296875,-3.7224156856536865,4.778491020202637,1.9208552837371826
1741033335457933300,130.29293334960937,-4.835239410400391,6.589383125305176,2.3787951469421387
1741033335468035000,130.30303515625,-5.050808429718018,8.030033111572266,3.113945484161377
1741033335478136600,130.31313647460937,-4.53133487701416,8.050597190856934,3.7336997985839844
1741033335488238600,130.32323852539062,-3.487853527069092,6.9382524490356445,4.118239402770996
1741033335498340900,130.3333408203125,-2.4437742233276367,5.519947052001953,4.091829299926758
1741033335508442600,130.34344262695313,-1.6792346239089966,3.828929901123047,3.522512435913086
1741033335518544400,130.35354443359375,-1.751807451248169,2.20499324798584,2.99072003364563
1741033335528646100,130.36364624023437,-2.573347330093384,0.7918701171875,2.677236557006836
1741033335538748000,130.37374780273439,-3.457045793533325,-0.4319648742675781,2.585789203643799
1741033335548849700,130.383849609375,-3.992182493209839,-1.4036860466003418,2.666912078857422
1741033335558951700,130.39395166015626,-3.952378034591675,-2.1121530532836914,2.6463942527770996
1741033335569053700,130.4040537109375,-3.5117440223693848,-2.644641399383545,2.5013556480407715
1741033335579155500,130.41415551757814,-2.8130812644958496,-3.142575740814209,2.3163342475891113
1741033335589257200,130.42425732421876,-2.118553876876831,-3.5100297927856445,2.1242666244506836
1741033335599359000,130.43435888671874,-1.554126262664795,-3.736891746520996,1.9913723468780518
1741033335609460700,130.4444606933594,-1.181427001953125,-3.9489402770996094,1.8815994262695312
1741033335619562500,130.4545625,-0.8524444103240967,-4.258799076080322,1.7256343364715576
1741033335629665000,130.4646650390625,-0.593374490737915,-4.668075084686279,1.5020548105239868
1741033335639766800,130.47476684570313,-0.5391855239868164,-5.208846569061279,1.1966772079467773
1741033335649868300,130.4848684082031,-0.5247128009796143,-5.631316184997559,0.9196115732192993
1741033335659970000,130.49496997070312,-0.5119900703430176,-5.8576459884643555,0.7504297494888306
1741033335670071800,130.50507177734374,-0.5188114643096924,-5.872373580932617,0.5922625064849854
1741033335680173600,130.51517358398436,-0.6090445518493652,-5.712143421173096,0.5153428912162781
1741033335690275600,130.52527563476562,-0.7110416889190674,-5.375926494598389,0.47324711084365845
1741033335700377900,130.5353779296875,-0.825279712677002,-4.8546576499938965,0.525238573551178
1741033335710479600,130.54547973632813,-0.8339755535125732,-4.222820281982422,0.6592220664024353
1741033335720581400,130.55558129882812,-0.7184009552001953,-3.381554126739502,0.7852377891540527
1741033335730683000,130.56568286132813,-0.636258602142334,-2.2757434844970703,0.9548074007034302
1741033335740784600,130.57578466796875,-0.6312518119812012,-1.0109615325927734,1.0033466815948486
1741033335750886400,130.58588647460937,-0.7725365161895752,0.3873300552368164,1.00615656375885
1741033335760988200,130.59598828125,-0.9809188842773438,1.6511650085449219,0.8313813209533691
1741033335771090700,130.60609057617188,-1.343691349029541,2.4855918884277344,0.3017882704734802
1741033335781192400,130.6161923828125,-1.720107913017273,2.679075241088867,-0.6522109508514404
1741033335791294200,130.62629418945312,-1.7380117177963257,2.6626205444335938,-1.5928391218185425
1741033335801395700,130.63639575195313,-1.3781410455703735,2.6255855560302734,-2.512784957885742
1741033335811497500,130.64649755859375,-0.7872991561889648,2.592766761779785,-3.20784330368042
1741033335821599500,130.656599609375,0.11805939674377441,2.544651985168457,-3.780574083328247
1741033335831749600,130.66674951171876,1.0655887126922607,2.45969295501709,-4.161305904388428
1741033335842054100,130.67705419921876,2.969757080078125,1.7265510559082031,-5.097041130065918
1741033335852358100,130.68735815429687,5.611842155456543,1.1337175369262695,-5.952653408050537
1741033335862583800,130.69758374023436,11.098933219909668,1.5716419219970703,-6.32805871963501
1741033335872702700,130.70770263671875,10.576349258422852,3.807281494140625,-5.001471042633057
1741033335882805000,130.71780493164061,5.438388824462891,6.951427459716797,-2.5485730171203613
1741033335892907000,130.72790698242187,-0.3436071276664734,8.767265319824219,-1.004932165145874
1741033335903008800,130.7380087890625,-3.380967855453491,7.8518171310424805,-1.2863363027572632
1741033335913110500,130.74811059570314,-2.6937642097473145,4.577486991882324,-2.8006434440612793
1741033335923212000,130.7582119140625,-1.8167961835861206,1.2374258041381836,-3.138610601425171
1741033335933313800,130.76831372070313,-1.793243408203125,-0.7617511749267578,-2.011653423309326
1741033335943415600,130.77841552734375,-2.327312707901001,-1.4218969345092773,-0.872867226600647
1741033335953518000,130.78851806640625,-2.618621349334717,-0.15907573699951172,0.27196574211120605
1741033335963619800,130.79861987304687,-2.728616714477539,2.8266820907592773,1.4464489221572876
1741033335973721600,130.8087216796875,-2.684580087661743,5.3524627685546875,2.4640421867370605
1741033335983823400,130.8188232421875,-0.9352836608886719,6.170435905456543,3.3795645236968994
1741033335993925000,130.82892504882813,1.2226508855819702,5.770708084106445,4.0690083503723145
1741033336004026600,130.83902661132814,2.4259824752807617,4.25634765625,3.9963808059692383
1741033336014129000,130.84912890625,2.7814953327178955,2.4910507202148438,3.3392412662506104
1741033336024231400,130.8592314453125,2.6579694747924805,0.9748716354370117,2.7628324031829834
1741033336034441000,130.86944091796875,2.01210880279541,-0.19033336639404297,2.586176633834839
1741033336044745500,130.87974536132813,1.8310467004776,-1.1173076629638672,2.8372366428375244
1741033336055049200,130.89004931640625,1.7626757621765137,-1.8748984336853027,3.283297538757324
1741033336065225700,130.9002258300781,1.6653183698654175,-2.3990211486816406,3.780503988265991
1741033336075334400,130.91033447265625,1.3784854412078857,-2.9960546493530273,3.931926727294922
1741033336085436200,130.92043627929687,1.0209250450134277,-3.6842007637023926,3.890970230102539
1741033336095538000,130.93053784179688,0.7301852107048035,-4.278326511383057,3.6863596439361572
1741033336105639700,130.9406396484375,0.5130095481872559,-4.829179763793945,3.4291858673095703
1741033336115741200,130.9507412109375,0.3079521656036377,-5.224541187286377,3.3810360431671143
1741033336125843000,130.96084301757813,0.15996646881103516,-5.405923366546631,3.36026668548584
1741033336135945000,130.97094506835938,-0.006448864936828613,-5.673837661743164,3.0763981342315674
1741033336146047200,130.9810471191406,-0.22737693786621094,-6.0949907302856445,2.525439739227295
1741033336156149000,130.99114892578126,-0.49657315015792847,-6.328464508056641,1.9498240947723389
1741033336166250800,131.00125073242188,-0.4251002073287964,-6.308098793029785,1.5454092025756836
1741033336176352500,131.0113525390625,-0.1373511552810669,-6.059826850891113,1.3291088342666626
1741033336186454300,131.02145434570312,0.20125746726989746,-5.7985124588012695,1.1611374616622925
1741033336196555800,131.0315556640625,0.525459885597229,-5.552121639251709,1.0610758066177368
1741033336206658300,131.041658203125,0.924170732498169,-5.222333908081055,1.0513612031936646
1741033336216760000,131.05176000976562,1.2625151872634888,-4.80534029006958,1.1219964027404785
1741033336226861800,131.06186181640626,1.6746668815612793,-4.315981388092041,1.2197823524475098
1741033336236963600,131.07196362304688,1.9507732391357422,-3.6620230674743652,1.3667179346084595
1741033336247065300,131.0820654296875,2.145106077194214,-2.8469481468200684,1.5172643661499023
1741033336257167000,131.0921669921875,2.3177690505981445,-1.7712621688842773,1.6628198623657227
1741033336267268900,131.10226879882813,2.3503191471099854,-0.41897106170654297,1.8005348443984985
1741033336277371400,131.11237133789064,1.9706768989562988,1.0903434753417969,1.8458737134933472
1741033336287473200,131.12247314453126,1.3509740829467773,2.5913658142089844,1.728771686553955
1741033336297574700,131.13257470703124,0.5942931175231934,3.877931594848633,1.348632574081421
1741033336307676400,131.1426765136719,0.18806219100952148,4.644997596740723,0.6623553037643433
1741033336317778200,131.15277807617187,-0.5647666454315186,4.775388717651367,-0.5091179609298706
1741033336327880000,131.1628798828125,-1.339645504951477,4.543191909790039,-2.299379348754883
1741033336337981700,131.17298168945314,-1.4091993570327759,4.154436111450195,-4.359588623046875
1741033336348083700,131.18308374023437,-1.0524284839630127,3.9236507415771484,-6.32047176361084
1741033336358186000,131.19318603515626,3.538640022277832,3.8284006118774414,-8.110577583312988
1741033336368287500,131.20328759765624,7.119021415710449,5.303071975708008,-8.417301177978516
1741033336378389200,131.21338916015625,4.8274736404418945,6.61175537109375,-6.955569744110107
1741033336388491000,131.22349096679687,4.965727806091309,5.880950927734375,-4.329659461975098
1741033336398592800,131.2335927734375,2.956258535385132,4.75666618347168,-2.740379810333252
1741033336408694500,131.2436945800781,1.5709686279296875,3.0857086181640625,-1.3044352531433105
1741033336418797000,131.25379711914061,-1.2910988330841064,1.9739036560058594,0.7070451974868774
1741033336428899600,131.26389965820312,-3.1802425384521484,1.7976980209350586,2.3670477867126465
1741033336439204400,131.2742043457031,-4.105690956115723,2.5133705139160156,3.4715232849121094
1741033336449508600,131.28450854492186,-4.666286468505859,3.7517356872558594,3.7921090126037598
1741033336459767000,131.29476708984376,-5.071907997131348,4.751547813415527,3.292912721633911
1741033336469900300,131.304900390625,-4.920814037322998,4.950984954833984,2.1750402450561523
1741033336480002000,131.315001953125,-3.973766803741455,4.347647666931152,1.1027791500091553
1741033336490103800,131.32510375976562,-2.762878894805908,3.513172149658203,0.7271198034286499
1741033336500205300,131.33520532226564,-1.890424132347107,2.52767276763916,0.7103681564331055
1741033336510307000,131.34530712890626,-1.436456322669983,1.3447885513305664,0.7595935463905334
1741033336520409300,131.35540942382812,-1.282412052154541,0.332733154296875,0.8937315344810486
1741033336530511400,131.36551147460938,-1.4724359512329102,-0.5397024154663086,1.0848395824432373
1741033336540613000,131.3756130371094,-1.5768624544143677,-1.1716337203979492,1.3053021430969238
1741033336550715000,131.38571484375,-1.6314350366592407,-1.73582124710083,1.4464083909988403
1741033336560816600,131.39581665039063,-1.7031532526016235,-2.291149139404297,1.45798921585083
1741033336570918400,131.40591845703125,-1.8786340951919556,-2.8524856567382812,1.3414897918701172
1741033336581020200,131.41602026367187,-2.0914206504821777,-3.3447322845458984,1.1769695281982422
1741033336591122400,131.42612231445312,-2.1754205226898193,-3.64536190032959,1.0800318717956543
1741033336601224200,131.43622412109374,-2.0876474380493164,-3.791600227355957,1.0511970520019531
1741033336611326000,131.44632592773436,-1.9940264225006104,-3.8721413612365723,1.0028133392333984
1741033336621427700,131.456427734375,-1.989553451538086,-3.925966262817383,0.9018428325653076
1741033336631529500,131.46652954101563,-1.956907868385315,-4.092153072357178,0.7119624614715576
1741033336641631200,131.47663134765625,-1.9205139875411987,-4.42779016494751,0.44400808215141296
1741033336651733000,131.48673291015626,-1.8228710889816284,-4.808789253234863,0.10779710859060287
1741033336661835000,131.4968349609375,-1.7038815021514893,-5.1521430015563965,-0.16730718314647675
1741033336671937000,131.50693701171875,-1.454628586769104,-5.388579368591309,-0.4218304753303528
1741033336682038800,131.51703881835937,-1.201960802078247,-5.444902420043945,-0.6562895774841309
1741033336692140500,131.527140625,-0.7288587093353271,-5.1995649337768555,-0.8630881309509277
1741033336702242300,131.5372421875,-0.2239246368408203,-4.481688499450684,-0.9215378165245056
1741033336712344000,131.54734399414062,0.3996586799621582,-3.295278549194336,-0.8108755946159363
1741033336722445800,131.55744580078124,0.9773814678192139,-1.7978196144104004,-0.5344622135162354
1741033336732548400,131.56754833984374,1.7716717720031738,0.015371322631835938,-0.21561892330646515
1741033336742650000,131.5776501464844,2.4083995819091797,2.0917186737060547,0.035139039158821106
1741033336752751600,131.58775170898437,2.861799716949463,4.132226943969727,-0.18614253401756287
1741033336762853400,131.59785327148438,3.0310709476470947,5.682599067687988,-0.9297418594360352
1741033336772955100,131.607955078125,4.291811943054199,6.598653793334961,-2.101332426071167
1741033336783057000,131.61805688476562,5.4696044921875,6.560504913330078,-3.271772861480713
1741033336793159000,131.62815893554688,4.847397327423096,5.708784103393555,-3.8966598510742188
1741033336803261200,131.63826123046874,3.9180915355682373,4.637120246887207,-3.7501723766326904
1741033336813363000,131.64836303710936,3.894827127456665,3.437772750854492,-2.9948341846466064
1741033336823464700,131.65846459960937,4.545905113220215,3.0000734329223633,-2.1441423892974854
1741033336833566200,131.66856616210939,4.496598720550537,3.655472755432129,-2.1902875900268555
1741033336843668000,131.67866796875,2.865166187286377,5.14820671081543,-2.435351610183716
1741033336853769700,131.68876977539063,1.3885605335235596,6.437151908874512,-2.3839964866638184
1741033336863871500,131.69887158203124,1.526239037513733,6.352056503295898,-2.526282787322998
1741033336873974000,131.70897412109375,1.4615168571472168,4.776076316833496,-2.4961869716644287
1741033336884075800,131.71907568359376,1.131514310836792,2.6560659408569336,-1.7266566753387451
1741033336894177500,131.72917749023438,0.17425455152988434,0.8892183303833008,-0.594711422920227
1741033336904279300,131.739279296875,-0.6901041269302368,-0.029717445373535156,0.4065605401992798
1741033336914380800,131.749380859375,-1.5017688274383545,-0.0002613067626953125,1.1741955280303955
1741033336924482600,131.75948266601563,-2.0876710414886475,0.6339855194091797,1.766495943069458
1741033336934584600,131.76958447265625,-2.008751392364502,1.1952714920043945,1.9303637742996216
1741033336944686800,131.7796867675781,-1.9578981399536133,1.2608060836791992,1.6873395442962646
1741033336954788600,131.78978857421876,-1.9050278663635254,0.8603544235229492,1.287679672241211
1741033336964890400,131.79989038085938,-1.7076809406280518,0.21066856384277344,1.0140221118927002
1741033336974992100,131.8099921875,-1.1333885192871094,-0.3164072036743164,1.0376602411270142
1741033336985093600,131.82009375,-0.28903573751449585,-0.7118740081787109,1.1270421743392944
1741033336995195400,131.8301953125,0.5671538710594177,-0.9429807662963867,1.4725267887115479
1741033337005297200,131.84029711914062,1.3423314094543457,-1.0976381301879883,2.127042531967163
1741033337015399400,131.8503994140625,1.6536307334899902,-1.156834602355957,2.7252163887023926
1741033337025501400,131.86050146484374,1.346602439880371,-1.212996482849121,3.2365121841430664
1741033337035603200,131.87060327148438,1.0470945835113525,-1.4744853973388672,3.613750696182251
1741033337045705000,131.880705078125,0.7474948167800903,-1.8837785720825195,3.8590142726898193
1741033337055806700,131.890806640625,0.5929191708564758,-2.374340534210205,3.904275894165039
1741033337065908200,131.900908203125,0.4344712197780609,-2.7906088829040527,3.6651103496551514
1741033337076010200,131.91101025390626,0.04794447869062424,-2.9154062271118164,3.262991428375244
1741033337086112500,131.92111254882812,-0.3623031973838806,-2.8678793907165527,2.809213638305664
1741033337096214300,131.93121435546874,-0.5835420489311218,-2.8313727378845215,2.119187831878662
1741033337106316000,131.94131591796875,-0.5176699757575989,-2.651237964630127,1.2864972352981567
1741033337116417800,131.95141772460937,-0.013691365718841553,-2.2433252334594727,0.4939011335372925
1741033337126519600,131.96151953125,0.43719083070755005,-2.4436378479003906,-0.27911877632141113
1741033337136621300,131.97162133789064,0.7654860019683838,-3.395439624786377,-0.8530781269073486
1741033337146722800,131.98172290039062,0.6832790374755859,-4.4971232414245605,-1.1206274032592773
1741033337156825000,131.9918251953125,0.01009666919708252,-5.323958396911621,-0.9944257140159607
1741033337166927000,132.00192700195313,-1.0252621173858643,-6.149545192718506,-0.7805511951446533
1741033337177028900,132.01202880859375,-2.2712836265563965,-6.787591457366943,-0.40058454871177673
1741033337187130600,132.02213061523437,-2.5778868198394775,-7.051456451416016,0.2762872576713562
1741033337197232400,132.032232421875,-1.9704567193984985,-7.092193126678467,1.0279011726379395
1741033337207334100,132.0423342285156,-0.3882293701171875,-6.857961177825928,1.4808611869812012
1741033337217436000,132.05243579101563,0.42025303840637207,-6.480032920837402,1.5169706344604492
1741033337227538400,132.06253833007813,1.243032455444336,-6.0578508377075195,1.5501394271850586
1741033337237640000,132.07263989257814,2.4479923248291016,-5.53305721282959,1.497302770614624
1741033337247741700,132.08274169921876,3.633927345275879,-4.624916076660156,1.6826913356781006
1741033337257843500,132.09284350585938,3.8945796489715576,-3.312441825866699,2.082648754119873
1741033337267945200,132.1029453125,4.4571213722229,-1.7974491119384766,2.507553815841675
1741033337278047000,132.113046875,5.126392364501953,0.15069580078125,3.0559287071228027
1741033337288148700,132.12314868164063,6.062241554260254,2.421398162841797,4.037805080413818
1741033337298250800,132.13325073242189,5.540402412414551,4.3601531982421875,4.720821380615234
1741033337308353000,132.14335302734375,3.6178743839263916,5.645550727844238,5.020146369934082
1741033337318454500,132.15345458984376,0.7458677291870117,6.419635772705078,4.56995153427124
1741033337328556300,132.16355639648438,-2.0353431701660156,6.063298225402832,3.1356005668640137
1741033337338658000,132.17365795898436,-4.073441028594971,4.433738708496094,1.0614702701568604
1741033337348759800,132.183759765625,-6.354717254638672,2.4071455001831055,-1.507879614830017
1741033337358861600,132.19386157226563,-6.636002540588379,0.912999153137207,-4.349081039428711
1741033337368964000,132.20396411132813,-3.9616122245788574,0.3353853225708008,-7.038146018981934
1741033337379065900,132.21406591796875,3.1860809326171875,1.7910184860229492,-9.80107593536377
1741033337389167600,132.22416772460937,5.448952674865723,5.064394950866699,-9.982464790344238
1741033337399269000,132.23426904296875,6.624264240264893,7.491235733032227,-6.524121284484863
1741033337409371100,132.24437109375,5.791220664978027,8.298450469970703,-1.2687509059906006
1741033337419473400,132.25447338867187,2.458279848098755,8.455453872680664,1.7942676544189453
1741033337429574400,132.26457446289064,-0.8347244262695312,7.385727882385254,2.326785087585449
1741033337439747800,132.27474780273437,-3.745823860168457,5.788315773010254,1.163572907447815
1741033337450052400,132.28505224609376,-5.79300594329834,5.699376106262207,0.5018516778945923
1741033337460356400,132.2953564453125,-6.4025444984436035,6.47895622253418,0.5837745666503906
1741033337470563000,132.30556298828125,-4.985170364379883,6.75955867767334,0.9793721437454224
1741033337480678000,132.31567797851562,-3.3229267597198486,6.024140357971191,1.2058396339416504
1741033337490779600,132.32577954101563,-2.630763530731201,4.191061973571777,0.8171708583831787
1741033337500882000,132.3358818359375,-2.6167001724243164,2.4573307037353516,0.4221646189689636
1741033337510984000,132.34598388671876,-2.4282937049865723,1.3135576248168945,0.23918956518173218
1741033337521085400,132.35608544921874,-2.0036778450012207,0.42725563049316406,0.1966189742088318
1741033337531187200,132.3661872558594,-1.509127140045166,-0.4144115447998047,0.3177112340927124
1741033337541289000,132.3762890625,-1.4197163581848145,-1.4199328422546387,0.44069647789001465
1741033337551390700,132.386390625,-1.6137981414794922,-2.41025447845459,0.607205867767334
1741033337561492500,132.39649243164064,-1.6096446514129639,-3.156238079071045,0.8608807325363159
1741033337571595000,132.4065949707031,-1.5597796440124512,-3.6474509239196777,1.0990321636199951
1741033337581696800,132.41669677734376,-1.6005833148956299,-4.163476467132568,1.1524653434753418
1741033337591798300,132.42679833984374,-1.876065969467163,-4.871354579925537,1.1090295314788818
1741033337601900000,132.43690014648436,-1.85368013381958,-5.913983345031738,0.8370694518089294
1741033337612001800,132.44700170898437,-1.2210094928741455,-6.318829536437988,0.9736703634262085
1741033337622103600,132.457103515625,-0.4502980709075928,-5.5269975662231445,1.7526720762252808
1741033337632205300,132.4672053222656,-0.24947261810302734,-3.812600612640381,3.202000141143799
1741033337642307600,132.4773076171875,-0.662388801574707,-2.4350523948669434,4.211021900177002
1741033337652409600,132.48740966796876,-1.6522371768951416,-2.0217275619506836,4.558337688446045
1741033337662511900,132.49751196289063,-2.5930469036102295,-2.319634437561035,4.353954792022705
1741033337672769000,132.50776904296876,-3.2103869915008545,-2.795593738555908,4.020423889160156
1741033337683073500,132.51807348632812,-3.7847604751586914,-2.8356456756591797,3.781203269958496
1741033337693368000,132.5283681640625,-4.109179496765137,-2.2596945762634277,3.9151225090026855
1741033337703512800,132.5385129394531,-4.2699384689331055,-1.3449482917785645,4.12772274017334
1741033337713614600,132.54861450195312,-4.454385280609131,-0.42630481719970703,4.136966705322266
1741033337723716000,132.55871606445314,-4.484363079071045,0.5280351638793945,4.073572635650635
1741033337733817900,132.56881787109376,-4.419426918029785,1.429037094116211,3.8491384983062744
1741033337743919600,132.57891967773438,-4.324921607971191,2.015183448791504,3.293346405029297
1741033337754021600,132.58902172851563,-4.214588642120361,2.49685001373291,2.56901216506958
1741033337764124000,132.5991240234375,-4.083761215209961,2.831024169921875,1.8029026985168457
1741033337774225700,132.6092255859375,-3.8901424407958984,3.246077537536621,1.003748893737793
1741033337784327400,132.61932739257813,-3.7782199382781982,3.911421775817871,0.0914081335067749
1741033337794429200,132.62942919921875,-3.401526689529419,4.698396682739258,-0.7523843050003052
1741033337804530700,132.63953076171876,-2.593587875366211,5.549154281616211,-1.3897953033447266
1741033337814632400,132.64963256835938,-1.357651948928833,6.041574478149414,-1.7987247705459595
1741033337824734200,132.65973413085936,-0.27869653701782227,6.038188934326172,-1.9653725624084473
1741033337834836700,132.66983666992186,0.32604551315307617,5.688881874084473,-2.017728805541992
1741033337844938500,132.6799384765625,0.4602832794189453,5.231535911560059,-2.016338586807251
1741033337855040300,132.69004028320313,0.5146079063415527,4.691800117492676,-2.424996852874756
1741033337865142000,132.70014208984375,0.6590137481689453,4.613353729248047,-3.271125078201294
1741033337875243800,132.71024389648437,1.3066024780273438,4.51481819152832,-6.3130316734313965
1741033337885345300,132.72034521484375,3.0109381675720215,3.18344783782959,-11.747702598571777
1741033337895447000,132.73044702148437,4.306671142578125,2.5332422256469727,-14.135148048400879
1741033337905549000,132.74054907226562,4.189901828765869,5.730761528015137,-7.363803386688232
1741033337915651300,132.7506513671875,2.382573127746582,7.183627128601074,-0.32639849185943604
1741033337925753000,132.76075317382814,0.7875871658325195,3.203348159790039,1.3759492635726929
1741033337935854800,132.77085473632812,0.14651775360107422,-1.0801410675048828,0.8179479837417603
1741033337945956600,132.78095654296874,0.6334929466247559,-2.871025562286377,0.16277062892913818
1741033337956058000,132.79105810546875,1.5192627906799316,-2.8343234062194824,0.4414970874786377
1741033337966160000,132.80115991210937,1.838484764099121,-2.106637954711914,1.3737167119979858
1741033337976262400,132.81126245117187,2.0013742446899414,-1.209022045135498,2.19738507270813
1741033337986364200,132.8213642578125,2.679842472076416,-0.32363224029541016,2.8723864555358887
1741033337996466000,132.8314658203125,3.8596315383911133,0.02795696258544922,3.1880860328674316
1741033338006567700,132.84156762695312,4.140442371368408,-0.05158519744873047,3.1149094104766846
1741033338016669400,132.85166943359374,3.0945091247558594,-0.2468738555908203,3.0969719886779785
1741033338026771200,132.86177124023436,3.3567428588867188,-0.5648784637451172,3.548558235168457
1741033338036872700,132.87187280273437,2.9599838256835938,-0.8667392730712891,3.769961357116699
1741033338046974700,132.881974609375,2.0335326194763184,-1.131558895111084,3.778106451034546
1741033338057077000,132.89207690429689,1.083216667175293,-1.3611888885498047,3.48071026802063
1741033338067178800,132.9021787109375,-0.04736018180847168,-1.7925715446472168,2.747950553894043
1741033338077280500,132.91228051757813,-1.0844838619232178,-2.356358528137207,1.800237774848938
1741033338087382300,132.92238232421874,-1.8564453125,-2.7983179092407227,1.042607069015503
1741033338097484000,132.93248413085936,-2.449347972869873,-3.090250015258789,0.4056415557861328
1741033338107585800,132.94258569335938,-2.8579230308532715,-3.09354829788208,-0.09588539600372314
1741033338117687300,132.9526872558594,-2.979891538619995,-3.2411303520202637,-0.6169285774230957
1741033338127789800,132.9627897949219,-2.6661887168884277,-3.535770893096924,-1.0309889316558838
1741033338137891600,132.9728916015625,-2.4900662899017334,-3.8049330711364746,-1.4010164737701416
1741033338147993300,132.98299340820313,-2.3370702266693115,-3.9498367309570312,-1.6077871322631836
1741033338158095000,132.99309521484375,-2.0040781497955322,-3.8120927810668945,-1.8972530364990234
1741033338168196900,133.00319677734376,-1.9144117832183838,-3.473177909851074,-2.4749715328216553
1741033338178298600,133.01329858398438,-1.6807105541229248,-3.2987923622131348,-2.700904369354248
1741033338188400400,133.023400390625,-0.811847448348999,-3.3646926879882812,-2.3269741535186768
1741033338198502100,133.03350219726562,0.6268415451049805,-3.4962949752807617,-1.4189680814743042
1741033338208604400,133.0436044921875,1.668372392654419,-3.840507984161377,-0.979214072227478
1741033338218706200,133.0537060546875,1.942324161529541,-4.0416951179504395,-0.7988333702087402
1741033338228808000,133.06380786132812,2.101276397705078,-3.8630881309509277,-0.5680835247039795
1741033338238909700,133.07390966796876,2.5960514545440674,-3.730278491973877,-0.39650702476501465
1741033338249011500,133.08401147460938,3.0600829124450684,-3.5997180938720703,-0.47510409355163574
1741033338259113200,133.09411328125,3.071244955062866,-3.357186794281006,-0.605482816696167
1741033338269215000,133.10421508789062,2.597287893295288,-2.942145347595215,-0.6875717639923096
1741033338279317200,133.11431713867188,2.5207290649414062,-2.0397791862487793,-0.4545626640319824
1741033338289419000,133.1244189453125,2.564420461654663,-0.6706304550170898,-0.010590314865112305
1741033338299520800,133.13452075195312,2.6009202003479004,0.9234962463378906,0.2617499828338623
1741033338309622500,133.14462255859374,2.9908111095428467,2.4925737380981445,0.11517930030822754
1741033338319724300,133.1547243652344,3.270810604095459,3.8285112380981445,-0.4915565252304077
1741033338329826000,133.16482592773437,2.682101249694824,4.467913627624512,-1.715174674987793
1741033338339927800,133.174927734375,1.3172152042388916,4.645047187805176,-3.6946024894714355
1741033338350029600,133.18502954101564,0.9008212089538574,4.420731544494629,-6.099951267242432
1741033338360132000,133.19513208007814,1.9916496276855469,3.524746894836426,-7.49398136138916
1741033338370233600,133.20523364257812,4.371364593505859,2.201946258544922,-6.89814567565918
1741033338380335400,133.21533544921874,6.576866149902344,1.6354084014892578,-5.279695510864258
1741033338390437000,133.22543701171875,5.743899345397949,2.9435787200927734,-2.5188398361206055
1741033338400539000,133.23553881835937,3.1490418910980225,4.64988899230957,-0.5191515684127808
1741033338410640600,133.245640625,2.5195488929748535,5.77333927154541,0.8065024614334106
1741033338420742400,133.2557424316406,2.626197338104248,6.174905776977539,2.173768997192383
1741033338430844000,133.26584399414062,3.629854440689087,5.332145690917969,3.608029842376709
1741033338440946400,133.27594653320313,2.1307616233825684,3.4424381256103516,3.697112560272217
1741033338451048200,133.28604809570314,-0.4411447048187256,1.933772087097168,3.6588292121887207
1741033338461150000,133.29614990234376,-1.8999449014663696,1.8135261535644531,4.26600456237793
1741033338471251700,133.30625170898438,-2.49436354637146,2.9799184799194336,5.576786994934082
1741033338481353500,133.316353515625,-2.6182711124420166,4.0917510986328125,6.9440836906433105
1741033338491455200,133.32645532226562,-2.7051758766174316,4.358861923217773,7.618830680847168
1741033338501557000,133.33655688476563,-2.4355828762054443,3.893217086791992,7.528880596160889
1741033338511658800,133.34665869140625,-1.8524644374847412,2.76596736907959,6.583222389221191
1741033338521761300,133.35676123046875,-1.463478684425354,1.5222043991088867,5.25619649887085
1741033338531911400,133.3669113769531,-1.706150770187378,0.787837028503418,4.005253791809082
1741033338542216000,133.3772158203125,-2.5795717239379883,0.4774351119995117,2.795194387435913
1741033338552520200,133.3875202636719,-3.0801966190338135,0.1548137664794922,1.8871949911117554
1741033338562745300,133.39774536132813,-3.5855987071990967,-0.4107522964477539,1.2460112571716309
1741033338572864300,133.4078642578125,-3.937412738800049,-1.0972175598144531,0.7345624566078186
1741033338582966300,133.41796630859375,-3.9521825313568115,-1.862307071685791,0.3657635450363159
1741033338593068000,133.42806811523437,-3.8606913089752197,-2.5605287551879883,0.16825932264328003
1741033338603169800,133.43816967773438,-3.6560118198394775,-3.227254867553711,0.07856029272079468
1741033338613271600,133.448271484375,-3.5742671489715576,-3.6135988235473633,-0.005611002445220947
1741033338623373300,133.45837329101562,-3.5472183227539062,-3.710991859436035,-0.0248834490776062
1741033338633474800,133.46847485351563,-3.475625991821289,-3.7548389434814453,-0.06175011396408081
1741033338643576600,133.47857666015625,-3.3162450790405273,-3.7623586654663086,-0.0745929479598999
1741033338653679000,133.48867919921875,-2.9632256031036377,-3.843977928161621,-0.09970718622207642
1741033338663780900,133.49878076171876,-2.597062110900879,-3.9299674034118652,-0.11501091718673706
1741033338673882600,133.50888256835938,-2.272113084793091,-4.077276229858398,-0.16670823097229004
1741033338683984400,133.518984375,-1.9896979331970215,-4.039759159088135,-0.10313355922698975
1741033338694086100,133.52908618164062,-1.7714338302612305,-3.8400278091430664,-0.0459941029548645
1741033338704187600,133.53918774414063,-1.6188268661499023,-3.4821486473083496,-0.024329662322998047
1741033338714289400,133.54928930664062,-1.468232274055481,-2.969527244567871,-0.027287721633911133
1741033338724391200,133.55939111328124,-1.1721669435501099,-2.461338520050049,-0.06350862979888916
1741033338734493400,133.56949340820313,-0.8565194606781006,-1.9296045303344727,-0.14194941520690918
1741033338744595500,133.5795954589844,-0.4451732635498047,-1.380568504333496,-0.19171243906021118
1741033338754697200,133.589697265625,0.004286289215087891,-0.7663774490356445,-0.22319769859313965
1741033338764799000,133.59979907226563,0.45464229583740234,-0.22188663482666016,-0.3665494918823242
1741033338774900700,133.60990063476564,1.0374596118927002,0.20850181579589844,-0.5751405358314514
1741033338785002200,133.62000219726562,1.8105573654174805,0.7714605331420898,-0.8054383993148804
1741033338795104000,133.63010400390624,2.6725142002105713,1.5459260940551758,-1.0493851900100708
1741033338805205800,133.6402058105469,3.239617109298706,2.521389961242676,-1.342375636100769
1741033338815308300,133.65030834960936,3.3429062366485596,3.3150014877319336,-1.7481220960617065
1741033338825410000,133.66041015625,3.246406078338623,3.499650001525879,-2.423835277557373
1741033338835511800,133.67051171875,2.9346389770507812,3.1081199645996094,-3.2378554344177246
1741033338845613600,133.6806135253906,2.7201762199401855,2.4029722213745117,-3.8030500411987305
1741033338855715300,133.69071533203126,2.84443736076355,1.9159088134765625,-3.8098700046539307
1741033338865816800,133.70081689453124,3.171982765197754,1.9296483993530273,-3.2870306968688965
1741033338875918600,133.71091870117186,3.2435102462768555,2.2887115478515625,-2.7975168228149414
1741033338886020400,133.72102026367187,3.0116753578186035,3.1656885147094727,-2.3568081855773926
1741033338896122600,133.73112255859374,2.720801591873169,4.634450912475586,-1.8323713541030884
1741033338906224600,133.741224609375,2.447512626647949,6.2919721603393555,-1.2959089279174805
1741033338916326400,133.75132641601562,1.8275609016418457,6.981698989868164,-0.5976235270500183
1741033338926428700,133.7614287109375,1.2093477249145508,5.18321418762207,-0.341086208820343
1741033338936685800,133.7716857910156,0.31472325325012207,2.247748374938965,-0.6513144969940186
1741033338946990300,133.781990234375,-0.5429966449737549,0.2852964401245117,-0.5889584422111511
1741033338957293800,133.7922939453125,-1.2999743223190308,-0.6746482849121094,-0.16661179065704346
1741033338967430000,133.80242993164063,-1.7913005352020264,-0.6776943206787109,0.5559542179107666
1741033338977531400,133.81253149414061,-1.7270113229751587,0.40717029571533203,1.465290904045105
1741033338987633400,133.82263330078126,-1.5388563871383667,1.9463367462158203,2.385465383529663
1741033338997783600,133.83278344726563,-1.8011473417282104,2.882352828979492,2.9245593547821045
1741033339008088000,133.84308813476562,-1.521475076675415,2.817997932434082,3.102191925048828
1741033339018392300,133.85339233398437,-0.9513487815856934,2.083380699157715,3.0950865745544434
1741033339028618000,133.86361791992186,-0.3002817630767822,1.2736129760742188,2.9129273891448975
1741033339038736600,133.8737365722656,0.6462359428405762,0.8037347793579102,2.867009162902832
1741033339048838400,133.88383837890626,1.2683262825012207,0.7223033905029297,3.0223965644836426
1741033339058940200,133.89394018554688,1.192462682723999,0.3434410095214844,2.738384962081909
1741033339069042000,133.9040419921875,1.0107111930847168,-0.2991905212402344,2.014436721801758
1741033339079143400,133.91414331054688,0.7138328552246094,-1.0933570861816406,1.1764965057373047
1741033339089245200,133.9242451171875,0.5204521417617798,-1.958817958831787,0.572365939617157
1741033339099347700,133.93434765625,0.4668300151824951,-2.726644992828369,0.6401417851448059
1741033339109449500,133.94444946289062,0.6072732210159302,-3.4879989624023438,1.0007070302963257
1741033339119551200,133.95455126953124,0.3456951379776001,-4.215615272521973,1.2332288026809692
1741033339129653000,133.96465307617189,0.20553815364837646,-4.8341145515441895,1.4009019136428833
1741033339139754800,133.97475463867187,-0.4447970986366272,-5.035068511962891,1.278064489364624
1741033339149856500,133.9848564453125,-1.1501669883728027,-4.912632942199707,1.1991201639175415
1741033339159958000,133.9949580078125,-1.2390531301498413,-4.549295902252197,1.4010255336761475
1741033339170059800,134.00505981445312,-1.2203130722045898,-4.141274452209473,1.5622869729995728
1741033339180162000,134.015162109375,-0.7493722438812256,-3.8824024200439453,1.587822675704956
1741033339190264000,134.02526416015624,-0.20412033796310425,-4.023139953613281,1.431421160697937
1741033339200365800,134.03536572265625,0.22543734312057495,-4.326991558074951,1.2813082933425903
1741033339210467600,134.04546752929687,0.5846835374832153,-4.616137981414795,1.2880417108535767
1741033339220569300,134.0555693359375,1.1421126127243042,-4.5774993896484375,1.3180464506149292
1741033339230671000,134.0656711425781,1.7434293031692505,-4.543723106384277,1.2469286918640137
1741033339240772600,134.07577270507812,2.0316243171691895,-4.4578022956848145,1.0892266035079956
1741033339250874400,134.08587426757813,1.9882242679595947,-4.188312530517578,1.0730656385421753
1741033339260976000,134.09597607421875,2.001466751098633,-3.8317432403564453,0.9766383171081543
1741033339271078700,134.10607861328126,2.1909332275390625,-3.3457794189453125,0.9925286769866943
1741033339281180400,134.11618041992188,2.3111798763275146,-2.8150086402893066,1.2043428421020508
1741033339291282200,134.1262822265625,2.32212495803833,-2.2361373901367188,1.340751051902771
1741033339301384000,134.13638403320311,2.077815532684326,-1.4584169387817383,1.3398627042770386
1741033339311485700,134.14648559570313,1.9367748498916626,-0.4670429229736328,1.1323751211166382
1741033339321587200,134.15658715820314,1.7728031873703003,0.733799934387207,0.7899124622344971
1741033339331689000,134.16668896484376,1.4182075262069702,2.2683115005493164,0.4712640047073364
1741033339341790700,134.17679077148438,1.1133015155792236,3.596543312072754,-0.3952268362045288
1741033339351893000,134.18689306640624,0.5336694717407227,4.601300239562988,-1.8839305639266968
1741033339361995000,134.1969951171875,0.46833038330078125,5.097060203552246,-3.2681334018707275
1741033339372096800,134.2070966796875,0.6489098072052002,4.792844772338867,-4.185667991638184
1741033339382198500,134.21719848632813,1.3906521797180176,3.8558998107910156,-5.0524749755859375
1741033339392300300,134.22730029296875,2.7971742153167725,3.0340967178344727,-5.774588584899902
1741033339402401800,134.23740185546876,5.315364837646484,2.836522102355957,-6.203575611114502
1741033339412503600,134.24750366210938,10.256275177001953,2.4460010528564453,-5.892055988311768
1741033339422605300,134.25760522460936,9.035200119018555,2.5123701095581055,-3.9857444763183594
1741033339432707000,134.26770703125,4.067263126373291,2.9418106079101562,-1.8078734874725342
1741033339442809600,134.2778095703125,0.5300066471099854,3.3391828536987305,-0.167832612991333
1741033339452911400,134.28791137695313,-0.9279923439025879,3.027444839477539,0.999427855014801
1741033339463013000,134.29801318359375,-1.2637118101119995,2.3244400024414062,1.5308332443237305
1741033339473115400,134.30811547851562,-1.8795008659362793,1.993082046508789,1.7169666290283203
1741033339483276300,134.3182763671875,-2.781956911087036,2.321711540222168,2.0724430084228516
1741033339493497600,134.32849755859374,-3.5441348552703857,3.1102428436279297,2.4944300651550293
1741033339503683300,134.33868334960937,-3.726790428161621,3.80539608001709,2.848832130432129
1741033339513987800,134.34898779296876,-3.4365341663360596,4.180472373962402,3.1966328620910645
1741033339524173600,134.3591735839844,-2.8400189876556396,4.013785362243652,3.2895607948303223
1741033339534304300,134.36930419921876,-2.309502601623535,3.359193801879883,2.951916217803955
1741033339544422000,134.379421875,-2.1915366649627686,2.484346389770508,2.366206169128418
1741033339554523600,134.3895236816406,-2.199831247329712,1.4828205108642578,1.7352248430252075
1741033339564625200,134.39962524414062,-2.131584405899048,0.7273807525634766,1.6139943599700928
1741033339574727000,134.40972680664063,-2.0544886589050293,0.1438465118408203,1.563767910003662
1741033339584828700,134.41982861328125,-1.9070833921432495,-0.34292125701904297,1.5574345588684082
1741033339594930400,134.42993041992187,-1.8955018520355225,-0.6582164764404297,1.6101393699645996
1741033339605057000,134.44005712890626,-1.9712762832641602,-0.9286031723022461,1.6651830673217773
1741033339615361500,134.45036157226562,-2.162019729614258,-1.4111952781677246,1.575242042541504
1741033339625665500,134.46066552734376,-2.195115327835083,-2.092167377471924,1.393511414527893
1741033339635911000,134.47091088867188,-2.257152557373047,-2.9170193672180176,1.18157958984375
1741033339646034000,134.48103393554686,-2.2206342220306396,-3.7461748123168945,1.004474401473999
1741033339656135700,134.4911357421875,-2.181187152862549,-4.290139198303223,0.9290988445281982
1741033339666237200,134.5012373046875,-2.047173261642456,-4.538740634918213,0.9061451554298401
1741033339676339500,134.51133935546875,-1.8707642555236816,-4.496698379516602,0.9638429284095764
1741033339686441500,134.52144140625,-1.6262304782867432,-4.220703601837158,1.041231632232666
1741033339696543200,134.53154321289063,-1.2451249361038208,-4.03631067276001,0.9550209045410156
1741033339706645000,134.54164501953124,-0.7261486053466797,-4.188518047332764,0.7376562356948853
1741033339716746800,134.55174682617186,-0.16754508018493652,-4.402261734008789,0.5100263357162476
1741033339726848500,134.5618486328125,0.3514690399169922,-4.607885360717773,0.2948527932167053
1741033339736950300,134.5719501953125,0.6719083786010742,-4.595796585083008,0.1313200294971466
1741033339747051800,134.5820517578125,0.8859946727752686,-4.332716941833496,0.015572525560855865
1741033339757153500,134.59215356445313,1.0517361164093018,-3.9524240493774414,-0.10971580445766449
1741033339767255600,134.60225561523438,1.09627366065979,-3.2969489097595215,-0.20048587024211884
1741033339777357800,134.61235791015625,1.0014023780822754,-2.402120590209961,-0.23666435480117798
1741033339787459600,134.62245947265626,0.92597496509552,-1.4821109771728516,-0.3245397210121155
1741033339797561300,134.63256127929688,0.825575590133667,-0.7169885635375977,-0.5614670515060425
1741033339807663000,134.6426630859375,0.8845871686935425,-0.14776611328125,-1.0258500576019287
1741033339817764900,134.65276489257812,0.9771846532821655,0.4619331359863281,-1.5561230182647705
1741033339827866400,134.66286645507813,1.244829773902893,1.3875560760498047,-2.0311450958251953
1741033339837968100,134.6729680175781,1.8549126386642456,2.3985300064086914,-2.6632702350616455
1741033339848070000,134.68306982421876,2.222712278366089,3.604262351989746,-3.1499059200286865
1741033339858172200,134.69317211914063,4.1188530921936035,4.665072441101074,-3.6757569313049316
1741033339868274200,134.70327416992188,5.797966957092285,4.894521713256836,-4.523550510406494
1741033339878376000,134.7133759765625,5.741647720336914,4.1126508712768555,-5.180935859680176
1741033339888477700,134.72347778320312,5.475208759307861,3.100144386291504,-5.015555381774902
1741033339898579500,134.73357934570313,5.525613784790039,2.4896631240844727,-4.2623138427734375
1741033339908681000,134.74368090820312,5.349809646606445,2.280085563659668,-3.6125569343566895
1741033339918782700,134.75378271484374,4.944096565246582,2.612529754638672,-3.1767876148223877
1741033339928884500,134.76388452148439,4.007107734680176,3.6543312072753906,-2.8908586502075195
1741033339938986200,134.773986328125,2.60465669631958,5.562564849853516,-2.380966901779175
1741033339949088300,134.78408813476562,0.5459127426147461,7.095696449279785,-1.709397792816162
1741033339959190500,134.7941904296875,-1.7315751314163208,6.801180839538574,-0.7846100330352783
1741033339969292300,134.80429223632814,-3.0621097087860107,4.460541725158691,-0.3894749879837036
1741033339979393800,134.81439379882812,-4.077761650085449,1.4803094863891602,-0.11763989925384521
1741033339989495600,134.82449560546874,-4.6691484451293945,-0.4871091842651367,0.06699961423873901
1741033339999597300,134.8345974121094,-5.005158424377441,-1.4580106735229492,0.31242167949676514
1741033340009699000,134.84469897460937,-5.178686141967773,-1.4753694534301758,0.7210796475410461
1741033340019800800,134.85480078125,-4.590778350830078,-0.5525989532470703,0.8849735260009766
1741033340029902600,134.8649025878906,-3.7013649940490723,0.71728515625,0.7935497760772705
1741033340040004400,134.87500439453126,-2.8012847900390625,1.8957185745239258,0.5888730883598328
1741033340050106600,134.88510668945312,-2.0588271617889404,2.8863372802734375,0.92201828956604
1741033340060208400,134.89520849609374,-1.0397882461547852,3.327188491821289,1.7954635620117188
1741033340070310100,134.90531005859376,-0.2481181025505066,2.892963409423828,2.4185688495635986
1741033340080425000,134.91542504882813,0.06113957613706589,1.8391294479370117,2.6898980140686035
1741033340090729200,134.92572924804688,0.1414489448070526,0.6785526275634766,2.873267412185669
1741033340101033500,134.93603344726563,0.23691339790821075,-0.4163064956665039,2.956024646759033
1741033340111283200,134.946283203125,0.3129541873931885,-1.3041181564331055,3.079535722732544
1741033340121413400,134.95641333007814,0.4250965118408203,-2.0957531929016113,3.3653547763824463
1741033340131515100,134.96651513671875,0.5760890245437622,-2.692979335784912,3.6163856983184814
1741033340141617000,134.97661694335937,0.4933429956436157,-3.0789575576782227,3.7946650981903076
1741033340151718700,134.98671875,0.13615429401397705,-3.4343910217285156,3.593761920928955
1741033340161820400,134.9968203125,-0.23526400327682495,-3.33463191986084,3.824037551879883
1741033340171922000,135.006921875,-0.18075478076934814,-3.286400318145752,3.72568416595459
1741033340182024400,135.0170244140625,0.024936378002166748,-3.3815832138061523,3.1995670795440674
1741033340192126200,135.02712622070314,0.3575552701950073,-3.5547966957092285,2.289916753768921
1741033340202228000,135.03722802734376,0.526090145111084,-3.8311123847961426,1.4224228858947754
1741033340212329700,135.04732983398438,0.6357190608978271,-3.9915261268615723,0.7121011018753052
1741033340222431500,135.05743139648436,0.6729297637939453,-4.01961088180542,0.18848924338817596
1741033340232533200,135.067533203125,0.7923359870910645,-4.0763349533081055,-0.16247215867042542
1741033340242635000,135.07763500976563,0.8305234909057617,-4.258631706237793,-0.40551602840423584
1741033340252736500,135.0877365722656,0.823110818862915,-4.435387134552002,-0.5212135910987854
1741033340262838300,135.09783837890626,0.8552289009094238,-4.732927322387695,-0.5669960379600525
1741033340272940300,135.10794018554688,0.856391191482544,-4.976804256439209,-0.49015745520591736
1741033340283042600,135.11804248046874,0.7129504680633545,-5.173714637756348,-0.30444401502609253
1741033340293144300,135.12814428710936,0.7529740333557129,-5.103676795959473,-0.020398106426000595
1741033340303246000,135.13824609375,0.9306814670562744,-4.7758469581604,0.35687556862831116
1741033340313347800,135.14834790039063,1.305483102798462,-4.38767671585083,0.5846672654151917
1741033340323449600,135.15844970703125,1.8065314292907715,-3.899108409881592,0.7682788968086243
1741033340333551000,135.16855102539063,2.2303473949432373,-3.3317089080810547,0.9016566872596741
1741033340343652900,135.17865283203125,2.5495519638061523,-2.595452308654785,1.1009998321533203
1741033340353754600,135.18875463867187,2.7806944847106934,-1.5508971214294434,1.418201208114624
1741033340363856400,135.1988564453125,2.6862642765045166,-0.198028564453125,1.8031291961669922
1741033340373959000,135.208958984375,2.1741843223571777,1.261739730834961,2.1625137329101562
1741033340384060700,135.21906079101564,0.9742734432220459,2.7783098220825195,2.382356643676758
1741033340394162400,135.22916235351562,-0.7502385973930359,4.435088157653809,2.311673402786255
1741033340404264200,135.23926416015624,-1.105398178100586,5.88083553314209,1.0508654117584229
1741033340414365700,135.24936572265625,0.10512316226959229,6.423303604125977,-1.304988980293274
1741033340424467500,135.25946752929687,0.8434977531433105,5.610320091247559,-3.4900898933410645
1741033340434569200,135.2695693359375,1.110634446144104,4.115050315856934,-4.855491638183594
1741033340444671000,135.2796708984375,0.8819277286529541,2.694364547729492,-5.600709915161133
1741033340454772700,135.28977270507812,1.3313956260681152,1.7684087753295898,-6.241883754730225
1741033340464874500,135.29987451171874,5.116086006164551,0.17545318603515625,-7.410868167877197
1741033340474976500,135.3099765625,9.062237739562988,-0.5472850799560547,-6.622757911682129
1741033340485078500,135.32007861328125,6.817366600036621,1.272109031677246,-3.645237445831299
1741033340495180300,135.33018017578124,3.4384145736694336,3.231480598449707,-1.2499929666519165
1741033340505282000,135.34028198242189,0.8309481143951416,4.356616973876953,0.37551361322402954
1741033340515383800,135.3503837890625,-0.6599903106689453,4.398090362548828,1.9740983247756958
1741033340525485600,135.36048559570312,-1.9741084575653076,3.7611379623413086,2.8946304321289062
1741033340535588000,135.37058813476563,-2.9083189964294434,3.201388359069824,2.9932281970977783
1741033340545892600,135.380892578125,-3.125013828277588,3.000821113586426,2.433938503265381
1741033340556196900,135.39119677734374,-3.005666971206665,3.29055118560791,1.6253429651260376
1741033340566461700,135.40146166992187,-2.9678525924682617,4.047040939331055,1.2189146280288696
1741033340576589000,135.4115891113281,-3.041661262512207,4.760342597961426,1.5539799928665161
1741033340586690600,135.42169067382812,-3.036036491394043,4.945537567138672,2.49044132232666
1741033340596792300,135.43179223632814,-2.891298532485962,4.436491966247559,3.462235450744629
1741033340606894000,135.44189404296876,-2.627214193344116,3.179424285888672,3.7506933212280273
1741033340616995800,135.45199584960938,-2.380361795425415,1.3909120559692383,3.187237024307251
1741033340627098000,135.46209814453124,-2.1061925888061523,-0.28629589080810547,2.415802240371704
1741033340637199600,135.47219970703125,-1.8265454769134521,-1.4285764694213867,1.9948256015777588
1741033340647444200,135.4824443359375,-1.614386796951294,-2.084902763366699,1.8524278402328491
1741033340657748700,135.49274877929687,-1.4303840398788452,-2.3939857482910156,1.8364211320877075
1741033340667875000,135.502875,-1.269021987915039,-2.6505722999572754,1.7986360788345337
1741033340678155800,135.51315576171876,-1.2051652669906616,-2.804335117340088,1.7655540704727173
1741033340688302600,135.52330249023439,-0.9939723014831543,-2.946204662322998,1.7225391864776611
1741033340698405000,135.5334050292969,-0.8561413288116455,-3.1593475341796875,1.6182291507720947
1741033340708507000,135.5435068359375,-0.767662525177002,-3.5792102813720703,1.4350205659866333
1741033340718608400,135.5536083984375,-0.7488614320755005,-4.135348320007324,1.2327022552490234
1741033340728710400,135.56371044921875,-0.6372110843658447,-4.6206488609313965,1.0660525560379028
1741033340738884400,135.57388427734375,-0.5140074491500854,-4.969388484954834,0.9273694753646851
1741033340749188900,135.58418896484375,-0.38467085361480713,-5.0699357986450195,0.8185710906982422
1741033340759492900,135.59449291992186,-0.1946249008178711,-4.94261360168457,0.7631579637527466
1741033340769699000,135.60469897460936,0.046124935150146484,-4.56182336807251,0.6789867877960205
1741033340779813600,135.61481372070313,0.21137547492980957,-3.9998269081115723,0.6086336970329285
1741033340789915400,135.62491528320314,0.35793256759643555,-3.3999691009521484,0.4510990083217621
1741033340800017200,135.63501708984376,0.33752405643463135,-2.812931537628174,0.3041894733905792
1741033340810119000,135.64511889648438,0.3922213315963745,-2.22690486907959,0.2014313042163849
1741033340820220400,135.6552204589844,0.36499059200286865,-1.6741747856140137,-0.03401666879653931
1741033340830322200,135.665322265625,0.19072794914245605,-1.219156265258789,-0.3838103413581848
1741033340840424000,135.675423828125,0.14250636100769043,-0.9402151107788086,-0.7246728539466858
1741033340850525700,135.6855256347656,0.020862102508544922,-0.5180292129516602,-1.0310430526733398
1741033340860627500,135.69562744140626,-0.1279003620147705,-0.006954193115234375,-1.28236722946167
1741033340870729200,135.70572924804688,-0.13709592819213867,0.5907621383666992,-1.5453670024871826
1741033340880831700,135.71583178710938,-0.09428048133850098,1.2135944366455078,-1.8516489267349243
1741033340890933500,135.72593359375,0.16874825954437256,1.816497802734375,-2.2615365982055664
1741033340901035000,135.73603491210937,2.5877506732940674,2.246723175048828,-2.9252238273620605
1741033340911136800,135.74613671875,4.008021831512451,2.481022834777832,-3.72409725189209
1741033340921238500,135.75623852539061,3.1071643829345703,2.5341014862060547,-4.277767181396484
1741033340931340300,135.76634033203126,2.336052894592285,2.59676456451416,-4.470333099365234
1741033340941442000,135.77644213867188,2.8433001041412354,2.5393733978271484,-4.66506814956665
1741033340951543800,135.78654370117187,4.043947696685791,2.418031692504883,-4.887762069702148
1741033340961645300,135.79664526367188,4.218347549438477,2.4762649536132812,-4.769478797912598
1741033340971747000,135.8067470703125,3.8849031925201416,2.874508857727051,-4.432507038116455
1741033340981849600,135.816849609375,3.2593984603881836,3.546902656555176,-4.115015029907227
1741033340991951400,135.82695141601562,2.1540005207061768,4.53449821472168,-3.7277255058288574
1741033341002053000,135.83705322265624,0.987000584602356,5.139296531677246,-3.144240379333496
1741033341012155000,135.84715478515625,-0.19298794865608215,4.876713752746582,-2.2549023628234863
1741033341022256600,135.85725659179687,-1.4224070310592651,3.512826919555664,-1.430497169494629
1741033341032358400,135.8673583984375,-2.136647939682007,1.5857210159301758,-0.7534722089767456
1741033341042460000,135.8774599609375,-2.6008052825927734,-0.02196788787841797,-0.23507407307624817
1741033341052561700,135.88756176757812,-2.6684296131134033,-0.8720741271972656,-0.13812610507011414
1741033341062663400,135.89766333007813,-2.9041714668273926,-0.6869583129882812,-0.16372838616371155
1741033341072765200,135.90776513671875,-2.7023470401763916,0.5160255432128906,-0.24533382058143616
1741033341082867000,135.91786694335937,-1.9588443040847778,2.052305221557617,-0.19630512595176697
1741033341092969200,135.92796923828126,-1.4319957494735718,3.0679073333740234,0.11332271993160248
1741033341103071200,135.9380712890625,-1.0372705459594727,3.2783203125,0.6914491653442383
1741033341113173000,135.9481730957031,-0.5914254188537598,2.8552446365356445,1.534510850906372
1741033341123274500,135.9582744140625,-0.310757577419281,1.9982738494873047,1.9336812496185303
1741033341133376300,135.96837622070314,-0.2475556582212448,1.2382745742797852,2.078627586364746
1741033341143478000,135.97847802734375,-0.1769428551197052,0.5600805282592773,1.8927735090255737
1741033341153579800,135.98857983398437,-0.07120200991630554,-0.05047798156738281,1.6261482238769531
1741033341163681500,135.998681640625,-0.17188580334186554,-0.7559595108032227,1.6361993551254272
1741033341173783300,136.008783203125,-0.39868417382240295,-1.7124462127685547,1.5298197269439697
1741033341183884800,136.018884765625,-0.7669334411621094,-2.5909342765808105,1.4131946563720703
1741033341193986800,136.02898681640625,-1.1458344459533691,-2.7572927474975586,2.6563775539398193
1741033341204089000,136.03908911132814,-0.8406732678413391,-2.6648292541503906,4.314269542694092
1741033341214190800,136.04919091796876,-0.38021039962768555,-2.9285330772399902,5.202798366546631
1741033341224292900,136.05929296875,0.011283636093139648,-3.2016286849975586,5.039902687072754
1741033341234490600,136.06949072265624,0.04998600482940674,-3.2738914489746094,4.360340118408203
1741033341244795100,136.07979516601563,-0.08521175384521484,-3.3234333992004395,3.362297296524048
1741033341255099100,136.09009912109374,-0.06106257438659668,-3.689126968383789,2.0938191413879395
1741033341265285000,136.10028515625,-0.008756160736083984,-4.1124186515808105,0.941192626953125
1741033341275395300,136.11039526367188,0.20027685165405273,-4.411022186279297,0.20742103457450867
1741033341285497600,136.12049755859374,0.07375168800354004,-4.878560543060303,-0.3599281311035156
1741033341295599400,136.1305993652344,0.04260444641113281,-5.549976348876953,-0.6543840169906616
1741033341305701000,136.140701171875,-0.07223749160766602,-6.05438232421875,-0.6642506718635559
1741033341315803000,136.15080297851563,0.1629014015197754,-6.216193199157715,-0.38973358273506165
1741033341325904600,136.1609045410156,0.7060880661010742,-5.862981796264648,0.16891980171203613
1741033341336006400,136.17100634765626,1.2819557189941406,-5.2753801345825195,0.6979928016662598
1741033341346108200,136.18110815429688,1.7437593936920166,-4.718609809875488,0.9615066647529602
1741033341356210000,136.1912099609375,1.9590613842010498,-4.094875812530518,0.9574722051620483
1741033341366311400,136.2013115234375,2.139714241027832,-3.470754623413086,1.0865229368209839
1741033341376413200,136.2114130859375,2.3047609329223633,-2.7810163497924805,1.2022652626037598
1741033341386515500,136.2215153808594,2.391573905944824,-1.845543384552002,1.308924913406372
1741033341396618000,136.2316179199219,2.3063435554504395,-0.5729494094848633,1.4786525964736938
1741033341406719700,136.2417197265625,2.015620708465576,0.9308013916015625,1.527571439743042
1741033341416952300,136.25195239257812,1.1058826446533203,2.5388927459716797,1.5282500982284546
1741033341427256800,136.2622568359375,-0.015845298767089844,3.845828056335449,1.3601216077804565
1741033341437560600,136.272560546875,-1.1467912197113037,4.92529296875,0.9992480278015137
1741033341447718000,136.2827177734375,-2.4464995861053467,5.744011878967285,-0.24748054146766663
1741033341457822000,136.29282202148437,-3.4966228008270264,5.786482810974121,-2.491443634033203
1741033341467924500,136.30292456054687,-2.820880889892578,4.957082748413086,-4.8719024658203125
1741033341478049300,136.31304931640625,-0.954593300819397,3.753689765930176,-6.312997341156006
1741033341488353800,136.32335375976564,0.42479848861694336,2.488588333129883,-7.740421295166016
1741033341498658000,136.33365795898436,5.512026786804199,0.44152069091796875,-8.586174011230469
1741033341508890600,136.343890625,11.818347930908203,-1.1519393920898438,-6.768144130706787
1741033341519006700,136.3540068359375,10.405620574951172,0.0969839096069336,-3.2948126792907715
1741033341529129000,136.36412890625,5.097496032714844,2.1559982299804688,-1.7268919944763184
1741033341539230700,136.37423071289064,2.246959686279297,3.629366874694824,-0.6479634046554565
1741033341549332500,136.38433251953126,0.34146642684936523,4.332903861999512,1.0793535709381104
1741033341559434200,136.39443432617188,-0.8606166839599609,4.385221481323242,2.6424384117126465
1741033341569535700,136.40453564453125,-2.068881034851074,4.389377593994141,3.5014567375183105
1741033341579637500,136.41463745117187,-3.0493719577789307,4.383957862854004,3.1669769287109375
1741033341589739300,136.4247392578125,-3.9482195377349854,4.70529842376709,2.651134967803955
1741033341599841800,136.434841796875,-4.296278476715088,5.10910701751709,2.61643123626709
1741033341609943600,136.4449436035156,-4.110462188720703,5.020437240600586,3.149670124053955
1741033341620045300,136.45504541015626,-3.0834765434265137,4.15934944152832,3.3934054374694824
1741033341630147000,136.46514697265624,-2.40938138961792,2.9825439453125,2.6976325511932373
1741033341640248800,136.47524877929686,-2.3303234577178955,2.0680580139160156,2.0727713108062744
1741033341650350300,136.48535034179687,-2.546834707260132,1.3668270111083984,1.7123868465423584
1741033341660452000,136.4954521484375,-2.746596097946167,0.7726879119873047,1.3621625900268555
1741033341670553900,136.5055539550781,-2.879044532775879,0.20639324188232422,1.1524367332458496
1741033341680655600,136.51565551757812,-3.011319875717163,-0.40094852447509766,1.0215771198272705
1741033341690757400,136.52575732421874,-3.1299045085906982,-1.139786720275879,0.835113525390625
1741033341700859100,136.53585913085936,-3.188100576400757,-1.9280776977539062,0.653750479221344
1741033341710961200,136.54596118164062,-3.148512840270996,-2.6850714683532715,0.49775296449661255
1741033341721063200,136.55606323242188,-2.991208076477051,-3.35150146484375,0.4571768045425415
1741033341731165000,136.5661650390625,-2.6852433681488037,-3.881180763244629,0.35379043221473694
1741033341741266700,136.5762666015625,-2.2356011867523193,-4.287970542907715,0.3163827657699585
1741033341751368400,136.58636840820313,-1.875656247138977,-4.471131324768066,0.2866903245449066
1741033341761470200,136.59647021484375,-1.5747734308242798,-4.607264041900635,0.245524063706398
1741033341771572000,136.60657202148437,-1.4323155879974365,-4.705719470977783,0.18635335564613342
1741033341781673500,136.61667358398438,-1.084472894668579,-4.778604507446289,0.013260632753372192
1741033341791775200,136.62677514648436,-0.9897689819335938,-4.70637321472168,-0.14275848865509033
1741033341801877000,136.636876953125,-0.7677810192108154,-4.4609456062316895,-0.20611779391765594
1741033341811978800,136.64697875976563,-0.3947439193725586,-4.026202201843262,-0.18385447561740875
1741033341822080800,136.6570808105469,-0.12402796745300293,-3.4454116821289062,-0.09878760576248169
1741033341832254700,136.66725463867186,0.0466005802154541,-2.720716953277588,-0.0122871994972229
1741033341842559200,136.6775593261719,0.04065656661987305,-1.9112977981567383,0.11320271342992783
1741033341852863200,136.68786328125,-0.1110544204711914,-1.0839042663574219,0.16337478160858154
1741033341863069400,136.6980693359375,-0.385699987411499,-0.3668556213378906,0.06293558329343796
1741033341873184000,136.70818408203124,-0.584082841873169,0.26955318450927734,-0.18926946818828583
1741033341883285500,136.7182854003906,-0.7267694473266602,0.9027690887451172,-0.4997444450855255
1741033341893387300,136.72838720703126,-1.0717519521713257,1.7052373886108398,-1.0836851596832275
1741033341903489000,136.73848901367188,-1.4770575761795044,2.4261884689331055,-1.6662461757659912
1741033341913590800,136.7485908203125,-1.6879165172576904,3.1262826919555664,-2.40390682220459
1741033341923693300,136.758693359375,-1.7533842325210571,3.4207897186279297,-3.268205165863037
1741033341933795000,136.76879516601562,-1.638148546218872,3.2235336303710938,-4.089641571044922
1741033341943896800,136.77889672851563,-1.0932965278625488,2.711282730102539,-4.517913341522217
1741033341953998600,136.78899853515625,-0.14150261878967285,2.272991180419922,-4.2130584716796875
1741033341964100000,136.79910009765624,0.9888451099395752,1.9378747940063477,-3.547157049179077
1741033341974201900,136.80920190429688,4.057871341705322,1.727071762084961,-3.1244263648986816
1741033341984303600,136.8193037109375,7.460377216339111,1.5385913848876953,-3.8308756351470947
1741033341994405400,136.8294052734375,4.007555961608887,1.3024101257324219,-4.424009799957275
1741033342004507100,136.83950708007814,1.876652479171753,1.5251131057739258,-4.333176136016846
1741033342014609000,136.84960888671876,1.7996268272399902,2.831601142883301,-4.233562469482422
1741033342024711200,136.85971118164062,2.8271994590759277,4.611630439758301,-3.949802875518799
1741033342034944300,136.8699443359375,2.558742046356201,6.064357757568359,-3.0647976398468018
1741033342045248800,136.88024877929686,1.4564158916473389,5.710616111755371,-2.5180578231811523
1741033342055552500,136.89055249023437,0.5117179751396179,3.696378707885742,-2.631519317626953
1741033342065710000,136.9007099609375,0.011947154998779297,1.1044797897338867,-2.310371160507202
1741033342075814000,136.91081396484375,-0.2918235659599304,-1.1266899108886719,-1.6099169254302979
1741033342085915600,136.92091552734374,-0.6059935092926025,-2.2564868927001953,-1.1954582929611206
1741033342096017400,136.93101733398439,-0.8571203947067261,-2.0582118034362793,-1.1136342287063599
1741033342106119200,136.941119140625,-0.9795196056365967,-0.4776153564453125,-0.7892346978187561
1741033342116221000,136.95122094726563,-1.0577175617218018,1.6723031997680664,-0.07368776202201843
1741033342126323000,136.96132299804688,-0.8878756761550903,3.3322439193725586,0.74403977394104
1741033342136425200,136.97142529296875,-0.46293410658836365,3.9263486862182617,1.4855821132659912
1741033342146526700,136.98152661132812,-0.10740593075752258,3.628570556640625,2.0609357357025146
1741033342156628500,136.99162841796874,0.0830225944519043,2.65411376953125,1.9058884382247925
1741033342166730200,137.0017302246094,0.37663954496383667,1.8260183334350586,1.7355148792266846
1741033342176832000,137.01183203125,0.7211630940437317,1.2233610153198242,2.0488975048065186
1741033342186933800,137.02193383789063,1.1012132167816162,0.5904111862182617,2.742415189743042
1741033342197035500,137.0320354003906,1.2480313777923584,-0.4475069046020508,3.55139422416687
1741033342207137000,137.04213696289062,1.5283235311508179,-1.4799718856811523,4.417407989501953
1741033342217238800,137.05223876953124,1.7343310117721558,-2.255064010620117,5.321362018585205
1741033342227340500,137.06234057617186,2.047916889190674,-2.9526286125183105,5.958763122558594
1741033342237442300,137.0724423828125,2.207171678543091,-3.733470916748047,6.285616874694824
1741033342247544800,137.082544921875,1.8710650205612183,-4.584395885467529,5.841002464294434
1741033342257669600,137.09266967773436,1.1138744354248047,-5.164482593536377,4.7936882972717285
1741033342267974100,137.10297412109375,0.35655564069747925,-5.395585536956787,3.7558579444885254
1741033342278278400,137.1132783203125,-0.13142269849777222,-5.316379547119141,2.976830005645752
1741033342288523800,137.12352368164062,-0.4999849200248718,-5.131189346313477,2.1961214542388916
1741033342298647600,137.1336474609375,-0.6489123106002808,-4.6746015548706055,1.3318006992340088
1741033342308749000,137.1437490234375,-0.6580948233604431,-4.103667736053467,0.6255000233650208
1741033342318850800,137.1538508300781,-0.4609113335609436,-3.960569381713867,0.10123229026794434
1741033342328952600,137.16395263671876,-0.0050095319747924805,-3.984238624572754,-0.30421772599220276
1741033342339054300,137.17405444335938,0.167624831199646,-4.167975425720215,-0.6495181322097778
1741033342349156000,137.18415600585936,0.5562559366226196,-4.37386417388916,-0.6951010823249817
1741033342359258400,137.19425830078126,0.6984678506851196,-4.444719314575195,-0.5191200375556946
1741033342369360400,137.2043603515625,0.7616530656814575,-4.365293025970459,0.08142691850662231
1741033342379463000,137.214462890625,0.7753441333770752,-4.26312780380249,0.7012823224067688
1741033342389731800,137.22473193359374,1.0680625438690186,-4.138001918792725,1.266298532485962
1741033342399846100,137.23484619140626,1.4867382049560547,-3.9935646057128906,1.4142615795135498
1741033342410150700,137.24515063476562,1.768204689025879,-3.7096195220947266,1.3207213878631592
1741033342420421400,137.25542138671875,2.357905149459839,-3.2158780097961426,1.232118844985962
1741033342430565000,137.26556518554688,2.789588212966919,-2.396599292755127,1.3894789218902588
1741033342440667000,137.2756669921875,3.1091907024383545,-1.3813958168029785,1.6349436044692993
1741033342450768400,137.28576831054687,3.2098474502563477,-0.12148571014404297,1.749798059463501
1741033342460870100,137.2958701171875,3.184199094772339,1.4667425155639648,2.234771251678467
1741033342470972000,137.30597192382814,2.7137069702148438,3.312981605529785,2.6682679653167725
1741033342481073700,137.31607373046876,1.9985885620117188,5.174607276916504,2.664125919342041
1741033342491175400,137.32617553710938,0.5183897018432617,6.360438346862793,1.8371027708053589
1741033342501277200,137.33627709960936,-1.7623666524887085,5.818998336791992,-0.46959203481674194
1741033342511378700,137.34637866210937,-2.162891387939453,4.439599990844727,-2.845111846923828
1741033342521481200,137.35648120117187,-0.6943478584289551,3.7009878158569336,-4.366612911224365
1741033342531583000,137.3665830078125,3.8155696392059326,3.252011299133301,-7.617946147918701
1741033342541684700,137.3766848144531,10.706096649169922,3.863520622253418,-9.594724655151367
1741033342551786500,137.38678637695313,10.2560396194458,5.3926496505737305,-7.224466323852539
1741033342561888300,137.39688818359375,4.667825698852539,6.693711280822754,-3.5670228004455566
1741033342571990000,137.40698999023436,2.7910478115081787,7.255931854248047,-1.4084442853927612
1741033342582091800,137.417091796875,3.3388566970825195,4.55399227142334,0.46189916133880615
1741033342592193300,137.427193359375,2.453935384750366,2.020524024963379,2.0318715572357178
1741033342602295000,137.437294921875,1.1304583549499512,1.6384248733520508,2.7705087661743164
1741033342612396800,137.44739672851563,-0.3490457534790039,2.530776023864746,3.010103225708008
1741033342622498600,137.45749853515625,-1.9351824522018433,4.039790153503418,3.2259953022003174
1741033342632600300,137.46760034179687,-2.829591751098633,5.451671600341797,3.683983087539673
1741033342642702000,137.4777021484375,-2.8013713359832764,6.01017951965332,4.2378740310668945
1741033342652804400,137.48780444335938,-2.254551410675049,5.569634437561035,4.456717491149902
1741033342662906400,137.49790625,-1.7456438541412354,4.300848007202148,3.7486889362335205
1741033342673008600,137.50800854492186,-1.290908932685852,2.819986343383789,2.504758358001709
1741033342683277600,137.51827758789062,-1.0693328380584717,1.4453859329223633,1.4520028829574585
1741033342693582000,137.52858203125,-0.9149672985076904,0.4721708297729492,0.9756845235824585
1741033342703875800,137.53887573242187,-0.8699145317077637,-0.2278757095336914,0.987802267074585
1741033342714008800,137.5490087890625,-0.8956992626190186,-0.9409170150756836,1.1666547060012817
1741033342724110600,137.55911059570312,-0.9146642684936523,-1.555619716644287,1.4251410961151123
1741033342734212400,137.56921240234374,-0.972132682800293,-2.1704764366149902,1.7849849462509155
1741033342744314000,137.57931420898439,-1.1173152923583984,-2.878814220428467,2.028578758239746
1741033342754416000,137.589416015625,-1.4083144664764404,-3.5286178588867188,2.2162773609161377
1741033342764518400,137.59951831054687,-1.7137328386306763,-4.107001304626465,2.218064069747925
1741033342774620000,137.60961987304688,-1.949775218963623,-4.472937107086182,2.2533233165740967
1741033342784721700,137.6197216796875,-2.078693389892578,-4.735543727874756,2.244168519973755
1741033342794823400,137.62982348632812,-2.149869918823242,-4.937961101531982,2.1606762409210205
1741033342804925200,137.63992529296874,-2.2173352241516113,-5.015961647033691,2.001514434814453
1741033342815027000,137.65002685546875,-2.3638219833374023,-4.955706596374512,1.9490792751312256
1741033342825129200,137.66012915039062,-2.555908203125,-4.738472938537598,1.9002407789230347
1741033342835230500,137.67023046875,-2.9482126235961914,-4.481716156005859,1.776820421218872
1741033342845511200,137.68051123046874,-3.35125470161438,-4.172075271606445,1.556101679801941
1741033342855815400,137.6908154296875,-3.6794772148132324,-3.7752318382263184,1.3517999649047852
1741033342866099700,137.701099609375,-3.9436049461364746,-3.2525153160095215,1.253392219543457
1741033342876232000,137.71123193359375,-4.01101016998291,-2.660891532897949,1.141075849533081
1741033342886333700,137.72133374023437,-3.9240472316741943,-2.0860023498535156,1.036541223526001
1741033342896435500,137.731435546875,-3.2985305786132812,-1.2719106674194336,1.1685316562652588
1741033342906537200,137.741537109375,-1.8333656787872314,-0.1775798797607422,1.1483155488967896
1741033342916639000,137.75163891601562,-1.4380404949188232,0.6855487823486328,0.6140967607498169
1741033342926740700,137.76174072265624,-2.4153881072998047,1.4696311950683594,0.23160123825073242
1741033342936842200,137.77184228515625,-2.953993320465088,2.181001663208008,-0.22235716879367828
1741033342946944000,137.78194409179687,-3.9195785522460938,2.3303213119506836,-1.0729458332061768
1741033342957045800,137.79204565429689,-5.022017955780029,2.4195241928100586,-2.1431334018707275
1741033342967147500,137.8021474609375,-5.66660213470459,2.3826751708984375,-3.707721471786499
1741033342977249300,137.81224926757812,-5.989140033721924,2.5561752319335938,-4.954914569854736
1741033342987351000,137.82235107421874,-5.067537784576416,3.093430995941162,-5.86424446105957
1741033342997452500,137.83245263671876,-3.193655252456665,3.7657055854797363,-5.785238742828369
1741033343007555300,137.84255541992187,-0.4389023780822754,4.117812633514404,-5.16848611831665
1741033343017656800,137.85265673828124,1.6112618446350098,4.623899936676025,-4.065418243408203
1741033343027758600,137.8627585449219,2.212677001953125,5.28335428237915,-2.9210047721862793
1741033343037860400,137.8728603515625,1.8656187057495117,6.011056900024414,-2.1437759399414062
1741033343047962000,137.88296215820313,0.915168285369873,6.5931596755981445,-2.200458526611328
1741033343058064000,137.89306396484375,0.0031452178955078125,6.4776611328125,-2.7399935722351074
1741033343068165600,137.90316552734376,-0.5738339424133301,5.482230186462402,-3.3928675651550293
1741033343078267100,137.91326708984374,-0.8230710029602051,4.577244758605957,-3.7971439361572266
1741033343088369000,137.92336889648436,-0.6664218902587891,3.7974166870117188,-3.3190555572509766
1741033343098470700,137.933470703125,-0.6811599731445312,2.623021125793457,-2.2339305877685547
1741033343108572400,137.94357250976563,-1.1614561080932617,0.9309167861938477,-1.470801591873169
1741033343118674200,137.9536740722656,-1.6199216842651367,-0.47383928298950195,-1.119431734085083
1741033343128776000,137.96377587890626,-1.8053553104400635,-1.0914921760559082,-0.8788501620292664
1741033343138877400,137.97387744140624,-1.432743787765503,-0.5254216194152832,-0.4546118378639221
1741033343148980000,137.98397998046875,-0.5666289329528809,0.7708683013916016,0.017287224531173706
1741033343159081700,137.99408178710937,0.09555578231811523,2.0031604766845703,0.424329936504364
1741033343169183500,138.00418359375,0.6435232162475586,2.855039596557617,0.8032318949699402
1741033343179285200,138.01428515625,0.9113388061523438,3.2960891723632812,0.9788936376571655
1741033343189387000,138.02438696289062,0.7553491592407227,3.1591625213623047,0.8270069360733032
1741033343199488800,138.03448876953124,0.4554271697998047,2.406214714050293,0.37680572271347046
1741033343209590500,138.04459057617188,0.24065351486206055,1.5673274993896484,0.12086775153875351
1741033343219692000,138.05469213867187,0.34122323989868164,0.8603601455688477,0.22591739892959595
1741033343229793800,138.06479370117188,0.6207010746002197,0.20063400268554688,0.5661673545837402
1741033343239895600,138.0748955078125,0.936103343963623,-0.5294065475463867,1.0009313821792603
1741033343249997300,138.08499731445312,1.0547833442687988,-1.3249802589416504,1.4796395301818848
1741033343260099000,138.09509912109374,1.0193383693695068,-2.1848487854003906,1.8581618070602417
1741033343270200800,138.1052009277344,0.9125790596008301,-2.9311165809631348,2.2238266468048096
1741033343280302300,138.11530224609376,1.0422382354736328,-3.6137447357177734,2.5431571006774902
1741033343290404000,138.12540405273438,0.9989588260650635,-4.152991771697998,2.773393154144287
1741033343300506600,138.13550659179688,0.87891685962677,-4.616586208343506,2.9525647163391113
1741033343310608400,138.1456083984375,0.4939650297164917,-5.041444301605225,3.001520872116089
1741033343320710100,138.15571020507812,-1.5856716632843018,-5.231571674346924,2.8034040927886963
1741033343330812000,138.16581201171874,-3.6042089462280273,-5.004837989807129,2.9286117553710938
1741033343340913700,138.17591357421875,-3.6843628883361816,-4.761864185333252,2.9353461265563965
1741033343351015400,138.18601538085937,-7.42828369140625,-3.853433609008789,2.1114940643310547
1741033343361117000,138.19611694335939,-5.778983116149902,-3.019840717315674,2.196560859680176
1741033343371218700,138.20621875,-0.8480852246284485,-3.2287373542785645,3.420011520385742
1741033343381320400,138.21632055664062,3.0532212257385254,-3.7896132469177246,4.255824565887451
1741033343391422200,138.22642211914064,4.607364654541016,-4.442241191864014,4.507052421569824
1741033343401524000,138.23652392578126,5.7226362228393555,-4.946170806884766,4.365911483764648
1741033343411625700,138.24662573242188,6.0002827644348145,-5.484744071960449,3.686148166656494
1741033343421727200,138.2567272949219,5.500323295593262,-5.7906999588012695,3.0417470932006836
1741033343431829000,138.2668291015625,5.374523162841797,-5.7874040603637695,2.5789170265197754
1741033343441930800,138.2769306640625,5.845578670501709,-5.75544548034668,1.8332428932189941
1741033343452033000,138.28703295898438,6.398850440979004,-5.348361492156982,1.0802037715911865
1741033343462135000,138.2971350097656,7.061243057250977,-4.670553207397461,0.3202604055404663
1741033343472236800,138.30723681640626,7.7216620445251465,-3.804677963256836,-0.40286606550216675
1741033343482338600,138.31733862304688,7.570893287658691,-2.4826412200927734,-0.5025607347488403
1741033343492440300,138.3274404296875,6.643754005432129,-0.7103033065795898,-0.41860222816467285
1741033343502541800,138.33754174804687,5.564879894256592,1.4176511764526367,-0.3120882511138916
1741033343512643600,138.3476435546875,4.996464729309082,3.5546064376831055,-0.8930041790008545
1741033343522745300,138.3577453613281,4.584301471710205,5.310680389404297,-2.1401891708374023
1741033343532847000,138.36784716796876,3.828122615814209,6.296784400939941,-2.9188826084136963
1741033343542948900,138.37794897460938,2.5085856914520264,6.461342811584473,-2.9804298877716064
1741033343553050600,138.38805053710936,1.552639365196228,6.037113189697266,-2.910139799118042
1741033343563152100,138.39815209960938,0.6696739196777344,5.796320915222168,-3.0048739910125732
1741033343573254000,138.40825390625,1.3754124641418457,5.595343589782715,-3.031282901763916
1741033343583355600,138.41835571289062,6.211178779602051,4.621652603149414,-1.6873595714569092
1741033343593457400,138.42845751953126,10.468670845031738,3.495419502258301,0.6478492021560669
1741033343603559200,138.43855908203125,7.758317947387695,3.861151695251465,1.6866188049316406
1741033343613661400,138.4486613769531,3.669419765472412,4.478039741516113,1.7081679105758667
1741033343623763500,138.45876342773437,0.7139286994934082,4.174917221069336,1.2172006368637085
1741033343633865200,138.468865234375,0.38079142570495605,3.065519332885742,2.103292226791382
1741033343643966700,138.478966796875,1.0514428615570068,2.489866256713867,3.464165210723877
1741033343654068500,138.489068359375,0.8426194190979004,2.827134132385254,4.666026592254639
1741033343664183000,138.49918310546875,0.08149933815002441,3.7930755615234375,5.478484153747559
1741033343674487600,138.50948754882813,-1.2957541942596436,4.900254249572754,5.957390308380127
1741033343684791800,138.51979174804688,-2.506500005722046,5.617352485656738,6.176296710968018
1741033343695046400,138.53004638671874,-3.494431972503662,5.581808090209961,5.795428276062012
1741033343705171200,138.54017114257812,-4.224045276641846,4.641050338745117,4.775463104248047
1741033343715273000,138.55027294921874,-4.393932342529297,2.9370946884155273,3.2832798957824707
1741033343725374500,138.56037451171875,-3.437161684036255,1.3027429580688477,1.857938289642334
1741033343735476700,138.5704768066406,-2.7322025299072266,0.07349395751953125,0.5975642800331116
1741033343745578800,138.58057885742187,-2.364866256713867,-0.8605003356933594,-0.18864458799362183
1741033343755680500,138.59068041992188,-2.263730764389038,-1.5965185165405273,-0.5697399377822876
1741033343765782300,138.6007822265625,-2.296525239944458,-2.14247989654541,-0.5583000779151917
1741033343775884000,138.61088403320312,-2.194960117340088,-2.6063027381896973,-0.36267203092575073
1741033343785985800,138.62098583984374,-2.060732126235962,-3.0489706993103027,-0.00889807939529419
1741033343796087600,138.6310876464844,-1.9722959995269775,-3.4900612831115723,0.35359907150268555
1741033343806189000,138.64118896484376,-2.0738892555236816,-3.869084358215332,0.6282474994659424
1741033343816290800,138.65129077148438,-1.9654502868652344,-3.9654793739318848,0.8986782431602478
1741033343826392600,138.661392578125,-2.0462498664855957,-4.1592817306518555,1.0725864171981812
1741033343836494300,138.67149438476562,-2.220391273498535,-4.263268947601318,1.2369202375411987
1741033343846596000,138.68159619140624,-2.469146966934204,-4.127401351928711,1.3234758377075195
1741033343856697900,138.69169775390625,-2.791395902633667,-4.05458402633667,1.319701910018921
1741033343866799400,138.70179931640624,-2.922025680541992,-4.139430522918701,1.2133822441101074
1741033343876901000,138.71190112304689,-2.856937885284424,-4.202915668487549,0.9715904593467712
1741033343887003000,138.7220029296875,-2.7378289699554443,-4.072307586669922,0.6978389024734497
1741033343897104600,138.73210473632813,-2.496203899383545,-4.0420074462890625,0.2056170105934143
1741033343907207000,138.74220703125,-2.216770648956299,-3.9114956855773926,-0.20425033569335938
1741033343917309000,138.75230883789064,-1.8561760187149048,-3.6701126098632812,-0.37200307846069336
1741033343927411200,138.7624111328125,-1.5295456647872925,-3.466221332550049,-0.5047734975814819
1741033343937668400,138.77266845703124,-1.513580322265625,-3.1866283416748047,-0.31592047214508057
1741033343947972900,138.78297290039063,-1.7024070024490356,-2.8545570373535156,-0.07387232780456543
1741033343958276400,138.7932763671875,-1.9984409809112549,-2.4688591957092285,0.20234566926956177
1741033343968411400,138.80341137695314,-2.1819467544555664,-1.9739255905151367,0.4546757638454437
1741033343978513200,138.81351318359376,-2.4154109954833984,-1.2711691856384277,0.7588822841644287
1741033343988615000,138.82361499023438,-2.7358815670013428,-0.46006298065185547,1.125307559967041
1741033343998716700,138.8337165527344,-3.4320945739746094,0.5723934173583984,1.3849551677703857
1741033344008818400,138.843818359375,-4.041510581970215,1.7251224517822266,1.8673524856567383
1741033344018920200,138.85392016601563,-4.430248260498047,2.8215408325195312,2.56575870513916
1741033344029022000,138.86402197265625,-4.784379959106445,3.831976890563965,3.0794878005981445
1741033344039123500,138.87412353515626,-5.181700706481934,4.624713897705078,3.3793580532073975
1741033344049225700,138.88422583007812,-4.967879295349121,5.211970329284668,3.443153142929077
1741033344059327700,138.89432763671874,-4.593173027038574,5.51054573059082,3.1828036308288574
1741033344069429500,138.90442944335936,-4.583282470703125,5.904848098754883,2.803091287612915
1741033344079531300,138.91453125,-4.236416339874268,6.7446441650390625,2.490953207015991
1741033344089633000,138.92463305664063,-3.7632834911346436,7.850029945373535,2.0380356311798096
1741033344099734800,138.93473486328125,-2.5146617889404297,8.69893741607666,1.370253086090088
1741033344109836300,138.94483618164062,-0.7249295711517334,8.356424331665039,-0.01426243782043457
1741033344119938000,138.95493798828124,3.2423200607299805,6.448699951171875,-2.4597127437591553
1741033344130039800,138.96503979492186,5.3550825119018555,4.481459617614746,-3.9128870964050293
1741033344140141600,138.9751416015625,5.52626895904541,2.6692943572998047,-3.14192795753479
1741033344150243300,138.98524340820313,4.1901350021362305,1.1228723526000977,-1.4054415225982666
1741033344160345000,138.99534497070312,2.8304948806762695,0.06472969055175781,-0.49567359685897827
1741033344170446800,139.00544677734376,2.103008270263672,0.0935964584350586,-0.26677292585372925
1741033344180548400,139.01554833984375,1.2156767845153809,1.0350713729858398,-0.07023464143276215
1741033344190650000,139.02565014648437,0.6711568832397461,1.952230453491211,0.049763023853302
1741033344200751900,139.035751953125,0.5323758125305176,2.4770545959472656,0.06534457206726074
1741033344210853600,139.045853515625,0.6461479663848877,2.433098793029785,-0.17757630348205566
1741033344220955400,139.05595532226562,0.6635103225708008,1.9230232238769531,-0.6460813879966736
1741033344231057200,139.06605712890624,1.0103497505187988,1.2179679870605469,-0.8580519556999207
1741033344241159400,139.07615942382813,1.6905162334442139,0.7130804061889648,-0.3461413085460663
1741033344251261200,139.08626123046875,2.4874069690704346,0.4296131134033203,0.504335880279541
1741033344261363000,139.09636303710937,3.194401264190674,-0.08636665344238281,1.1261625289916992
1741033344271464700,139.10646459960938,2.236863374710083,-0.6445512771606445,1.4495408535003662
1741033344281566500,139.11656640625,0.7053399085998535,-1.4281129837036133,0.9963985681533813
1741033344291668200,139.12666821289062,1.2298080921173096,-2.1925759315490723,0.5920591354370117
1741033344301770000,139.13677001953124,-0.049364447593688965,-2.45070219039917,0.0993947982788086
1741033344311871700,139.1468718261719,3.2123327255249023,-1.7943062782287598,-1.5369328260421753
1741033344321973500,139.15697338867187,6.294580459594727,-2.213322162628174,-0.7470875382423401
1741033344332135700,139.1671357421875,4.165340900421143,-2.386385440826416,0.4469665288925171
1741033344342440200,139.17744018554689,2.4167799949645996,-3.2236452102661133,0.8168565034866333
1741033344352744200,139.187744140625,4.026345252990723,-4.852035045623779,1.1648800373077393
1741033344362959600,139.19795971679687,5.032886505126953,-6.053990364074707,1.2126868963241577
1741033344373076000,139.20807592773437,4.027225494384766,-6.863061904907227,0.8961391448974609
1741033344383177700,139.218177734375,2.5634894371032715,-7.133816719055176,0.6928762197494507
1741033344393280000,139.22828002929688,1.765023946762085,-7.433305263519287,0.3976936340332031
1741033344403382000,139.2383820800781,1.054337501525879,-7.656471252441406,0.1980118751525879
1741033344413483800,139.24848388671876,0.7378039360046387,-7.8623576164245605,0.20984089374542236
1741033344423585300,139.25858520507813,0.7816240787506104,-7.642541885375977,0.16993463039398193
1741033344433687000,139.26868701171875,1.1889941692352295,-7.076356887817383,0.1792064905166626
1741033344443788800,139.27878881835937,1.707012414932251,-6.500722885131836,0.579184889793396
1741033344453890600,139.288890625,2.114832878112793,-6.065927505493164,0.8067547082901001
1741033344463992300,139.2989924316406,2.3841686248779297,-5.531740188598633,0.8983760476112366
1741033344474094000,139.30909399414062,2.626568555831909,-4.69781494140625,1.0522799491882324
1741033344484195600,139.31919555664064,2.7080726623535156,-3.2838683128356934,1.1174511909484863
1741033344494297600,139.32929760742186,2.775231122970581,-0.9586553573608398,1.3227174282073975
1741033344504483600,139.33948364257813,1.8550193309783936,2.0806150436401367,0.8283615112304688
1741033344514788000,139.3497880859375,0.6489055156707764,4.698418617248535,0.38571351766586304
1741033344524973800,139.35997387695312,-0.678376317024231,6.171378135681152,0.4015346169471741
1741033344535195100,139.37019506835938,-1.1609667539596558,6.224715232849121,0.4149092435836792
1741033344545389600,139.3803896484375,0.6617097854614258,4.888384819030762,0.6314042806625366
1741033344555502300,139.39050244140626,0.8376169204711914,2.874988555908203,-0.6182852983474731
1741033344565604000,139.40060400390624,-0.01719951629638672,1.6092071533203125,-2.525486469268799
1741033344575705900,139.4107058105469,-0.5478954315185547,1.5645942687988281,-3.9804017543792725
1741033344585807600,139.4208076171875,0.5693497657775879,2.1233959197998047,-4.800058364868164
1741033344595909000,139.4309091796875,2.934551239013672,2.5120086669921875,-5.333673000335693
1741033344606011000,139.44101098632814,5.3652777671813965,3.025236129760742,-4.957784652709961
1741033344616112600,139.45111254882812,7.655864715576172,3.7580394744873047,-3.3030056953430176
1741033344626214400,139.46121435546874,7.8960747718811035,4.211974143981934,-0.7164405584335327
1741033344636316200,139.4713161621094,5.3047990798950195,4.073919296264648,0.4791417121887207
1741033344646418000,139.48141796875,2.7977335453033447,3.4933109283447266,0.400892972946167
1741033344656519400,139.49151953125,2.065746784210205,2.718679428100586,1.1521552801132202
1741033344666621200,139.50162109375,2.042719841003418,1.6362228393554688,2.127389669418335
1741033344676723000,139.51172290039062,0.9542970657348633,1.1178874969482422,2.495685577392578
1741033344686824700,139.52182470703124,-0.06868219375610352,1.4875297546386719,2.742074728012085
1741033344696926500,139.53192651367186,-0.6449792385101318,2.604032516479492,3.1639113426208496
1741033344707028200,139.5420283203125,-0.7408359050750732,3.865860939025879,3.7478957176208496
1741033344717129700,139.5521296386719,-0.6684901714324951,4.8098554611206055,4.234516620635986
1741033344727232300,139.5622321777344,-0.8114418983459473,5.284244537353516,4.468137741088867
1741033344737513200,139.57251318359374,-1.2824039459228516,5.298299789428711,4.468550682067871
1741033344747817500,139.5828173828125,-1.8462941646575928,4.690803527832031,4.095253944396973
1741033344758101800,139.59310180664062,-2.145108461380005,3.324678421020508,3.3858113288879395
1741033344768233200,139.60323315429687,-2.386373996734619,1.8321046829223633,2.684190273284912
1741033344778335000,139.6133349609375,-2.6128787994384766,0.6753292083740234,2.327406406402588
1741033344788436700,139.6234367675781,-2.662917137145996,-0.29874610900878906,2.110413074493408
1741033344798538500,139.63353857421876,-2.4878129959106445,-1.0918283462524414,1.9829940795898438
1741033344808640300,139.64364013671874,-2.3366241455078125,-1.7439265251159668,1.8020741939544678
1741033344818741800,139.65374169921876,-2.287360668182373,-2.274200916290283,1.6319661140441895
1741033344828843500,139.66384350585938,-2.027710437774658,-2.6470446586608887,1.552042841911316
1741033344838945300,139.6739453125,-1.2719700336456299,-2.8170342445373535,1.4089568853378296
1741033344849047000,139.68404711914062,-0.4409785270690918,-2.8342385292053223,1.2078250646591187
1741033344859148800,139.69414868164063,-0.22704529762268066,-2.8258814811706543,1.022225022315979
1741033344869250600,139.70425048828125,-0.7239699363708496,-3.0076942443847656,0.9250954389572144
1741033344879352300,139.71435229492187,-1.807646632194519,-3.5496792793273926,0.8504540920257568
1741033344889453800,139.72445385742188,-2.8339500427246094,-4.000049591064453,0.798883855342865
1741033344899556400,139.73455639648438,-3.726101875305176,-4.400277137756348,0.5903284549713135
1741033344909658000,139.744658203125,-4.233787536621094,-4.883512020111084,0.25698423385620117
1741033344919760000,139.754759765625,-4.658583164215088,-5.085231304168701,0.1299368143081665
1741033344929861600,139.76486157226563,-4.924739837646484,-4.912517547607422,0.20007085800170898
1741033344939963400,139.77496337890625,-4.8902459144592285,-4.492519855499268,0.4344738721847534
1741033344950065200,139.78506518554687,-4.804568290710449,-3.9157257080078125,0.7180780172348022
1741033344960166700,139.79516674804688,-4.765015125274658,-3.3902087211608887,0.8573633432388306
1741033344970268400,139.80526831054686,-4.647922992706299,-2.8456315994262695,0.8414149284362793
1741033344980370200,139.8153701171875,-4.518484115600586,-2.1051430702209473,0.7676032781600952
1741033344990472000,139.82547192382813,-4.245683193206787,-1.3560256958007812,0.708122968673706
1741033345000573700,139.83557373046875,-3.9103870391845703,-0.7149219512939453,0.7820875644683838
1741033345010675500,139.84567553710937,-3.6719443798065186,-0.0021820068359375,1.0622518062591553
1741033345020777200,139.85577709960938,-3.4514811038970947,0.8230533599853516,1.4394104480743408
1741033345030878700,139.86587866210937,-3.308415412902832,1.7301092147827148,1.8195348978042603
1741033345040980500,139.87598046875,-3.086728572845459,2.592654228210449,2.056605339050293
1741033345051082200,139.88608227539063,-2.5996956825256348,3.30039119720459,2.226806640625
1741033345061184000,139.89618408203125,-1.8503007888793945,3.767256736755371,2.130816698074341
1741033345071286500,139.90628662109376,-0.8767070770263672,3.897477149963379,1.6922409534454346
1741033345081411300,139.91641137695314,0.5215225219726562,3.8201780319213867,0.8951675891876221
1741033345091715800,139.9267158203125,2.6683034896850586,3.833934783935547,-0.33062565326690674
1741033345102020000,139.93702001953125,3.828573703765869,4.4346723556518555,-1.3518857955932617
1741033345112265500,139.94726538085936,4.29464054107666,5.501186370849609,-2.378079652786255
1741033345122389200,139.95738916015625,3.6440987586975098,7.232751846313477,-3.215184450149536
1741033345132490800,139.96749072265624,3.205380916595459,8.972124099731445,-3.774933338165283
1741033345142592500,139.97759252929689,2.6462044715881348,9.47599983215332,-3.74540376663208
1741033345152694800,139.98769482421875,2.221710205078125,7.741950035095215,-3.458435297012329
1741033345162928000,139.99792822265624,1.9049363136291504,4.679076194763184,-2.7159552574157715
1741033345173232600,140.00823266601563,0.7359108924865723,1.5982418060302734,-1.7706202268600464
1741033345183536400,140.01853637695314,-0.15313315391540527,-0.4394989013671875,-1.2165392637252808
1741033345193693200,140.02869311523438,-0.4820530414581299,-1.2398829460144043,-1.0215123891830444
1741033345203797000,140.038796875,-0.3083488941192627,-0.5060224533081055,-0.8693429827690125
1741033345213898800,140.04889868164062,0.537602424621582,0.8005342483520508,-0.7122952342033386
1741033345224025000,140.05902514648437,3.056201457977295,1.844895362854004,-0.7277737855911255
1741033345234329600,140.06932958984376,3.97187876701355,2.4047956466674805,-0.219522625207901
1741033345244633900,140.0796337890625,3.2232322692871094,2.5787057876586914,0.7842144966125488
1741033345254879000,140.08987890625,3.4160940647125244,2.140528678894043,1.6267033815383911
1741033345265002000,140.100001953125,4.212642669677734,1.3558053970336914,1.9163366556167603
1741033345275103700,140.11010375976562,3.9958548545837402,0.40610504150390625,1.3647381067276
1741033345285205500,140.12020556640624,2.9593753814697266,-0.6786718368530273,0.7582778334617615
1741033345295307300,140.13030737304686,0.786228597164154,-2.0452680587768555,0.22776126861572266
1741033345305409000,140.14040893554687,-4.6397294998168945,-3.164553642272949,-0.38271671533584595
1741033345315510500,140.15051049804688,-4.54119873046875,-3.1667184829711914,0.5744868516921997
1741033345325612300,140.1606123046875,1.3669075965881348,-3.041642189025879,2.351877450942993
1741033345335714000,140.17071411132812,5.682797431945801,-2.9889092445373535,3.5655722618103027
1741033345345815800,140.18081591796874,7.060021877288818,-2.9634900093078613,4.41985559463501
1741033345355917600,140.19091748046876,5.928416728973389,-3.1095924377441406,4.606727600097656
1741033345366019300,140.20101928710938,4.383503437042236,-3.5349245071411133,3.8644487857818604
1741033345376120800,140.2111208496094,2.787409782409668,-4.191677570343018,2.7624926567077637
1741033345386222600,140.22122265625,2.1326823234558105,-4.781162738800049,1.606236457824707
1741033345396324400,140.23132446289063,2.1894760131835938,-4.965381622314453,0.3919100761413574
1741033345406426000,140.24142602539064,2.495515823364258,-5.017495155334473,-0.47815150022506714
1741033345416528000,140.25152783203126,2.163027763366699,-4.772778034210205,-0.8159416913986206
1741033345426629600,140.26162963867188,1.0212831497192383,-4.663139820098877,-1.0068670511245728
1741033345436731100,140.2717312011719,-0.9207069873809814,-4.985902786254883,-0.9921129941940308
1741033345446833000,140.2818330078125,-1.6067650318145752,-5.510736465454102,-0.6442519426345825
1741033345456934700,140.2919345703125,-1.5764167308807373,-5.733495712280273,-0.12243306636810303
1741033345467036400,140.3020363769531,-1.2283141613006592,-5.835083961486816,0.4386644959449768
1741033345477138200,140.31213818359376,-0.7433825731277466,-5.951728820800781,0.8497187495231628
1741033345487240000,140.32223999023438,-0.2818007469177246,-5.998746871948242,1.1301345825195312
1741033345497341700,140.332341796875,0.431840181350708,-5.949152946472168,1.1788368225097656
1741033345507443200,140.34244311523437,1.264723300933838,-5.919216156005859,0.9661599397659302
1741033345517545000,140.352544921875,1.6137263774871826,-5.851889610290527,0.7025383710861206
1741033345527646700,140.3626467285156,1.7050683498382568,-5.330706596374512,0.5839877128601074
1741033345537749500,140.37274951171875,1.7298767566680908,-4.249781131744385,0.5304105877876282
1741033345547887600,140.3828876953125,1.840564489364624,-2.295839786529541,0.5173028111457825
1741033345558192000,140.39319213867188,2.4709904193878174,1.1165924072265625,0.5634336471557617
1741033345568496400,140.40349633789063,3.590454578399658,5.608597755432129,0.7848466634750366
1741033345578731500,140.4137314453125,4.31026029586792,10.449735641479492,0.16010552644729614
1741033345588852000,140.42385205078125,3.762108564376831,12.980916976928711,-1.000197172164917
1741033345598953500,140.43395336914062,2.6934430599212646,10.3418607711792,-2.2991247177124023
1741033345609055200,140.44405517578124,1.7898445129394531,5.884336471557617,-3.503964900970459
1741033345619157000,140.45415698242186,2.682239294052124,3.371990203857422,-4.315339088439941
1741033345629259300,140.46425927734376,4.954190731048584,3.0571699142456055,-3.609541654586792
1741033345639516400,140.47451635742186,8.756340026855469,2.409377098083496,-1.829045295715332
1741033345649821000,140.4848210449219,8.725911140441895,2.8255252838134766,-0.4506914019584656
1741033345660124700,140.49512475585936,5.635311126708984,5.02452278137207,0.5078071355819702
1741033345670259700,140.505259765625,3.5268187522888184,6.674801826477051,1.3270747661590576
1741033345680361500,140.51536157226562,2.1996471881866455,6.010356903076172,1.9053497314453125
1741033345690463000,140.525462890625,0.8459813594818115,4.491280555725098,2.2639284133911133
1741033345700565000,140.53556494140625,-0.3741123676300049,3.2481765747070312,1.9570213556289673
1741033345710667300,140.54566723632811,-1.0759295225143433,2.7243194580078125,1.9520368576049805
1741033345720769000,140.55576904296876,-1.5785119533538818,2.893543243408203,2.399529457092285
1741033345730870800,140.56587084960938,-1.7598671913146973,3.469575881958008,3.1461431980133057
1741033345740972500,140.57597265625,-2.0706403255462646,3.891887664794922,3.910370349884033
1741033345751074300,140.58607421875,-2.4935426712036133,3.9965057373046875,4.298813819885254
1741033345761176000,140.59617602539063,-2.985635280609131,3.826406478881836,4.3065032958984375
1741033345771277600,140.60627758789062,-3.572421073913574,3.3342103958129883,3.9775383472442627
1741033345781379300,140.61637939453124,-3.740743637084961,2.3683977127075195,3.342106342315674
1741033345791481000,140.62648120117188,-3.5178518295288086,1.0345888137817383,2.5297319889068604
1741033345801582800,140.63658276367187,-3.342986583709717,-0.2806234359741211,1.9455492496490479
1741033345811685400,140.64668530273437,-3.2016053199768066,-1.3985862731933594,1.7414284944534302
1741033345821954300,140.65695434570313,-3.027268171310425,-2.3821024894714355,1.6845982074737549
1741033345832068900,140.66706884765625,-2.93819260597229,-3.2509593963623047,1.6656856536865234
1741033345842373000,140.677373046875,-2.8017213344573975,-3.8409018516540527,1.6587557792663574
1741033345852643800,140.68764379882813,-2.6890814304351807,-4.1699347496032715,1.7406985759735107
1741033345862787800,140.69778784179687,-2.6286134719848633,-4.272565841674805,1.9392235279083252
1741033345872961800,140.7079619140625,-2.5150146484375,-4.112257957458496,2.2103865146636963
1741033345883266300,140.71826635742187,-2.4602041244506836,-3.868962287902832,2.4705071449279785
1741033345893570300,140.7285703125,-2.1170406341552734,-3.547067642211914,2.588892936706543
1741033345903776000,140.73877587890624,-0.4176640510559082,-2.8941478729248047,2.4926178455352783
1741033345913890000,140.74889013671876,3.471285820007324,-1.7509956359863281,2.1181130409240723
1741033345923991800,140.75899169921874,4.981980323791504,-1.581336498260498,1.6607588529586792
1741033345934094300,140.76909423828124,1.0492196083068848,-2.733802318572998,1.6261184215545654
1741033345944363300,140.77936328125,-3.323314666748047,-3.8396902084350586,1.3059732913970947
1741033345954667800,140.7896677246094,-5.276905059814453,-4.2505927085876465,0.3883157968521118
1741033345964961500,140.79996142578125,-4.980075359344482,-4.280918598175049,-0.023581743240356445
1741033345975094500,140.81009448242187,-4.859201908111572,-4.376484394073486,-0.24070429801940918
1741033345985196300,140.8201962890625,-4.341158866882324,-4.303075790405273,-0.17687368392944336
1741033345995298800,140.830298828125,-4.008876800537109,-4.2360334396362305,-0.2961071729660034
1741033346005400600,140.84040063476561,-4.6513352394104,-3.977583885192871,-0.6325770616531372
1741033346015502000,140.85050219726563,-4.749723434448242,-3.13419771194458,-0.7847156524658203
1741033346025603800,140.86060375976564,-5.986755847930908,-1.936943531036377,-0.49664604663848877
1741033346035705600,140.87070556640626,-7.311851978302002,-0.5827322006225586,-0.13466966152191162
1741033346045807400,140.88080737304688,-8.139331817626953,0.49888038635253906,0.19634371995925903
1741033346055909000,140.8909091796875,-7.916560649871826,1.105412483215332,0.6213107705116272
1741033346066011000,140.90101098632812,-7.098969459533691,1.424656867980957,1.086020827293396
1741033346076112400,140.9111123046875,-6.087026119232178,1.7496938705444336,1.5069917440414429
1741033346086214100,140.9212141113281,-4.910285949707031,2.186033248901367,1.8719687461853027
1741033346096316000,140.93131591796876,-3.703108310699463,2.682755470275879,2.0605647563934326
1741033346106417700,140.94141772460938,-2.8440332412719727,3.2453384399414062,2.1180899143218994
1741033346116519400,140.95151953125,-1.9029498100280762,3.7866859436035156,2.021172523498535
1741033346126621200,140.96162109375,-1.3835740089416504,4.0543365478515625,1.491526484489441
1741033346136723000,140.97172290039063,-1.1327803134918213,4.039888381958008,0.8826356530189514
1741033346146824400,140.98182446289061,-1.2177543640136719,3.7073287963867188,0.2865113317966461
1741033346156926200,140.99192626953126,-1.3768357038497925,3.288606643676758,-0.17401018738746643
1741033346167028000,141.00202807617188,-1.5650441646575928,3.345550537109375,-0.5700671672821045
1741033346177129700,141.01212963867187,-1.506514549255371,4.146349906921387,-0.8634428977966309
1741033346187231500,141.0222314453125,-1.7002918720245361,4.914549827575684,-0.9697028398513794
1741033346197333200,141.03233325195313,-0.9142463207244873,4.561506271362305,-0.9494398832321167
1741033346207434800,141.04243481445312,0.435443639755249,3.1683435440063477,-1.1173734664916992
1741033346217536500,141.05253662109374,1.9876830577850342,1.6766271591186523,-1.558825135231018
1741033346227638300,141.06263818359375,4.480304718017578,0.5666494369506836,-2.052912712097168
1741033346237740500,141.0727404785156,5.805830478668213,0.015583038330078125,-2.1686697006225586
1741033346247997700,141.08299780273438,5.737607002258301,-0.07492637634277344,-1.9185289144515991
1741033346258302200,141.09330224609374,6.040666580200195,0.6608314514160156,-0.9850642085075378
1741033346268606000,141.10360595703125,6.112245559692383,1.7738866806030273,-0.009477960877120495
1741033346278741000,141.11374096679688,5.751274108886719,2.673102378845215,0.5655717849731445
1741033346288842500,141.12384252929687,5.551941871643066,2.980923652648926,1.2052215337753296
1741033346298944300,141.1339443359375,6.394553184509277,2.7201995849609375,2.0301551818847656
1741033346309046000,141.1440458984375,8.094297409057617,1.809128761291504,1.7678369283676147
1741033346319147800,141.15414770507812,7.729308605194092,0.5212917327880859,0.7778741717338562
1741033346329249500,141.16424951171874,5.222092151641846,-0.5558462142944336,-0.023887619376182556
1741033346339351300,141.17435131835938,2.3278722763061523,-1.6126995086669922,-0.21998219192028046
1741033346349452800,141.18445288085937,-2.2179813385009766,-2.577887535095215,-0.5373420715332031
1741033346359554600,141.19455444335938,-5.467889785766602,-2.860438346862793,-1.2190793752670288
1741033346369656300,141.20465625,-1.5859720706939697,-2.570361614227295,-0.6902220249176025
1741033346379758600,141.21475854492186,0.19722288846969604,-2.2503466606140137,0.8549038171768188
1741033346389860600,141.22486059570312,0.7119759917259216,-2.3232016563415527,2.0155093669891357
1741033346399962400,141.23496240234374,0.46067845821380615,-2.9647045135498047,2.3175621032714844
1741033346410064100,141.2450642089844,1.0564815998077393,-3.5205888748168945,2.7970595359802246
1741033346420166000,141.25516577148437,1.598061203956604,-3.9159340858459473,3.093923568725586
1741033346430267400,141.26526733398438,1.7401773929595947,-4.119976997375488,3.1076905727386475
1741033346440369200,141.275369140625,1.4585440158843994,-3.9879002571105957,2.9422378540039062
1741033346450471000,141.28547094726562,0.8499054908752441,-3.944448471069336,2.3962557315826416
1741033346460572700,141.29557275390624,0.30975663661956787,-4.056410789489746,1.9403756856918335
1741033346470674400,141.30567431640625,-0.2123023271560669,-4.1999077796936035,1.5658667087554932
1741033346480776200,141.31577612304687,-0.5122630596160889,-4.324632167816162,1.3864161968231201
1741033346490877700,141.32587768554689,-0.5496711730957031,-4.426999568939209,1.393401861190796
1741033346500979500,141.3359794921875,-0.5474321842193604,-4.46728515625,1.3265893459320068
1741033346511081200,141.34608129882812,-0.5323423147201538,-4.640565395355225,1.2101738452911377
1741033346521183500,141.35618359375,-0.5520579814910889,-4.764900207519531,0.8892903923988342
1741033346531404800,141.36640478515625,-0.2635221481323242,-4.79465389251709,0.6507658958435059
1741033346541709300,141.37670922851564,0.06421113014221191,-4.704272270202637,0.6601499319076538
1741033346552013300,141.3870134277344,0.3975186347961426,-4.380206108093262,0.8734986186027527
1741033346562179600,141.3971796875,0.7736408710479736,-3.9852709770202637,1.1209356784820557
1741033346572285700,141.40728564453124,1.0959699153900146,-3.4674482345581055,1.232081651687622
1741033346582387200,141.41738720703125,1.538811445236206,-2.651054859161377,1.2679193019866943
1741033346592489000,141.42748901367187,1.887483835220337,-1.5501599311828613,1.2733429670333862
1741033346602590700,141.4375908203125,2.0416500568389893,0.11851310729980469,1.4152212142944336
1741033346612692500,141.4476923828125,1.9815623760223389,2.089158058166504,1.549630045890808
1741033346622794200,141.45779418945312,1.0739102363586426,4.153299331665039,1.3191368579864502
1741033346632896300,141.46789624023438,0.04111766815185547,5.709988594055176,0.6197322607040405
1741033346643070200,141.4780703125,-0.20097720623016357,5.999810218811035,-0.8022215962409973
1741033346653374500,141.48837451171875,1.2424347400665283,5.060582160949707,-2.9615793228149414
1741033346663678700,141.4986787109375,1.6211323738098145,3.463128089904785,-5.512479782104492
1741033346673884200,141.50888427734375,2.0998239517211914,1.9608230590820312,-8.388652801513672
1741033346683998500,141.51899853515624,4.408690452575684,0.6214733123779297,-10.626331329345703
1741033346694100200,141.52910034179686,7.953154563903809,0.7024087905883789,-9.347696304321289
1741033346704202000,141.53920190429687,9.739912986755371,2.790639877319336,-4.223999977111816
1741033346714303700,141.5493037109375,7.840392112731934,4.412242889404297,-0.18663963675498962
1741033346724405200,141.5594052734375,3.6716902256011963,5.325361251831055,0.8357337713241577
1741033346734507000,141.56950708007813,0.9789993762969971,5.746982574462891,0.8834057450294495
1741033346744608800,141.57960888671874,-0.5735251903533936,4.698725700378418,0.4470607042312622
1741033346754711300,141.58971118164064,-0.03560662269592285,2.409778594970703,0.9484149813652039
1741033346764813000,141.59981298828126,0.10643768310546875,1.0031700134277344,1.716787338256836
1741033346774914800,141.60991479492188,-0.3041260242462158,0.6595163345336914,1.9840848445892334
1741033346785016600,141.6200166015625,-0.794380784034729,1.4430532455444336,2.2097136974334717
1741033346795118300,141.63011840820312,-1.0373624563217163,2.7424240112304688,2.5013551712036133
1741033346805220400,141.64022045898437,-1.0233830213546753,3.8061065673828125,2.8460941314697266
1741033346815418000,141.65041821289063,-1.042151927947998,4.2869415283203125,3.088021993637085
1741033346825722600,141.66072265625,-1.3843952417373657,4.263676643371582,3.2951865196228027
1741033346836026400,141.6710263671875,-1.8027300834655762,3.7322206497192383,3.281447172164917
1741033346846212600,141.68121264648437,-2.1434905529022217,2.6524038314819336,2.813605785369873
1741033346856322600,141.69132250976563,-2.558004379272461,1.5486364364624023,2.18792986869812
1741033346866424300,141.70142431640625,-2.727179527282715,0.6364498138427734,1.6377832889556885
1741033346876526000,141.71152612304687,-2.8164141178131104,-0.18939590454101562,1.329211950302124
1741033346886627800,141.7216279296875,-2.8729262351989746,-0.9299707412719727,1.2907707691192627
1741033346896729300,141.73172924804686,-2.952636957168579,-1.6180377006530762,1.4197098016738892
1741033346906831000,141.7418310546875,-2.9308366775512695,-2.1960525512695312,1.6239968538284302
1741033346916932900,141.75193286132813,-2.827073097229004,-2.6578402519226074,1.8267786502838135
1741033346927034600,141.76203466796875,-2.7572836875915527,-3.015878200531006,1.977845311164856
1741033346937136400,141.77213647460937,-2.6004247665405273,-3.2377405166625977,2.107783794403076
1741033346947238100,141.78223803710938,-2.438051223754883,-3.4098563194274902,2.209885835647583
1741033346957339600,141.79233959960936,-2.2649269104003906,-3.5876331329345703,2.2728168964385986
1741033346967442000,141.80244189453126,-2.108006477355957,-3.7096877098083496,2.3023681640625
1741033346977543700,141.81254370117188,-1.919964075088501,-3.7908382415771484,2.25909686088562
1741033346987764200,141.82276416015625,-1.020760178565979,-3.638646125793457,2.1429762840270996
1741033346998068700,141.83306884765625,0.8160216808319092,-3.0892629623413086,1.9275792837142944
1741033347008372500,141.84337255859376,2.453447103500366,-2.28043270111084,1.7488517761230469
1741033347018539800,141.8535397949219,1.4203174114227295,-2.160083293914795,1.2494590282440186
1741033347028646700,141.86364672851562,-1.6251579523086548,-2.7475085258483887,0.5777795910835266
1741033347038939400,141.873939453125,-3.714874267578125,-3.17336368560791,-0.518943190574646
1741033347049243600,141.88424365234374,-3.98370623588562,-3.4570107460021973,-1.1739237308502197
1741033347059518000,141.89451806640625,-4.123614311218262,-3.6440486907958984,-1.1512634754180908
1741033347069647600,141.90464770507813,-4.079591751098633,-3.623584270477295,-0.8207210302352905
1741033347079749000,141.9147490234375,-3.97617244720459,-3.259415626525879,-0.6173520088195801
1741033347089851000,141.92485083007813,-4.149930953979492,-2.615935802459717,-0.4194453954696655
1741033347099952600,141.93495263671875,-4.408475875854492,-1.8642730712890625,-0.2992859482765198
1741033347110054400,141.94505444335937,-4.517390727996826,-0.8961238861083984,-0.11573904752731323
1741033347120156200,141.95515625,-4.54664421081543,0.3148660659790039,0.24879813194274902
1741033347130258000,141.9652578125,-4.37898063659668,1.6114988327026367,0.7708070278167725
1741033347140359400,141.975359375,-4.087129592895508,2.881596565246582,1.2949841022491455
1741033347150461200,141.98546118164063,-3.653651237487793,3.9019556045532227,1.6644201278686523
1741033347160563000,141.99556298828125,-3.234426498413086,4.490608215332031,1.6292483806610107
1741033347170664700,142.00566479492187,-2.609731435775757,4.470410346984863,1.1650326251983643
1741033347180766500,142.01576635742188,-2.13541841506958,4.167996406555176,0.6011807918548584
1741033347190868200,142.0258681640625,-1.5356457233428955,3.8093767166137695,0.11047348380088806
1741033347200969700,142.0359697265625,-1.1893763542175293,3.687697410583496,-0.29802176356315613
1741033347211071500,142.04607153320313,-0.4340798854827881,3.9561729431152344,-0.5792845487594604
1741033347221173500,142.0561735839844,0.3884248733520508,4.8271484375,-0.897071123123169
1741033347231323600,142.06632373046875,1.3730416297912598,5.869114875793457,-1.5834401845932007
1741033347241628200,142.0766281738281,4.058485984802246,6.199361801147461,-2.596587896347046
1741033347251932200,142.08693212890626,8.403305053710938,5.384693145751953,-3.809389591217041
1741033347262157600,142.09715747070314,12.067777633666992,3.9169883728027344,-4.018734931945801
1741033347272276000,142.10727587890625,9.560149192810059,1.6413459777832031,-2.544208526611328
1741033347282377700,142.11737768554687,5.750063896179199,-0.5976219177246094,-0.99924635887146
1741033347292479200,142.12747924804688,3.442121744155884,-1.3653631210327148,0.10426989197731018
1741033347302581000,142.1375810546875,2.145721673965454,-0.5752716064453125,0.6189106702804565
1741033347312682800,142.14768286132812,2.4430718421936035,0.7386913299560547,0.45170050859451294
1741033347322784500,142.15778442382813,3.3149900436401367,1.8080034255981445,0.06854129582643509
1741033347332886300,142.16788623046875,4.171072006225586,2.3904056549072266,-0.10163696110248566
1741033347342988000,142.17798803710937,4.296982765197754,2.5999107360839844,0.14636701345443726
1741033347353089500,142.18808959960938,3.868643283843994,2.2140092849731445,0.6632407307624817
1741033347363191300,142.19819140625,2.9581637382507324,1.2737503051757812,0.9950083494186401
1741033347373293000,142.20829296875,-0.4286142885684967,0.10155010223388672,0.48391908407211304
1741033347383394800,142.21839477539064,-1.8217689990997314,-0.6510763168334961,0.06309085339307785
1741033347393496600,142.22849658203126,-0.887089192867279,-0.9096345901489258,0.2810004651546478
1741033347403598300,142.23859838867187,0.702613353729248,-0.7618131637573242,1.2475695610046387
1741033347413699800,142.2486999511719,1.2001237869262695,-1.0075550079345703,1.9386191368103027
1741033347423801600,142.25880151367187,1.7485020160675049,-1.5158138275146484,2.675191640853882
1741033347433903400,142.2689033203125,2.4386167526245117,-2.160975933074951,2.9741339683532715
1741033347444005000,142.27900512695314,2.3104805946350098,-2.642910957336426,2.9257850646972656
1741033347454107000,142.28910693359376,1.95579195022583,-3.1165127754211426,2.4196667671203613
1741033347464208600,142.29920874023438,1.6986563205718994,-3.6192846298217773,1.9295611381530762
1741033347474310100,142.30931005859375,1.4018421173095703,-3.8536081314086914,1.4643001556396484
1741033347484412000,142.31941186523437,0.8079841136932373,-4.043595314025879,1.189309000968933
1741033347494513700,142.329513671875,0.34371626377105713,-4.3797607421875,1.0329771041870117
1741033347504615400,142.3396154785156,-0.03967583179473877,-4.808244228363037,0.8177788257598877
1741033347514717200,142.34971728515626,-0.31976163387298584,-5.268303871154785,0.5941112637519836
1741033347524819000,142.35981884765624,-0.5540305376052856,-5.49269962310791,0.42260295152664185
1741033347534920700,142.36992065429686,-0.6695356369018555,-5.568893909454346,0.3119227886199951
1741033347545022200,142.38002221679687,-0.7118725776672363,-5.435354232788086,0.280170202255249
1741033347555124000,142.3901240234375,-0.6864116191864014,-5.323843002319336,0.2656030058860779
1741033347565225700,142.4002258300781,-0.7272382974624634,-5.2910966873168945,0.2627735733985901
1741033347575327500,142.41032739257813,-0.5659770965576172,-5.256683349609375,0.29321855306625366
1741033347585429200,142.42042919921874,-0.10549938678741455,-5.051273345947266,0.44967973232269287
1741033347595531000,142.43053100585936,0.35880351066589355,-4.657069683074951,0.6840857267379761
1741033347605632500,142.44063256835938,0.7484872341156006,-4.093324184417725,0.9163513779640198
1741033347615734300,142.450734375,1.0227653980255127,-3.378108024597168,1.0896751880645752
1741033347625836000,142.4608359375,1.343559980392456,-2.4845709800720215,1.2617343664169312
1741033347635937800,142.47093774414063,1.676199197769165,-1.3560028076171875,1.3135918378829956
1741033347646040300,142.48104028320313,1.727055311203003,-0.016503334045410156,1.2600293159484863
1741033347656321000,142.49132104492188,1.5253208875656128,1.4730510711669922,1.1488088369369507
1741033347666625500,142.50162548828126,1.291992425918579,3.2501907348632812,1.0815112590789795
1741033347676909600,142.51190966796875,0.914270281791687,4.537975311279297,0.8329066038131714
1741033347687040500,142.52204052734376,0.5666393041610718,5.122328758239746,-0.014756470918655396
1741033347697190700,142.53219067382813,0.052419304847717285,4.866588592529297,-1.6597874164581299
1741033347707495200,142.5424951171875,0.3401942253112793,3.668149948120117,-3.5871400833129883
1741033347717799400,142.55279931640624,0.4811515808105469,2.3287925720214844,-4.994959354400635
1741033347728024600,142.56302465820312,1.3437843322753906,1.7308893203735352,-6.061115264892578
1741033347738143000,142.57314306640626,3.270714044570923,1.420598030090332,-7.276546955108643
1741033347748244700,142.58324462890624,7.2854719161987305,0.77105712890625,-7.63076114654541
1741033347758346500,142.59334643554686,10.715594291687012,1.1977910995483398,-5.321377754211426
1741033347768448300,142.6034482421875,9.027220726013184,3.03347110748291,-1.6738641262054443
1741033347778549800,142.6135498046875,4.998962879180908,5.046329498291016,1.113823652267456
1741033347788651500,142.6236516113281,1.5322613716125488,6.240741729736328,2.1733744144439697
1741033347798753300,142.63375317382813,-0.5073999166488647,5.507294654846191,2.1306490898132324
1741033347808855000,142.64385498046875,-0.6033623218536377,3.179263114929199,1.9652023315429688
1741033347818956800,142.65395678710937,-0.11947226524353027,1.411081314086914,1.8820114135742188
1741033347829071400,142.6640712890625,-0.5195236206054688,1.1646184921264648,1.9497315883636475
1741033347839376000,142.6743759765625,-1.218367576599121,2.12646484375,2.306887626647949
1741033347849680100,142.68468017578124,-1.6438044309616089,3.5625104904174805,2.8645477294921875
1741033347859929600,142.6949296875,-2.113816976547241,4.672305107116699,3.3645331859588623
1741033347870060000,142.70506005859374,-2.56036114692688,5.079154968261719,3.707841396331787
1741033347880161800,142.71516186523436,-2.694077968597412,4.9518842697143555,3.791377067565918
1741033347890263300,142.72526318359374,-2.8408076763153076,4.116605758666992,3.415825605392456
1741033347900365000,142.7353649902344,-2.940613269805908,2.680203437805176,2.7678022384643555
1741033347910466800,142.745466796875,-3.155355930328369,1.146646499633789,2.0830821990966797
1741033347920568600,142.75556860351563,-3.2946484088897705,-0.015366554260253906,1.671144962310791
1741033347930670300,142.76567041015625,-3.304567813873291,-0.9057912826538086,1.4238781929016113
1741033347940772000,142.77577221679687,-3.2133660316467285,-1.6709470748901367,1.3038132190704346
1741033347950873600,142.78587353515624,-3.0440049171447754,-2.2865958213806152,1.285240888595581
1741033347960975400,142.79597534179686,-2.9016077518463135,-2.75677490234375,1.3822071552276611
1741033347971077000,142.8060771484375,-2.7236146926879883,-3.084786891937256,1.5208370685577393
1741033347981167900,142.81616796875,-2.498694658279419,-3.2916183471679688,1.655929446220398
1741033347991139300,142.82613940429687,-2.2419893741607666,-3.4611573219299316,1.8142794370651245
1741033348001443800,142.83644384765626,-2.0673954486846924,-3.6426124572753906,1.8982584476470947
1741033348011747800,142.84674780273437,-1.8854694366455078,-3.818667411804199,1.9401302337646484
1741033348022051600,142.85705151367188,-1.7819480895996094,-3.9842944145202637,1.9738153219223022
1741033348032355000,142.86735498046875,-1.6987851858139038,-4.055624008178711,1.9819937944412231
1741033348042658300,142.877658203125,-1.6542110443115234,-4.025477886199951,1.9858736991882324
1741033348052961500,142.88796142578124,-1.6923279762268066,-3.8371329307556152,1.9823226928710938
1741033348063166200,142.89816625976562,-1.8294661045074463,-3.4708003997802734,1.9177073240280151
1741033348073282600,142.9082824707031,-1.927229404449463,-2.985642910003662,1.7566765546798706
1741033348083384300,142.91838427734376,-2.0070607662200928,-2.5626983642578125,1.5343995094299316
1741033348093486000,142.92848608398438,-2.0541927814483643,-2.133007049560547,1.3202251195907593
1741033348103587800,142.938587890625,-1.9931093454360962,-1.7304787635803223,1.1739988327026367
1741033348113689600,142.94868969726562,-1.748420000076294,-1.381246566772461,1.028584599494934
1741033348123791000,142.958791015625,-1.6990646123886108,-0.9545936584472656,0.8961111307144165
1741033348133892900,142.96889282226562,-1.61068594455719,-0.38382625579833984,0.7285535335540771
1741033348143994600,142.97899462890626,-1.6098968982696533,0.2461843490600586,0.6230226159095764
1741033348154096400,142.98909643554688,-1.6210225820541382,0.8824739456176758,0.47529998421669006
1741033348164198100,142.9991982421875,-1.6657664775848389,1.455855369567871,0.20034727454185486
1741033348174300000,143.0092998046875,-1.691716194152832,1.8510799407958984,-0.39637619256973267
1741033348184401400,143.0194013671875,-1.7503676414489746,2.1798057556152344,-1.0151175260543823
1741033348194503200,143.02950317382812,-1.468792200088501,2.50803279876709,-1.7177374362945557
1741033348204605000,143.03960498046874,-1.1013524532318115,2.6637954711914062,-2.5032246112823486
1741033348214706700,143.0497067871094,-0.18966341018676758,2.5377187728881836,-3.4686248302459717
1741033348224808400,143.05980834960937,1.024674654006958,2.325301170349121,-4.368070125579834
1741033348234910200,143.06991015625,2.6932008266448975,2.0801639556884766,-5.175129413604736
1741033348245011700,143.08001171875,5.238908290863037,1.503617286682129,-6.305899143218994
1741033348255113500,143.09011352539062,6.939241409301758,1.8288650512695312,-6.096216678619385
1741033348265215200,143.10021533203124,6.638372421264648,3.2259292602539062,-5.020847797393799
1741033348275317000,143.11031689453125,5.610462665557861,5.39547061920166,-3.4110336303710938
1741033348285418800,143.12041870117187,4.380542755126953,7.103171348571777,-1.8829784393310547
1741033348295520500,143.1305205078125,3.3118886947631836,6.177128791809082,-2.058505058288574
1741033348305671000,143.1406708984375,2.120720386505127,3.4577789306640625,-3.2218284606933594
1741033348315975200,143.15097509765624,1.0636060237884521,1.381906509399414,-3.6961395740509033
1741033348326279400,143.16127954101563,-0.11771625280380249,0.06673526763916016,-2.9219233989715576
1741033348336504600,143.17150463867188,-1.2185783386230469,-1.0036468505859375,-1.8522984981536865
1741033348346623500,143.18162353515626,-1.9157426357269287,-1.588942527770996,-1.2379382848739624
1741033348356845000,143.19184497070313,-2.085237979888916,-0.9421777725219727,-0.8514891862869263
1741033348367149300,143.2021494140625,-1.7616084814071655,0.7302379608154297,-0.556000292301178
1741033348377453300,143.21245336914063,-1.4650256633758545,2.185100555419922,-0.530413031578064
1741033348387619800,143.22261987304688,-0.9777417182922363,3.068939208984375,-0.5124813318252563
1741033348397725700,143.2327255859375,-0.4535847008228302,3.451289176940918,-0.0742904394865036
1741033348407827500,143.24282739257814,0.15917229652404785,3.1870527267456055,0.48525506258010864
1741033348417929000,143.25292895507812,0.6165111064910889,2.5588769912719727,0.8934448957443237
1741033348428030700,143.26303076171874,0.7127262353897095,1.774491310119629,0.9977447986602783
1741033348438132500,143.2731325683594,0.8369067907333374,1.1743955612182617,1.0048733949661255
1741033348448234200,143.28323413085937,0.8349273204803467,0.722102165222168,1.3494009971618652
1741033348458336000,143.2933359375,1.2232106924057007,0.17702674865722656,2.4135448932647705
1741033348468437800,143.30343774414064,1.301555871963501,-0.4313993453979492,3.7870545387268066
1741033348478539300,143.31353930664062,1.4825326204299927,-1.177962303161621,4.573105812072754
1741033348488641000,143.32364111328124,1.6311304569244385,-1.82560396194458,5.112196922302246
1741033348498742800,143.33374267578125,1.3656387329101562,-2.2782950401306152,5.443788051605225
1741033348508844500,143.34384448242187,1.0203347206115723,-2.807525634765625,5.430461406707764
1741033348518946300,143.3539462890625,1.0790109634399414,-3.3219566345214844,5.004367828369141
1741033348529048000,143.3640480957031,0.5374950170516968,-3.928313732147217,4.119383335113525
1741033348539149600,143.37414965820312,0.0497591495513916,-4.485978603363037,3.212247610092163
1741033348549251300,143.38425122070313,-0.3810834288597107,-4.932932376861572,2.2790303230285645
1741033348559353000,143.39435302734375,-0.5182355642318726,-5.194653034210205,1.4997706413269043
1741033348569454800,143.40445483398437,-0.5850751996040344,-5.237681865692139,0.942895770072937
1741033348579556600,143.414556640625,-0.795447051525116,-5.17163610458374,0.5774914622306824
1741033348589658400,143.4246584472656,-0.8358412981033325,-5.125275611877441,0.3406640291213989
1741033348599760100,143.43476000976563,-0.7605909705162048,-5.1880879402160645,0.18592649698257446
1741033348609861600,143.44486157226564,-0.5463714003562927,-5.293461799621582,0.08352512121200562
1741033348619963600,143.45496362304686,-0.18492603302001953,-5.3669328689575195,-0.08734786510467529
1741033348630137600,143.4651376953125,0.19629621505737305,-5.100327968597412,0.05311143398284912
1741033348640442000,143.47544213867187,0.5826609134674072,-4.638605117797852,0.36110174655914307
1741033348650745600,143.48574560546874,0.8857781887054443,-4.264420509338379,0.5767747759819031
1741033348660951600,143.49595166015624,1.0591800212860107,-3.921168804168701,0.6830111742019653
1741033348671066000,143.50606616210936,1.319759726524353,-3.472297191619873,0.7559804320335388
1741033348681168000,143.51616796875,1.5383400917053223,-2.7474708557128906,0.8884404897689819
1741033348691269400,143.5262692871094,1.6795164346694946,-1.604715347290039,1.1843349933624268
1741033348701371100,143.53637109375,1.8294470310211182,-0.05375480651855469,1.6324325799942017
1741033348711473000,143.54647290039063,1.692528486251831,1.757333755493164,1.901368498802185
1741033348721574700,143.55657470703125,1.163133978843689,3.6223602294921875,1.7439301013946533
1741033348731676400,143.56667651367187,0.6669343709945679,5.259573936462402,1.08921217918396
1741033348741802800,143.576802734375,0.7043242454528809,6.142536163330078,-0.11405554413795471
1741033348752107300,143.58710717773437,1.07586669921875,5.842324256896973,-1.5047253370285034
1741033348762411500,143.59741162109376,0.7852479219436646,4.710750579833984,-2.5098021030426025
1741033348772656400,143.60765649414063,1.008453130722046,3.3810195922851562,-3.5692176818847656
1741033348782779000,143.61777880859376,2.058138370513916,2.185591697692871,-4.7965407371521
1741033348792880600,143.62788061523437,3.753002405166626,0.9934053421020508,-5.839731693267822
1741033348802982400,143.637982421875,8.348241806030273,-0.9602079391479492,-6.797521114349365
1741033348813084200,143.64808422851561,12.0943603515625,-2.4552407264709473,-7.269518852233887
1741033348823186000,143.65818603515626,12.329214096069336,-2.299788475036621,-6.001532554626465
1741033348833287700,143.66828759765625,8.733901023864746,0.008004188537597656,-2.088543176651001
1741033348843389200,143.67838916015626,4.272649765014648,2.8499326705932617,1.5914745330810547
1741033348853491000,143.68849096679688,1.1457533836364746,4.274479866027832,2.6402037143707275
1741033348863592700,143.6985927734375,-0.5268909931182861,4.181340217590332,2.876790761947632
1741033348873694500,143.70869458007812,-0.9821754693984985,3.265866279602051,3.088853597640991
1741033348883797000,143.718796875,-1.2028881311416626,2.2986278533935547,2.7635092735290527
1741033348893921800,143.728921875,-1.7600631713867188,2.0376052856445312,2.545116901397705
1741033348904226300,143.73922631835939,-2.742671489715576,2.5961408615112305,2.5977768898010254
1741033348914530600,143.74953051757814,-3.3338205814361572,3.5923871994018555,2.8655765056610107
1741033348924775700,143.75977563476562,-3.5130295753479004,4.509164810180664,3.1510257720947266
1741033348934898700,143.76989868164063,-3.4093449115753174,5.0558671951293945,3.418567657470703
1741033348945000400,143.78000048828125,-3.5095252990722656,4.955676078796387,3.4662044048309326
1741033348955102200,143.79010229492187,-3.762030601501465,3.986940383911133,3.1580591201782227
1741033348965204000,143.80020385742188,-3.8555309772491455,2.198202133178711,2.3365485668182373
1741033348975305700,143.8103056640625,-3.778813362121582,0.5777196884155273,1.5193259716033936
1741033348985407200,143.8204072265625,-3.7246410846710205,-0.5593690872192383,0.8878041505813599
1741033348995509000,143.83050903320313,-3.630120038986206,-1.3846626281738281,0.5161832571029663
1741033349005610800,143.84061083984375,-3.4892992973327637,-1.939854621887207,0.4645686149597168
1741033349015712500,143.85071240234376,-3.2868571281433105,-2.3108267784118652,0.7550888061523438
1741033349025814300,143.86081420898438,-3.010383129119873,-2.4604625701904297,1.2010260820388794
1741033349035916000,143.870916015625,-2.7613518238067627,-2.646845817565918,1.5680620670318604
1741033349046017500,143.881017578125,-2.5640640258789062,-2.936854839324951,1.743160367012024
1741033349056119300,143.89111938476563,-2.3499603271484375,-3.2773866653442383,1.7981183528900146
1741033349066221000,143.9012209472656,-2.1759450435638428,-3.570619583129883,1.7986611127853394
1741033349076322800,143.91132275390626,-1.9310450553894043,-3.7944698333740234,1.769935965538025
1741033349086424600,143.92142456054688,-1.6248259544372559,-3.9093356132507324,1.7529586553573608
1741033349096526300,143.9315263671875,-1.3727858066558838,-3.94588041305542,1.7116246223449707
1741033349106628000,143.94162817382812,-1.1418753862380981,-3.9314074516296387,1.641418695449829
1741033349116729600,143.9517294921875,-0.9780715703964233,-3.8125739097595215,1.5830636024475098
1741033349126831900,143.96183178710936,-0.8939900398254395,-3.5461835861206055,1.5244617462158203
1741033349137065200,143.97206518554688,-0.9580901861190796,-3.050093650817871,1.5860615968704224
1741033349147369700,143.98236962890624,-1.1304163932800293,-2.2837657928466797,1.6798479557037354
1741033349157673500,143.99267358398438,-1.307647943496704,-1.54628324508667,1.7137322425842285
1741033349167830300,144.00283032226562,-0.5802826881408691,-1.0577049255371094,1.900130033493042
1741033349177934000,144.01293408203125,1.8402562141418457,-0.27709388732910156,2.2319846153259277
1741033349188035800,144.02303588867187,-0.19034290313720703,-0.16476154327392578,1.0294607877731323
1741033349198137300,144.03313745117188,-3.4943108558654785,-0.4810495376586914,-0.8337606191635132
1741033349208239000,144.04323901367187,-4.981313705444336,-0.6001596450805664,-2.300410747528076
1741033349218341000,144.05334106445312,-5.480892181396484,-0.14334392547607422,-2.7614283561706543
1741033349228503300,144.06350341796875,-5.38516902923584,0.49939918518066406,-2.3998546600341797
1741033349238807600,144.0738076171875,-4.894618034362793,1.3392515182495117,-1.6149758100509644
1741033349249111800,144.08411181640625,-4.18450927734375,2.205883026123047,-0.7868943214416504
1741033349259327200,144.0943271484375,-3.327364444732666,2.955923080444336,-0.30313336849212646
1741033349269443600,144.10444360351562,-2.306567668914795,3.438417434692383,-0.10226279497146606
1741033349279545000,144.11454516601563,-1.2817394733428955,3.665888786315918,-0.21064987778663635
1741033349289646800,144.12464672851561,-0.1476757526397705,3.622971534729004,-0.6653122901916504
1741033349299748600,144.13474853515626,1.549203634262085,3.435972213745117,-1.437564730644226
1741033349309850400,144.14485034179688,3.644636392593384,3.245145797729492,-2.1983137130737305
1741033349319952100,144.1549521484375,5.572451591491699,3.354111671447754,-2.703482151031494
1741033349330054700,144.1650546875,7.285542011260986,3.9408435821533203,-3.321446657180786
1741033349340155600,144.17515576171874,8.725441932678223,4.893509864807129,-3.864196300506592
1741033349350281200,144.18528125,8.7579345703125,5.22294807434082,-4.115939140319824
1741033349360585700,144.19558569335936,6.049849510192871,5.069406509399414,-2.983187675476074
1741033349370890000,144.2058898925781,2.4779818058013916,4.234993934631348,-1.7149356603622437
1741033349381135000,144.21613500976562,2.770761013031006,1.746739387512207,-2.380772113800049
1741033349391258000,144.22625805664063,4.445079803466797,-0.6231451034545898,-2.880014181137085
1741033349401360000,144.23635986328125,2.0646169185638428,-2.0853686332702637,-2.2611007690429688
1741033349411461600,144.24646166992187,-0.4562199115753174,-2.5138583183288574,-1.3740200996398926
1741033349421563400,144.2565634765625,-1.302092432975769,-1.8964853286743164,-0.9054803252220154
1741033349431665000,144.26666479492187,-0.529572069644928,-0.37111759185791016,-0.6528993844985962
1741033349441766700,144.2767666015625,0.3203808665275574,1.3201684951782227,0.01836138218641281
1741033349451868400,144.28686840820313,0.1514672040939331,2.720510482788086,0.8005548715591431
1741033349461970200,144.29697021484375,-0.0011556148529052734,3.363987922668457,1.5040374994277954
1741033349472072000,144.30707202148437,-0.2868019938468933,3.148190498352051,1.7206050157546997
1741033349482173700,144.31717358398438,-0.302280068397522,2.4395999908447266,1.5454474687576294
1741033349492275200,144.32727514648437,-0.3584943413734436,1.4794673919677734,1.446485996246338
1741033349502377000,144.337376953125,-0.20246681571006775,0.6408395767211914,1.8042149543762207
1741033349512478700,144.34747875976564,0.5593789219856262,0.11474037170410156,2.6605355739593506
1741033349522580500,144.35758056640626,1.9023094177246094,-0.5091543197631836,3.7253835201263428
1741033349532682200,144.36768212890624,2.9354586601257324,-1.1689462661743164,4.756252765655518
1741033349542784000,144.3777839355469,3.0739028453826904,-1.911548137664795,5.145880222320557
1741033349552885500,144.38788549804687,2.548743724822998,-2.4602837562561035,5.01939058303833
1741033349562987300,144.3979873046875,1.9409730434417725,-3.0030903816223145,4.369723320007324
1741033349573089000,144.40808911132814,1.6749577522277832,-3.6133875846862793,3.568880558013916
1741033349583190300,144.41819018554688,1.269542932510376,-4.006258964538574,2.959268569946289
1741033349593291800,144.4282917480469,0.7593013048171997,-4.341160774230957,2.4697952270507812
1741033349603393300,144.43839331054687,0.37852954864501953,-4.570882797241211,1.9033551216125488
1741033349613495000,144.4484951171875,-0.42107003927230835,-4.690273284912109,1.307297706604004
1741033349623596800,144.4585966796875,-0.9534746408462524,-4.721127986907959,0.8272130489349365
1741033349633698600,144.46869848632812,-1.2391486167907715,-4.873952865600586,0.37899255752563477
1741033349643800300,144.47880029296874,-1.3145105838775635,-5.135107517242432,0.007777571678161621
1741033349653902000,144.48890209960936,-1.1892402172088623,-5.49699592590332,-0.14803063869476318
1741033349664003600,144.49900366210937,-0.9912058115005493,-5.768265724182129,-0.2153620421886444
1741033349674105300,144.50910522460939,-0.6885977983474731,-5.943232536315918,-0.24092310667037964
1741033349684207000,144.51920703125,-0.3082692623138428,-6.020030975341797,-0.19332897663116455
1741033349694308900,144.52930883789062,0.35308051109313965,-5.925943374633789,-0.03674173355102539
1741033349704410600,144.53941064453124,0.8572936058044434,-5.67159366607666,0.1241995096206665
1741033349714512400,144.54951245117186,1.3566713333129883,-5.303129196166992,0.27172720432281494
1741033349724614100,144.5596142578125,1.8571388721466064,-4.7924346923828125,0.4560580253601074
1741033349734716200,144.56971606445313,2.563000440597534,-3.9839768409729004,0.6849791407585144
1741033349744937700,144.57993774414064,3.3147237300872803,-2.7243494987487793,0.9165547490119934
1741033349755242200,144.5902421875,3.5946242809295654,-0.5546236038208008,1.3849388360977173
1741033349765546000,144.6005458984375,3.6994450092315674,2.221776008605957,1.6705248355865479
1741033349775712500,144.61071240234375,3.1492419242858887,5.505337715148926,1.5216598510742188
1741033349785818400,144.620818359375,2.610651969909668,8.084790229797363,0.8306010961532593
1741033349795920100,144.6309201660156,2.6518352031707764,8.872629165649414,-0.9288448095321655
1741033349806022000,144.64102197265626,1.211320400238037,7.281678199768066,-3.235103130340576
1741033349816123400,144.65112329101564,0.29743313789367676,4.92587947845459,-4.620794773101807
1741033349826225200,144.66122509765626,-0.10869026184082031,3.0362348556518555,-4.93707799911499
1741033349836327000,144.67132690429688,0.7324838638305664,1.419342041015625,-5.187111854553223
1741033349846429000,144.68142895507813,3.0773534774780273,-0.02422809600830078,-5.606751918792725
1741033349856603000,144.69160278320314,11.070260047912598,-2.9328765869140625,-6.074350833892822
1741033349866907400,144.70190747070313,11.715826034545898,-2.038229465484619,-3.6951634883880615
1741033349877211000,144.7122109375,7.434090614318848,1.198744773864746,-0.5633434057235718
1741033349887416800,144.72241674804687,5.384052276611328,3.8085927963256836,0.8024652004241943
1741033349897531100,144.73253125,3.636430501937866,5.629363059997559,1.5505516529083252
1741033349907633000,144.7426328125,1.9272267818450928,6.072463035583496,2.6530988216400146
1741033349917734700,144.75273461914063,0.8147470951080322,4.661176681518555,3.0654449462890625
1741033349927837200,144.76283715820313,-0.08287882804870605,2.729313850402832,2.461637258529663
1741033349938118000,144.77311791992187,-0.40907764434814453,1.7656707763671875,2.089299201965332
1741033349948422400,144.78342236328126,-0.7557239532470703,2.118525505065918,2.372239589691162
1741033349958706400,144.79370654296875,-1.177760124206543,3.274354934692383,3.208998441696167
1741033349968837400,144.80383740234376,-1.9621413946151733,4.52244758605957,4.314670562744141
1741033349978939100,144.81393920898438,-2.818657159805298,5.632465362548828,5.364710807800293
1741033349989040600,144.82404052734375,-3.731626510620117,6.021762847900391,5.819820404052734
1741033349999142400,144.83414233398437,-4.263341426849365,5.062636375427246,5.109892845153809
1741033350009244200,144.844244140625,-3.8765368461608887,3.132025718688965,3.785870313644409
1741033350019346000,144.8543459472656,-3.2649879455566406,1.1927413940429688,2.5771360397338867
1741033350029447700,144.86444775390626,-2.9247894287109375,-0.5573205947875977,1.9226369857788086
1741033350039549400,144.87454956054688,-3.2646613121032715,-2.073239326477051,1.7529120445251465
1741033350049651000,144.88465087890626,-3.42647647857666,-3.2547078132629395,1.7599068880081177
1741033350059752700,144.89475268554688,-3.1959328651428223,-4.1359333992004395,1.8081443309783936
1741033350069854500,144.9048544921875,-3.041785955429077,-4.7557373046875,1.806511640548706
1741033350079956200,144.91495629882812,-2.960721254348755,-5.185397624969482,1.7741408348083496
1741033350090058000,144.92505810546874,-2.9659225940704346,-5.384868621826172,1.7523314952850342
1741033350100159700,144.93515966796875,-2.95823335647583,-5.257807731628418,1.8152270317077637
1741033350110261200,144.94526123046876,-2.920466423034668,-4.840561866760254,1.9325661659240723
1741033350120363300,144.95536328125,-2.5512712001800537,-4.217989921569824,2.0771608352661133
1741033350130501600,144.96550170898436,-0.729932427406311,-3.3238210678100586,2.259692430496216
1741033350140806000,144.9758059082031,7.710300922393799,-1.3624706268310547,1.522956371307373
1741033350151110000,144.98610986328126,14.968250274658203,-1.6213560104370117,1.1808515787124634
1741033350161344800,144.9963447265625,5.0828166007995605,-3.9280824661254883,3.0614843368530273
1741033350171465700,145.0064658203125,-2.839797258377075,-5.538063049316406,3.302206516265869
1741033350181567500,145.0165673828125,-6.166870594024658,-5.815179824829102,2.5920348167419434
1741033350191669200,145.02666918945312,-8.100753784179688,-5.455933570861816,1.8273017406463623
1741033350201770800,145.03677075195313,-10.230883598327637,-4.289015769958496,1.549937129020691
1741033350211872500,145.04687255859375,-11.989251136779785,-2.8805480003356934,1.2341731786727905
1741033350221974300,145.05697436523437,-11.540468215942383,-2.3575730323791504,0.04868578910827637
1741033350232076000,145.06707592773438,-9.566905975341797,-2.9499049186706543,-1.4411119222640991
1741033350242177800,145.077177734375,-7.511911392211914,-3.790417194366455,-2.2382946014404297
1741033350252279600,145.08727954101562,-5.919476509094238,-4.177765846252441,-2.082735061645508
1741033350262381000,145.09738110351563,-5.354668617248535,-4.0297040939331055,-1.418025016784668
1741033350272482800,145.10748291015625,-5.658266544342041,-3.2342495918273926,-0.45630669593811035
1741033350282584600,145.11758447265626,-6.691781997680664,-1.8607053756713867,0.7495288848876953
1741033350292686300,145.12768627929688,-6.929060459136963,-0.1257915496826172,2.166830539703369
1741033350302788400,145.13778833007814,-6.617262840270996,1.6892204284667969,3.681652069091797
1741033350312890000,145.14789013671876,-5.191681861877441,3.404083251953125,5.185861110687256
1741033350322991000,145.1579912109375,-2.1553003787994385,4.929868698120117,6.2757697105407715
1741033350333093400,145.16809326171875,0.3360781669616699,6.301579475402832,6.2659687995910645
1741033350343302400,145.1783024902344,0.9917463660240173,7.128962516784668,5.934245586395264
1741033350353607000,145.18860693359375,1.7898414134979248,6.305841445922852,4.622509956359863
1741033350363910100,145.19891015625,2.0627527236938477,4.515336990356445,2.5845658779144287
1741033350374087400,145.20908740234376,1.895338773727417,3.360799789428711,0.8457498550415039
1741033350384195800,145.21919580078125,1.6753592491149902,3.706986427307129,-0.008392155170440674
1741033350394297600,145.22929760742187,1.4138096570968628,4.986008644104004,-0.3454958200454712
1741033350404399000,145.23939916992188,1.395430564880371,6.095187187194824,-0.5919108986854553
1741033350414500900,145.2495009765625,1.9787944555282593,5.650838851928711,-0.7826977372169495
1741033350424602600,145.2596025390625,3.026174545288086,3.351576805114746,-1.6280418634414673
1741033350434704400,145.26970434570313,3.6308774948120117,1.3398303985595703,-2.0820541381835938
1741033350444806100,145.27980615234375,4.321985721588135,-0.23786544799804688,-2.5618491172790527
1741033350454908000,145.28990795898437,5.217764377593994,-1.623788833618164,-3.091362714767456
1741033350465009200,145.30000903320314,5.875367164611816,-1.7828664779663086,-2.636308193206787
1741033350475110400,145.3101103515625,6.932484149932861,-0.2800321578979492,-1.485887050628662
1741033350485212200,145.32021215820313,6.850161552429199,1.9923648834228516,-0.2992144227027893
1741033350495314000,145.33031396484375,5.756307125091553,3.871058464050293,0.03594362735748291
1741033350505415700,145.34041577148437,5.900529861450195,4.776141166687012,0.4702581763267517
1741033350515517200,145.35051708984375,6.420939922332764,4.611654281616211,1.0729504823684692
1741033350525619000,145.36061889648437,5.755821228027344,3.730717658996582,1.4222776889801025
1741033350535720700,145.370720703125,4.4680023193359375,2.2797422409057617,1.0422203540802002
1741033350545822500,145.38082250976564,2.996938705444336,0.788945198059082,0.5583217144012451
1741033350555924200,145.39092431640626,1.6081225872039795,-0.44568920135498047,0.09850138425827026
1741033350566026000,145.40102587890624,0.7061126232147217,-1.4060945510864258,-0.016071736812591553
1741033350576127500,145.41112744140625,0.2683838903903961,-1.9762463569641113,0.09610849618911743
1741033350586229200,145.42122924804687,0.0656326413154602,-2.2781381607055664,0.40617722272872925
1741033350596331000,145.4313310546875,-0.18612074851989746,-2.69357967376709,0.5071776509284973
1741033350606432800,145.44143286132814,-0.23426316678524017,-3.1002297401428223,0.7646905779838562
1741033350616534500,145.45153442382812,-0.32936063408851624,-3.4702563285827637,1.215025544166565
1741033350626636300,145.46163623046874,-0.44286760687828064,-3.825042724609375,1.6544854640960693
1741033350636738000,145.47173803710936,-0.6220273375511169,-4.129567623138428,2.119832992553711
1741033350646839600,145.48183959960937,-0.9182097315788269,-4.322649002075195,2.778306484222412
1741033350656941300,145.49194140625,-0.91900634765625,-4.634984016418457,3.027811050415039
1741033350667043000,145.50204296875,-0.8398163318634033,-5.067694187164307,3.1058292388916016
1741033350677144800,145.51214477539062,-0.7319076061248779,-5.454087257385254,2.982036590576172
1741033350687246600,145.52224658203124,-0.7160882949829102,-5.677486419677734,3.0111191272735596
1741033350697348400,145.53234838867186,-0.7702118754386902,-5.701713562011719,2.8314685821533203
1741033350707449900,145.54244995117188,-0.766058623790741,-5.753324508666992,2.572247266769409
1741033350717551600,145.5525515136719,-0.7718801498413086,-5.611575603485107,2.442124843597412
1741033350727653400,145.5626533203125,-0.6175858974456787,-5.347463607788086,2.3120439052581787
1741033350737755100,145.57275512695313,-0.27627015113830566,-4.899317264556885,2.078388214111328
1741033350747857000,145.58285693359375,-0.0981714129447937,-4.314700126647949,1.8545249700546265
1741033350757958700,145.59295874023437,0.01279836893081665,-3.8573169708251953,1.522230863571167
1741033350768060200,145.60306005859374,0.12355661392211914,-3.437410831451416,1.192070484161377
1741033350778161200,145.6131611328125,0.24826043844223022,-2.922743797302246,1.0358657836914062
1741033350788263000,145.62326293945313,0.3631134033203125,-2.444650650024414,0.9879109263420105
1741033350798364700,145.63336474609375,0.43135231733322144,-1.9014034271240234,0.9848908185958862
1741033350808466400,145.64346655273437,0.5545201897621155,-1.234116554260254,1.005887508392334
1741033350818568000,145.65356787109374,0.5869123339653015,-0.32332515716552734,1.0705286264419556
1741033350828669700,145.66366967773436,0.42844629287719727,0.7463836669921875,1.0633522272109985
1741033350838771500,145.673771484375,0.017780721187591553,1.9343652725219727,0.9268717765808105
1741033350848873200,145.68387329101563,-0.7897512912750244,3.369002342224121,0.4475820064544678
1741033350858975000,145.69397509765625,-1.923980474472046,4.529608726501465,-0.8853198289871216
1741033350869076700,145.70407666015626,-2.2363812923431396,5.284751892089844,-2.6119303703308105
1741033350879178200,145.71417822265624,-2.206645965576172,5.383928298950195,-4.132349491119385
1741033350889280000,145.72428002929686,-2.0538930892944336,4.845416069030762,-4.959401607513428
1741033350899381800,145.7343818359375,-1.468478798866272,3.8142805099487305,-5.37404727935791
1741033350909483500,145.7444833984375,0.969083309173584,1.9805917739868164,-6.222942352294922
1741033350919585300,145.75458520507811,6.756875991821289,-0.5003452301025391,-6.022145748138428
1741033350929723600,145.7647236328125,14.432388305664062,-1.585245132446289,-5.5846662521362305
1741033350940028200,145.77502807617188,19.564990997314453,-1.1187896728515625,-4.343629360198975
1741033350950249500,145.78524951171875,15.993306159973145,0.9191694259643555,-1.9212706089019775
1741033350960435200,145.79543530273438,10.01968765258789,1.9806928634643555,-0.6018283367156982
1741033350970633000,145.80563305664063,5.47568941116333,2.235382080078125,0.617072343826294
1741033350980766200,145.81576611328126,2.655900001525879,2.5037765502929688,1.8542319536209106
1741033350990891500,145.8258916015625,1.1733222007751465,2.8728628158569336,2.482321262359619
1741033351000993300,145.8359931640625,0.6812648773193359,3.656081199645996,2.8400204181671143
1741033351011094800,145.8460947265625,0.26970410346984863,4.935084342956543,3.365694761276245
1741033351021196500,145.85619653320313,-0.3628150224685669,6.26712703704834,4.097960472106934
1741033351031298300,145.86629833984375,-1.0578765869140625,7.242925643920898,4.911890029907227
1741033351041400000,145.87640014648437,-1.9198918342590332,7.353447914123535,5.538669586181641
1741033351051501800,145.88650170898438,-2.668872833251953,6.710505485534668,5.660058975219727
1741033351061602600,145.8966025390625,-3.165285587310791,5.390582084655762,5.1413750648498535
1741033351071704600,145.90670458984374,-2.6513962745666504,2.993779182434082,3.723294734954834
1741033351081843000,145.91684301757812,-2.324530601501465,1.0901126861572266,2.5036914348602295
1741033351092147500,145.9271474609375,-2.392910957336426,-0.25109004974365234,1.8207266330718994
1741033351102451500,145.93745141601562,-3.060504198074341,-1.2716407775878906,1.3352088928222656
1741033351112683000,145.94768310546874,-3.628122329711914,-2.098313808441162,0.9700191020965576
1741033351122807600,145.9578076171875,-3.850856065750122,-2.76381254196167,0.7862671613693237
1741033351132909300,145.96790942382813,-3.701810121536255,-3.2658658027648926,0.8501459956169128
1741033351143011000,145.97801098632812,-3.4195027351379395,-3.693559169769287,1.059674620628357
1741033351153112800,145.98811279296876,-3.0610597133636475,-4.045233249664307,1.2876880168914795
1741033351163214600,145.99821459960938,-2.7676925659179688,-4.324888229370117,1.4040552377700806
1741033351173316000,146.00831616210937,-2.485912322998047,-4.583385944366455,1.4590167999267578
1741033351183417900,146.01841796875,-2.274491310119629,-4.846261501312256,1.4675195217132568
1741033351193518800,146.02851879882812,-2.0391178131103516,-5.072931289672852,1.456533670425415
1741033351203620600,146.03862060546874,-1.875006914138794,-5.258975028991699,1.4027605056762695
1741033351213722400,146.04872241210938,-1.7741268873214722,-5.356668472290039,1.3876945972442627
1741033351223824000,146.05882397460937,-1.7021350860595703,-5.320033073425293,1.364074945449829
1741033351233925600,146.06892553710938,-1.7152444124221802,-5.052431106567383,1.3795931339263916
1741033351244027400,146.07902734375,-1.622577428817749,-4.462475299835205,1.4241437911987305
1741033351254129200,146.08912915039062,-0.3360774517059326,-3.554262638092041,1.5522825717926025
1741033351264231000,146.09923095703124,1.5609610080718994,-2.6263909339904785,1.5689666271209717
1741033351274332700,146.1093327636719,2.0930142402648926,-1.9801397323608398,1.3626153469085693
1741033351284434200,146.11943408203126,-0.17664039134979248,-2.030912399291992,0.7815207242965698
1741033351294536000,146.12953588867188,-2.9481775760650635,-2.226393222808838,-0.06496691703796387
1741033351304637700,146.1396376953125,-3.8961706161499023,-2.216489791870117,-0.8644357323646545
1741033351314739500,146.14973950195312,-3.94968581199646,-1.8775768280029297,-1.142762541770935
1741033351324841200,146.15984130859374,-3.694462776184082,-1.3071613311767578,-1.0856890678405762
1741033351334943000,146.16994287109375,-3.403165817260742,-0.2413501739501953,-0.7926381230354309
1741033351345044500,146.18004443359376,-3.5891811847686768,0.866328239440918,-0.4441784620285034
1741033351355146200,146.19014624023438,-3.459555149078369,1.9023313522338867,-0.10047268867492676
1741033351365248000,146.200248046875,-3.5875766277313232,2.7968950271606445,0.12905478477478027
1741033351375349800,146.21034985351562,-3.2171666622161865,3.6615657806396484,0.5874811410903931
1741033351385451500,146.22045141601564,-2.791229009628296,4.28897762298584,0.7292500138282776
1741033351395553300,146.23055322265625,-2.3776636123657227,4.343475341796875,0.3626994490623474
1741033351405654800,146.24065478515624,-1.9961562156677246,4.111227035522461,-0.16502827405929565
1741033351415756500,146.2507565917969,-1.4421137571334839,3.64971923828125,-0.6950397491455078
1741033351425858300,146.2608583984375,-1.1814167499542236,3.392125129699707,-1.04078209400177
1741033351435960000,146.2709599609375,-1.0476665496826172,3.8610153198242188,-1.2169439792633057
1741033351446061300,146.28106127929686,-0.792083740234375,4.963466644287109,-1.4671385288238525
1741033351456162600,146.29116259765624,2.8600118160247803,6.293169021606445,-1.6437852382659912
1741033351466264300,146.3012644042969,3.063227891921997,8.050552368164062,-1.7836320400238037
1741033351476366000,146.31136596679687,1.7155888080596924,8.41108512878418,-2.0664734840393066
1741033351486467800,146.3214677734375,1.2037255764007568,6.695096015930176,-2.684488534927368
1741033351496569600,146.33156958007814,2.686138868331909,3.418391227722168,-3.2847957611083984
1741033351506671400,146.34167138671876,3.934499979019165,0.8170385360717773,-3.0222692489624023
1741033351516772900,146.35177294921874,3.3377692699432373,-0.8551607131958008,-1.952913522720337
1741033351526874600,146.36187451171875,2.4400529861450195,-1.786900520324707,-1.0585533380508423
1741033351536976400,146.37197631835937,2.456854820251465,-1.5803766250610352,-0.7731547355651855
1741033351547078100,146.382078125,3.2033371925354004,0.0065059661865234375,-0.2157394289970398
1741033351557180000,146.3921799316406,3.558075428009033,1.8858308792114258,0.49929550290107727
1741033351567281700,146.40228173828126,2.9460628032684326,3.204242706298828,0.9445117712020874
1741033351577383200,146.41238305664064,1.814667820930481,3.0942087173461914,0.9354812502861023
1741033351587485000,146.42248486328126,0.9173170924186707,1.8965721130371094,0.4682254195213318
1741033351597586700,146.43258666992188,0.7906455993652344,0.6782197952270508,0.26889902353286743
1741033351607688400,146.4426884765625,0.5756150484085083,-0.24295711517333984,0.356692373752594
1741033351617790200,146.45279028320311,0.8752872943878174,-1.0709543228149414,0.6169052124023438
1741033351627892000,146.46289208984376,1.2358959913253784,-1.8481864929199219,0.9355096817016602
1741033351637993500,146.47299340820314,1.6056058406829834,-2.477877616882324,1.4601882696151733
1741033351648095200,146.48309521484376,1.8358434438705444,-3.0042824745178223,1.8803554773330688
1741033351658197000,146.49319702148438,2.0662739276885986,-3.3279709815979004,2.4416706562042236
1741033351668298800,146.503298828125,2.1864490509033203,-3.775575637817383,2.7161760330200195
1741033351678399700,146.51339965820313,2.0485947132110596,-4.306940078735352,2.6901683807373047
1741033351688501200,146.52350122070314,1.7662841081619263,-4.801995277404785,2.487194538116455
1741033351698603000,146.53360302734376,1.6444026231765747,-5.023346424102783,2.342820882797241
1741033351708704800,146.54370483398438,1.2859914302825928,-5.12307071685791,2.2098348140716553
1741033351718806500,146.553806640625,0.7637760043144226,-5.259426116943359,1.8831746578216553
1741033351728908300,146.563908203125,0.22192764282226562,-5.2721171379089355,1.565795660018921
1741033351739010000,146.57401000976563,-0.21957427263259888,-5.089750289916992,1.4377763271331787
1741033351749111600,146.5841115722656,-0.43251073360443115,-5.025700569152832,1.2382144927978516
1741033351759213300,146.59421337890626,-0.5736234784126282,-4.992105007171631,1.0647004842758179
1741033351769315000,146.60431518554688,-0.38446521759033203,-5.01323938369751,1.071577787399292
1741033351779416800,146.61441674804686,-0.0388796329498291,-4.971301078796387,1.151085615158081
1741033351789518600,146.6245185546875,0.22390735149383545,-4.703517436981201,1.226163387298584
1741033351799620400,146.63462036132813,0.6618608236312866,-4.302650451660156,1.2221698760986328
1741033351809722000,146.64472216796875,1.1704012155532837,-3.7985668182373047,1.2362725734710693
1741033351819823600,146.65482373046876,1.7058788537979126,-3.2513175010681152,1.4042006731033325
1741033351829925400,146.66492529296875,1.981217622756958,-2.7157645225524902,1.53458571434021
1741033351840027100,146.67502709960937,2.0325357913970947,-2.015956401824951,1.69827139377594
1741033351850129000,146.68512890625,2.1179938316345215,-1.170907974243164,1.846792459487915
1741033351860230700,146.69523071289063,2.1434147357940674,-0.07369041442871094,1.9438936710357666
1741033351870332400,146.70533251953125,2.3157153129577637,1.306502342224121,1.8369877338409424
1741033351880434000,146.71543383789063,1.8458120822906494,3.1884822845458984,1.3131077289581299
1741033351890535400,146.7255354003906,0.9601470232009888,4.8851728439331055,0.5460928082466125
1741033351900636700,146.73563671875,-1.2264939546585083,6.091787338256836,-0.43460121750831604
1741033351910738400,146.74573852539064,-1.9902968406677246,6.081793785095215,-2.1542344093322754
1741033351920840000,146.75583984375,-0.5499909520149231,4.732987403869629,-4.611116409301758
1741033351930941700,146.76594165039063,-0.5846772193908691,3.6905088424682617,-5.825562953948975
1741033351941043500,146.77604345703125,-1.287866234779358,2.885822296142578,-5.744470596313477
1741033351951145200,146.78614526367187,-0.36012303829193115,2.06325626373291,-5.239217281341553
1741033351961247000,146.7962470703125,2.3012659549713135,0.9700918197631836,-4.892690181732178
1741033351971348700,146.8063486328125,6.698551177978516,-0.1267538070678711,-4.076350212097168
1741033351981450500,146.81645043945312,11.463797569274902,-0.9102401733398438,-3.268786907196045
1741033351991552000,146.82655200195313,13.030983924865723,-0.5694942474365234,-2.1268696784973145
1741033352001653800,146.83665380859375,9.980805397033691,0.9516582489013672,-1.5062236785888672
1741033352011755500,146.84675561523437,6.26774787902832,2.4031190872192383,-1.2984364032745361
1741033352021857300,146.85685717773438,3.779376745223999,2.959758758544922,-0.713931143283844
1741033352031995600,146.86699560546876,2.2304887771606445,2.824761390686035,0.5991169214248657
1741033352042300200,146.87730004882812,2.0527920722961426,2.604447364807129,2.0016636848449707
1741033352052604000,146.88760400390626,1.5403590202331543,2.74240779876709,3.222208023071289
1741033352062839000,146.89783911132812,0.9825639724731445,3.3986682891845703,4.281838893890381
1741033352072959700,146.90795971679688,0.3650970458984375,4.441171646118164,5.161972999572754
1741033352083061500,146.9180615234375,-0.6845481395721436,5.113842964172363,5.669815540313721
1741033352093163300,146.92816333007812,-1.4610782861709595,5.329220771789551,5.99232292175293
1741033352103265000,146.93826513671874,-2.5119588375091553,5.051059722900391,6.237085342407227
1741033352113366800,146.94836669921875,-2.8167524337768555,4.249610900878906,6.010420799255371
1741033352123468500,146.95846850585937,-2.8666787147521973,2.744363784790039,4.833351135253906
1741033352133570000,146.96857006835938,-2.8722472190856934,1.0367422103881836,3.657029390335083
1741033352143671800,146.978671875,-2.7260587215423584,-0.42002391815185547,2.7654831409454346
1741033352153773600,146.98877368164062,-2.7839670181274414,-1.7029485702514648,2.054348945617676
1741033352163874600,146.99887451171875,-2.9845805168151855,-2.7991161346435547,1.559205174446106
1741033352173976300,147.00897631835937,-3.03049898147583,-3.592071533203125,1.3003511428833008
1741033352184077800,147.01907788085938,-3.0254714488983154,-4.0919718742370605,1.1941007375717163
1741033352194179600,147.0291796875,-3.054986000061035,-4.337496280670166,1.1622326374053955
1741033352204281300,147.03928125,-3.0624914169311523,-4.39914083480835,1.199366569519043
1741033352214383000,147.04938305664064,-3.0708131790161133,-4.358282566070557,1.3166375160217285
1741033352224484900,147.05948486328126,-3.142543315887451,-4.2305216789245605,1.4465458393096924
1741033352234586600,147.06958666992188,-3.109830856323242,-4.141489028930664,1.6124465465545654
1741033352244688100,147.0796882324219,-2.9693708419799805,-4.203349590301514,1.6674553155899048
1741033352254790000,147.08978979492187,-2.788862466812134,-4.280206680297852,1.7172183990478516
1741033352264891600,147.0998916015625,-2.689898729324341,-4.21392297744751,1.7977879047393799
1741033352274993400,147.10999340820314,-2.756842613220215,-3.9808168411254883,1.8767176866531372
1741033352285095200,147.12009521484376,-1.9995028972625732,-3.229288101196289,2.0372681617736816
1741033352295197000,147.13019702148438,1.7659825086593628,-2.0067477226257324,2.2247068881988525
1741033352305298400,147.14029833984375,9.965255737304688,0.05366992950439453,2.116527557373047
1741033352315400200,147.15040014648437,5.849847793579102,-0.4894857406616211,2.301332950592041
1741033352325502000,147.160501953125,-2.216271162033081,-2.126840114593506,1.856987714767456
1741033352335603700,147.1706037597656,-4.713710308074951,-2.9838743209838867,0.39176225662231445
1741033352345705500,147.18070556640626,-3.976508617401123,-3.6899900436401367,-0.814056396484375
1741033352355807200,147.19080712890624,-5.775923252105713,-4.151104927062988,-1.5583522319793701
1741033352365908500,147.20090844726562,-8.859227180480957,-3.0954813957214355,-1.6507467031478882
1741033352376009700,147.211009765625,-11.343863487243652,-1.1439437866210938,-1.6226444244384766
1741033352386111500,147.2211115722656,-12.241888046264648,-0.42389869689941406,-1.822741985321045
1741033352396213200,147.23121313476562,-11.507823944091797,-0.6996126174926758,-1.957305908203125
1741033352406315000,147.24131494140624,-9.977270126342773,-1.2067012786865234,-1.504164695739746
1741033352416416500,147.25141650390626,-8.872885704040527,-1.1222572326660156,-0.5834332704544067
1741033352426519000,147.26151904296876,-7.9712629318237305,-0.3116950988769531,0.3388739824295044
1741033352436764200,147.27176416015624,-7.337036609649658,0.9664487838745117,1.1712242364883423
1741033352447068700,147.28206860351563,-6.287886142730713,2.483626365661621,2.186614751815796
1741033352457371400,147.29237133789061,-4.916522979736328,4.043781280517578,3.241738796234131
1741033352467519200,147.30251928710936,-3.2648162841796875,5.528836250305176,4.166939735412598
1741033352477621000,147.31262109375,-1.8131744861602783,6.236380577087402,4.51123046875
1741033352487722800,147.32272265625,0.16225439310073853,6.115912437438965,4.082681655883789
1741033352497824300,147.33282421875,3.6070797443389893,6.030844688415527,2.888969898223877
1741033352507926000,147.34292602539062,3.600153923034668,6.797852516174316,1.5462143421173096
1741033352518027800,147.35302783203124,1.2695238590240479,7.185842514038086,0.24048294126987457
1741033352528129500,147.36312963867186,0.08675932884216309,6.193005561828613,-0.9972741603851318
1741033352538231300,147.37323120117188,0.3051057457923889,3.8924388885498047,-1.8907575607299805
1741033352548333000,147.3833330078125,1.1350021362304688,1.4071769714355469,-1.930895209312439
1741033352558434800,147.39343481445312,1.9527724981307983,-0.41947174072265625,-1.5261061191558838
1741033352568536300,147.40353637695313,1.8872400522232056,-1.2586030960083008,-1.0522481203079224
1741033352578638000,147.41363818359375,1.3330039978027344,-1.1063957214355469,-0.6176953315734863
1741033352588739800,147.42373974609376,0.8295195698738098,0.01681804656982422,-0.26186472177505493
1741033352598841600,147.43384155273438,0.46442916989326477,1.6689167022705078,0.1665811538696289
1741033352608943400,147.443943359375,1.0285680294036865,2.895854949951172,0.63503098487854
1741033352619044400,147.45404443359374,1.366505742073059,3.198723793029785,0.6853814125061035
1741033352629146600,147.46414672851563,1.494853138923645,2.9895286560058594,0.6394801139831543
1741033352639451400,147.47445141601563,1.6629399061203003,2.631824493408203,0.6119159460067749
1741033352649755400,147.48475537109374,2.621735095977783,2.1454648971557617,0.7350833415985107
1741033352660019500,147.49501953125,2.5639286041259766,1.494217872619629,1.06232750415802
1741033352670146800,147.50514672851563,1.2175246477127075,0.8353910446166992,1.7089862823486328
1741033352680248600,147.51524853515625,0.9894348978996277,0.1742687225341797,3.353414297103882
1741033352690350300,147.52535034179687,3.856132745742798,-0.16817569732666016,5.918849468231201
1741033352700451800,147.53545190429688,7.0809454917907715,-0.8272676467895508,7.855400562286377
1741033352710553600,147.5455537109375,8.108606338500977,-1.952164649963379,7.945273399353027
1741033352720655400,147.5556552734375,7.236956596374512,-3.00199556350708,7.149412631988525
1741033352730757000,147.56575708007813,5.273137092590332,-4.199991226196289,5.717277526855469
1741033352740859000,147.57585888671875,3.7048304080963135,-5.057790279388428,4.229663848876953
1741033352750960600,147.58596069335937,2.7322897911071777,-5.490804672241211,3.0436160564422607
1741033352761062100,147.59606225585938,1.6779669523239136,-5.90883731842041,1.9574790000915527
1741033352771164000,147.60616381835936,0.9450809955596924,-6.063396453857422,1.3906992673873901
1741033352781265700,147.616265625,0.07986277341842651,-6.067317962646484,1.0234981775283813
1741033352791367400,147.62636743164063,-0.6995923519134521,-6.1335577964782715,0.7962665557861328
1741033352801469200,147.63646923828125,-1.094165563583374,-6.137637138366699,0.8318042755126953
1741033352811571000,147.64657104492187,-1.1434903144836426,-6.19212532043457,1.0010640621185303
1741033352821672400,147.65667236328125,-0.8996695280075073,-6.31692361831665,0.962387204170227
1741033352831774200,147.66677416992187,-0.5259634256362915,-6.407295227050781,1.0179617404937744
1741033352841876000,147.6768759765625,-0.11761677265167236,-6.0989670753479,1.167710542678833
1741033352851977500,147.6869775390625,0.39590609073638916,-5.398096561431885,1.1899948120117188
1741033352862078700,147.69707861328126,0.6844578981399536,-4.847960948944092,0.9210296869277954
1741033352872180200,147.70718017578125,1.0125036239624023,-4.334906101226807,0.5161244869232178
1741033352882282000,147.71728198242187,1.15376615524292,-3.9254989624023438,0.07678133249282837
1741033352892383700,147.7273837890625,1.4467225074768066,-3.665679931640625,-0.3934996426105499
1741033352902485500,147.73748559570313,1.943009376525879,-3.2927236557006836,-0.7041898965835571
1741033352912587300,147.74758715820312,2.2871484756469727,-2.7300124168395996,-0.6893006563186646
1741033352922689500,147.757689453125,2.495083808898926,-1.7812185287475586,-0.6990530490875244
1741033352932970500,147.76797045898437,2.6959543228149414,-0.17165088653564453,-0.6862441897392273
1741033352943274800,147.77827465820312,2.4240360260009766,2.225407600402832,-0.8563743233680725
1741033352953558300,147.7885583496094,2.3228437900543213,5.029855728149414,-1.1451842784881592
1741033352963689700,147.79868969726562,3.745795726776123,7.3890790939331055,-1.7469980716705322
1741033352973791500,147.80879150390626,5.7004852294921875,8.565315246582031,-1.652553677558899
1741033352983893200,147.81889331054688,4.74799108505249,8.672417640686035,-1.1769013404846191
1741033352993995000,147.8289951171875,3.0043933391571045,7.364219665527344,-1.5592732429504395
1741033353004096800,147.8390966796875,1.9420521259307861,5.645483016967773,-2.4122226238250732
1741033353014198300,147.8491982421875,3.3339524269104004,3.275721549987793,-2.6781463623046875
1741033353024300500,147.85930053710936,6.5528764724731445,1.612706184387207,-2.354329824447632
1741033353034402300,147.86940234375,11.67336654663086,0.5211706161499023,-1.0794070959091187
1741033353044635000,147.879634765625,10.768704414367676,1.3556280136108398,0.09233736991882324
1741033353054939400,147.889939453125,7.307159423828125,2.239046096801758,0.4534482955932617
1741033353065242400,147.90024243164063,4.715788841247559,1.6125030517578125,1.5685559511184692
1741033353075400400,147.910400390625,4.897139549255371,0.6063432693481445,2.8561718463897705
1741033353085504500,147.92050439453126,4.604056358337402,0.2818775177001953,3.849257469177246
1741033353095606300,147.93060620117188,3.145963430404663,0.8853626251220703,4.660909652709961
1741033353105707800,147.94070776367187,2.3866190910339355,2.098799705505371,5.649343967437744
1741033353115809800,147.95080981445312,1.6913142204284668,3.887484550476074,6.518934726715088
1741033353125948200,147.9609482421875,0.4238210916519165,5.878582954406738,7.3358049392700195
1741033353136252700,147.9712526855469,-1.7543013095855713,7.443075180053711,7.8888325691223145
1741033353146556700,147.981556640625,-3.6515607833862305,8.015814781188965,7.91361665725708
1741033353156787700,147.99178759765624,-4.560807228088379,7.266759872436523,7.138323783874512
1741033353166912000,148.001912109375,-4.1743059158325195,5.174034118652344,5.489924907684326
1741033353177013800,148.012013671875,-3.3116135597229004,2.395895004272461,3.6464240550994873
1741033353187115500,148.02211547851562,-3.2549872398376465,-0.010741233825683594,2.364717483520508
1741033353197217000,148.03221704101563,-3.73591947555542,-1.6760034561157227,1.7389159202575684
1741033353207318800,148.04231884765625,-4.042950630187988,-2.6033897399902344,1.4685800075531006
1741033353217420500,148.05242065429687,-3.8873443603515625,-3.004706382751465,1.4068934917449951
1741033353227522300,148.06252221679688,-3.2979369163513184,-3.0996150970458984,1.4557907581329346
1741033353237623300,148.07262329101562,-1.9402437210083008,-3.2890701293945312,1.6314139366149902
1741033353247724800,148.08272485351563,1.2019895315170288,-3.599982738494873,1.9743127822875977
1741033353257826600,148.09282666015625,4.956590175628662,-3.597715377807617,2.4533843994140625
1741033353267928300,148.10292822265626,3.0396628379821777,-3.93221378326416,2.9514760971069336
1741033353278030000,148.11303002929688,-1.5032787322998047,-4.849671840667725,2.8374505043029785
1741033353288131800,148.1231318359375,-2.7480459213256836,-5.445788383483887,2.51419734954834
1741033353298233600,148.13323364257812,-3.6894803047180176,-6.096183776855469,2.0476818084716797
1741033353308335000,148.14333520507813,-5.454408645629883,-6.312027931213379,1.593527913093567
1741033353318436900,148.1534367675781,-6.869359970092773,-5.970665454864502,1.3559430837631226
1741033353328538600,148.16353857421876,-7.791380405426025,-5.5211710929870605,1.1212865114212036
1741033353338640400,148.17364038085938,-6.82559061050415,-5.629013538360596,0.3856085538864136
1741033353348742100,148.1837421875,-5.6224517822265625,-6.137155055999756,-0.24897253513336182
1741033353358844000,148.19384399414062,-4.484107971191406,-6.420198917388916,-0.6785259246826172
1741033353368945400,148.2039453125,-3.637882947921753,-6.491688251495361,-0.9186856746673584
1741033353379047200,148.21404711914062,-3.1221158504486084,-6.311608791351318,-0.8282732963562012
1741033353389149000,148.22414892578124,-2.9477081298828125,-5.895822525024414,-0.42312610149383545
1741033353399250700,148.23425073242188,-3.2286791801452637,-5.180896282196045,0.1822901964187622
1741033353409352400,148.2443525390625,-3.9107918739318848,-4.38131856918335,0.6031105518341064
1741033353419453200,148.254453125,-4.797781467437744,-3.4709668159484863,0.8273269534111023
1741033353429555000,148.26455493164062,-5.799921035766602,-2.5884246826171875,0.9790957570075989
1741033353439656700,148.27465673828124,-6.770200252532959,-1.6450014114379883,1.154039978981018
1741033353449758500,148.28475854492189,-7.4046149253845215,-0.6715068817138672,1.3097901344299316
1741033353459860200,148.29486010742187,-7.5803046226501465,0.5964479446411133,1.6487915515899658
1741033353469962000,148.3049619140625,-7.633409023284912,2.047565460205078,2.1675190925598145
1741033353480064000,148.31506396484374,-6.645707130432129,3.5437307357788086,2.8872084617614746
1741033353490273500,148.3252734375,-5.373869895935059,5.002823829650879,3.9883904457092285
1741033353500578000,148.335578125,-3.2781596183776855,6.411818504333496,5.05336856842041
1741033353510881300,148.34588134765625,-1.3810343742370605,7.62105655670166,5.797938346862793
1741033353521031000,148.35603100585936,0.664872407913208,8.336152076721191,5.755504131317139
1741033353531161600,148.36616162109374,3.166945695877075,8.00277328491211,4.5358734130859375
1741033353541268200,148.37626831054686,3.3125860691070557,7.2735443115234375,2.6701226234436035
1741033353551370000,148.38636987304687,1.9389488697052002,6.774296760559082,1.1692301034927368
1741033353561471700,148.3964716796875,0.7462558150291443,6.678722381591797,0.06706840544939041
1741033353571573200,148.4065732421875,0.48539942502975464,6.622676849365234,-0.9705051183700562
1741033353581674200,148.41667431640624,0.5664730668067932,6.2730865478515625,-1.56019127368927
1741033353591776000,148.42677587890626,0.9883015751838684,4.691368103027344,-1.9519716501235962
1741033353601877800,148.43687768554688,2.0728697776794434,2.263612747192383,-1.8935667276382446
1741033353611979500,148.4469794921875,3.141036033630371,0.12812137603759766,-2.165982484817505
1741033353622081000,148.4570810546875,3.6134390830993652,-1.1088180541992188,-2.462151288986206
1741033353632182800,148.46718286132813,5.311182022094727,-1.5822410583496094,-2.367494821548462
1741033353642284500,148.47728442382814,8.221375465393066,-1.4885587692260742,-1.3587050437927246
1741033353652386300,148.48738623046876,12.246102333068848,-0.33417510986328125,0.3943190574645996
1741033353662488000,148.49748803710938,13.005417823791504,1.2717227935791016,1.6747957468032837
1741033353672589800,148.50758984375,10.802371978759766,2.298542022705078,1.5911797285079956
1741033353682691600,148.51769165039062,3.480984926223755,2.141416549682617,0.546024739742279
1741033353692793000,148.52779296875,-0.14305046200752258,1.235818862915039,-0.37103286385536194
1741033353702894800,148.5378947753906,1.827165961265564,0.9382028579711914,0.06739490479230881
1741033353712996600,148.54799658203126,3.263550281524658,0.3448619842529297,0.8171021938323975
1741033353723098400,148.55809838867188,2.94535756111145,-0.7783031463623047,1.0031079053878784
1741033353733200100,148.5682001953125,2.911489725112915,-1.8570713996887207,0.7164731025695801
1741033353743302000,148.57830200195312,3.024200677871704,-2.8212175369262695,0.2496739625930786
1741033353753403400,148.5884033203125,2.6327555179595947,-3.297487735748291,0.16830964386463165
1741033353763504400,148.59850439453126,1.8819396495819092,-3.297390937805176,0.2094508558511734
1741033353773606100,148.60860620117188,1.2286317348480225,-3.4445748329162598,0.14650414884090424
1741033353783708000,148.6187080078125,0.8578466773033142,-3.507561683654785,0.0803370326757431
1741033353793809700,148.6288095703125,0.8683918714523315,-3.3530430793762207,0.5008881688117981
1741033353803911200,148.6389111328125,0.8901123404502869,-3.396798610687256,0.8364675045013428
1741033353814013000,148.64901293945312,0.7124572992324829,-3.6479272842407227,1.1374967098236084
1741033353824114700,148.65911474609376,0.23514258861541748,-4.091869354248047,1.326838493347168
1741033353834216400,148.66921655273438,-0.1539672613143921,-4.486311912536621,1.5879255533218384
1741033353844318200,148.67931811523437,-0.5446574687957764,-4.6062798500061035,1.9275240898132324
1741033353854420000,148.689419921875,-0.7702146768569946,-4.676230430603027,2.199904203414917
1741033353864521500,148.699521484375,-0.7963342070579529,-4.927772521972656,2.109571933746338
1741033353874623200,148.70962329101562,-0.677204966545105,-5.313946723937988,1.8420791625976562
1741033353884725000,148.71972509765624,-0.5402631163597107,-5.6899309158325195,1.578718662261963
1741033353894826800,148.72982666015625,-0.28487706184387207,-5.940098762512207,1.3267595767974854
1741033353904928500,148.73992846679687,-0.29768669605255127,-6.082489013671875,1.0998632907867432
1741033353915030000,148.75003002929688,-0.4643052816390991,-6.156306266784668,0.7974274158477783
1741033353925131000,148.76013110351562,-0.6022294759750366,-5.982427597045898,0.8079782128334045
1741033353935232800,148.77023266601563,-0.3297165632247925,-5.314050674438477,1.286695957183838
1741033353945334500,148.78033447265625,0.1290520429611206,-4.535906791687012,1.7575311660766602
1741033353955436300,148.79043627929687,0.5728784799575806,-3.702035903930664,2.0668036937713623
1741033353965538000,148.8005380859375,0.9339187145233154,-2.5904431343078613,2.355634927749634
1741033353975639600,148.8106396484375,1.4131431579589844,-1.1011323928833008,2.6603689193725586
1741033353985741300,148.8207412109375,1.8019084930419922,0.9663772583007812,3.1429286003112793
1741033353995843000,148.83084301757813,1.8235623836517334,3.3054275512695312,3.5880837440490723
1741033354005944800,148.84094482421875,1.3870460987091064,5.494658470153809,3.634469509124756
1741033354016046600,148.85104663085937,0.07880949974060059,7.228066444396973,3.0694925785064697
1741033354026148400,148.8611484375,-1.4868359565734863,7.84898567199707,1.8429795503616333
1741033354036249900,148.87124975585937,-2.3598439693450928,7.298172950744629,0.3966061770915985
1741033354046351600,148.8813515625,-3.0682592391967773,6.478865623474121,-1.203346610069275
1741033354056453400,148.89145336914063,-3.409119129180908,4.774564743041992,-3.4731574058532715
1741033354066555100,148.90155517578125,-3.1520941257476807,2.7013349533081055,-6.022622108459473
1741033354076657000,148.91165698242187,-2.2158167362213135,0.51153564453125,-6.71388053894043
1741033354086758400,148.92175830078125,2.7683019638061523,-1.829237937927246,-6.915780067443848
1741033354096859400,148.931859375,9.023056030273438,-1.7629833221435547,-7.90817928314209
1741033354106961200,148.94196118164064,12.27658748626709,0.557220458984375,-7.309206485748291
1741033354117063000,148.95206298828126,10.784712791442871,4.29915714263916,-4.337489604949951
1741033354127164700,148.96216455078124,6.90785026550293,7.185518264770508,-1.904383659362793
1741033354137266400,148.9722663574219,3.6246376037597656,7.077202796936035,0.2797181010246277
1741033354147368000,148.98236791992187,1.6572561264038086,4.629507064819336,1.8862385749816895
1741033354157470500,148.99247045898437,0.08580946922302246,2.658374786376953,2.1110174655914307
1741033354167715600,149.00271557617188,-1.1960523128509521,2.2910423278808594,1.6554324626922607
1741033354178020000,149.01302001953124,-1.6505351066589355,3.0883922576904297,1.1302114725112915
1741033354188322800,149.02332275390626,-1.6976048946380615,4.350673675537109,0.9349563717842102
1741033354198470400,149.03347045898437,-1.7563461065292358,5.1717634201049805,1.1026359796524048
1741033354208572200,149.043572265625,-1.8231055736541748,5.139276504516602,1.4263110160827637
1741033354218674000,149.053673828125,-1.7945196628570557,4.253726005554199,1.768655776977539
1741033354228775700,149.06377563476562,-1.7800395488739014,2.867903709411621,1.8708614110946655
1741033354238877200,149.07387719726563,-1.6974461078643799,1.5355854034423828,1.8465709686279297
1741033354248979000,149.08397900390625,-1.6191198825836182,0.4941253662109375,1.9201960563659668
1741033354259080700,149.09408081054687,-1.6078429222106934,-0.3519306182861328,2.003769874572754
1741033354269182500,149.10418237304688,-1.7215700149536133,-1.039931297302246,2.083584785461426
1741033354279284200,149.1142841796875,-1.9107415676116943,-1.7399101257324219,2.101266860961914
1741033354289386000,149.12438598632812,-2.0445148944854736,-2.445039749145508,2.054847478866577
1741033354299487500,149.13448754882813,-2.0853826999664307,-3.11478328704834,1.9937704801559448
1741033354309589200,149.14458935546875,-2.0748095512390137,-3.727436065673828,1.9482766389846802
1741033354319691000,149.15469091796874,-2.0612146854400635,-4.156651496887207,1.9389419555664062
1741033354329792800,149.16479272460938,-1.872255802154541,-4.4433207511901855,1.959628701210022
1741033354339893800,149.17489379882812,-1.2740867137908936,-4.556120872497559,2.0202083587646484
1741033354349995300,149.18499536132813,0.3363194465637207,-4.232477188110352,1.990808129310608
1741033354360097000,149.19509692382812,5.058191299438477,-3.5128917694091797,1.5949628353118896
1741033354370198800,149.20519873046874,6.1344709396362305,-3.531066417694092,1.7348300218582153
1741033354380300500,149.21530053710939,1.2167524099349976,-4.726839542388916,1.9269585609436035
1741033354390402300,149.22540234375,-2.4522578716278076,-5.499268531799316,1.5659589767456055
1741033354400504000,149.23550415039062,-3.5728352069854736,-5.397909164428711,0.8793103694915771
1741033354410605600,149.24560546875,-3.429382562637329,-5.249715328216553,0.4205194115638733
1741033354420707300,149.25570727539062,-3.352323532104492,-5.248444557189941,0.18667364120483398
1741033354430809600,149.2658095703125,-3.2207303047180176,-5.0800065994262695,0.13165462017059326
1741033354441007400,149.27600732421874,-2.926292896270752,-4.762171745300293,0.13941609859466553
1741033354451311600,149.2863115234375,-3.7828052043914795,-4.369060516357422,0.12685859203338623
1741033354461614800,149.29661474609375,-5.109126091003418,-3.0937399864196777,0.4625478982925415
1741033354471801000,149.30680102539063,-6.867173194885254,-1.3501319885253906,0.6409556865692139
1741033354481911600,149.31691162109374,-7.873834133148193,0.01033782958984375,0.7499668002128601
1741033354492013300,149.32701342773439,-7.554592132568359,0.6091241836547852,0.7074567675590515
1741033354502115000,149.33711499023437,-6.933156967163086,0.6529216766357422,1.0793976783752441
1741033354512216600,149.34721655273438,-5.877975940704346,0.5754880905151367,1.4752330780029297
1741033354522318600,149.35731860351564,-4.758142471313477,0.8904762268066406,1.598935604095459
1741033354532456700,149.36745678710938,-3.8237648010253906,1.8912487030029297,1.884630799293518
1741033354542761200,149.37776123046876,-3.1333234310150146,3.407899856567383,2.3010547161102295
1741033354553065200,149.38806518554688,-2.436655282974243,5.0005598068237305,2.7408840656280518
1741033354563285500,149.39828540039062,-1.6100491285324097,6.010947227478027,2.9647300243377686
1741033354573304600,149.4083046875,-0.2854512631893158,5.952259063720703,2.573995590209961
1741033354583419000,149.4184189453125,1.2036024332046509,5.013555526733398,1.3893859386444092
1741033354593723100,149.42872314453126,4.2631964683532715,4.342798233032227,0.11755159497261047
1741033354604026400,149.4390263671875,1.9352823495864868,4.795916557312012,-0.604260265827179
1741033354614329000,149.4493291015625,-0.026292026042938232,5.5029401779174805,-0.8739660978317261
1741033354624515800,149.45951586914063,-0.812226414680481,6.339999198913574,-1.324221134185791
1741033354634624800,149.46962475585937,0.17247438430786133,6.3781280517578125,-2.012456178665161
1741033354644726500,149.4797265625,2.407156467437744,4.651956558227539,-2.5775558948516846
1741033354654828300,149.48982836914064,3.825917959213257,2.0748157501220703,-2.605319023132324
1741033354664954600,149.49995458984375,3.4289159774780273,0.12149333953857422,-1.953934669494629
1741033354675259100,149.5102590332031,1.6899551153182983,-0.7599973678588867,-1.5184297561645508
1741033354685563100,149.52056323242186,1.2293440103530884,-0.7887458801269531,-1.5169364213943481
1741033354695807700,149.53080786132813,1.11421799659729,0.4341697692871094,-1.7234487533569336
1741033354705930800,149.5409306640625,1.5605698823928833,1.9225387573242188,-1.83390212059021
1741033354716032500,149.55103247070312,3.4073803424835205,3.040846824645996,-0.8914693593978882
1741033354726134300,149.56113427734374,4.490319728851318,3.516397476196289,0.5373048186302185
1741033354736236000,149.5712360839844,3.5452704429626465,3.1862106323242188,1.4438787698745728
1741033354746337500,149.58133764648437,3.005769729614258,1.9718608856201172,1.4930212497711182
1741033354756439300,149.59143920898438,2.763153553009033,0.5055713653564453,1.0680277347564697
1741033354766541000,149.601541015625,2.437002182006836,-0.7808094024658203,0.7525951862335205
1741033354776642800,149.61164282226562,2.318955659866333,-1.8658885955810547,0.42684078216552734
1741033354786743800,149.62174389648436,2.2747960090637207,-2.5355958938598633,0.4184972643852234
1741033354796845300,149.63184521484374,2.1969995498657227,-3.0053091049194336,0.45076513290405273
1741033354806947000,149.64194702148438,1.9801628589630127,-3.496523380279541,0.36507511138916016
1741033354817048800,149.652048828125,1.4313993453979492,-3.9125475883483887,0.2069316953420639
1741033354827150600,149.66215063476562,0.9160968661308289,-4.1168904304504395,0.18899843096733093
1741033354837252400,149.67225244140624,0.6552101373672485,-4.175636291503906,0.2953180968761444
1741033354847354000,149.68235400390626,0.636462926864624,-4.154121398925781,0.5996455550193787
1741033354857455600,149.69245556640624,0.660851240158081,-4.137434959411621,1.1041146516799927
1741033354867557400,149.7025573730469,0.6187044382095337,-4.2016706466674805,1.5718737840652466
1741033354877659100,149.7126591796875,0.5373907089233398,-4.432368278503418,1.694586157798767
1741033354887761000,149.72276098632813,0.24811506271362305,-4.679090976715088,1.6411410570144653
1741033354897862700,149.73286254882814,-0.011881828308105469,-4.872745037078857,1.5968964099884033
1741033354907964400,149.74296435546876,-0.2389301061630249,-4.928635120391846,1.586769938468933
1741033354918066200,149.75306616210938,-0.25593388080596924,-4.847846984863281,1.6127523183822632
1741033354928168400,149.76316845703124,-0.22555160522460938,-4.743168354034424,1.6373891830444336
1741033354938437400,149.77343725585936,-0.16401147842407227,-4.726263999938965,1.7067033052444458
1741033354948742000,149.7837419433594,-0.0707237720489502,-4.630776882171631,1.8244906663894653
1741033354959035000,149.79403491210937,-0.05175423622131348,-4.455431938171387,1.8871450424194336
1741033354969168000,149.80416796875,-0.07088828086853027,-4.221721172332764,1.902725338935852
1741033354979269600,149.81426953125,0.15046954154968262,-4.036856651306152,1.9876207113265991
1741033354989371100,149.82437109375,0.866722822189331,-3.683300018310547,2.1665594577789307
1741033354999473000,149.83447290039064,1.5311510562896729,-2.8830461502075195,2.2582778930664062
1741033355009574700,149.84457470703126,1.8189663887023926,-1.8898305892944336,2.3931703567504883
1741033355019676700,149.8546767578125,1.8916044235229492,-0.8791704177856445,2.5724682807922363
1741033355029874400,149.86487451171874,1.6195240020751953,0.08599567413330078,2.6405603885650635
1741033355040179000,149.87517895507813,1.0438337326049805,1.170395851135254,2.711026906967163
1741033355050482200,149.8854821777344,0.3408970832824707,2.358635902404785,2.809325933456421
1741033355060668700,149.89566870117187,-0.3577139377593994,3.557525634765625,2.863539695739746
1741033355070779100,149.90577905273437,-1.2095682621002197,4.5197248458862305,2.6124026775360107
1741033355080880600,149.91588061523439,-1.9605616331100464,5.219845771789551,1.9485942125320435
1741033355090982400,149.925982421875,-2.288867712020874,5.3302412033081055,0.45072609186172485
1741033355101084200,149.93608422851563,-3.9661715030670166,5.188060760498047,-1.911724328994751
1741033355111186000,149.94618603515624,-6.720974922180176,4.5132246017456055,-4.601136684417725
1741033355121287700,149.95628759765626,-6.44705867767334,2.9415807723999023,-6.7452921867370605
1741033355131426000,149.96642602539063,-0.37381410598754883,0.8749933242797852,-7.6588263511657715
1741033355141730600,149.97673046875,7.3119001388549805,-0.5807037353515625,-9.59875774383545
1741033355152034300,149.98703442382813,12.530038833618164,-0.32399463653564453,-10.10607624053955
1741033355162269200,149.99726928710936,12.642038345336914,1.6626758575439453,-6.888003349304199
1741033355172390000,150.00738989257812,8.836329460144043,4.21053409576416,-2.2369472980499268
1741033355182491100,150.0174912109375,5.295352935791016,5.019081115722656,0.14458173513412476
1741033355192593000,150.0275930175781,1.7064564228057861,3.3495712280273438,0.7951751351356506
1741033355202694700,150.03769458007812,0.11611390113830566,1.5077800750732422,1.5691205263137817
1741033355212796200,150.04779614257814,-0.5587515830993652,1.3200044631958008,2.036383867263794
1741033355222898000,150.05789794921876,-0.9753183126449585,2.3498964309692383,1.724846363067627
1741033355232999700,150.06799975585938,-1.1484870910644531,3.9769325256347656,1.2858257293701172
1741033355243101400,150.0781013183594,-1.2866507768630981,5.418336868286133,0.8796044588088989
1741033355253203200,150.088203125,-1.458282470703125,6.39261531829834,0.5771908760070801
1741033355263305000,150.09830493164063,-1.7108174562454224,6.580670356750488,0.4343799352645874
1741033355273406500,150.10840649414064,-2.013166666030884,5.728742599487305,0.45902031660079956
1741033355283508200,150.11850830078126,-1.9971668720245361,3.9167938232421875,0.7628917694091797
1741033355293610000,150.12860986328124,-1.823778748512268,1.9952545166015625,1.1529330015182495
1741033355303711500,150.13871142578125,-1.611957311630249,0.36595916748046875,1.369686484336853
1741033355313812700,150.14881274414063,-1.4906725883483887,-0.8677034378051758,1.4893195629119873
1741033355323914200,150.1589143066406,-1.5443874597549438,-1.7428407669067383,1.5774472951889038
1741033355334016000,150.16901611328126,-1.6658039093017578,-2.2820630073547363,1.7563107013702393
1741033355344117800,150.17911767578124,-1.732475757598877,-2.6923980712890625,1.9349209070205688
1741033355354219500,150.18921948242186,-1.7905635833740234,-3.067347526550293,2.0810790061950684
1741033355364321300,150.1993212890625,-1.8388671875,-3.458432674407959,2.208425283432007
1741033355374423000,150.20942309570313,-1.787842869758606,-3.8936100006103516,2.2881131172180176
1741033355384524500,150.2195246582031,-1.6903934478759766,-4.216672897338867,2.3774094581604004
1741033355394626300,150.22962622070312,-0.69892418384552,-4.19124698638916,2.4208905696868896
1741033355404728000,150.23972802734374,1.4102303981781006,-3.8074026107788086,2.1585001945495605
1741033355414829800,150.24982983398436,4.431687355041504,-3.5650696754455566,2.1957366466522217
1741033355424931600,150.259931640625,2.8334803581237793,-4.020643711090088,2.2367517948150635
1741033355435033300,150.27003344726563,-0.29368770122528076,-5.037889003753662,1.9378163814544678
1741033355445134800,150.280134765625,-2.2328619956970215,-5.751479148864746,1.2299669981002808
1741033355455235800,150.29023583984375,-2.280728578567505,-6.084361553192139,0.5283782482147217
1741033355465337600,150.30033764648437,-2.278765916824341,-6.23480749130249,0.21417850255966187
1741033355475439400,150.310439453125,-2.3832879066467285,-6.173993110656738,0.11669552326202393
1741033355485541000,150.320541015625,-2.8301098346710205,-5.988412380218506,0.21576249599456787
1741033355495642600,150.330642578125,-3.6689095497131348,-5.609465599060059,0.1778717041015625
1741033355505744400,150.34074438476563,-5.655289649963379,-4.506733417510986,0.5452078580856323
1741033355515846100,150.35084619140625,-7.105073928833008,-2.5877647399902344,0.7644711136817932
1741033355525948400,150.3609484863281,-8.446294784545898,-1.007765769958496,0.6241275072097778
1741033355536050000,150.3710498046875,-8.653565406799316,0.12709522247314453,0.6018438339233398
1741033355546306600,150.381306640625,-8.217674255371094,0.7252607345581055,0.8914633393287659
1741033355556611000,150.39161108398437,-7.427204608917236,1.0666723251342773,1.0835283994674683
1741033355566913800,150.40191381835936,-6.392456531524658,1.6940927505493164,1.2242381572723389
1741033355577050400,150.41205029296876,-5.441804885864258,2.9568004608154297,1.6319377422332764
1741033355587152100,150.42215209960938,-4.600001811981201,4.559623718261719,2.286461114883423
1741033355597254000,150.43225390625,-3.6703197956085205,6.220067977905273,3.028367280960083
1741033355607355400,150.44235546875,-2.367896795272827,7.663402557373047,3.6964383125305176
1741033355617456600,150.45245654296875,-0.45073336362838745,8.50747013092041,3.976459264755249
1741033355627558100,150.46255810546876,1.7529659271240234,8.01314640045166,3.1844797134399414
1741033355637660000,150.47265991210938,2.926664352416992,6.99517822265625,1.8175222873687744
1741033355647761700,150.48276171875,3.7947731018066406,6.458291053771973,0.4864732027053833
1741033355657863400,150.49286352539062,1.627244234085083,6.624109268188477,-0.7189217805862427
1741033355667965200,150.50296508789063,0.15230821073055267,7.4402923583984375,-1.6538605690002441
1741033355678067000,150.51306689453125,0.4976593255996704,7.654597282409668,-2.6389365196228027
1741033355688168400,150.52316845703126,1.4982616901397705,5.820049285888672,-3.16707706451416
1741033355698270200,150.53327026367188,2.853041887283325,2.9281444549560547,-3.128739833831787
1741033355708372000,150.5433720703125,3.676811933517456,0.7993001937866211,-3.120781421661377
1741033355718473700,150.5534736328125,3.7519397735595703,-0.46489715576171875,-2.755443572998047
1741033355728576300,150.563576171875,4.85737419128418,-1.4804000854492188,-2.2133476734161377
1741033355738880800,150.573880859375,6.6984968185424805,-1.654623031616211,-1.441194772720337
1741033355749185000,150.58418505859376,6.76662015914917,-0.24846649169921875,-0.500795841217041
1741033355759449000,150.59444897460938,3.452446699142456,2.0929994583129883,0.7196191549301147
1741033355769576200,150.604576171875,1.4154767990112305,3.3994035720825195,0.9774767160415649
1741033355779677700,150.614677734375,2.741156578063965,2.835803985595703,1.3010598421096802
1741033355789779000,150.62477905273437,3.854313373565674,1.1804513931274414,1.1728997230529785
1741033355799880700,150.63488061523438,4.303318500518799,-0.30942630767822266,0.8368194699287415
1741033355809982500,150.644982421875,4.30199670791626,-1.429427146911621,0.5109006762504578
1741033355820084000,150.655083984375,3.9348642826080322,-2.093291759490967,0.14500835537910461
1741033355830186200,150.66518627929688,3.5563135147094727,-2.391965389251709,-0.10448378324508667
1741033355840431600,150.675431640625,2.952272415161133,-2.5050477981567383,-0.18248355388641357
1741033355850736000,150.68573608398438,2.239407777786255,-2.7453365325927734,-0.19506216049194336
1741033355861038800,150.69603881835937,1.6931647062301636,-3.147890090942383,-0.04587578773498535
1741033355871186700,150.70618676757812,1.2300068140029907,-3.3910317420959473,0.3599388599395752
1741033355881288400,150.71628833007813,1.495538592338562,-3.620492458343506,1.1063387393951416
1741033355891390200,150.72639013671875,1.331222414970398,-4.016148567199707,1.5776301622390747
1741033355901491700,150.73649169921876,0.5511975884437561,-4.366414546966553,1.9831209182739258
1741033355911593500,150.74659350585938,-0.4080023765563965,-4.499917507171631,2.3143200874328613
1741033355921695200,150.7566953125,-0.4048622250556946,-4.598264217376709,2.593522787094116
1741033355931797000,150.766796875,-0.4739723205566406,-4.7363786697387695,2.598423480987549
1741033355941898200,150.7768981933594,-0.6740812063217163,-4.730682373046875,2.8637259006500244
1741033355951999500,150.78699951171876,-0.5385716557502747,-4.879611015319824,2.928828477859497
1741033355962101200,150.79710131835938,-0.45271551609039307,-5.1426191329956055,2.8181023597717285
1741033355972203000,150.807203125,-0.2925868630409241,-5.369260311126709,2.5966851711273193
1741033355982304800,150.8173046875,-0.02075749635696411,-5.551084041595459,2.3503527641296387
1741033355992406500,150.82740649414063,0.4053773283958435,-5.689644813537598,1.9106959104537964
1741033356002508300,150.83750830078125,0.6234827637672424,-5.784208297729492,1.247381567955017
1741033356012609800,150.84760986328126,0.7379854917526245,-5.6979169845581055,0.6942319869995117
1741033356022711600,150.85771166992188,0.7180233001708984,-5.507190704345703,0.3272685408592224
1741033356032813300,150.86781323242187,0.7872395515441895,-5.120325088500977,0.2492963820695877
1741033356042915000,150.8779150390625,0.8490755558013916,-4.585833549499512,0.47136735916137695
1741033356053016800,150.88801684570313,1.0183360576629639,-4.098499774932861,0.7121521234512329
1741033356063118300,150.89811840820312,1.0840967893600464,-3.4723315238952637,1.0381879806518555
1741033356073219300,150.90821923828125,1.2915675640106201,-2.3383522033691406,1.4749449491500854
1741033356083321000,150.91832104492187,1.7263699769973755,-0.8043947219848633,2.0269381999969482
1741033356093422800,150.9284228515625,2.007972240447998,1.254648208618164,2.6511940956115723
1741033356103524600,150.93852465820314,2.009387493133545,3.50399112701416,3.144955635070801
1741033356113626400,150.94862646484376,1.5147799253463745,5.539909362792969,3.4817583560943604
1741033356123728000,150.95872778320313,0.6896344423294067,6.7847490310668945,3.4996883869171143
1741033356133829600,150.96882958984375,-0.24035608768463135,6.669414520263672,2.8505940437316895
1741033356143931400,150.97893139648437,-1.77811861038208,5.2535247802734375,1.566324234008789
1741033356154033200,150.989033203125,-3.6430463790893555,4.131132125854492,-0.3279629945755005
1741033356164135000,150.99913500976564,-5.05384635925293,3.4807777404785156,-3.3599801063537598
1741033356174236700,151.00923657226562,-5.102549076080322,2.4836740493774414,-6.043294906616211
1741033356184338200,151.01933813476563,-3.546109914779663,1.6124963760375977,-7.584140300750732
1741033356194440000,151.02943994140625,1.8532488346099854,1.5294322967529297,-8.438990592956543
1741033356204541000,151.039541015625,9.316619873046875,1.5796012878417969,-7.96584939956665
1741033356214642700,151.049642578125,12.785515785217285,3.218505859375,-5.758273601531982
1741033356224744400,151.05974438476562,11.840790748596191,3.8387880325317383,-3.0279901027679443
1741033356234846000,151.06984594726563,9.430649757385254,3.321967124938965,-0.4385855197906494
1741033356244947700,151.07994775390625,6.057099342346191,2.6085758209228516,1.1417474746704102
1741033356255049500,151.09004956054687,3.3469302654266357,2.758892059326172,1.3881263732910156
1741033356265151200,151.10015112304689,1.481447458267212,4.101528167724609,0.9392714500427246
1741033356275253000,151.1102529296875,-0.14856648445129395,5.897075653076172,0.22167348861694336
1741033356285354800,151.12035473632812,-0.7070343494415283,7.356341361999512,-0.1531606912612915
1741033356295456300,151.13045629882814,-0.5663325786590576,7.746726036071777,0.20389747619628906
1741033356305558000,151.14055810546876,-0.5062041282653809,6.638155937194824,1.1508126258850098
1741033356315659800,151.15065966796874,-0.6249855756759644,4.332187652587891,1.6771140098571777
1741033356325760800,151.1607607421875,-0.9807653427124023,2.2313461303710938,1.619856357574463
1741033356335862500,151.17086254882813,-1.3365737199783325,0.8479518890380859,1.7509015798568726
1741033356345964000,151.18096411132814,-1.7672395706176758,-0.19160842895507812,1.8257033824920654
1741033356356065800,151.19106567382812,-2.166905164718628,-1.0513572692871094,1.753218412399292
1741033356366167600,151.20116748046874,-2.3466053009033203,-1.7987775802612305,1.6594089269638062
1741033356376269300,151.2112692871094,-2.297677516937256,-2.48378324508667,1.6181706190109253
1741033356386371000,151.22137109375,-1.9523577690124512,-3.054749011993408,1.7108699083328247
1741033356396472800,151.23147290039063,-0.3576467037200928,-3.2440643310546875,1.681835412979126
1741033356406574300,151.24157421875,4.276339054107666,-2.807774543762207,1.3310073614120483
1741033356416676000,151.25167602539062,10.726308822631836,-2.3872389793395996,2.248776435852051
1741033356426777900,151.26177783203124,4.444023609161377,-3.853609085083008,3.2524795532226562
1741033356436879600,151.27187963867186,-1.094301462173462,-5.953115463256836,3.3439245223999023
1741033356446980900,151.28198095703124,-3.220268726348877,-6.961668968200684,2.6314210891723633
1741033356457082000,151.29208203125,-2.667877674102783,-7.384228229522705,2.092036008834839
1741033356467183900,151.30218383789062,-2.5221030712127686,-7.399864196777344,1.960378885269165
1741033356477285600,151.31228564453124,-2.8731706142425537,-7.100388526916504,2.096937656402588
1741033356487387400,151.32238745117186,-3.0945935249328613,-6.810912132263184,1.9702951908111572
1741033356497489200,151.3324892578125,-4.00911808013916,-6.566943168640137,1.6630080938339233
1741033356507591000,151.3425908203125,-4.359354019165039,-5.758221626281738,1.550057053565979
1741033356517692400,151.3526923828125,-5.2432332038879395,-4.453328609466553,1.763924479484558
1741033356527807000,151.36280688476563,-6.30771541595459,-3.1145362854003906,1.457503080368042
1741033356538111500,151.37311157226563,-6.542114734649658,-2.2365565299987793,1.147686243057251
1741033356548415700,151.38341577148438,-5.7068281173706055,-2.1206631660461426,1.2451393604278564
1741033356558669800,151.393669921875,-4.366766929626465,-2.41019868850708,1.767691969871521
1741033356568795100,151.4037951660156,-3.5235862731933594,-2.5819859504699707,2.335617780685425
1741033356578897000,151.41389697265626,-3.3263704776763916,-2.4302563667297363,2.636870861053467
1741033356588998700,151.42399853515624,-3.7883169651031494,-2.026984214782715,2.481113910675049
1741033356599100000,151.43409985351562,-4.721931457519531,-1.3345012664794922,2.267735004425049
1741033356609201200,151.444201171875,-6.101747512817383,-0.31845569610595703,2.1208624839782715
1741033356619303000,151.4543029785156,-7.07205867767334,1.2273006439208984,2.3438401222229004
1741033356629405200,151.4644052734375,-7.411169528961182,3.2880115509033203,2.94789457321167
1741033356639662300,151.4746623535156,-6.658427715301514,5.51667594909668,3.7185580730438232
1741033356649966800,151.484966796875,-3.841320514678955,7.314067840576172,4.321634292602539
1741033356660269600,151.49526953125,0.5139296054840088,8.093110084533691,4.434170246124268
1741033356670405400,151.5054052734375,1.3201522827148438,8.171839714050293,3.936387062072754
1741033356680507100,151.51550708007812,0.6377452611923218,6.788361549377441,2.694080352783203
1741033356690609000,151.52560888671874,0.16539299488067627,4.986125946044922,0.8086148500442505
1741033356700710700,151.53571069335936,0.460174560546875,4.419248580932617,-1.2746381759643555
1741033356710812400,151.5458125,0.9058554172515869,4.96475887298584,-2.765951156616211
1741033356720914400,151.55591455078124,0.5170222520828247,5.109978675842285,-3.3222575187683105
1741033356731088400,151.56608837890624,0.34464216232299805,3.6097564697265625,-3.12394118309021
1741033356741393000,151.57639282226563,0.7074581384658813,1.3838872909545898,-2.4113636016845703
1741033356751696400,151.5866962890625,1.0203639268875122,-0.06590461730957031,-1.8612160682678223
1741033356761900500,151.59690063476563,1.3568073511123657,-0.44330787658691406,-1.7161335945129395
1741033356772016400,151.60701635742188,1.6685415506362915,0.8279647827148438,-1.8442943096160889
1741033356782118100,151.6171181640625,1.6805821657180786,3.60349178314209,-1.9597094058990479
1741033356792220000,151.62721997070312,1.5632792711257935,6.137485504150391,-1.5609612464904785
1741033356802321700,151.63732177734374,2.345353126525879,6.475760459899902,-0.9383640885353088
1741033356812422400,151.64742236328124,3.2175331115722656,4.613553047180176,-0.41797935962677
1741033356822524200,151.65752416992189,4.228692531585693,2.3393211364746094,-0.004529237747192383
1741033356832626000,151.6676259765625,5.0042805671691895,0.8740224838256836,0.5251289010047913
1741033356842727700,151.67772778320312,5.478480339050293,-0.019515037536621094,1.2142775058746338
1741033356852829400,151.68782934570314,4.690731048583984,-0.8290014266967773,1.3369643688201904
1741033356862931200,151.69793115234376,3.343839168548584,-1.5789422988891602,1.167041301727295
1741033356873032700,151.70803271484374,0.9948946237564087,-2.3075833320617676,0.7481144666671753
1741033356883134500,151.7181345214844,-2.6754462718963623,-2.6395931243896484,0.4705764651298523
1741033356893236200,151.728236328125,-2.64224910736084,-2.5851402282714844,0.8891966938972473
1741033356903338000,151.738337890625,-0.24871885776519775,-2.9097909927368164,1.5217722654342651
1741033356913439700,151.74843969726564,1.4684038162231445,-3.582320213317871,1.8768939971923828
1741033356923540700,151.75854077148438,3.184892177581787,-4.118785858154297,2.2839319705963135
1741033356933642200,151.7686423339844,3.8403244018554688,-4.537995338439941,2.70465350151062
1741033356943744000,151.77874389648437,3.439028739929199,-4.85214900970459,2.8230226039886475
1741033356953845800,151.788845703125,3.1831016540527344,-4.907050609588623,2.7635538578033447
1741033356963947500,151.7989475097656,3.18337345123291,-5.03718376159668,2.2827439308166504
1741033356974049300,151.80904931640626,2.884882926940918,-5.194328308105469,1.5217981338500977
1741033356984150800,151.81915087890624,2.283524513244629,-5.60794734954834,0.8798378109931946
1741033356994252500,151.82925244140625,1.5334408283233643,-6.038847923278809,0.6934778690338135
1741033357004354300,151.83935424804687,0.2589871883392334,-6.390296936035156,0.6574422717094421
1741033357014456000,151.8494560546875,-0.7006863355636597,-6.61054801940918,0.7623748183250427
1741033357024557600,151.8595576171875,-1.0709564685821533,-6.648632049560547,0.8735513687133789
1741033357034658600,151.86965844726564,-1.3005207777023315,-6.573059558868408,0.978480339050293
1741033357044760300,151.87976025390626,-1.4396556615829468,-6.301868438720703,0.999613881111145
1741033357054862000,151.88986206054688,-1.3014992475509644,-5.865765571594238,1.1170908212661743
1741033357064963800,151.8999638671875,-1.0593024492263794,-5.2561211585998535,1.300891637802124
1741033357075065600,151.91006567382811,-0.6237088441848755,-4.648573875427246,1.4787373542785645
1741033357085167400,151.92016748046876,-0.04488658905029297,-4.072906017303467,1.6890045404434204
1741033357095268900,151.93026879882814,0.6389448642730713,-3.422144889831543,2.1203904151916504
1741033357105370600,151.94037060546876,1.588188648223877,-2.5379796028137207,2.46547532081604
1741033357115472400,151.95047241210938,2.52120304107666,-0.8358030319213867,2.685746908187866
1741033357125574100,151.96057421875,2.9121994972229004,1.8265275955200195,2.8846001625061035
1741033357135676000,151.97067602539062,2.2300992012023926,5.1978044509887695,3.107330799102783
1741033357145776600,151.98077661132814,0.8295857906341553,7.770252227783203,3.084810733795166
1741033357155878400,151.99087841796876,-1.262915015220642,8.627609252929688,2.3998074531555176
1741033357165980200,152.00098022460938,-1.2434641122817993,6.446331977844238,0.5379835367202759
1741033357176082000,152.01108203125,-0.3097071647644043,3.35208797454834,-2.5127065181732178
1741033357186183700,152.02118359375,-0.6942118406295776,1.559464454650879,-5.217419147491455
1741033357196285400,152.03128540039063,-1.3754854202270508,1.2665634155273438,-7.21063756942749
1741033357206387000,152.0413869628906,-0.7541666030883789,1.3319149017333984,-8.419288635253906
1741033357216488700,152.05148876953126,1.021934986114502,0.6473560333251953,-8.980107307434082
1741033357226590500,152.06159057617188,4.203301429748535,0.08722305297851562,-7.083900451660156
1741033357236692200,152.07169213867186,9.928740501403809,0.07495880126953125,-3.654745101928711
1741033357246793200,152.08179321289063,15.305601119995117,0.1096944808959961,-1.2736784219741821
1741033357256894700,152.0918947753906,11.982352256774902,1.557114601135254,0.515117883682251
1741033357266996500,152.10199658203126,7.878729343414307,2.485701560974121,1.2614847421646118
1741033357277098200,152.11209814453125,5.087466239929199,3.2782669067382812,1.8881839513778687
1741033357287200000,152.12219995117186,2.8543052673339844,5.0534772872924805,2.100999355316162
1741033357297301800,152.1323017578125,1.1868584156036377,7.5310516357421875,1.9358718395233154
1741033357307403300,152.1424033203125,0.09464859962463379,9.847358703613281,1.8119871616363525
1741033357317505000,152.15250512695312,-0.44614291191101074,10.718568801879883,1.9949088096618652
1741033357327606800,152.16260668945313,-1.3271392583847046,9.512287139892578,2.450233221054077
1741033357337708500,152.17270849609375,-1.7188613414764404,6.713123321533203,3.087860107421875
1741033357347810000,152.18281005859376,-1.7930951118469238,4.123195648193359,3.305659294128418
1741033357357911000,152.1929111328125,-1.8450596332550049,2.611358642578125,3.135684013366699
1741033357368012800,152.2030126953125,-2.0539844036102295,1.667048454284668,2.8892364501953125
1741033357378114600,152.21311450195313,-2.211761236190796,0.9744987487792969,2.7447545528411865
1741033357388216300,152.22321630859375,-2.3639633655548096,0.46132659912109375,2.616055727005005
1741033357398318000,152.23331811523437,-2.563739538192749,-0.052318572998046875,2.4663314819335938
1741033357408419800,152.243419921875,-2.650235891342163,-0.7408485412597656,2.3788113594055176
1741033357418521300,152.25352124023436,-2.6292104721069336,-1.646967887878418,2.316650629043579
1741033357428623000,152.263623046875,-2.444308280944824,-2.6571145057678223,2.259212017059326
1741033357438724900,152.27372485351563,-2.241044282913208,-3.6335716247558594,2.2176806926727295
1741033357448826600,152.28382666015625,-2.1287038326263428,-4.484145164489746,2.1722559928894043
1741033357458927600,152.293927734375,-2.0372540950775146,-5.1802287101745605,2.0994410514831543
1741033357469029000,152.30402905273436,-2.013336181640625,-5.7421956062316895,2.0754611492156982
1741033357479131000,152.314130859375,-1.9277652502059937,-6.132471084594727,2.063722610473633
1741033357489232600,152.32423266601563,-1.8191975355148315,-6.284678936004639,2.143627405166626
1741033357499334400,152.33433447265625,-1.4996802806854248,-6.0781755447387695,2.33368182182312
1741033357509436200,152.34443627929687,-0.6242431402206421,-5.426489353179932,2.5725197792053223
1741033357519538000,152.35453784179688,0.5481457710266113,-4.55698299407959,2.5971648693084717
1741033357529639400,152.36463940429687,1.2487620115280151,-3.7496261596679688,2.550593376159668
1741033357539741200,152.3747412109375,0.4799462556838989,-3.3322367668151855,2.2705349922180176
1741033357549843000,152.38484301757813,-0.849975049495697,-3.2155656814575195,1.915307641029358
1741033357559944200,152.39494409179687,-1.9322313070297241,-3.1163077354431152,1.5305430889129639
1741033357570045700,152.40504565429688,-2.4733548164367676,-2.948305606842041,1.1503674983978271
1741033357580147200,152.41514721679687,-2.6216890811920166,-2.8831872940063477,0.9364314079284668
1741033357590249000,152.4252490234375,-2.822124481201172,-2.7836670875549316,0.9458093643188477
1741033357600350700,152.43535083007814,-2.941049814224243,-2.4819798469543457,1.0079845190048218
1741033357610452500,152.44545239257812,-3.3966362476348877,-1.8631911277770996,1.1402089595794678
1741033357620554200,152.45555419921874,-4.106937885284424,-1.0015125274658203,1.1922564506530762
1741033357630656000,152.4656560058594,-4.687600135803223,0.02411651611328125,1.2225621938705444
1741033357640757500,152.47575756835937,-5.379384994506836,1.2195920944213867,1.2620954513549805
1741033357650859300,152.485859375,-5.839200019836426,2.4239444732666016,1.3378798961639404
1741033357660960800,152.49596069335936,-5.605240821838379,3.508747100830078,1.4688372611999512
1741033357671062000,152.50606201171874,-5.2000508308410645,4.248374938964844,1.4578919410705566
1741033357681163800,152.5161638183594,-4.7947773933410645,4.667936325073242,1.2380818128585815
1741033357691265300,152.52626538085937,-4.407758712768555,4.844810485839844,0.7872079610824585
1741033357701367000,152.53636694335938,-3.778132438659668,4.659107208251953,0.21440285444259644
1741033357711468800,152.54646875,-2.872774839401245,4.217214584350586,-0.36612653732299805
1741033357721571000,152.55657104492187,-0.4942421019077301,3.862759590148926,-1.1536494493484497
1741033357731804400,152.5668044433594,0.44301921129226685,4.137487411499023,-1.630687952041626
1741033357742109000,152.57710888671875,-1.077845573425293,5.315278053283691,-1.2854570150375366
1741033357752412000,152.58741186523437,-2.1991066932678223,6.750266075134277,-1.210890531539917
1741033357762569200,152.5975693359375,-1.8762505054473877,7.416038513183594,-1.6361398696899414
1741033357772673000,152.60767309570312,-0.5751704573631287,6.262885093688965,-2.1536941528320312
1741033357782774800,152.61777490234374,0.9315460920333862,3.628314971923828,-2.1589527130126953
1741033357792875800,152.62787573242187,1.458600640296936,1.006326675415039,-1.6292868852615356
1741033357802977500,152.6379775390625,1.0536928176879883,-0.5237560272216797,-1.4045600891113281
1741033357813079300,152.64807934570314,0.8625641465187073,-0.9378652572631836,-1.6672238111495972
1741033357823180800,152.65818090820312,0.3626839518547058,-0.020844459533691406,-1.8245975971221924
1741033357833282600,152.66828247070313,0.3916199803352356,1.7940292358398438,-1.6892846822738647
1741033357843384300,152.67838427734375,0.8729667663574219,3.2255773544311523,-1.5723341703414917
1741033357853486000,152.68848608398437,1.1644710302352905,3.5789995193481445,-1.2350232601165771
1741033357863587800,152.698587890625,2.9654974937438965,3.346670150756836,-0.18243403732776642
1741033357873689600,152.7086896972656,2.9849820137023926,2.934633255004883,0.8561477065086365
1741033357883790600,152.71879052734374,3.9022178649902344,2.371164321899414,2.128722906112671
1741033357893892000,152.72889208984375,6.994300365447998,1.4007806777954102,2.9087061882019043
1741033357903993900,152.73899389648437,8.378389358520508,0.32952022552490234,3.0118415355682373
1741033357914095600,152.749095703125,8.009926795959473,-0.6987495422363281,2.6827080249786377
1741033357924197000,152.75919702148437,6.346736431121826,-1.8473281860351562,2.0400896072387695
1741033357934299000,152.769298828125,4.802208423614502,-2.890408992767334,1.39955472946167
1741033357944400600,152.77940063476564,3.533067464828491,-3.7310538291931152,0.8924879431724548
1741033357954502400,152.78950244140626,2.3544511795043945,-4.3961944580078125,0.48088812828063965
1741033357964604200,152.79960424804688,1.4877039194107056,-4.908833026885986,0.2840072214603424
1741033357974705700,152.80970556640625,0.7374329566955566,-5.286991596221924,0.18855911493301392
1741033357984806700,152.819806640625,0.3484923839569092,-5.476498603820801,0.2272137552499771
1741033357994908400,152.82990844726564,0.14157092571258545,-5.5322675704956055,0.3400644361972809
1741033358005010200,152.84001025390626,-0.07638823986053467,-5.62675666809082,0.5951616764068604
1741033358015112200,152.8501123046875,-0.15177857875823975,-5.812512397766113,0.8909854292869568
1741033358025214000,152.8602138671875,-0.2600177526473999,-5.925934791564941,1.104826807975769
1741033358035434800,152.87043481445312,-0.4855189323425293,-5.871016502380371,1.3007533550262451
1741033358045739300,152.8807392578125,-0.6058244705200195,-5.931622505187988,1.4224882125854492
1741033358056042200,152.89104223632813,-0.6397122144699097,-5.87740421295166,1.6099655628204346
1741033358066210000,152.9012099609375,-0.6006625890731812,-5.674335479736328,1.864544153213501
1741033358076316200,152.9113161621094,-0.36502861976623535,-5.340556621551514,2.131293296813965
1741033358086418000,152.92141796875,-0.12359380722045898,-4.868052959442139,2.3614706993103027
1741033358096519700,152.93151977539063,0.18229126930236816,-4.340794563293457,2.5801961421966553
1741033358106620400,152.94162036132812,0.513984203338623,-3.8503665924072266,2.7222535610198975
1741033358116722200,152.95172216796874,0.7633345127105713,-3.323178768157959,2.746769428253174
1741033358126824000,152.9618239746094,1.0166325569152832,-2.683589458465576,2.797854423522949
1741033358136925700,152.97192578125,1.1852107048034668,-1.8205900192260742,2.863189697265625
1741033358147027500,152.98202734375,1.1416289806365967,-0.6195125579833984,2.8742668628692627
1741033358157129200,152.99212915039064,0.942420482635498,0.8549308776855469,2.757296562194824
1741033358167230700,153.00223071289062,0.4092259407043457,2.502065658569336,2.6381776332855225
1741033358177332500,153.01233251953124,-0.7202500104904175,4.050380706787109,2.1077005863189697
1741033358187434200,153.02243432617186,-1.63338303565979,4.9661407470703125,1.180033564567566
1741033358197535500,153.03253540039063,-2.6409494876861572,5.4131317138671875,-0.2569478750228882
1741033358207637000,153.0426369628906,-3.2436981201171875,4.798334121704102,-2.6730971336364746
1741033358217738500,153.05273852539062,-3.6925086975097656,3.985987663269043,-4.135880470275879
1741033358227840300,153.06284033203124,-3.6247434616088867,3.258662223815918,-5.435744762420654
1741033358237942000,153.07294189453125,-0.8544650077819824,1.3488616943359375,-6.889266014099121
1741033358248043800,153.08304370117187,4.677268981933594,-0.8335094451904297,-8.544905662536621
1741033358258145500,153.0931455078125,11.432032585144043,-2.1403250694274902,-8.04680061340332
1741033358268247300,153.1032473144531,15.489598274230957,-0.28450679779052734,-4.7614922523498535
1741033358278348800,153.11334887695313,14.642522811889648,3.0500478744506836,-0.8417471647262573
1741033358288450600,153.12345043945314,11.378547668457031,6.2321014404296875,0.9560792446136475
1741033358298552000,153.13355200195312,7.12039852142334,8.066941261291504,1.2255127429962158
1741033358308653300,153.1436533203125,2.8109512329101562,7.8563032150268555,0.9949892163276672
1741033358318755000,153.15375512695311,0.83445143699646,5.286502838134766,0.6495230197906494
1741033358328856600,153.16385668945313,-0.09700942039489746,2.923832893371582,0.17303228378295898
1741033358338958300,153.17395825195314,-0.8992534875869751,1.8089494705200195,-0.09230268001556396
1741033358349060000,153.18406005859376,-1.374547004699707,1.8540639877319336,0.277141809463501
1741033358359161900,153.19416186523438,-1.6735656261444092,2.941929817199707,1.296002984046936
1741033358369263600,153.204263671875,-1.716763973236084,4.354456901550293,2.568990468978882
1741033358379365400,153.21436547851562,-2.0450429916381836,5.335716247558594,3.622560977935791
1741033358389467000,153.224466796875,-2.152240514755249,5.609541893005371,4.211051940917969
1741033358399568000,153.23456787109376,-2.523360252380371,5.076732635498047,4.237405776977539
1741033358409669600,153.24466967773438,-2.7550852298736572,3.6542205810546875,3.9445509910583496
1741033358419771400,153.254771484375,-2.512864351272583,1.8342742919921875,3.176088333129883
1741033358429897700,153.2648977050781,-2.4183664321899414,0.3189668655395508,2.6584346294403076
1741033358440202200,153.2752021484375,-2.439579486846924,-0.9240179061889648,2.352876663208008
1741033358450506200,153.28550634765625,-2.42546010017395,-1.933629035949707,2.2530529499053955
1741033358460750800,153.29575073242188,-2.3777377605438232,-2.7094216346740723,2.1663413047790527
1741033358470873900,153.3058737792969,-2.3001160621643066,-3.2892699241638184,2.1338329315185547
1741033358480975600,153.3159755859375,-2.2005157470703125,-3.7602453231811523,2.089291572570801
1741033358491077400,153.32607739257813,-2.1144051551818848,-4.186284065246582,2.0495941638946533
1741033358501179100,153.33617919921875,-2.0449109077453613,-4.541064262390137,2.0281131267547607
1741033358511281000,153.34628100585937,-1.957846760749817,-4.922605991363525,1.9801554679870605
1741033358521382400,153.35638232421874,-1.7618980407714844,-5.261658668518066,1.935549020767212
1741033358531483600,153.36648364257812,-1.6441439390182495,-5.540642261505127,1.9458270072937012
1741033358541585200,153.37658520507813,-1.574004054069519,-5.708150863647461,2.0030081272125244
1741033358551687000,153.38668701171875,-1.4059786796569824,-5.720156669616699,2.1471364498138428
1741033358561788700,153.39678857421876,-1.1876647472381592,-5.52430534362793,2.3260598182678223
1741033358571890200,153.40689013671874,-0.7073686122894287,-5.131917953491211,2.4415194988250732
1741033358581992000,153.41699194335936,-0.4757165014743805,-4.777266502380371,2.294520139694214
1741033358592093700,153.42709375,-0.602954626083374,-4.45603609085083,2.060396432876587
1741033358602195500,153.43719555664063,-0.7682681083679199,-4.004048824310303,1.8352670669555664
1741033358612297200,153.44729711914061,-1.1708284616470337,-3.5169119834899902,1.55528724193573
1741033358622399000,153.45739892578126,-1.5053753852844238,-2.9630022048950195,1.1532448530197144
1741033358632501000,153.4675009765625,-1.639970302581787,-2.4487595558166504,0.6301976442337036
1741033358642698800,153.47769873046875,-1.8796128034591675,-1.953566074371338,0.010791182518005371
1741033358653003000,153.4880029296875,-2.1158769130706787,-1.2965660095214844,-0.5018069744110107
1741033358663306500,153.49830639648437,-2.5846571922302246,-0.3675403594970703,-0.6157760620117188
1741033358673492200,153.5084921875,-2.6187102794647217,0.7211036682128906,-0.4493198096752167
1741033358683602400,153.5186025390625,-2.8338325023651123,1.9777259826660156,-0.24949586391448975
1741033358693704200,153.5287041015625,-2.8610920906066895,2.9949750900268555,0.11853024363517761
1741033358703805700,153.5388056640625,-2.5610666275024414,3.856954574584961,0.48904868960380554
1741033358713907500,153.5489074707031,-2.349283456802368,4.5806379318237305,0.6285909414291382
1741033358724009200,153.55900927734376,-2.0678422451019287,5.109732627868652,0.5150395035743713
1741033358734111000,153.56911108398438,-1.6243772506713867,5.289559364318848,-0.01194712519645691
1741033358744212700,153.57921264648436,-1.0689830780029297,5.23598575592041,-0.7727370858192444
1741033358754314500,153.589314453125,-0.9698214530944824,5.105936050415039,-1.6537697315216064
1741033358764416000,153.599416015625,-0.8601409792900085,4.968117713928223,-2.371652126312256
1741033358774517500,153.609517578125,-0.6463960409164429,4.745246887207031,-2.8617725372314453
1741033358784618800,153.61961865234375,3.472703695297241,4.49287223815918,-3.354804515838623
1741033358794720500,153.62972045898437,2.7441914081573486,5.483219146728516,-3.824910879135132
1741033358804822000,153.63982202148438,1.1697282791137695,6.722646713256836,-3.690415620803833
1741033358814923800,153.649923828125,1.2020927667617798,6.882946014404297,-3.7598533630371094
1741033358825025500,153.66002563476562,3.1231331825256348,4.940778732299805,-3.746075391769409
1741033358835127300,153.67012719726563,4.482980251312256,1.6829729080200195,-3.747875928878784
1741033358845229000,153.68022900390625,3.5380537509918213,-0.8851985931396484,-3.2756130695343018
1741033358855330800,153.69033081054687,2.329411029815674,-2.3031044006347656,-2.351682186126709
1741033358865432600,153.7004326171875,1.3804688453674316,-2.1925206184387207,-1.7101229429244995
1741033358875534000,153.7105341796875,0.9707753658294678,-0.37836360931396484,-1.7420592308044434
1741033358885635000,153.72063500976563,1.614712119102478,2.154545783996582,-1.4706394672393799
1741033358895736800,153.73073681640625,2.127260208129883,3.7431869506835938,-0.339138001203537
1741033358905838600,153.74083862304687,3.1646087169647217,4.322745323181152,0.958695650100708
1741033358915940000,153.75094018554688,4.16896915435791,3.871366500854492,1.8047847747802734
1741033358926041900,153.76104174804686,4.7523417472839355,2.551987648010254,1.631835699081421
1741033358936143600,153.7711435546875,4.184425354003906,1.191817283630371,0.924263060092926
1741033358946245400,153.78124536132813,3.060551404953003,0.17879390716552734,0.08394700288772583
1741033358956347100,153.79134716796875,2.3230745792388916,-0.5643501281738281,-0.7029987573623657
1741033358966449000,153.80144897460937,1.8566235303878784,-1.2214279174804688,-1.3438777923583984
1741033358976550400,153.81155029296875,1.0915247201919556,-1.9090781211853027,-1.5487239360809326
1741033358986652200,153.82165209960937,0.32850411534309387,-2.7157444953918457,-1.3799793720245361
1741033358996753400,153.83175341796874,-0.10218799114227295,-3.461460590362549,-0.9526304006576538
1741033359006855000,153.84185498046875,-0.35060739517211914,-4.038481712341309,-0.397559255361557
1741033359016956700,153.85195678710937,-0.37343844771385193,-4.4701313972473145,0.17297925055027008
1741033359027058200,153.86205810546875,-0.32953310012817383,-4.812601566314697,0.7632083296775818
1741033359037160000,153.87215991210937,-0.2020956426858902,-5.025428771972656,1.5377063751220703
1741033359047261700,153.88226171875,-0.08466267585754395,-5.154606819152832,2.1555025577545166
1741033359057363500,153.89236352539064,-0.06749323010444641,-5.314902305603027,2.5923984050750732
1741033359067465200,153.90246533203126,-0.15064460039138794,-5.52614688873291,2.981104850769043
1741033359077567000,153.91256689453124,-0.05847877264022827,-5.818470478057861,3.143080472946167
1741033359087668500,153.92266845703125,-0.20957565307617188,-6.034786224365234,3.2197489738464355
1741033359097770200,153.93277026367187,-0.5282686352729797,-6.169214248657227,3.100656032562256
1741033359107872000,153.9428720703125,-0.6193968057632446,-6.19973087310791,2.9453420639038086
1741033359117973200,153.95297314453126,-0.43709462881088257,-6.098872661590576,2.624452590942383
1741033359128074800,153.96307470703124,-0.255391001701355,-5.8699493408203125,2.374758243560791
1741033359138176300,153.97317626953125,-0.14759933948516846,-5.471096038818359,2.16841459274292
1741033359148278000,153.98327807617187,-0.15145039558410645,-4.83038854598999,2.1629064083099365
1741033359158379800,153.9933798828125,-0.05883920192718506,-4.240103721618652,2.1774742603302
1741033359168481500,154.0034814453125,0.2946305274963379,-3.710745334625244,2.1369805335998535
1741033359178583300,154.01358325195312,0.5810947418212891,-3.0554957389831543,2.264256238937378
1741033359188685000,154.02368505859374,1.115432858467102,-2.2838544845581055,2.557192802429199
1741033359198786600,154.03378662109375,1.7362838983535767,-1.1790943145751953,3.027143716812134
1741033359208888300,154.04388842773437,2.245926856994629,0.15186786651611328,3.407566547393799
1741033359218990000,154.05398999023438,2.3687222003936768,1.711421012878418,3.4906415939331055
1741033359229091800,154.064091796875,1.8323101997375488,3.4237499237060547,3.2030410766601562
1741033359239193300,154.074193359375,0.33559417724609375,5.447147369384766,2.166515588760376
1741033359249294300,154.08429443359375,-1.8415805101394653,7.136330604553223,1.1310701370239258
1741033359259396000,154.09439599609374,-3.693514347076416,7.765995025634766,-1.3422646522521973
1741033359269497900,154.1044978027344,-4.790026664733887,6.640660285949707,-3.857208013534546
1741033359279599600,154.114599609375,-6.0650811195373535,4.554290771484375,-5.345454216003418
1741033359289701400,154.12470141601563,-5.148491859436035,2.171750068664551,-6.46698522567749
1741033359299803100,154.13480322265625,-1.8694876432418823,0.5014457702636719,-6.293723106384277
1741033359309904600,154.14490454101562,4.73343563079834,-0.9913101196289062,-6.020992279052734
1741033359320006400,154.15500634765624,15.102367401123047,-1.8270072937011719,-5.329975128173828
1741033359330108200,154.1651081542969,21.16178321838379,-0.433258056640625,-2.89401912689209
1741033359340210000,154.1752099609375,15.76669692993164,2.1479482650756836,-1.4598824977874756
1741033359350311700,154.18531176757813,10.35986614227295,2.8220577239990234,-1.6314916610717773
1741033359360412400,154.19541235351562,6.752994537353516,2.363302230834961,-1.2192227840423584
1741033359370514200,154.20551416015624,4.008886337280273,2.2123498916625977,-0.567881166934967
1741033359380616000,154.21561596679686,2.148202419281006,2.844876289367676,-0.14005017280578613
1741033359390717700,154.2257177734375,0.6077916622161865,4.312381744384766,0.37167900800704956
1741033359400819500,154.2358193359375,-0.37216639518737793,6.299319267272949,1.3651278018951416
1741033359410921200,154.2459211425781,-1.1117339134216309,8.002060890197754,3.0170745849609375
1741033359421023200,154.25602319335937,-1.7517304420471191,8.666398048400879,4.678741931915283
1741033359431209000,154.266208984375,-2.0966691970825195,8.047628402709961,5.355717658996582
1741033359441513500,154.2765134277344,-2.4217848777770996,6.174994468688965,4.848887920379639
1741033359451817000,154.28681689453126,-2.733480215072632,3.9128284454345703,3.787982702255249
1741033359462013000,154.2970129394531,-2.628883123397827,1.7858972549438477,2.816673755645752
1741033359472125400,154.30712548828126,-2.7334017753601074,0.2042713165283203,2.1565799713134766
1741033359482227200,154.31722729492188,-2.6554806232452393,-0.8717660903930664,1.779553771018982
1741033359492329000,154.32732885742186,-2.7323834896087646,-1.7637271881103516,1.6154152154922485
1741033359502430500,154.33743041992187,-3.0968337059020996,-2.357861042022705,1.611979603767395
1741033359512532200,154.3475322265625,-3.2585673332214355,-2.9011473655700684,1.7142874002456665
1741033359522633200,154.35763330078126,-3.177943706512451,-3.4306583404541016,1.8322161436080933
1741033359532735000,154.36773486328124,-3.109233856201172,-3.961444854736328,1.9033321142196655
1741033359542836700,154.37783666992186,-3.0239877700805664,-4.484576225280762,1.919144868850708
1741033359552938200,154.38793823242187,-2.914857864379883,-5.000961780548096,1.9432055950164795
1741033359563040000,154.3980400390625,-2.7919280529022217,-5.402620315551758,1.9715430736541748
1741033359573141800,154.4081418457031,-2.616136312484741,-5.694893836975098,2.033672332763672
1741033359583243500,154.41824340820312,-2.444145917892456,-5.874701499938965,2.0696909427642822
1741033359593345300,154.42834521484374,-2.056303024291992,-5.763312339782715,2.228134870529175
1741033359603447000,154.43844702148436,-1.24360990524292,-5.0892744064331055,2.4328107833862305
1741033359613548500,154.44854858398438,0.07244551181793213,-4.278466701507568,2.393893241882324
1741033359623650300,154.458650390625,1.98851478099823,-3.405449867248535,2.1777498722076416
1741033359633752000,154.468751953125,3.5068345069885254,-2.8052964210510254,2.2583227157592773
1741033359643853800,154.47885375976563,0.5900043249130249,-3.389284133911133,2.300098180770874
1741033359653954800,154.48895483398437,-2.786977767944336,-3.9149351119995117,1.4358865022659302
1741033359664056300,154.49905639648438,-3.4886786937713623,-3.991421699523926,0.3144422173500061
1741033359674158000,154.5091579589844,-3.441890239715576,-3.85921049118042,-0.33456170558929443
1741033359684259800,154.519259765625,-4.668642044067383,-3.676114559173584,-0.7807865142822266
1741033359694361600,154.52936157226563,-6.0333662033081055,-2.933013439178467,-0.7559610605239868
1741033359704463400,154.53946337890625,-7.7471747398376465,-1.3257064819335938,-0.5010883808135986
1741033359714565000,154.54956518554687,-8.900541305541992,0.3299989700317383,-0.04207205772399902
1741033359724666600,154.55966650390624,-9.25362491607666,1.5876960754394531,0.25455403327941895
1741033359734768400,154.56976831054686,-8.884888648986816,2.246445655822754,0.4231419265270233
1741033359744870100,154.5798701171875,-8.008163452148438,2.8955440521240234,1.0162312984466553
1741033359754972000,154.58997192382813,-6.676589012145996,3.6701860427856445,1.7469520568847656
1741033359765073700,154.60007373046875,-5.179781913757324,4.400674819946289,2.256588935852051
1741033359775175000,154.6101748046875,-3.718775510787964,5.227972030639648,2.648895025253296
1741033359785276200,154.62027612304686,-2.4645791053771973,6.00601863861084,2.804455518722534
1741033359795378000,154.6303779296875,-1.1446197032928467,6.2909650802612305,2.4523239135742188
1741033359805479700,154.64047973632813,-0.46970558166503906,6.307927131652832,1.7111834287643433
1741033359815581400,154.65058154296875,1.0756423473358154,6.7088117599487305,0.648388147354126
1741033359825683200,154.66068310546876,2.037144660949707,8.147947311401367,-0.24951952695846558
1741033359835784700,154.67078466796875,0.6768885850906372,8.863701820373535,-1.2696928977966309
1741033359845886500,154.68088647460937,-0.26122450828552246,7.0236616134643555,-2.5491867065429688
1741033359855988200,154.69098828125,0.42519259452819824,3.849581718444824,-3.0244321823120117
1741033359866090000,154.70109008789063,2.559347629547119,1.1463890075683594,-2.706973075866699
1741033359876191700,154.71119165039062,3.854733943939209,-0.40166664123535156,-2.484119415283203
1741033359886293500,154.72129345703124,3.665860176086426,-1.0132455825805664,-2.12837553024292
1741033359896395000,154.73139501953125,3.820862293243408,-0.6144046783447266,-1.776169776916504
1741033359906496500,154.74149658203126,3.2941551208496094,0.8501396179199219,-1.0621976852416992
1741033359916597800,154.75159765625,4.139296054840088,2.7456865310668945,0.12774929404258728
1741033359926699500,154.76169946289062,7.695219993591309,4.238458633422852,1.8587123155593872
1741033359936801300,154.77180126953124,10.612086296081543,4.324440956115723,2.9907429218292236
1741033359946902800,154.78190283203125,10.120187759399414,3.038517951965332,2.109494209289551
1741033359957004500,154.79200463867187,3.5060946941375732,1.3023414611816406,0.31915855407714844
1741033359967106300,154.80210620117188,-0.3878468871116638,-0.08035850524902344,-0.27276378870010376
1741033359977208000,154.8122080078125,0.9239966869354248,-0.9262914657592773,0.14224880933761597
1741033359987309800,154.82230981445312,2.8444128036499023,-1.436910629272461,0.7344915866851807
1741033359997411600,154.83241162109374,2.734332799911499,-2.4039206504821777,0.9241146445274353
1741033360007513000,154.84251318359375,2.004124641418457,-3.4933009147644043,1.035013198852539
1741033360017614800,154.85261474609376,1.326932668685913,-4.3368682861328125,1.162729024887085
1741033360027716600,154.86271655273438,1.0352849960327148,-4.854351043701172,1.5266512632369995
1741033360037818000,154.87281811523437,1.24131441116333,-5.092737674713135,1.8629649877548218
1741033360047919000,154.88291918945313,1.562696933746338,-5.299304485321045,1.9665790796279907
1741033360058020900,154.89302075195312,1.316625952720642,-5.517003059387207,1.94547700881958
1741033360068122600,154.90312255859374,0.882620096206665,-5.756776332855225,1.8683091402053833
1741033360078224400,154.91322436523438,0.248504638671875,-5.8338422775268555,1.8576769828796387
1741033360088326100,154.923326171875,-0.3715980052947998,-5.939115524291992,1.7143741846084595
1741033360098428000,154.93342797851562,-0.8631734848022461,-6.126895904541016,1.417864441871643
1741033360108529700,154.94352978515624,-1.2464954853057861,-6.270647048950195,1.1752877235412598
1741033360118631200,154.95363110351562,-1.5211853981018066,-6.314363479614258,1.0616531372070312
1741033360128733000,154.96373291015624,-1.5651631355285645,-6.300043106079102,1.0893933773040771
1741033360138834700,154.9738347167969,-1.4683910608291626,-6.281047821044922,1.074459433555603
1741033360148936400,154.9839365234375,-1.2555840015411377,-6.11683464050293,1.0310547351837158
1741033360159038200,154.9940380859375,-0.8276951313018799,-5.70692253112793,1.0273199081420898
1741033360169139700,155.0041396484375,-0.3763282299041748,-5.0834641456604,1.0434693098068237
1741033360179240700,155.01424072265624,-0.1289076805114746,-4.445524215698242,1.0498764514923096
1741033360189342500,155.0243425292969,0.24721693992614746,-3.6674532890319824,1.0708693265914917
1741033360199444200,155.0344443359375,0.510678768157959,-2.681520938873291,1.0161601305007935
1741033360209546000,155.0445458984375,0.7292828559875488,-1.631533145904541,1.0316929817199707
1741033360219647500,155.0546474609375,1.0675222873687744,-0.5975008010864258,0.9861288070678711
1741033360229749200,155.06474926757812,1.51043701171875,0.3675203323364258,0.8611285090446472
1741033360239851000,155.07485107421874,1.6771855354309082,1.4587078094482422,0.6337825655937195
1741033360249952800,155.08495288085936,1.7510685920715332,2.5686864852905273,0.29898083209991455
1741033360260054500,155.09505444335937,1.9208416938781738,3.677358627319336,0.11095395684242249
1741033360270156300,155.10515625,1.1905553340911865,4.601171493530273,-0.06450426578521729
1741033360280258000,155.1152580566406,-0.5033608675003052,5.052542686462402,-1.0743415355682373
1741033360290359600,155.12535961914062,-2.503016471862793,4.862732887268066,-3.102598190307617
1741033360300460500,155.13546044921875,-1.870094895362854,4.005013465881348,-4.663280963897705
1741033360310562300,155.14556225585937,0.7435786724090576,2.722588539123535,-5.334532260894775
1741033360320664000,155.1556640625,2.9163310527801514,2.210542678833008,-5.342107772827148
1741033360330765600,155.165765625,6.227415561676025,1.7020864486694336,-5.382114410400391
1741033360340867300,155.17586743164063,11.08752727508545,1.1708507537841797,-4.268889904022217
1741033360350969000,155.18596899414064,15.350130081176758,0.9816255569458008,-2.243725538253784
1741033360361071000,155.19607104492187,11.599202156066895,2.592219352722168,-0.8978105783462524
1741033360371233000,155.20623291015625,7.538327693939209,4.060905456542969,-0.49337029457092285
1741033360381537500,155.21653759765624,4.572878360748291,4.543733596801758,-0.63352370262146
1741033360391841300,155.22684130859375,2.4416773319244385,4.335606575012207,-0.19076013565063477
1741033360402056700,155.237056640625,1.0046114921569824,3.845947265625,0.4337332844734192
1741033360412173600,155.24717358398436,-0.12789630889892578,3.9315872192382812,0.8399685025215149
1741033360422275000,155.25727514648437,-0.7186276912689209,4.637001991271973,1.3683226108551025
1741033360432376800,155.267376953125,-0.750885009765625,5.785841941833496,2.0059351921081543
1741033360442478600,155.277478515625,-1.0276167392730713,7.051982879638672,2.998685836791992
1741033360452580400,155.28758032226563,-1.532210111618042,7.899460792541504,4.100094795227051
1741033360462681300,155.29768139648436,-2.0049924850463867,7.855036735534668,4.926178932189941
1741033360472782800,155.30778295898438,-2.7121753692626953,6.565696716308594,5.3625264167785645
1741033360482884600,155.3178845214844,-3.094435691833496,4.466176986694336,5.052202224731445
1741033360492986400,155.327986328125,-3.137826919555664,2.486997604370117,4.227324962615967
1741033360503088000,155.33808813476563,-3.0704565048217773,0.8809871673583984,3.518641948699951
1741033360513190000,155.34818994140625,-3.0773231983184814,-0.46560001373291016,2.9533262252807617
1741033360523292000,155.3582919921875,-3.036231517791748,-1.5984630584716797,2.443955898284912
1741033360533394000,155.36839379882812,-2.9987664222717285,-2.582047462463379,2.211962938308716
1741033360543578600,155.37857861328126,-2.8528993129730225,-3.399575710296631,2.0954530239105225
1741033360553883100,155.38888305664062,-2.696775436401367,-4.099708557128906,1.9902756214141846
1741033360564186400,155.39918627929688,-2.5359959602355957,-4.716296672821045,1.8891677856445312
1741033360574383000,155.40938305664062,-2.3980183601379395,-5.252588748931885,1.8148174285888672
1741033360584495900,155.41949584960938,-2.3016209602355957,-5.644414901733398,1.7947192192077637
1741033360594597600,155.42959765625,-2.172314405441284,-5.933526039123535,1.8075439929962158
1741033360604699400,155.43969946289062,-2.062140703201294,-6.159965991973877,1.8377265930175781
1741033360614800100,155.44980004882814,-2.000415802001953,-6.302742958068848,1.8731979131698608
1741033360624902000,155.45990185546876,-2.052598476409912,-6.284824848175049,1.9704790115356445
1741033360635003600,155.47000366210938,-2.100045680999756,-6.059976577758789,2.170139789581299
1741033360645105400,155.48010546875,-2.175633430480957,-5.696271896362305,2.389592170715332
1741033360655207200,155.49020727539062,-2.2894105911254883,-5.22903299331665,2.6060385704040527
1741033360665357300,155.500357421875,-2.3245606422424316,-4.63501501083374,2.7924880981445312
1741033360675661800,155.51066186523437,-2.3263256549835205,-3.97336483001709,2.8529248237609863
1741033360685965600,155.52096557617188,-2.193296432495117,-3.319943428039551,2.7924418449401855
1741033360696190700,155.53119067382812,-2.2114062309265137,-2.664254665374756,2.629178047180176
1741033360706309600,155.5413095703125,-2.500401496887207,-1.9935979843139648,2.5213310718536377
1741033360716411400,155.55141137695313,-2.6750998497009277,-1.3362913131713867,2.3878369331359863
1741033360726513200,155.56151318359375,-2.917353630065918,-0.7508363723754883,2.194110870361328
1741033360736615000,155.57161499023437,-2.968170642852783,-0.010036468505859375,2.0034031867980957
1741033360746716400,155.58171630859374,-2.9189000129699707,0.9372920989990234,1.815037488937378
1741033360756818200,155.5918181152344,-2.757819652557373,1.9991750717163086,1.5930371284484863
1741033360766920000,155.601919921875,-2.426313638687134,3.1396751403808594,1.3202011585235596
1741033360777021000,155.61202099609375,-2.043675184249878,4.372220993041992,0.777841329574585
1741033360787122400,155.62212231445312,-1.7739496231079102,5.29612922668457,0.1980493664741516
1741033360797224200,155.63222412109374,-1.6297540664672852,5.753756523132324,-0.39420366287231445
1741033360807326000,155.64232592773436,-1.9379632472991943,5.912715911865234,-1.1332831382751465
1741033360817427700,155.652427734375,-2.041771650314331,5.740837097167969,-2.091634750366211
1741033360827529500,155.66252954101563,-1.828940749168396,5.2092180252075195,-3.2336671352386475
1741033360837631200,155.67263134765625,-1.28299880027771,4.653602600097656,-4.053456783294678
1741033360847733000,155.68273291015626,-0.3894028663635254,4.07533073425293,-4.612865924835205
1741033360857834500,155.69283447265624,0.7711758613586426,4.043744087219238,-4.716597080230713
1741033360867936300,155.70293627929686,1.920163869857788,4.706010818481445,-4.5166707038879395
1741033360878038000,155.7130380859375,3.178492784500122,5.474551200866699,-4.317162990570068
1741033360888139300,155.72313916015625,5.263250827789307,5.557494163513184,-4.168429851531982
1741033360898240500,155.73324047851563,7.609511375427246,4.579156875610352,-4.370844841003418
1741033360908342300,155.74334228515625,7.6183881759643555,3.372368812561035,-3.363255739212036
1741033360918444000,155.75344409179687,5.332242012023926,1.954178810119629,-1.644667387008667
1741033360928545800,155.7635458984375,3.2422189712524414,-0.2484302520751953,-1.0389779806137085
1741033360938647600,155.7736474609375,2.3359036445617676,-1.7598581314086914,-1.0601496696472168
1741033360948749300,155.78374926757812,2.205913543701172,-1.8197565078735352,-1.2507745027542114
1741033360958851000,155.79385107421874,2.1722893714904785,-0.16272354125976562,-1.1471092700958252
1741033360968952600,155.80395263671875,2.6066133975982666,1.8271484375,-0.78146892786026
1741033360979054300,155.81405444335937,4.044463157653809,2.937190055847168,-0.35345402359962463
1741033360989156000,155.82415600585938,5.006511211395264,2.743185043334961,0.16703559458255768
1741033360999257900,155.8342578125,4.34970760345459,1.7657279968261719,0.5572314858436584
1741033361009359000,155.84435913085937,2.6337575912475586,0.6264810562133789,0.33095574378967285
1741033361019460900,155.8544609375,1.3602319955825806,-0.519047737121582,-0.21779018640518188
1741033361029670400,155.86467041015624,0.7401259541511536,-1.5390386581420898,-0.6715490221977234
1741033361039975000,155.87497485351562,0.39564990997314453,-2.341205596923828,-0.958093523979187
1741033361050278100,155.8852780761719,-0.2501657009124756,-2.78773832321167,-1.0080056190490723
1741033361060455000,155.8954548339844,-0.7891993522644043,-3.033461570739746,-0.5141416788101196
1741033361070563000,155.90556298828125,-1.0961089134216309,-3.264671802520752,-0.04020887613296509
1741033361080664800,155.91566479492187,-1.108135461807251,-3.556062698364258,0.3681371808052063
1741033361090766600,155.9257666015625,-0.870861291885376,-3.9448471069335938,0.548096776008606
1741033361100868000,155.9358681640625,-0.7141639590263367,-4.316258907318115,0.6284758448600769
1741033361110969900,155.94596997070312,-0.3505815267562866,-4.558865547180176,1.018032193183899
1741033361121071900,155.95607177734374,0.17432117462158203,-4.708494186401367,1.6741313934326172
1741033361131222000,155.96622192382813,0.4910750389099121,-4.858342170715332,2.1725518703460693
1741033361141526500,155.97652661132813,0.6840682029724121,-5.017917633056641,2.5866189002990723
1741033361151830300,155.98683032226563,0.8390322923660278,-5.070709228515625,3.0776591300964355
1741033361162055400,155.99705541992188,0.902206540107727,-5.158425331115723,3.393524408340454
1741033361172174300,156.00717431640626,0.9714455604553223,-5.316431999206543,3.4708940982818604
1741033361182275300,156.017275390625,0.9731918573379517,-5.4102959632873535,3.5104289054870605
1741033361192376800,156.027376953125,0.9374725818634033,-5.395200252532959,3.5695841312408447
1741033361202479000,156.03747900390624,0.8597425222396851,-5.260465145111084,3.5814292430877686
1741033361212736300,156.047736328125,0.6637434959411621,-5.115484237670898,3.6149773597717285
1741033361223040800,156.05804077148437,0.5739214420318604,-4.869565486907959,3.6535584926605225
1741033361233343500,156.0683435058594,0.3993569612503052,-4.745380878448486,3.524477243423462
1741033361243479600,156.0784794921875,0.20688951015472412,-4.534912109375,3.386630058288574
1741033361253581000,156.0885810546875,0.2878093719482422,-4.038329124450684,3.236003875732422
1741033361263682800,156.09868286132811,0.38726115226745605,-3.2324132919311523,3.1435794830322266
1741033361273784600,156.10878466796876,0.6378604173660278,-2.1622891426086426,3.0233311653137207
1741033361283886300,156.11888623046875,0.6726789474487305,-0.7692508697509766,2.9766364097595215
1741033361293988000,156.12898803710937,0.28964805603027344,0.9436607360839844,2.9352152347564697
1741033361304089900,156.13908984375,-0.31235504150390625,2.850709915161133,2.876805543899536
1741033361314191400,156.14919140625,-1.447765827178955,4.8011579513549805,2.5029072761535645
1741033361324293600,156.15929370117186,-2.387559413909912,6.273096084594727,1.7694891691207886
1741033361334503200,156.16950317382813,-2.87054443359375,6.840906143188477,-0.011460602283477783
1741033361344807700,156.1798076171875,-2.6762306690216064,6.300553321838379,-2.505396842956543
1741033361355111000,156.19011083984375,-3.5620574951171875,5.472102165222168,-3.8075904846191406
1741033361365288200,156.2002880859375,-4.725037574768066,4.575035095214844,-4.645062446594238
1741033361375395600,156.2103955078125,-3.1829113960266113,3.0304746627807617,-5.687691688537598
1741033361385496600,156.22049658203125,3.116248607635498,1.8641223907470703,-6.55437707901001
1741033361395598000,156.23059814453126,10.15550422668457,1.6821374893188477,-5.6716814041137695
1741033361405699800,156.24069995117188,17.860347747802734,3.1623668670654297,-4.743040561676025
1741033361415801900,156.2508017578125,22.593135833740234,4.001034736633301,-3.926835060119629
1741033361425904000,156.26090405273436,18.899658203125,3.062148094177246,-3.207639694213867
1741033361436064800,156.27106469726561,9.481176376342773,1.0286760330200195,-2.528095245361328
1741033361446369300,156.2813693847656,4.385941505432129,-0.32042884826660156,-1.0924016237258911
1741033361456673000,156.29167309570312,1.3358373641967773,-0.6411447525024414,0.02075892686843872
1741033361466889000,156.30188891601563,-0.4561328887939453,-0.1253671646118164,0.7068761587142944
1741033361477005800,156.312005859375,-1.0346001386642456,1.274226188659668,2.002068519592285
1741033361487107600,156.32210766601563,-1.0400313138961792,3.3183603286743164,3.6847198009490967
1741033361497209300,156.33220922851564,-1.261458396911621,4.971587181091309,5.0011186599731445
1741033361507311000,156.34231103515626,-1.783754587173462,5.4107818603515625,5.432925224304199
1741033361517412900,156.35241284179688,-2.476703405380249,4.846447944641113,5.068656921386719
1741033361527513900,156.36251391601562,-2.7139892578125,3.951632499694824,4.308578968048096
1741033361537615400,156.37261547851563,-2.2782094478607178,2.8876543045043945,3.3411247730255127
1741033361547717000,156.38271704101564,-2.1424496173858643,1.9726152420043945,2.473292112350464
1741033361557819000,156.39281884765626,-2.007701873779297,0.9404468536376953,1.8385179042816162
1741033361567920600,156.40292065429688,-2.689173936843872,-0.09965038299560547,1.576715111732483
1741033361578022400,156.4130224609375,-3.41914701461792,-1.0675830841064453,1.5021214485168457
1741033361588124000,156.4231240234375,-3.684691905975342,-1.8664493560791016,1.5040174722671509
1741033361598225700,156.4332255859375,-3.738856077194214,-2.5815296173095703,1.4854744672775269
1741033361608327400,156.4433273925781,-3.557446002960205,-3.202117919921875,1.4874134063720703
1741033361618429200,156.45342919921876,-3.3644561767578125,-3.732107162475586,1.5087847709655762
1741033361628530400,156.46353051757814,-3.120065212249756,-4.201295852661133,1.545121431350708
1741033361638631700,156.47363159179687,-2.8019721508026123,-4.626140594482422,1.571906566619873
1741033361648733400,156.4837333984375,-2.4714059829711914,-4.971561431884766,1.6369562149047852
1741033361658835200,156.4938352050781,-2.181046962738037,-5.232160568237305,1.717134714126587
1741033361668937000,156.50393701171876,-1.9944632053375244,-5.326593399047852,1.8109185695648193
1741033361679038700,156.51403881835938,-1.7817257642745972,-5.257462978363037,1.952559471130371
1741033361689140500,156.52414038085936,-1.5486581325531006,-5.070560455322266,2.0315425395965576
1741033361699242000,156.53424194335938,-1.3317092657089233,-4.8078203201293945,1.8555785417556763
1741033361709343700,156.54434375,-0.9317219257354736,-4.528894424438477,1.6490795612335205
1741033361719445500,156.55444555664062,-0.8852310180664062,-4.323057174682617,1.4232923984527588
1741033361729547000,156.56454711914063,-1.339218258857727,-3.9610509872436523,1.1783815622329712
1741033361739648300,156.57464819335937,-2.1082589626312256,-3.3732714653015137,1.000998854637146
1741033361749749800,156.58474975585938,-2.809612512588501,-2.664196491241455,0.7735966444015503
1741033361759851500,156.5948515625,-3.5156984329223633,-1.99772310256958,0.5674195885658264
1741033361769953300,156.60495336914062,-4.001136302947998,-1.4394407272338867,0.3920498788356781
1741033361780055000,156.61505493164063,-3.7868218421936035,-0.7653770446777344,0.5084084868431091
1741033361790156800,156.62515673828125,-3.268657684326172,0.12500286102294922,0.8017271161079407
1741033361800258600,156.63525854492187,-2.8103179931640625,1.1323432922363281,1.0889170169830322
1741033361810360000,156.64536010742188,-2.427703380584717,2.2488937377929688,1.2270816564559937
1741033361820461800,156.6554619140625,-2.3436875343322754,3.248208999633789,1.1272175312042236
1741033361830563600,156.6655634765625,-2.115323543548584,4.0819854736328125,0.9831830859184265
1741033361840664600,156.67566455078125,-1.8789310455322266,4.639664649963379,0.6822212934494019
1741033361850766000,156.68576611328126,-1.7706668376922607,4.768054008483887,0.12573865056037903
1741033361860867800,156.69586791992188,-1.526190996170044,4.590907096862793,-0.6321309804916382
1741033361870969600,156.70596948242186,-1.481688141822815,4.5019941329956055,-1.387986421585083
1741033361881071400,156.7160712890625,-1.1453063488006592,4.567151069641113,-2.0151760578155518
1741033361891173000,156.72617309570313,1.0088775157928467,4.827081680297852,-2.6022825241088867
1741033361901275000,156.73627490234375,1.5899869203567505,5.017607688903809,-3.5015556812286377
1741033361911376600,156.74637670898437,0.3613698482513428,5.123313903808594,-4.267837047576904
1741033361921478100,156.75647802734375,0.13317537307739258,5.4190168380737305,-4.787217140197754
1741033361931580000,156.76657983398437,1.657340407371521,6.022891998291016,-5.257224082946777
1741033361941681200,156.77668115234374,3.9992730617523193,6.41168212890625,-5.148562431335449
1741033361951782700,156.78678271484375,6.892323017120361,5.135829925537109,-4.485923767089844
1741033361961884200,156.79688427734374,8.606821060180664,2.3880958557128906,-3.5553886890411377
1741033361971986000,156.80698583984375,6.588436603546143,0.42343616485595703,-2.1762959957122803
1741033361982087700,156.81708764648437,4.089605331420898,-1.224827766418457,-1.2711539268493652
1741033361992189400,156.827189453125,2.6514601707458496,-2.3232030868530273,-0.8252988457679749
1741033362002291200,156.83729125976564,1.6923182010650635,-1.9918274879455566,-0.897214949131012
1741033362012393000,156.84739306640626,1.2583589553833008,-0.495391845703125,-0.666218101978302
1741033362022494500,156.85749438476563,0.5075941681861877,1.053847312927246,-0.4043576717376709
1741033362032596200,156.86759619140625,-0.14358270168304443,1.8179950714111328,-0.2951035499572754
1741033362042698000,156.87769799804687,1.0163650512695312,1.8245553970336914,0.19417832791805267
1741033362052799000,156.88779907226564,2.487147569656372,1.5517196655273438,0.8088619709014893
1741033362062900700,156.89790063476562,2.6047215461730957,1.1627063751220703,1.2435011863708496
1741033362073002200,156.90800219726563,1.7609632015228271,0.7898702621459961,1.3527309894561768
1741033362083104000,156.91810400390625,1.2281283140182495,0.3122367858886719,1.1703789234161377
1741033362093205800,156.92820581054687,0.5975748300552368,-0.20572376251220703,0.9599006175994873
1741033362103307500,156.9383076171875,0.09585544466972351,-0.9892873764038086,0.6981608867645264
1741033362113409300,156.9484091796875,-0.08437198400497437,-2.0219340324401855,0.36151501536369324
1741033362123511600,156.95851147460937,-0.34311866760253906,-3.0457983016967773,0.15563277900218964
1741033362133745000,156.9687448730469,-0.4186026453971863,-3.8207640647888184,0.18452590703964233
1741033362144049200,156.97904907226564,-0.25840598344802856,-4.320497989654541,0.4269329011440277
1741033362154352400,156.98935229492187,0.06551486253738403,-4.5837225914001465,0.7423862218856812
1741033362164509700,156.999509765625,0.3145407438278198,-4.691201686859131,1.2887585163116455
1741033362174612700,157.00961279296874,0.5439445972442627,-4.813723564147949,1.837904930114746
1741033362184714500,157.0197145996094,0.5295547246932983,-5.016221046447754,2.2144436836242676
1741033362194816300,157.02981616210937,0.40766894817352295,-5.229781150817871,2.360792398452759
1741033362204917800,157.03991772460938,0.2642040252685547,-5.436066627502441,2.386479139328003
1741033362215019500,157.05001953125,0.09138798713684082,-5.605673313140869,2.4920523166656494
1741033362225121300,157.06012133789062,0.009014606475830078,-5.770749092102051,2.5064103603363037
1741033362235223000,157.07022314453124,-0.03738391399383545,-5.821481704711914,2.4257946014404297
1741033362245324800,157.08032470703125,-0.0958108901977539,-5.825310707092285,2.291032314300537
1741033362255426600,157.09042651367187,-0.20164060592651367,-5.81326961517334,2.098388910293579
1741033362265527800,157.10052783203125,-0.3653784990310669,-5.693387031555176,1.9834489822387695
1741033362275629000,157.11062915039062,-0.3665640354156494,-5.382749557495117,2.056736469268799
1741033362285730800,157.12073071289063,-0.14035546779632568,-4.8128228187561035,2.2811477184295654
1741033362295832600,157.13083251953125,0.3207402229309082,-4.075997829437256,2.4400782585144043
1741033362305934300,157.14093432617187,0.8419493436813354,-3.311807155609131,2.537846326828003
1741033362316035800,157.15103588867188,1.4285985231399536,-2.334712028503418,2.7377142906188965
1741033362326137600,157.1611376953125,1.8459281921386719,-1.0061607360839844,2.9062819480895996
1741033362336239400,157.1712392578125,1.9418766498565674,0.540135383605957,2.8635520935058594
1741033362346341000,157.18134106445314,1.883361577987671,2.346883773803711,2.567293643951416
1741033362356442600,157.19144262695312,1.0946539640426636,4.113862037658691,1.7862260341644287
1741033362366543600,157.2015437011719,-0.547904372215271,5.645146369934082,1.1382176876068115
1741033362376645400,157.21164526367187,-2.1908488273620605,6.793468475341797,0.3181772232055664
1741033362386747100,157.2217470703125,-2.4808902740478516,6.621829986572266,-1.0611454248428345
1741033362396849000,157.23184887695314,-2.4042556285858154,5.1220293045043945,-2.67815899848938
1741033362406950700,157.24195068359376,-3.9078993797302246,3.93820858001709,-4.541295528411865
1741033362417052400,157.25205249023438,-4.869015216827393,3.0899085998535156,-6.243447303771973
1741033362427154000,157.26215380859375,-2.473187208175659,1.4329919815063477,-6.353027820587158
1741033362437255700,157.27225561523437,3.798928737640381,-0.5872611999511719,-6.645896911621094
1741033362447357400,157.282357421875,13.16309928894043,-1.5028705596923828,-5.873106479644775
1741033362457458400,157.29245849609376,19.861591339111328,0.028359413146972656,-4.307121276855469
1741033362467560000,157.30255981445313,18.609893798828125,2.0883541107177734,-2.371068000793457
1741033362477661700,157.31266162109375,12.573609352111816,3.20320987701416,-1.109361171722412
1741033362487763500,157.32276342773437,7.687450408935547,3.517550468444824,-0.6842588186264038
1741033362497865200,157.332865234375,3.6508941650390625,2.96543025970459,-0.26264429092407227
1741033362507967000,157.3429670410156,1.697394847869873,2.3642520904541016,0.3888287842273712
1741033362518068700,157.35306884765626,0.46277523040771484,2.168294906616211,0.5714172720909119
1741033362528170500,157.36317041015624,-0.3092019557952881,2.7216672897338867,1.0542579889297485
1741033362538272000,157.37327197265626,-1.0833263397216797,3.7910537719726562,1.5627458095550537
1741033362548373000,157.383373046875,-1.6315650939941406,5.1666765213012695,2.3960771560668945
1741033362558474800,157.3934748535156,-1.9436010122299194,6.302411079406738,3.3554537296295166
1741033362568576500,157.40357641601562,-2.189542293548584,6.578798294067383,4.164788246154785
1741033362578678000,157.41367797851564,-2.630525827407837,5.804486274719238,4.633272647857666
1741033362588779800,157.42377978515626,-2.5832738876342773,4.221273422241211,4.566613674163818
1741033362598881500,157.43388159179688,-2.1470701694488525,2.5260114669799805,3.958319664001465
1741033362608983300,157.4439833984375,-2.294951915740967,1.0261669158935547,3.1689963340759277
1741033362619085000,157.4540849609375,-2.5344769954681396,-0.2219076156616211,2.5344605445861816
1741033362629186800,157.46418676757813,-2.8749876022338867,-1.2682218551635742,2.1278040409088135
1741033362639287800,157.47428784179687,-2.926830291748047,-2.162611484527588,1.9639065265655518
1741033362649389300,157.48438940429688,-2.8324716091156006,-3.021627902984619,1.8802103996276855
1741033362659491000,157.4944909667969,-2.643716335296631,-3.650358200073242,1.883671522140503
1741033362669592800,157.5045927734375,-2.4864816665649414,-4.188291549682617,1.8690638542175293
1741033362679694600,157.51469458007813,-2.4125094413757324,-4.675693511962891,1.82877516746521
1741033362689796000,157.5247961425781,-2.387101173400879,-5.082322120666504,1.7764415740966797
1741033362699897900,157.53489794921876,-2.337265968322754,-5.35038948059082,1.7525335550308228
1741033362709999600,157.54499951171874,-2.307427167892456,-5.553199291229248,1.7440862655639648
1741033362720101000,157.55510107421875,-2.190965175628662,-5.665107727050781,1.766991376876831
1741033362730202400,157.56520239257813,-2.1203010082244873,-5.752750396728516,1.7932467460632324
1741033362740304000,157.5753039550781,-1.9994068145751953,-5.634026527404785,1.8941315412521362
1741033362750405600,157.58540551757812,-1.9687618017196655,-5.255699634552002,2.135066270828247
1741033362760507400,157.59550732421874,-1.9270215034484863,-4.610319137573242,2.4248762130737305
1741033362770609200,157.60560913085936,-1.6120343208312988,-3.8642921447753906,2.6740610599517822
1741033362780711000,157.6157109375,-1.3813695907592773,-3.2273778915405273,2.6911799907684326
1741033362790812700,157.62581274414063,-1.3105978965759277,-2.7251744270324707,2.4343671798706055
1741033362800914200,157.6359140625,-0.9373586177825928,-2.303493022918701,2.1398630142211914
1741033362811016000,157.64601586914063,-1.2475926876068115,-1.98466157913208,1.7742666006088257
1741033362821117000,157.65611694335936,-2.0949435234069824,-1.761350154876709,1.246957540512085
1741033362831218700,157.66621875,-2.801340341567993,-1.497288703918457,0.6996450424194336
1741033362841320200,157.6763203125,-3.3290998935699463,-1.058420181274414,0.31259801983833313
1741033362851422000,157.686421875,-3.8062667846679688,-0.4333620071411133,0.07005134224891663
1741033362861523700,157.69652368164063,-3.6320528984069824,0.45313262939453125,-0.012885361909866333
1741033362871625500,157.70662548828125,-3.295893669128418,1.6083650588989258,0.044977396726608276
1741033362881727200,157.71672729492187,-3.037017822265625,2.700410842895508,0.22407619655132294
1741033362891829000,157.7268291015625,-2.7767081260681152,3.840886116027832,0.4563778042793274
1741033362901930200,157.73693017578125,-2.435635566711426,4.447134971618652,0.38751503825187683
1741033362912031500,157.74703149414063,-2.201874017715454,4.7364912033081055,-0.08782631158828735
1741033362922133200,157.75713330078125,-2.0291547775268555,4.990398406982422,-0.6729555130004883
1741033362932235000,157.76723510742187,-2.0107805728912354,5.1907548904418945,-1.3930938243865967
1741033362942336800,157.77733666992188,-1.8671413660049438,5.288128852844238,-1.9291694164276123
1741033362952438300,157.78743823242186,-0.639123797416687,5.35474967956543,-2.3108444213867188
1741033362962540000,157.7975400390625,2.34201717376709,5.598386764526367,-2.8093996047973633
1741033362972641800,157.80764184570313,1.4254475831985474,6.129271507263184,-3.801227331161499
1741033362982743600,157.81774365234375,0.816166877746582,6.770891189575195,-4.415838241577148
1741033362992844500,157.82784448242188,1.9473600387573242,6.400856018066406,-4.721343040466309
1741033363002946000,157.83794604492186,4.680996894836426,4.475752830505371,-4.123030185699463
1741033363013047800,157.8480478515625,5.297585487365723,2.1933326721191406,-2.8668529987335205
1741033363023149600,157.85814965820313,3.687382936477661,0.28711986541748047,-1.9743115901947021
1741033363033251300,157.86825122070312,2.6646828651428223,-1.039113998413086,-1.5531222820281982
1741033363043353000,157.87835302734376,2.422360897064209,-1.2512073516845703,-1.2004389762878418
1741033363053454800,157.88845483398438,2.683657646179199,-0.11789894104003906,-1.2382537126541138
1741033363063556400,157.89855639648437,3.6453423500061035,1.8721160888671875,-1.105098843574524
1741033363073657600,157.90865771484374,4.738709449768066,3.694690704345703,-0.457258939743042
1741033363083759600,157.91875952148436,5.8806867599487305,4.273443222045898,0.713836133480072
1741033363093981000,157.92898095703126,5.384593963623047,3.2384033203125,1.2165433168411255
1741033363104285400,157.93928540039062,3.3409667015075684,1.4473085403442383,0.6640087366104126
1741033363114588700,157.94958862304688,1.4386485815048218,-0.022217750549316406,-0.04242640733718872
1741033363124757000,157.95975708007813,0.2890622019767761,-1.071584701538086,-0.3228045105934143
1741033363134861600,157.96986157226561,0.7107543349266052,-1.8851284980773926,-0.12789785861968994
1741033363144963000,157.97996313476563,1.0913583040237427,-2.5915684700012207,0.1980636715888977
1741033363155064800,157.99006494140625,1.2503331899642944,-3.3379974365234375,0.4061824679374695
1741033363165166600,158.00016650390626,1.1810340881347656,-3.9891715049743652,0.6459332704544067
1741033363175268400,158.01026831054688,1.3262035846710205,-4.464798927307129,0.7434691190719604
1741033363185370000,158.0203701171875,1.2827485799789429,-4.7427167892456055,0.7882852554321289
1741033363195471400,158.03047143554687,1.1608387231826782,-4.838089942932129,0.9315870404243469
1741033363205572600,158.04057250976564,1.1285374164581299,-4.812675952911377,1.2449926137924194
1741033363215674400,158.05067431640626,0.8975216150283813,-4.839111804962158,1.5995522737503052
1741033363225776600,158.06077661132812,0.6110941171646118,-4.926695823669434,2.0460236072540283
1741033363235998000,158.070998046875,-0.07768326997756958,-4.999144077301025,2.2985129356384277
1741033363246302500,158.08130249023438,-0.4645537734031677,-5.172145843505859,2.3998117446899414
1741033363256605700,158.0916057128906,-0.5619506239891052,-5.335500717163086,2.417128324508667
1741033363266772700,158.10177270507813,-0.6502259969711304,-5.395576477050781,2.3990375995635986
1741033363276878600,158.11187866210938,-0.5316916704177856,-5.340447902679443,2.375678539276123
1741033363286980400,158.12198046875,-0.39758867025375366,-5.450761795043945,2.229342460632324
1741033363297082000,158.13208203125,-0.33089113235473633,-5.3978190422058105,2.227790355682373
1741033363307183000,158.14218310546875,-0.1107642650604248,-5.174473762512207,2.2541778087615967
1741033363317284900,158.15228491210937,0.2032325267791748,-4.827589511871338,2.3064448833465576
1741033363327386400,158.16238647460938,0.548877477645874,-4.271721363067627,2.4711852073669434
1741033363337488100,158.1724880371094,0.6743412017822266,-3.7404403686523438,2.4795660972595215
1741033363347590000,158.18258984375,0.8323304653167725,-3.141841411590576,2.3779258728027344
1741033363357691600,158.19269165039063,0.8800411224365234,-2.410763740539551,2.296468734741211
1741033363367793400,158.20279345703125,0.835132360458374,-1.3708925247192383,2.3459815979003906
1741033363377895200,158.21289526367187,0.8833551406860352,-0.08513545989990234,2.548858404159546
1741033363387996200,158.22299609375,0.8645933866500854,1.437490463256836,2.494507312774658
1741033363398097700,158.23309765625,0.5497971773147583,3.2837562561035156,2.114196538925171
1741033363408199400,158.24319946289063,-0.06731438636779785,5.065952301025391,0.8374576568603516
1741033363418301200,158.25330126953125,-1.0423798561096191,6.200817108154297,-0.763370931148529
1741033363428403000,158.26340283203126,-0.6397448778152466,6.123074531555176,-3.438837766647339
1741033363438504400,158.27350439453124,-0.7257212996482849,5.25959587097168,-5.60878324508667
1741033363448606200,158.28360620117186,-1.7239000797271729,4.206384658813477,-6.044345855712891
1741033363458708000,158.2937080078125,-1.1252658367156982,3.3131942749023438,-5.863287925720215
1741033363468809000,158.30380908203125,2.244374990463257,2.2316083908081055,-5.953773021697998
1741033363478910500,158.31391040039063,7.332486152648926,0.8099393844604492,-5.031802654266357
1741033363489012200,158.32401220703125,13.6298189163208,-0.29079532623291016,-3.5240564346313477
1741033363499114000,158.33411401367186,17.231168746948242,-0.20184898376464844,-1.723252773284912
1741033363509215700,158.3442158203125,12.880210876464844,1.6533689498901367,-1.105482578277588
1741033363519317500,158.3543173828125,8.636713027954102,2.9911365509033203,-1.4582723379135132
1741033363529419300,158.36441918945312,4.384679317474365,3.0991296768188477,-1.5260188579559326
1741033363539520500,158.3745205078125,2.7364468574523926,2.3880414962768555,0.1553189754486084
1741033363549621800,158.38462182617187,2.4378130435943604,2.111048698425293,2.1094655990600586
1741033363559723500,158.3947236328125,2.279973268508911,2.7337589263916016,2.955841541290283
1741033363569825300,158.4048251953125,1.3893260955810547,4.059690475463867,3.403182029724121
1741033363579927000,158.41492700195312,0.29491567611694336,5.849164009094238,4.068878173828125
1741033363590028500,158.42502856445313,-0.4886610507965088,7.231756210327148,5.022656440734863
1741033363600130300,158.43513037109375,-1.5198514461517334,7.637290000915527,5.838137626647949
1741033363610232000,158.44523217773437,-2.5324630737304688,6.826805114746094,6.070772171020508
1741033363620333800,158.45533374023438,-3.274402141571045,4.997174263000488,5.888705253601074
1741033363630434800,158.46543481445312,-3.1567471027374268,2.770291328430176,4.993255138397217
1741033363640536300,158.47553637695313,-2.9425621032714844,0.5390262603759766,4.00370454788208
1741033363650638000,158.48563818359375,-2.758547306060791,-0.9062070846557617,3.314981698989868
1741033363660739800,158.49573974609376,-2.8213672637939453,-1.9730758666992188,2.6641058921813965
1741033363670841600,158.50584155273438,-3.1595959663391113,-2.732365608215332,2.231825590133667
1741033363680943400,158.515943359375,-3.212667465209961,-3.299152374267578,1.9070037603378296
1741033363691045000,158.52604516601562,-3.2778162956237793,-3.8059005737304688,1.6423273086547852
1741033363701146400,158.536146484375,-3.1720476150512695,-4.276290416717529,1.468429684638977
1741033363711247600,158.54624755859376,-2.9772984981536865,-4.648773193359375,1.4436302185058594
1741033363721349400,158.55634936523438,-3.0452301502227783,-5.019787788391113,1.4919488430023193
1741033363731451100,158.566451171875,-3.1219382286071777,-5.312369346618652,1.5465693473815918
1741033363741552600,158.576552734375,-2.9356331825256348,-5.519272327423096,1.5685985088348389
1741033363751654400,158.586654296875,-2.68715238571167,-5.711113929748535,1.6054375171661377
1741033363761756200,158.59675610351562,-2.4611315727233887,-5.822478294372559,1.653913974761963
1741033363771858000,158.60685791015624,-2.3602559566497803,-5.689586639404297,1.732337474822998
1741033363781959000,158.616958984375,-1.7798378467559814,-5.294031143188477,1.8094656467437744
1741033363792060400,158.62706030273438,-0.08690544962882996,-4.76202392578125,1.7984356880187988
1741033363802162200,158.637162109375,2.278226852416992,-4.299736976623535,1.7326762676239014
1741033363812264000,158.64726391601562,1.540915846824646,-4.069103717803955,1.9746265411376953
1741033363822366000,158.65736596679687,-2.344045639038086,-4.352266788482666,1.7654244899749756
1741033363832540000,158.66753979492188,-5.022111892700195,-4.388017654418945,0.8639666438102722
1741033363842844400,158.67784448242188,-6.133321285247803,-4.083608627319336,-0.03678131103515625
1741033363853148000,158.68814794921875,-6.781130313873291,-3.826089859008789,-0.8137285113334656
1741033363863353900,158.69835375976564,-6.981695175170898,-3.516012668609619,-1.2342021465301514
1741033363873467600,158.70846752929688,-6.565246105194092,-3.0404043197631836,-1.2600915431976318
1741033363883569200,158.71856909179687,-6.162781715393066,-2.31219482421875,-0.9861283302307129
1741033363893671000,158.7286708984375,-5.668839931488037,-1.1524848937988281,-0.37766003608703613
1741033363903772700,158.73877270507813,-5.258709907531738,0.30243396759033203,0.3020871877670288
1741033363913874400,158.74887451171875,-4.671009540557861,1.9692583084106445,1.0418117046356201
1741033363923976000,158.75897583007813,-3.9310648441314697,3.712308883666992,1.7647128105163574
1741033363934077700,158.76907763671875,-3.0434138774871826,5.460243225097656,2.4448442459106445
1741033363944179500,158.77917944335937,-2.2135190963745117,6.686270713806152,2.754225969314575
1741033363954280400,158.78928051757813,-0.6512378454208374,7.0906877517700195,2.5569705963134766
1741033363964382200,158.79938232421875,0.22463524341583252,6.949700355529785,1.7457263469696045
1741033363974483700,158.80948364257813,0.2991785407066345,6.6873369216918945,0.48346418142318726
1741033363984585500,158.81958544921875,0.8717877268791199,5.8596343994140625,-1.2284414768218994
1741033363994687200,158.82968725585937,2.9653286933898926,5.349126815795898,-2.895536184310913
1741033364004789500,158.83978955078126,2.3970232009887695,5.6148223876953125,-3.812197685241699
1741033364014999000,158.8499990234375,1.0356941223144531,6.3070573806762695,-4.835643768310547
1741033364025172700,158.8601728515625,1.257596731185913,6.62632942199707,-5.69496488571167
1741033364035150000,158.87015014648438,3.3415699005126953,5.572033882141113,-5.408024311065674
1741033364045338000,158.88033813476562,4.2511444091796875,3.0820484161376953,-4.293618202209473
1741033364055642600,158.890642578125,4.050037384033203,0.5791778564453125,-2.471050500869751
1741033364065945300,158.9009453125,3.120621681213379,-0.9570407867431641,-1.4171767234802246
1741033364076094000,158.91109399414063,2.377087116241455,-1.3241043090820312,-0.741938591003418
1741033364086195700,158.92119580078125,1.4772120714187622,-0.4470815658569336,-0.8748539686203003
1741033364096297500,158.93129736328126,1.4643573760986328,1.199753761291504,-1.4868898391723633
1741033364106399200,158.94139916992188,2.142890214920044,2.8173961639404297,-1.629381775856018
1741033364116500700,158.95150073242186,2.9409291744232178,3.9120969772338867,-1.427116870880127
1741033364126602500,158.9616025390625,3.1730635166168213,4.2346343994140625,-0.5563697218894958
1741033364136704000,158.9717041015625,3.182546615600586,3.7432641983032227,0.7071859836578369
1741033364146805200,158.98180517578126,1.6470121145248413,2.6466636657714844,1.3228352069854736
1741033364156907000,158.99190698242188,0.2800431251525879,1.6666803359985352,1.4851593971252441
1741033364167008500,159.00200854492186,0.27029263973236084,0.6103410720825195,1.5858949422836304
1741033364177110300,159.0121103515625,1.01718270778656,-0.5081958770751953,1.4477674961090088
1741033364187212000,159.0222119140625,1.4052269458770752,-1.5630083084106445,0.9459666013717651
1741033364197313800,159.03231372070312,1.6059141159057617,-2.3285837173461914,0.5736834406852722
1741033364207414800,159.04241479492188,1.6937685012817383,-2.947913646697998,0.437936007976532
1741033364217516300,159.05251635742187,1.5690839290618896,-3.8073606491088867,0.11173683404922485
1741033364227618800,159.06261889648437,1.3018749952316284,-4.5078887939453125,-0.004102468490600586
1741033364237720000,159.07271997070313,1.0972315073013306,-5.155994415283203,0.005449354648590088
1741033364248024600,159.08302465820313,0.6945622563362122,-5.521444797515869,0.07195180654525757
1741033364258328600,159.09332861328124,0.43329745531082153,-6.0181684494018555,0.22186923027038574
1741033364268593000,159.10359301757813,0.22326582670211792,-6.304285049438477,0.514978289604187
1741033364278720800,159.113720703125,0.1347970962524414,-6.297456741333008,1.1692650318145752
1741033364288822300,159.123822265625,0.19931727647781372,-6.233464241027832,1.8328930139541626
1741033364298923500,159.13392358398437,-0.036426424980163574,-6.071377754211426,2.4394521713256836
1741033364309025000,159.14402490234374,-0.529423713684082,-5.793121814727783,3.296220302581787
1741033364319126800,159.15412670898436,-0.5871464610099792,-5.689183235168457,3.384443521499634
1741033364329228500,159.164228515625,-0.703311562538147,-5.683335781097412,3.40645170211792
1741033364339330300,159.17433032226563,-0.7384816408157349,-5.673228740692139,3.389263391494751
1741033364349432000,159.18443212890625,-0.5777592658996582,-5.60563850402832,3.415621280670166
1741033364359533000,159.19453295898438,-0.5510289072990417,-5.338857650756836,3.3921079635620117
1741033364369634600,159.20463452148437,-0.1608971357345581,-4.975473403930664,3.2958269119262695
1741033364379736300,159.214736328125,0.2649000883102417,-4.51732873916626,3.320584297180176
1741033364389838000,159.22483813476563,0.6782455444335938,-3.9008994102478027,3.3979358673095703
1741033364399939800,159.23493994140625,1.295661211013794,-3.1375622749328613,3.5123403072357178
1741033364410041300,159.24504125976563,1.8058255910873413,-2.007767677307129,3.8737757205963135
1741033364420143000,159.25514306640625,2.022526979446411,-0.587428092956543,4.3129777908325195
1741033364430244600,159.26524462890626,1.9402680397033691,1.1175107955932617,4.530311107635498
1741033364440345900,159.27534594726563,1.3572850227355957,3.039844512939453,4.28413200378418
1741033364450447600,159.28544750976562,0.24983513355255127,5.337663650512695,3.526562213897705
1741033364460549000,159.29554907226563,-0.5571023225784302,7.441976547241211,1.5271300077438354
1741033364470651000,159.30565087890625,-1.2133848667144775,7.979710578918457,-1.9647934436798096
1741033364480752600,159.31575268554687,-2.686453104019165,7.401627540588379,-5.219124794006348
1741033364490854400,159.3258544921875,-5.007115364074707,5.950767517089844,-6.043637275695801
1741033364500955600,159.33595556640626,-5.4352593421936035,4.299374580383301,-5.813262462615967
1741033364511057700,159.3460576171875,-3.4614310264587402,1.759404182434082,-5.557045936584473
1741033364521159000,159.3561589355469,0.8312485218048096,-0.9365787506103516,-5.317276954650879
1741033364531427600,159.36642749023437,6.577674865722656,-2.4747872352600098,-4.459024429321289
1741033364541732000,159.37673217773437,16.001502990722656,-3.7687721252441406,-4.453151702880859
1741033364552025000,159.38702514648438,19.177188873291016,-2.3031797409057617,-4.752223491668701
1741033364562159600,159.39715966796874,14.269380569458008,1.2883377075195312,-3.2684645652770996
1741033364572261400,159.40726147460938,9.623540878295898,3.0559873580932617,-2.438593626022339
1741033364582363000,159.41736279296876,5.971138954162598,2.454183578491211,-1.9264034032821655
1741033364592464000,159.4274638671875,1.7258827686309814,1.8623113632202148,-0.9876556396484375
1741033364602565600,159.43756567382812,-0.13375163078308105,1.7444114685058594,-0.08522248268127441
1741033364612667400,159.44766748046874,-0.4655015468597412,2.3077917098999023,0.7106608152389526
1741033364622769200,159.45776904296875,-0.12257242202758789,3.6917638778686523,1.6278923749923706
1741033364632871000,159.46787084960937,-0.10252881050109863,5.427153587341309,2.5900611877441406
1741033364642972400,159.47797241210938,-0.4684034585952759,6.897734642028809,3.728527545928955
1741033364653074200,159.48807421875,-1.184128761291504,7.691993713378906,4.772778511047363
1741033364663175400,159.49817553710938,-1.9181849956512451,7.458738327026367,5.408555030822754
1741033364673277000,159.50827685546875,-2.469243288040161,5.681075096130371,5.182520866394043
1741033364683378400,159.51837841796876,-2.3706753253936768,3.173947334289551,4.417946815490723
1741033364693480200,159.52848022460938,-2.236924409866333,1.4326677322387695,3.761079788208008
1741033364703582000,159.53858203125,-2.48236083984375,0.2320261001586914,3.1477794647216797
1741033364713683700,159.54868359375,-2.98146390914917,-0.7710695266723633,2.767622947692871
1741033364723785200,159.55878515625,-3.4166979789733887,-1.6747426986694336,2.453700304031372
1741033364733886200,159.56888623046876,-3.5774288177490234,-2.465953826904297,2.2755513191223145
1741033364743988000,159.57898803710938,-3.4755492210388184,-3.217532157897949,2.1801295280456543
1741033364754089700,159.58908984375,-3.2911081314086914,-3.915637969970703,2.1370511054992676
1741033364764191500,159.59919140625,-3.122682809829712,-4.515513896942139,2.079580545425415
1741033364774293200,159.60929321289063,-2.876694679260254,-5.026666641235352,2.009460687637329
1741033364784395000,159.61939501953125,-2.5743491649627686,-5.4578657150268555,1.9985320568084717
1741033364794496300,159.62949633789063,-2.3761377334594727,-5.757828712463379,1.9462248086929321
1741033364804597500,159.63959741210937,-2.228886127471924,-5.909317970275879,1.8876944780349731
1741033364814699300,159.64969921875,-2.238668441772461,-5.883253574371338,1.885421872138977
1741033364824801000,159.65980102539064,-2.1777660846710205,-5.558401584625244,1.9885632991790771
1741033364834902800,159.66990283203126,-1.855357050895691,-4.958539009094238,2.134153366088867
1741033364845004300,159.68000439453124,-1.1498136520385742,-4.227208614349365,2.158278465270996
1741033364855106000,159.69010595703125,0.13552606105804443,-3.5873870849609375,2.0611443519592285
1741033364865207000,159.70020703125,1.0805654525756836,-3.30787992477417,2.043628692626953
1741033364875308800,159.71030883789064,0.33604443073272705,-3.482010841369629,1.9760606288909912
1741033364885410300,159.72041040039062,-1.53743314743042,-3.746713638305664,1.4721579551696777
1741033364895512000,159.73051196289063,-3.0787038803100586,-3.796814441680908,0.560461163520813
1741033364905613800,159.74061376953125,-3.9607694149017334,-3.3698129653930664,-0.13620328903198242
1741033364915715600,159.75071557617187,-4.351672172546387,-2.819920539855957,-0.7240027189254761
1741033364925817000,159.76081713867188,-5.134293079376221,-1.9260306358337402,-0.9239696264266968
1741033364935918000,159.77091796875,-5.795836448669434,-0.9041309356689453,-0.7922720909118652
1741033364946019800,159.78101977539063,-5.471208572387695,0.0064258575439453125,-0.4136735200881958
1741033364956121600,159.79112158203125,-5.081766605377197,0.9049673080444336,0.010314106941223145
1741033364966223400,159.80122338867187,-4.230330944061279,1.9047927856445312,0.6032556295394897
1741033364976325000,159.8113251953125,-3.432096242904663,3.0220460891723633,1.1858874559402466
1741033364986427000,159.8214270019531,-2.938032388687134,4.261298179626465,1.7667715549468994
1741033364996527900,159.83152783203124,-2.343226432800293,5.397205352783203,2.157250165939331
1741033365006629400,159.84162939453125,-1.4457696676254272,6.069090843200684,2.172071695327759
1741033365016731100,159.85173120117187,-0.9430909156799316,6.335105895996094,1.6835383176803589
1741033365026833000,159.8618330078125,-0.6333659291267395,6.487486839294434,0.8072683811187744
1741033365036934700,159.8719345703125,-0.8586969971656799,6.346299171447754,-0.40960001945495605
1741033365047036200,159.8820361328125,-1.2719448804855347,5.724061965942383,-1.8342063426971436
1741033365057138000,159.89213793945314,-1.2867451906204224,5.493711471557617,-3.1581783294677734
1741033365067239000,159.90223901367187,0.0012618303298950195,5.6976118087768555,-4.565823078155518
1741033365077340700,159.91234057617189,3.9951722621917725,6.368762969970703,-6.179612636566162
1741033365087442200,159.92244213867187,3.812790632247925,6.639961242675781,-6.936194896697998
1741033365097544000,159.9325439453125,3.661283254623413,4.915075302124023,-5.857194900512695
1741033365107645700,159.94264575195314,3.6941614151000977,1.7216148376464844,-3.780768871307373
1741033365117747500,159.95274755859376,3.963113784790039,-0.8343944549560547,-2.279616117477417
1741033365127848700,159.9628486328125,4.053973197937012,-2.0399880409240723,-1.3381590843200684
1741033365137950000,159.97294995117187,3.291435718536377,-2.265493869781494,-0.7862162590026855
1741033365148051700,159.9830517578125,1.8361040353775024,-1.3939743041992188,-0.5760825276374817
1741033365158153500,159.99315356445314,0.6976757049560547,0.4581565856933594,-0.9649029970169067
1741033365168255200,160.00325512695312,0.16394519805908203,2.3941259384155273,-1.342331886291504
1741033365178357000,160.01335693359374,0.2880520820617676,3.4746313095092773,-1.6294384002685547
1741033365188458800,160.0234587402344,0.5111361742019653,3.292769432067871,-1.6042619943618774
1741033365198559500,160.0335595703125,0.8334938883781433,2.284130096435547,-1.2908989191055298
1741033365208661200,160.0436611328125,1.156224250793457,1.1956071853637695,-0.6435701847076416
1741033365218763000,160.05376293945312,1.6120109558105469,0.36757564544677734,-0.05765235424041748
1741033365228865000,160.06386499023438,1.1138291358947754,-0.24085617065429688,0.3156696557998657
1741033365239027000,160.07402685546876,-0.4769816994667053,-0.9496374130249023,0.06942528486251831
1741033365249331500,160.08433154296876,-1.521426796913147,-1.5915250778198242,-0.03150033950805664
1741033365259635200,160.09463525390626,-1.0212618112564087,-2.088298797607422,0.20607513189315796
1741033365269850600,160.1048505859375,0.49285179376602173,-2.6119327545166016,0.6178663969039917
1741033365279966700,160.114966796875,1.4405683279037476,-3.2274961471557617,0.9039381742477417
1741033365290068200,160.12506811523437,1.664129614830017,-3.899244785308838,1.0272331237792969
1741033365300170000,160.135169921875,1.5939252376556396,-4.657840251922607,1.0071589946746826
1741033365310271700,160.14527172851564,1.5015732049942017,-5.235457897186279,1.1384391784667969
1741033365320373200,160.15537329101562,1.2093021869659424,-5.67227840423584,1.184484839439392
1741033365330475000,160.16547509765624,1.5229097604751587,-5.775771141052246,1.8227943181991577
1741033365340576800,160.17557666015625,1.662270426750183,-5.700424671173096,2.522002935409546
1741033365350677800,160.185677734375,1.712140679359436,-5.584458827972412,2.9995005130767822
1741033365360779300,160.195779296875,1.6770647764205933,-5.53244161605835,3.3338723182678223
1741033365370881000,160.20588110351562,1.343437910079956,-5.7055253982543945,3.292360544204712
1741033365380982800,160.21598266601563,0.8976602554321289,-5.9357590675354,3.005833864212036
1741033365391084500,160.22608447265625,0.6089293956756592,-6.052567481994629,2.732109785079956
1741033365401186000,160.23618603515624,0.3414583206176758,-5.908517837524414,2.558624029159546
1741033365411287000,160.246287109375,0.2964754104614258,-5.577176094055176,2.7100958824157715
1741033365421388800,160.25638891601562,0.35567378997802734,-5.085805416107178,2.882943630218506
1741033365431491000,160.26649096679688,0.4690110683441162,-4.408555030822754,3.0783851146698
1741033365441712400,160.27671240234375,0.7607040405273438,-3.7289838790893555,3.175748586654663
1741033365452017000,160.28701684570314,1.262451410293579,-2.9144935607910156,3.1033620834350586
1741033365462320000,160.29732006835937,1.6609585285186768,-2.010261058807373,2.840662956237793
1741033365472487200,160.30748706054686,1.8883230686187744,-0.8574590682983398,2.593549966812134
1741033365482593300,160.31759326171874,1.772979736328125,0.4850912094116211,2.243464469909668
1741033365492694000,160.32769409179687,1.1422522068023682,2.0076704025268555,2.0078048706054688
1741033365502795800,160.33779565429688,0.492828369140625,3.1411800384521484,1.8494300842285156
1741033365512897500,160.3478974609375,-0.04131126403808594,3.5679540634155273,1.562018632888794
1741033365522999300,160.35799926757812,-0.6756194829940796,3.392068862915039,1.0983772277832031
1741033365533101000,160.36810107421874,-1.146979808807373,2.867307662963867,0.13869702816009521
1741033365543202300,160.37820239257812,-0.7083553075790405,2.4848203659057617,-1.4400078058242798
1741033365553303800,160.3883037109375,-0.1228797435760498,2.4441099166870117,-3.3985302448272705
1741033365563489800,160.39848974609376,-0.5158253908157349,2.5535430908203125,-6.026972770690918
1741033365573794000,160.4087939453125,-2.830392837524414,2.7507429122924805,-9.796195983886719
1741033365584097500,160.41909765625,-0.9350284337997437,0.8497390747070312,-13.616401672363281
1741033365594293800,160.42929370117187,4.4284467697143555,-0.9976816177368164,-13.857815742492676
1741033365604406800,160.43940673828126,8.411004066467285,-0.20803260803222656,-8.13213062286377
1741033365614664000,160.44966381835937,8.792095184326172,1.9040679931640625,-1.9764370918273926
1741033365624968400,160.45996850585936,5.21173620223999,3.8114614486694336,1.2668859958648682
1741033365635271200,160.47027124023438,2.61232590675354,4.408769607543945,1.7727909088134766
1741033365645406200,160.48040625,0.902122974395752,3.472710609436035,1.1463327407836914
1741033365655508000,160.49050805664064,-0.21723031997680664,2.193601608276367,1.1039297580718994
1741033365665609700,160.50060961914062,-0.354337215423584,1.9073553085327148,1.4370113611221313
1741033365675711500,160.51071142578124,-0.4984421730041504,2.78314208984375,1.2293074131011963
1741033365685813000,160.52081298828125,-0.8626199960708618,4.371106147766113,0.6756599545478821
1741033365695914800,160.53091479492187,-1.1284769773483276,6.440893173217773,0.23540019989013672
1741033365706016300,160.54101635742188,-1.012021780014038,8.196521759033203,-0.031212568283081055
1741033365716117500,160.55111743164062,-0.6774337291717529,8.929752349853516,-0.22879445552825928
1741033365726219000,160.56121899414063,-0.4564380645751953,8.099525451660156,-0.09069204330444336
1741033365736320800,160.57132080078125,-0.21399474143981934,5.707225799560547,0.5789813995361328
1741033365746422500,160.58142260742187,-0.2618093490600586,3.2365903854370117,1.2728910446166992
1741033365756524300,160.59152416992188,-0.5941669940948486,1.5203266143798828,1.7018558979034424
1741033365766625300,160.60162524414062,-0.9079140424728394,0.48080921173095703,1.9622220993041992
1741033365776726800,160.61172680664063,-1.257713794708252,-0.21422863006591797,2.1262545585632324
1741033365786828500,160.62182861328125,-1.6214303970336914,-0.7741336822509766,2.2181153297424316
1741033365796930300,160.63193041992187,-1.7486761808395386,-1.3837027549743652,2.2987213134765625
1741033365807032000,160.64203198242188,-1.8456430435180664,-2.0704269409179688,2.317899227142334
1741033365817133600,160.65213354492187,-1.8025949001312256,-2.7550883293151855,2.3358938694000244
1741033365827234600,160.66223461914063,-1.7820875644683838,-3.4724068641662598,2.3195390701293945
1741033365837336300,160.67233642578125,-1.8274706602096558,-4.173293113708496,2.231477737426758
1741033365847438000,160.68243798828124,-1.7574396133422852,-4.788147926330566,2.202432155609131
1741033365857540000,160.6925400390625,-1.718453288078308,-5.247270107269287,2.2249107360839844
1741033365867714000,160.70271411132813,-1.3150497674942017,-5.502654552459717,2.2934741973876953
1741033365878018600,160.7130185546875,0.22492265701293945,-5.395991802215576,2.426320791244507
1741033365888322000,160.72332202148436,2.6491494178771973,-5.031958103179932,2.5685625076293945
1741033365898526200,160.7335261230469,2.765007495880127,-4.886038303375244,2.4290597438812256
1741033365908642300,160.74364233398438,-0.6009781956672668,-5.47606086730957,2.008504629135132
1741033365918743300,160.75374340820312,-2.310698986053467,-5.735949516296387,1.5002000331878662
1741033365928844800,160.7638447265625,-2.2569918632507324,-5.998486518859863,1.0784348249435425
1741033365938946600,160.77394653320312,-2.725984573364258,-5.912057876586914,0.8840656876564026
1741033365949048300,160.78404833984376,-3.597639560699463,-5.526337623596191,0.8183656334877014
1741033365959150000,160.79415014648438,-4.074598789215088,-4.966750621795654,0.9141296148300171
1741033365969251600,160.80425146484376,-5.094815731048584,-4.019649028778076,1.197253942489624
1741033365979352600,160.8143525390625,-6.945651531219482,-2.584019184112549,1.4388349056243896
1741033365989454300,160.82445434570312,-7.3784708976745605,-1.266627311706543,1.747448444366455
1741033365999556000,160.83455615234374,-7.306565284729004,-0.3200540542602539,1.7664932012557983
1741033366009657600,160.84465771484375,-6.707186222076416,0.5244960784912109,1.8093055486679077
1741033366019759400,160.85475927734376,-5.993335723876953,1.4613523483276367,2.080300807952881
1741033366029861000,160.86486108398438,-5.329541206359863,2.570453643798828,2.4231486320495605
1741033366039962400,160.87496240234375,-4.503524303436279,3.736967086791992,2.786370277404785
1741033366050064000,160.88506396484374,-3.3625576496124268,5.144700050354004,3.1254963874816895
1741033366060165400,160.8951652832031,-2.213942766189575,6.645642280578613,3.3755416870117188
1741033366070267100,160.90526708984376,-1.2514655590057373,7.932538986206055,3.3467612266540527
1741033366080369000,160.91536889648438,-0.38396668434143066,8.312756538391113,2.657358169555664
1741033366090470700,160.925470703125,0.5711932182312012,7.44544792175293,0.9542630910873413
1741033366100571600,160.93557153320313,2.629790782928467,6.362180709838867,-1.4627727270126343
1741033366110673200,160.9456730957031,1.5923850536346436,5.4052228927612305,-3.3953604698181152
1741033366120775000,160.95577490234376,0.27759861946105957,4.152091026306152,-4.975156307220459
1741033366130876700,160.96587670898438,0.8140597343444824,3.552286148071289,-6.705604076385498
1741033366140978400,160.975978515625,2.5634374618530273,3.626297950744629,-7.911674976348877
1741033366151080000,160.98607983398438,4.055255889892578,4.031528472900391,-5.703397274017334
1741033366161181000,160.99618090820312,4.704586982727051,2.527547836303711,-4.180954933166504
1741033366171282700,161.00628271484376,7.935014247894287,-1.8080687522888184,-7.329147815704346
1741033366181384400,161.01638452148438,8.259239196777344,-2.940112590789795,-6.346213340759277
1741033366191486200,161.026486328125,6.447446346282959,-1.045511245727539,-3.2100272178649902
1741033366201588000,161.036587890625,4.26226806640625,0.7461891174316406,-0.31149691343307495
1741033366211689500,161.046689453125,0.7608246803283691,1.016850471496582,-0.42659395933151245
1741033366221790700,161.05679077148437,1.4013330936431885,1.3696889877319336,-0.9375342726707458
1741033366231892200,161.06689233398438,3.862088680267334,2.45351505279541,-0.4413684904575348
1741033366241994000,161.07699389648437,4.86137056350708,3.935725212097168,0.47089630365371704
1741033366252095700,161.087095703125,4.447340965270996,4.377453804016113,1.2610557079315186
1741033366262197200,161.097197265625,3.2200441360473633,3.230404853820801,1.0127949714660645
1741033366272299000,161.10729907226562,2.7546324729919434,1.8418493270874023,0.30878257751464844
1741033366282400000,161.11739990234375,2.779953956604004,0.8778200149536133,-0.39999324083328247
1741033366292501800,161.12750170898437,2.593080997467041,0.22337627410888672,-0.8938792943954468
1741033366302603300,161.13760327148438,2.0237512588500977,-0.35295772552490234,-1.2207837104797363
1741033366312705000,161.147705078125,1.4620870351791382,-0.8864107131958008,-1.286278486251831
1741033366322806800,161.15780688476562,0.9050236940383911,-1.454514503479004,-1.0336427688598633
1741033366332908300,161.167908203125,0.5911322832107544,-2.106167793273926,-0.6406074166297913
1741033366343009500,161.17800952148437,0.31201454997062683,-2.763988971710205,-0.1370747685432434
1741033366353111000,161.18811108398438,0.13853201270103455,-3.4079747200012207,0.2750493884086609
1741033366363212800,161.198212890625,-0.016322806477546692,-3.911266326904297,0.683397114276886
1741033366373314600,161.208314453125,-0.41306042671203613,-4.387111663818359,1.0337419509887695
1741033366383416300,161.21841625976563,-0.6307994723320007,-4.861282825469971,1.3441163301467896
1741033366393517300,161.22851733398437,-0.8907358646392822,-5.174629211425781,1.7718689441680908
1741033366403618800,161.23861889648438,-0.8664193749427795,-5.292551517486572,2.3329763412475586
1741033366413720600,161.24872045898437,-0.8632980585098267,-5.259363651275635,3.3292577266693115
1741033366423822300,161.258822265625,-0.715572714805603,-5.1557207107543945,4.294251918792725
1741033366433924000,161.26892407226563,-0.3871738016605377,-5.3044281005859375,4.3980512619018555
1741033366444025900,161.27902587890625,-0.17402353882789612,-5.409039497375488,4.306365966796875
1741033366454126600,161.28912670898438,0.00664675235748291,-5.481131553649902,4.327155590057373
1741033366464228400,161.29922827148437,0.3620113134384155,-5.534099578857422,4.206173419952393
1741033366474330000,161.309330078125,0.5337185263633728,-5.514161109924316,4.116388320922852
1741033366484432000,161.31943188476563,0.8040708899497986,-5.551591873168945,3.7984979152679443
1741033366494533600,161.32953369140625,1.2584037780761719,-5.598912239074707,3.260498523712158
1741033366504635000,161.339634765625,1.5160026550292969,-5.8621978759765625,2.437830924987793
1741033366514736000,161.34973608398437,1.5715148448944092,-6.028179168701172,1.6605494022369385
1741033366524838400,161.35983837890626,1.7110402584075928,-5.845699310302734,1.2552595138549805
1741033366535059700,161.37005981445313,1.7048410177230835,-5.098501682281494,1.2878421545028687
1741033366545364200,161.3803642578125,1.5199378728866577,-3.7386984825134277,1.6725268363952637
1741033366555667500,161.39066748046875,0.9755133986473083,-1.7952299118041992,2.41802978515625
1741033366565834500,161.40083447265624,0.10474631190299988,0.9588289260864258,3.2788476943969727
1741033366575940400,161.4109404296875,-1.288062572479248,4.190035820007324,3.9268972873687744
1741033366586041300,161.42104125976562,-3.9166767597198486,7.940821647644043,4.2560296058654785
1741033366596143000,161.43114306640626,-7.060420989990234,10.753945350646973,2.9472711086273193
1741033366606244900,161.44124487304688,-5.225045680999756,11.319259643554688,-2.3149914741516113
1741033366616346600,161.4513466796875,-2.1313424110412598,8.338996887207031,-5.895054817199707
1741033366626448100,161.4614482421875,-3.6428139209747314,5.262343406677246,-6.75673770904541
1741033366636549600,161.47154956054686,-4.77421760559082,3.001864433288574,-6.470898628234863
1741033366646651000,161.48165087890624,-4.056380748748779,-0.1816692352294922,-5.020575523376465
1741033366656752600,161.49175268554689,-1.6198136806488037,-2.5715603828430176,-4.157011032104492
1741033366666854400,161.5018544921875,3.747340679168701,-5.66328239440918,-3.7944986820220947
1741033366676956000,161.51195581054688,9.611894607543945,-6.954678535461426,-4.035415172576904
1741033366687057200,161.52205712890625,13.921817779541016,-3.367610454559326,-3.286085844039917
1741033366697158700,161.53215869140624,15.530434608459473,1.8878583908081055,-2.837075710296631
1741033366707260400,161.5422604980469,16.452938079833984,6.216229438781738,-1.995046615600586
1741033366717362000,161.55236181640626,13.003865242004395,8.243534088134766,-0.09872567653656006
1741033366727463700,161.56246362304688,7.643736839294434,8.128095626831055,1.5801422595977783
1741033366737565400,161.5725654296875,3.9835450649261475,7.2910614013671875,1.8502970933914185
1741033366747666400,161.58266650390624,1.2359919548034668,6.610139846801758,1.030253291130066
1741033366757768200,161.5927683105469,-0.39498448371887207,6.1325883865356445,0.7431477904319763
1741033366767869700,161.60286962890626,-1.2104671001434326,5.902803421020508,1.2600071430206299
1741033366777971500,161.61297143554688,-1.7400338649749756,5.533097267150879,2.438657760620117
1741033366788073200,161.6230732421875,-1.732438325881958,4.652163505554199,3.4956870079040527
1741033366798174700,161.6331748046875,-2.11116886138916,3.226189613342285,3.9180617332458496
1741033366808276000,161.64327587890625,-2.623403787612915,1.6896257400512695,3.941314220428467
1741033366818377500,161.65337744140626,-3.159937858581543,0.5196523666381836,3.811314582824707
1741033366828479200,161.66347924804688,-3.1626172065734863,-0.6091938018798828,3.3756308555603027
1741033366838581000,161.6735810546875,-3.024381637573242,-1.6654291152954102,2.8862805366516113
1741033366848682800,161.68368286132812,-2.941524028778076,-2.6823816299438477,2.502262830734253
1741033366858783700,161.69378369140625,-2.792433738708496,-3.619443893432617,2.2602550983428955
1741033366868885200,161.70388525390624,-2.717306613922119,-4.376025199890137,2.1269497871398926
1741033366878987000,161.71398706054688,-2.6477866172790527,-4.96294641494751,2.009350299835205
1741033366889088800,161.7240888671875,-2.575336217880249,-5.434898853302002,1.8888194561004639
1741033366899190500,161.7341904296875,-2.494626045227051,-5.839250564575195,1.7310246229171753
1741033366909292300,161.74429223632814,-2.3740484714508057,-6.1179938316345215,1.6001527309417725
1741033366919393000,161.75439306640624,-2.2774453163146973,-6.280130386352539,1.4839847087860107
1741033366929495600,161.76449560546874,-2.222604274749756,-6.306427955627441,1.4528859853744507
1741033366939596500,161.77459643554687,-2.165067195892334,-6.188411712646484,1.4951871633529663
1741033366949746200,161.78474609375,-2.132894992828369,-5.987949371337891,1.5324132442474365
1741033366960050400,161.79505053710938,-2.1584360599517822,-5.6447858810424805,1.5938138961791992
1741033366970354200,161.80535424804688,-2.215649127960205,-5.230896949768066,1.6591206789016724
1741033366980579600,161.81557958984374,-2.2415342330932617,-4.709047794342041,1.6781020164489746
1741033366990698200,161.8256982421875,-2.402376174926758,-4.04743766784668,1.6927454471588135
1741033367000800000,161.83580004882813,-2.479008913040161,-3.3605141639709473,1.6401029825210571
1741033367010901800,161.84590185546875,-2.4906816482543945,-2.5702714920043945,1.627929449081421
1741033367021003500,161.85600341796874,-2.4793150424957275,-1.7937235832214355,1.6129993200302124
1741033367031105300,161.86610522460938,-2.379854917526245,-1.1917695999145508,1.4734963178634644
1741033367041206300,161.87620629882812,-2.1855034828186035,-0.5691776275634766,1.3297969102859497
1741033367051307800,161.88630786132813,-2.1239640712738037,0.13745975494384766,1.1114145517349243
1741033367061409500,161.89640942382812,-2.0650320053100586,0.8171749114990234,0.9342697858810425
1741033367071511300,161.90651123046874,-2.052457094192505,1.566183090209961,0.7905346751213074
1741033367081612800,161.91661279296875,-2.155211925506592,2.3450937271118164,0.5348007082939148
1741033367091713800,161.9267138671875,-2.348389148712158,3.1240644454956055,0.23156848549842834
1741033367101815600,161.93681567382814,-2.4289698600769043,3.777139663696289,-0.1760411262512207
1741033367111917300,161.94691723632812,-2.304633140563965,4.3022613525390625,-0.7312813997268677
1741033367122019000,161.95701904296874,-2.209165573120117,4.640787124633789,-1.8284612894058228
1741033367132120600,161.96712060546875,-1.9018621444702148,4.6106462478637695,-2.709623336791992
1741033367142222000,161.97722216796876,-1.3806381225585938,4.572258949279785,-3.442308187484741
1741033367152323300,161.9873232421875,-0.5662717819213867,4.445230484008789,-4.1867828369140625
1741033367162425000,161.99742504882812,0.8792533874511719,4.207881927490234,-4.638730525970459
1741033367172526800,162.00752685546874,2.710862159729004,3.835451126098633,-4.913948059082031
1741033367182628400,162.01762841796875,5.821389198303223,2.8519248962402344,-5.8773417472839355
1741033367192730000,162.02773022460937,9.552520751953125,2.257396697998047,-7.363276481628418
1741033367202831000,162.0378310546875,10.185103416442871,5.099638938903809,-5.1459197998046875
1741033367212932900,162.04793286132812,8.392709732055664,8.732972145080566,-1.2327306270599365
1741033367223034400,162.05803442382813,5.518703460693359,8.567127227783203,0.26156020164489746
1741033367233136000,162.06813623046875,2.851228713989258,4.259302139282227,-0.5990675687789917
1741033367243238000,162.07823779296876,1.2537355422973633,-0.04466819763183594,-2.164370059967041
1741033367253339000,162.0883388671875,0.5353765487670898,-2.507439613342285,-2.8610103130340576
1741033367263440600,162.09844067382812,-0.5297665596008301,-3.8209123611450195,-2.5841171741485596
1741033367273542100,162.10854223632813,-1.0755196809768677,-4.179018974304199,-2.0193519592285156
1741033367283644000,162.11864379882812,-1.1795309782028198,-3.2553768157958984,-1.7487972974777222
1741033367293745700,162.12874560546874,-0.8733784556388855,-0.9791345596313477,-1.4875774383544922
1741033367303847000,162.1388469238281,-0.24691146612167358,1.7737674713134766,-1.4733713865280151
1741033367313948200,162.1489482421875,0.5433810353279114,3.763355255126953,-1.3415417671203613
1741033367324050000,162.1590498046875,1.428507685661316,3.856569290161133,-0.7881966829299927
1741033367334151700,162.16915161132812,1.9173518419265747,2.9162092208862305,-0.3382706046104431
1741033367344253400,162.17925341796874,1.924246072769165,2.261758804321289,-0.02829398214817047
1741033367354354400,162.1893544921875,1.8584611415863037,1.8024473190307617,0.3548806309700012
1741033367364456000,162.1994560546875,1.729234218597412,1.1222810745239258,0.8194316625595093
1741033367374557700,162.2095576171875,1.5958278179168701,0.1758251190185547,1.0390043258666992
1741033367384659500,162.21965942382812,1.5673696994781494,-0.670842170715332,1.6220937967300415
1741033367394761200,162.22976123046874,1.7845330238342285,-1.2983455657958984,2.6377129554748535
1741033367404862700,162.23986279296875,1.8060096502304077,-1.8130064010620117,3.891879081726074
1741033367414963700,162.24996362304688,1.5956380367279053,-2.6674885749816895,4.522015571594238
1741033367425065500,162.2600654296875,1.0929913520812988,-3.550416946411133,4.89453125
1741033367435167200,162.27016723632812,0.7333348393440247,-4.074835777282715,5.546764850616455
1741033367445269000,162.28026904296874,0.5085613131523132,-4.6025590896606445,5.600439548492432
1741033367455370800,162.2903708496094,0.5819052457809448,-5.229357719421387,5.004507064819336
1741033367465472000,162.30047192382813,0.6196296811103821,-5.784176349639893,4.099628448486328
1741033367475573200,162.3105732421875,0.6748675107955933,-6.192630767822266,3.334670066833496
1741033367485675000,162.32067504882812,0.2890552878379822,-6.532646179199219,2.7134287357330322
1741033367495776800,162.33077685546874,0.07591861486434937,-6.670466423034668,2.0710623264312744
1741033367505878500,162.34087841796875,-0.16105246543884277,-6.589149475097656,1.46979558467865
1741033367515979500,162.3509794921875,-0.34753769636154175,-6.440127849578857,0.9530529379844666
1741033367526081000,162.3610810546875,-0.3319961428642273,-6.288689613342285,0.4699733257293701
1741033367536182800,162.37118286132812,-0.47556716203689575,-5.955187797546387,0.14021432399749756
1741033367546284500,162.38128442382813,-0.7191384434700012,-5.426856517791748,-0.15942591428756714
1741033367556386300,162.39138623046875,-0.6307520270347595,-4.706677436828613,-0.27628111839294434
1741033367566487800,162.40148779296874,-0.5292277336120605,-3.8776297569274902,-0.21063554286956787
1741033367576588800,162.4115888671875,-0.39736562967300415,-3.0100655555725098,-0.11935150623321533
1741033367586690600,162.42169067382812,-0.29338711500167847,-2.0108895301818848,0.08051764965057373
1741033367596792300,162.43179223632814,-0.20372337102890015,-0.8819856643676758,0.262302041053772
1741033367606894000,162.44189404296876,0.007580876350402832,0.2711458206176758,0.4301614761352539
1741033367616995300,162.45199536132813,1.0620813369750977,1.4515485763549805,0.6505318284034729
1741033367627096600,162.4620966796875,1.019809365272522,2.9185361862182617,1.059166669845581
1741033367637198300,162.4721982421875,0.25212380290031433,4.212498664855957,1.2193636894226074
1741033367647300000,162.48230004882814,-0.7205942273139954,5.086082458496094,0.6164965629577637
1741033367657401600,162.49240161132812,-0.595085620880127,5.263924598693848,-1.6367335319519043
1741033367667502800,162.5025029296875,1.4689189195632935,4.381202697753906,-3.5520567893981934
1741033367677604400,162.51260424804687,2.5936379432678223,3.224432945251465,-4.23332405090332
1741033367687706000,162.5227060546875,2.8839080333709717,2.6727514266967773,-4.167995452880859
1741033367697808000,162.53280786132814,4.271651268005371,3.081989288330078,-3.5323448181152344
1741033367707909400,162.54290942382812,7.066514015197754,2.854886054992676,-3.099707841873169
1741033367718011100,162.55301123046874,11.503926277160645,1.2256240844726562,-3.4589462280273438
1741033367728112000,162.56311206054687,14.484397888183594,-1.138193130493164,-3.28605318069458
1741033367738214000,162.5732138671875,12.914551734924316,-1.9874839782714844,-2.38161563873291
1741033367748315600,162.58331567382814,9.104026794433594,-0.5801706314086914,-2.1812546253204346
1741033367758417200,162.59341723632812,5.290163040161133,1.5028696060180664,-2.193782329559326
1741033367768518700,162.6035185546875,5.614719867706299,2.514059066772461,-0.19220471382141113
1741033367778620000,162.61361987304687,4.712948799133301,3.88427734375,2.3811464309692383
1741033367788721700,162.6237216796875,3.922560691833496,5.058938026428223,4.083819389343262
1741033367798823200,162.6338232421875,2.8796465396881104,5.417304992675781,4.474390506744385
1741033367808925000,162.64392504882812,1.4955521821975708,5.206870079040527,4.587117671966553
1741033367819026200,162.65402612304686,0.3504679203033447,5.053661346435547,5.084813594818115
1741033367829127700,162.66412768554687,-0.5224229097366333,4.926941871643066,5.773871421813965
1741033367839229400,162.6742294921875,-1.9335333108901978,4.697854042053223,6.640327453613281
1741033367849331000,162.6843310546875,-2.926792860031128,4.028295516967773,7.412108898162842
1741033367859432700,162.6944326171875,-3.3042776584625244,2.917522430419922,7.390398979187012
1741033367869534500,162.70453442382814,-3.584717273712158,1.6561813354492188,6.745328426361084
1741033367879635500,162.71463549804687,-4.629190444946289,0.8596773147583008,5.874791145324707
1741033367889737200,162.7247373046875,-5.363840579986572,0.18600940704345703,4.689141273498535
1741033367899838700,162.73483862304687,-5.122445106506348,-0.6745815277099609,3.3561055660247803
1741033367909940500,162.7449404296875,-4.772982597351074,-1.7152729034423828,2.352052688598633
1741033367920042000,162.7550419921875,-4.386359214782715,-2.6915502548217773,1.8655279874801636
1741033367930143200,162.76514331054688,-3.834967851638794,-3.443155288696289,1.6596280336380005
1741033367940244700,162.77524462890625,-3.4511778354644775,-4.055227756500244,1.4787132740020752
1741033367950346500,162.78534643554687,-3.138434886932373,-4.5131425857543945,1.3557590246200562
1741033367960448300,162.7954482421875,-2.780749797821045,-4.806869983673096,1.2329069375991821
1741033367970549500,162.80554956054686,-2.4470739364624023,-4.983942031860352,1.137324333190918
1741033367980651000,162.81565112304688,-2.269289255142212,-5.089846134185791,1.0903642177581787
1741033367990752500,162.82575244140625,-2.0966665744781494,-5.184804439544678,1.0417629480361938
1741033368000854300,162.83585424804687,-1.8956398963928223,-5.2981133460998535,1.0511722564697266
1741033368010956000,162.8459560546875,-1.7190932035446167,-5.376819133758545,1.071944236755371
1741033368021057800,162.8560578613281,-1.6031653881072998,-5.369556427001953,1.088993787765503
1741033368031158500,162.86615844726563,-1.548589825630188,-5.215136528015137,1.1576416492462158
1741033368041260300,162.87626025390625,-1.4598548412322998,-4.946069717407227,1.2680482864379883
1741033368051362000,162.88636206054687,-1.4240891933441162,-4.628648281097412,1.362555980682373
1741033368061463800,162.8964638671875,-1.4484357833862305,-4.272731304168701,1.3947008848190308
1741033368071565300,162.9065654296875,-1.5486950874328613,-3.839327812194824,1.333338737487793
1741033368081666300,162.91666625976563,-1.4055743217468262,-3.407170295715332,1.2693028450012207
1741033368091768000,162.92676806640625,-1.354658603668213,-2.8384575843811035,1.2739512920379639
1741033368101869800,162.93686987304687,-1.3868213891983032,-2.1272225379943848,1.3524426221847534
1741033368111971600,162.9469716796875,-1.6471874713897705,-1.2701349258422852,1.4733824729919434
1741033368122072800,162.95707275390626,-1.725918173789978,-0.18656635284423828,1.5245341062545776
1741033368132174000,162.96717407226564,-1.987438678741455,0.9734106063842773,1.4036153554916382
1741033368142275800,162.97727587890626,-2.3594233989715576,2.1613540649414062,1.1445469856262207
1741033368152377600,162.98737768554687,-2.5619335174560547,3.348727226257324,0.7750260829925537
1741033368162479400,162.9974792480469,-2.7123379707336426,4.460934638977051,0.17667463421821594
1741033368172580400,163.00758032226562,-2.392153263092041,5.007425308227539,-0.6640859246253967
1741033368182681900,163.01768188476564,-2.1513471603393555,5.107804298400879,-1.540550947189331
1741033368192783600,163.02778369140626,-1.9852945804595947,4.795212745666504,-2.37266206741333
1741033368202885400,163.03788549804688,-1.9096068143844604,4.533744812011719,-2.9554338455200195
1741033368212987100,163.0479870605469,-1.8605607748031616,4.281550407409668,-3.7920644283294678
1741033368223088600,163.05808862304687,-1.7083731889724731,4.076410293579102,-4.344902992248535
1741033368233189600,163.06818969726564,-1.068068504333496,3.915681838989258,-4.6121392250061035
1741033368243291400,163.07829150390626,0.12913501262664795,4.264264106750488,-4.690711975097656
1741033368253393200,163.08839306640624,1.1683932542800903,5.4098615646362305,-4.623373031616211
1741033368263495000,163.0984948730469,2.04811954498291,6.1852569580078125,-4.486508369445801
1741033368273596200,163.10859619140626,3.3586997985839844,5.625434875488281,-3.733597993850708
1741033368283697400,163.11869750976564,4.591854095458984,3.2923803329467773,-3.110704183578491
1741033368293799200,163.12879907226562,4.1025567054748535,0.5453052520751953,-2.77626633644104
1741033368303901000,163.13890087890624,3.1905441284179688,-1.3688068389892578,-2.4266486167907715
1741033368314002700,163.14900268554686,2.5948493480682373,-2.194019317626953,-1.778184413909912
1741033368324103700,163.15910375976563,2.1770195960998535,-1.8110747337341309,-1.3154977560043335
1741033368334205200,163.169205078125,2.299527883529663,-0.4332304000854492,-0.9574469923973083
1741033368344307000,163.17930688476562,2.886063814163208,1.1621227264404297,-0.34199801087379456
1741033368354408700,163.18940869140624,3.1137852668762207,2.622490882873535,0.18034325540065765
1741033368364343600,163.1993435058594,3.2095797061920166,3.36875057220459,0.48313000798225403
1741033368374647000,163.20964697265626,2.9482929706573486,3.2855167388916016,0.33382537961006165
1741033368384950500,163.21995043945313,2.0432088375091553,2.454599380493164,-0.342835396528244
1741033368395253200,163.23025317382812,0.9769180417060852,1.1552734375,-0.8229075074195862
1741033368405494500,163.24049462890625,0.35295969247817993,0.13710403442382812,-0.8581088185310364
1741033368415612200,163.25061206054687,-0.15400588512420654,-0.5641078948974609,-0.7280615568161011
1741033368425713400,163.26071337890625,-0.6520362496376038,-1.0952119827270508,-0.4519847631454468
1741033368435815200,163.27081518554687,-0.5941064357757568,-1.5515775680541992,0.015666186809539795
1741033368445916700,163.28091674804688,-0.11539009213447571,-1.9728803634643555,0.6748557686805725
1741033368456018400,163.2910183105469,0.4068412184715271,-2.4634041786193848,1.1936699151992798
1741033368466119700,163.30111962890626,1.1142613887786865,-2.833390235900879,1.9416872262954712
1741033368476221200,163.31122119140625,1.7639895677566528,-3.1208996772766113,2.6223087310791016
1741033368486323000,163.32132299804687,1.7628941535949707,-3.5141959190368652,2.7671027183532715
1741033368496424400,163.33142456054688,1.3624378442764282,-3.7975735664367676,2.8537323474884033
1741033368506526200,163.34152612304686,0.9630388617515564,-3.9390807151794434,3.092682361602783
1741033368516627200,163.35162719726563,0.41276806592941284,-4.357911586761475,3.0270395278930664
1741033368526729000,163.36172900390625,0.01328742504119873,-4.759840488433838,2.857534408569336
1741033368536830500,163.37183056640626,-0.23431700468063354,-5.062639236450195,2.861696720123291
1741033368546932200,163.38193212890624,-0.12512385845184326,-5.424526691436768,2.5697989463806152
1741033368557033700,163.39203369140625,-0.4545642137527466,-5.703830718994141,2.064486503601074
1741033368567135000,163.40213500976563,-0.7681373953819275,-5.931149482727051,1.5342302322387695
1741033368577236700,163.41223681640625,-0.8887879252433777,-6.071023941040039,1.1617615222930908
1741033368587338200,163.42233813476562,-0.8859230279922485,-6.086481094360352,0.8761825561523438
1741033368597440000,163.43243994140624,-0.9105844497680664,-5.9507737159729,0.7305111289024353
1741033368607541200,163.44254125976562,-0.7756689786911011,-5.696116924285889,0.6547545194625854
1741033368617642800,163.45264282226563,-0.5678718686103821,-5.233057022094727,0.6717355251312256
1741033368627744300,163.462744140625,-0.21856844425201416,-4.6109466552734375,0.8165075182914734
1741033368637846000,163.47284594726563,0.12112557888031006,-3.918196201324463,0.9292026162147522
1741033368647947800,163.48294775390625,0.5343245267868042,-2.9947972297668457,0.9884375929832458
1741033368658048800,163.493048828125,0.9666332006454468,-1.6152849197387695,1.1084222793579102
1741033368668150500,163.50315063476563,1.5046969652175903,0.2117462158203125,1.1054723262786865
1741033368678252000,163.513251953125,1.594651699066162,2.503650665283203,0.5901343822479248
1741033368688353800,163.52335375976563,1.1236170530319214,5.012472152709961,-0.1115008294582367
1741033368698455300,163.53345532226564,0.5199582576751709,7.201321601867676,-1.5702385902404785
1741033368708556500,163.543556640625,2.896723747253418,7.493688583374023,-3.927593946456909
1741033368718658300,163.553658203125,4.200549602508545,6.234103202819824,-5.508511543273926
1741033368728759800,163.563759765625,2.4566895961761475,5.232614517211914,-5.403153419494629
1741033368738861600,163.57386157226563,2.180687189102173,4.798694610595703,-4.381118297576904
1741033368748962800,163.583962890625,3.7557754516601562,3.718888282775879,-3.460033893585205
1741033368759064300,163.59406420898438,6.968490123748779,2.291168212890625,-2.4185562133789062
1741033368769165800,163.60416577148436,9.016853332519531,0.8823986053466797,-1.5866565704345703
1741033368779267600,163.614267578125,10.26223373413086,-0.160980224609375,-1.2194794416427612
1741033368789369300,163.62436938476563,8.137134552001953,0.7472934722900391,-1.1863278150558472
1741033368799470300,163.63447021484376,4.943099021911621,3.159971237182617,-1.0719372034072876
1741033368809572000,163.64457202148438,6.009688377380371,3.7115068435668945,0.8696554899215698
1741033368819673600,163.65467358398436,5.577106475830078,2.896347999572754,2.6693806648254395
1741033368829775400,163.664775390625,3.5586981773376465,1.7440452575683594,3.26761531829834
1741033368839877000,163.67487719726563,2.2410717010498047,1.299642562866211,3.167898654937744
1741033368849978000,163.68497802734376,1.4527785778045654,1.7041187286376953,3.972438335418701
1741033368860079900,163.69507983398438,1.2929434776306152,2.760660171508789,4.987619400024414
1741033368870181400,163.70518139648436,1.2514402866363525,4.244327545166016,6.063538551330566
1741033368880283100,163.715283203125,0.7029097080230713,5.936578750610352,7.217536926269531
1741033368890384600,163.7253845214844,-0.3659781217575073,6.985116004943848,7.789013385772705
1741033368900486000,163.73548583984376,-1.4943645000457764,6.8781023025512695,7.3402276039123535
1741033368910587400,163.74558740234374,-2.040280342102051,5.773526191711426,6.142192840576172
1741033368920689200,163.75568920898436,-2.148550033569336,3.926471710205078,4.937753200531006
1741033368930791000,163.765791015625,-2.446967601776123,1.4127349853515625,3.7729291915893555
1741033368940892200,163.77589208984375,-2.579726457595825,-0.8431615829467773,2.7779300212860107
1741033368950993700,163.78599365234376,-2.574746608734131,-2.4584479331970215,2.288053274154663
1741033368961095200,163.79609521484375,-3.384504556655884,-3.4656825065612793,2.00946307182312
1741033368971197000,163.80619702148437,-3.2261321544647217,-4.0417866706848145,1.8823707103729248
1741033368981298700,163.81629858398438,-3.6710259914398193,-4.478102684020996,1.6965792179107666
1741033368991399700,163.82639965820312,-4.208574295043945,-4.741528034210205,1.5269619226455688
1741033369001501200,163.83650122070313,-4.488260746002197,-4.916226387023926,1.3474043607711792
1741033369011603000,163.84660302734375,-4.31687068939209,-5.202757835388184,1.2454184293746948
1741033369021704700,163.85670458984376,-3.89974045753479,-5.588289737701416,1.1110457181930542
1741033369031806200,163.86680615234374,-3.340259552001953,-5.9278717041015625,1.0430337190628052
1741033369041907500,163.87690747070312,-2.853464365005493,-6.225889682769775,0.9915422797203064
1741033369052009000,163.88700903320313,-2.5261197090148926,-6.431526184082031,0.9575623273849487
1741033369062110700,163.89711083984375,-2.385842800140381,-6.495996475219727,0.9013693928718567
1741033369072212500,163.90721240234376,-2.3131589889526367,-6.456287384033203,0.8914799690246582
1741033369082313700,163.91731372070313,-2.276965379714966,-6.233540058135986,0.890211820602417
1741033369092415200,163.92741528320312,-2.272145986557007,-5.801364421844482,0.9115050435066223
1741033369102516700,163.93751684570313,-2.138641595840454,-5.1339826583862305,0.8893846273422241
1741033369112618500,163.9476184082031,-2.083066940307617,-4.536446571350098,0.894775390625
1741033369122720300,163.95772021484376,-2.778573513031006,-3.934694766998291,0.8079851865768433
1741033369132821200,163.9678212890625,-3.4573724269866943,-3.261931896209717,0.6425759196281433
1741033369142922800,163.9779228515625,-3.8366801738739014,-2.625472068786621,0.371406614780426
1741033369153024500,163.9880244140625,-3.8440701961517334,-1.914391040802002,0.049890995025634766
1741033369163126300,163.9981262207031,-3.8935160636901855,-1.1293039321899414,-0.28967201709747314
1741033369173228000,164.00822802734376,-3.994839906692505,-0.17445850372314453,-0.7258244752883911
1741033369183329000,164.0183291015625,-4.323636054992676,0.7839593887329102,-1.0409889221191406
1741033369193430500,164.02843041992188,-4.372890472412109,1.949265480041504,-1.0915257930755615
1741033369203532300,164.0385322265625,-4.172211647033691,3.1696691513061523,-0.8597288727760315
1741033369213634000,164.04863403320311,-3.649796962738037,4.320291519165039,-0.5673884749412537
1741033369223735800,164.05873583984376,-2.8707215785980225,5.241154670715332,-0.3133581876754761
1741033369233837300,164.06883740234375,-2.0878653526306152,5.887547492980957,-0.1278429627418518
1741033369244045300,164.07904541015625,-1.3109214305877686,6.012448310852051,-0.1497330665588379
1741033369254349000,164.08934912109376,-0.8574768900871277,5.689702987670898,-0.46208834648132324
1741033369264652000,164.0996520996094,-0.6397641897201538,5.328362464904785,-0.9296465516090393
1741033369274830800,164.10983081054687,-0.4551129639148712,4.950839042663574,-1.3792840242385864
1741033369284938500,164.1199384765625,-0.45646098256111145,4.513378143310547,-2.0781893730163574
1741033369295040300,164.13004028320313,-0.05325436592102051,4.161910057067871,-2.6734981536865234
1741033369305142000,164.14014208984375,0.2212793231010437,4.521352767944336,-3.0411434173583984
1741033369315076600,164.15007666015626,0.6250048875808716,5.41297721862793,-3.2916691303253174
1741033369325380400,164.16038037109374,1.020256519317627,5.503135681152344,-3.39504075050354
1741033369335683600,164.17068359375,1.8494505882263184,4.044275283813477,-3.2287631034851074
1741033369345986300,164.180986328125,2.6208150386810303,1.7191886901855469,-2.6707422733306885
1741033369356227800,164.19122778320312,2.308627128601074,-0.4445381164550781,-2.2257401943206787
1741033369366345500,164.20134545898438,1.6927425861358643,-1.8578276634216309,-2.004885673522949
1741033369376446700,164.21144677734375,1.497159719467163,-2.254293441772461,-1.954843282699585
1741033369386548200,164.22154833984376,1.2498853206634521,-1.6176767349243164,-1.7567179203033447
1741033369396650000,164.23164990234375,1.3402284383773804,-0.039612770080566406,-1.4752514362335205
1741033369406751700,164.24175170898437,1.83104407787323,2.036261558532715,-1.2849411964416504
1741033369416853000,164.25185302734374,1.870237946510315,3.9550018310546875,-0.9263597130775452
1741033369426954500,164.26195458984375,2.0437827110290527,4.945158004760742,-0.28464096784591675
1741033369437056000,164.27205590820313,2.371750593185425,4.50173282623291,0.36502471566200256
1741033369447157800,164.28215771484375,2.430410146713257,3.1002931594848633,0.645629346370697
1741033369457259500,164.29225952148437,2.352260112762451,1.5333728790283203,0.49872323870658875
1741033369467360500,164.30236059570314,1.8913012742996216,0.15016841888427734,0.0990220308303833
1741033369477462000,164.3124619140625,1.2831273078918457,-0.9396915435791016,0.004290461540222168
1741033369487563800,164.32256372070313,0.757125973701477,-1.8950424194335938,0.08210968971252441
1741033369497665500,164.33266552734375,0.4540388584136963,-2.5421042442321777,0.38806959986686707
1741033369507767000,164.34276708984376,0.5001212358474731,-3.012305736541748,0.9024033546447754
1741033369517868300,164.35286840820314,0.4986923038959503,-3.519287109375,1.1396206617355347
1741033369527969800,164.3629697265625,0.8658520579338074,-3.9284133911132812,1.6272493600845337
1741033369538071600,164.37307153320313,1.111332893371582,-4.212549686431885,2.1768932342529297
1741033369548173300,164.38317333984375,1.2242755889892578,-4.325684070587158,2.7557148933410645
1741033369558274600,164.39327465820313,0.7459799647331238,-4.383153438568115,3.516144275665283
1741033369568376000,164.4033759765625,0.21807050704956055,-4.641491889953613,4.078196048736572
1741033369578477600,164.4134775390625,-0.0621819794178009,-5.106830596923828,4.149467468261719
1741033369588579300,164.42357934570313,-0.15172627568244934,-5.524628162384033,4.042712211608887
1741033369598681000,164.43368115234375,-0.17645788192749023,-5.823850631713867,3.6817142963409424
1741033369608782000,164.44378198242188,-0.34543275833129883,-6.074386119842529,3.2656707763671875
1741033369618883600,164.45388354492187,-0.5889315605163574,-6.523122787475586,2.7528419494628906
1741033369628985300,164.4639853515625,-0.7442373037338257,-6.809450149536133,2.456894636154175
1741033369638932000,164.47393188476562,-0.5904005169868469,-6.867881774902344,2.1928040981292725
1741033369649235700,164.48423559570313,-0.5280721187591553,-6.607880592346191,2.095515489578247
1741033369659539000,164.4945390625,-0.27269718050956726,-6.103934288024902,2.047484874725342
1741033369669841700,164.50484155273438,0.17950093746185303,-5.415614604949951,1.9993983507156372
1741033369680073000,164.51507299804686,0.5718151926994324,-4.610405445098877,1.9195626974105835
1741033369690188800,164.5251887207031,0.8122724294662476,-3.8196120262145996,1.8092541694641113
1741033369700290000,164.5352900390625,1.2015914916992188,-2.8894224166870117,1.789299726486206
1741033369710391800,164.54539184570314,1.4647730588912964,-1.668149471282959,1.932469129562378
1741033369720493600,164.55549365234376,1.5915250778198242,-0.01685047149658203,2.004793167114258
1741033369730738000,164.56573803710938,1.7083656787872314,1.9158744812011719,1.8162219524383545
1741033369741041400,164.57604150390625,1.182159185409546,4.487517356872559,1.18238365650177
1741033369751344400,164.58634448242188,-0.1609056293964386,7.156349182128906,0.35088062286376953
1741033369761493800,164.59649365234375,-1.7667956352233887,9.00141716003418,-1.379502773284912
1741033369771595300,164.60659521484374,-1.2604905366897583,8.590104103088379,-4.625035762786865
1741033369781697000,164.61669702148438,-1.2061172723770142,6.586280822753906,-6.562012195587158
1741033369791798000,164.62679809570312,-2.3550448417663574,4.744233131408691,-6.435310363769531
1741033369801899800,164.63689965820313,-0.8005019426345825,2.9851016998291016,-5.690540313720703
1741033369812001500,164.64700146484375,2.9784932136535645,1.2132272720336914,-4.601081848144531
1741033369822103000,164.65710302734374,8.396585464477539,-0.36952972412109375,-3.5725908279418945
1741033369832204500,164.66720458984375,12.986129760742188,-1.193934440612793,-2.732530117034912
1741033369842305800,164.67730590820312,16.232465744018555,-1.0467023849487305,-1.9169869422912598
1741033369852407600,164.68740747070314,11.58658218383789,1.199249267578125,-2.0002269744873047
1741033369862509000,164.69750903320312,7.486238479614258,3.075284957885742,-2.3352742195129395
1741033369872610800,164.70761083984374,6.969410419464111,3.0407533645629883,-1.5127346515655518
1741033369882712000,164.7177121582031,4.292055130004883,2.4325618743896484,-0.4006541967391968
1741033369892813600,164.7278134765625,1.4959912300109863,1.9430150985717773,0.8411098122596741
1741033369902915300,164.73791528320314,0.0757894515991211,2.067159652709961,1.7894738912582397
1741033369913016800,164.74801684570312,-0.30806994438171387,2.7339468002319336,2.621102809906006
1741033369923118600,164.75811865234374,0.39307594299316406,4.238072395324707,4.098833084106445
1741033369933219600,164.76821948242187,0.6115732192993164,6.061099052429199,5.490245819091797
1741033369943321300,164.7783212890625,-0.09201276302337646,7.1515703201293945,6.358067035675049
1741033369953422800,164.7884228515625,-1.2941882610321045,6.993704795837402,6.6369948387146
1741033369963524600,164.79852465820312,-1.802288293838501,5.672898292541504,6.335801124572754
1741033369973626000,164.80862622070313,-1.7852481603622437,3.3065128326416016,5.424046993255615
1741033369983727400,164.81872729492187,-1.5510562658309937,1.2117547988891602,4.37495231628418
1741033369993829000,164.8288291015625,-1.8280699253082275,0.046067237854003906,3.6439571380615234
1741033370003930600,164.8389306640625,-2.205446720123291,-0.7879705429077148,3.0428104400634766
1741033370014032000,164.84903198242188,-2.5420901775360107,-1.6216936111450195,2.631488800048828
1741033370024133400,164.85913330078125,-2.753631591796875,-2.4561877250671387,2.27659273147583
1741033370034235100,164.86923510742187,-2.8339765071868896,-3.263300895690918,1.995373010635376
1741033370044337000,164.8793369140625,-2.786839008331299,-3.943325996398926,1.7969343662261963
1741033370054438400,164.8894384765625,-2.3844857215881348,-4.4348626136779785,1.7955825328826904
1741033370064539400,164.89953930664063,-2.787827730178833,-4.8885498046875,1.7787930965423584
1741033370074641200,164.90964111328125,-2.6125669479370117,-5.264016151428223,1.7178601026535034
1741033370084743000,164.91974291992187,-2.547384738922119,-5.662471294403076,1.5842177867889404
1741033370094844400,164.92984448242188,-2.7159242630004883,-5.986851692199707,1.489567756652832
1741033370104946200,164.9399462890625,-2.7019689083099365,-6.194177627563477,1.4112513065338135
1741033370115047200,164.95004711914063,-2.534639835357666,-6.318083763122559,1.2954529523849487
1741033370125149000,164.96014892578125,-2.419560670852661,-6.379636764526367,1.2185317277908325
1741033370135250700,164.97025073242187,-2.324110984802246,-6.292119026184082,1.1296718120574951
1741033370145352200,164.9803522949219,-2.304157257080078,-5.942420959472656,1.1262303590774536
1741033370155453700,164.99045361328126,-2.4283461570739746,-5.2222137451171875,1.167352557182312
1741033370165555000,165.00055493164064,-2.61763596534729,-4.377995014190674,1.2638754844665527
1741033370175656700,165.01065673828126,-2.8396008014678955,-3.5240378379821777,1.2872974872589111
1741033370185758500,165.02075854492188,-2.9503846168518066,-2.6972060203552246,1.285999059677124
1741033370195860000,165.03085986328125,-3.029815673828125,-1.9417486190795898,1.2584196329116821
1741033370205961200,165.04096118164063,-3.064059019088745,-1.2879562377929688,1.2552003860473633
1741033370216062700,165.05106274414064,-3.0871708393096924,-0.8141508102416992,1.2254774570465088
1741033370226164500,165.06116455078126,-2.958226442337036,-0.2912321090698242,1.211254358291626
1741033370236266000,165.07126586914063,-2.792123794555664,0.3440971374511719,1.152761459350586
1741033370246367000,165.08136694335937,-2.7591710090637207,1.2008018493652344,1.144189715385437
1741033370256468700,165.09146875,-2.5767741203308105,2.1848764419555664,1.148057460784912
1741033370266570500,165.10157055664064,-2.471299886703491,3.180875778198242,1.0618129968643188
1741033370276672300,165.11167236328126,-2.0376851558685303,3.9844751358032227,0.9101860523223877
1741033370286773800,165.12177368164063,-1.633398175239563,4.481376647949219,0.5815243721008301
1741033370296874800,165.13187475585937,-1.3507380485534668,4.650827407836914,0.04433727264404297
1741033370306976500,165.1419765625,-1.2084019184112549,4.595241546630859,-0.4914765954017639
1741033370317078300,165.1520783691406,-1.2101496458053589,4.337736129760742,-1.135457992553711
1741033370327179800,165.1621796875,-1.2965539693832397,4.095546722412109,-1.8903934955596924
1741033370337281000,165.17228100585936,-1.0134131908416748,3.984529495239258,-2.603442430496216
1741033370347382500,165.18238256835937,-0.6020931005477905,4.587804794311523,-3.1820712089538574
1741033370357484300,165.192484375,-0.13362371921539307,5.716636657714844,-3.7528090476989746
1741033370367586000,165.2025859375,0.5135543346405029,6.571023941040039,-4.3779377937316895
1741033370377687600,165.2126875,1.3937702178955078,6.371443748474121,-4.60158109664917
1741033370387955700,165.22295581054686,2.1827282905578613,4.683374404907227,-3.875170946121216
1741033370398259500,165.23325952148437,2.620270252227783,2.1834678649902344,-2.744954824447632
1741033370408552400,165.24355249023438,2.411208391189575,0.2238302230834961,-2.2583539485931396
1741033370418687700,165.25368774414062,1.9905422925949097,-1.1202316284179688,-2.200986385345459
1741033370428789200,165.26378930664063,1.5214862823486328,-1.3658008575439453,-2.2814571857452393
1741033370438890500,165.27389038085937,1.3063417673110962,-0.13325119018554688,-2.147855281829834
1741033370448992000,165.28399194335938,1.1986939907073975,1.773106575012207,-1.9402012825012207
1741033370459093800,165.29409375,1.4266084432601929,3.4796581268310547,-1.5908613204956055
1741033370469195500,165.30419555664062,1.6209614276885986,4.188383102416992,-1.009195327758789
1741033370479296800,165.314296875,2.1810355186462402,3.5571937561035156,-0.35160696506500244
1741033370489398000,165.32439794921876,2.5971875190734863,2.3390731811523438,0.05150085687637329
1741033370499499800,165.33449975585938,3.0680410861968994,1.3816003799438477,0.2050243616104126
1741033370509601500,165.3446015625,2.762326240539551,0.6686372756958008,-0.08417648077011108
1741033370519703300,165.35470336914062,1.5481438636779785,-0.03823280334472656,-0.5036268830299377
1741033370529804300,165.36480419921875,-0.5391802191734314,-1.0193309783935547,-0.7621952891349792
1741033370539905800,165.37490576171874,-1.563308835029602,-1.7178983688354492,-0.20588278770446777
1741033370550007600,165.38500756835938,-0.8302019238471985,-2.2240829467773438,0.8923458456993103
1741033370560109300,165.395109375,0.7632633447647095,-2.7821731567382812,1.9638968706130981
1741033370570211000,165.40521118164062,1.9606351852416992,-3.34920072555542,3.1017093658447266
1741033370580311800,165.41531176757812,3.1657042503356934,-3.7429933547973633,4.360881805419922
1741033370590413600,165.42541357421874,3.1926708221435547,-4.242537975311279,4.8681111335754395
1741033370600515300,165.43551538085939,2.74476957321167,-4.705533504486084,5.002196788787842
1741033370610616800,165.44561694335937,2.017251968383789,-5.243386268615723,4.7795186042785645
1741033370620718000,165.45571801757814,1.3232672214508057,-5.949704170227051,3.958202600479126
1741033370630819600,165.46581958007812,0.34777969121932983,-6.561544418334961,3.0256831645965576
1741033370640921300,165.47592138671874,0.09728223085403442,-6.8781352043151855,2.475118637084961
1741033370651023000,165.4860231933594,-0.188751220703125,-7.161899566650391,1.8768197298049927
1741033370661124400,165.49612426757812,-0.5387501120567322,-7.400189399719238,1.4180676937103271
1741033370671225900,165.50622583007814,-0.6847250461578369,-7.471643924713135,1.1933927536010742
1741033370681327400,165.51632739257812,-0.9539914727210999,-7.349356651306152,1.0783648490905762
1741033370691429000,165.52642919921874,-1.235504150390625,-7.0879926681518555,1.1172292232513428
1741033370701531000,165.53653076171875,-1.3567029237747192,-6.677979469299316,1.1571760177612305
1741033370711632000,165.5466318359375,-1.1899522542953491,-6.178350925445557,1.1547082662582397
1741033370721733400,165.5567333984375,-0.7095662355422974,-5.491952419281006,1.1656556129455566
1741033370731835100,165.56683520507812,-0.29032835364341736,-4.68254280090332,1.1433771848678589
1741033370741937000,165.57693701171874,-0.0478176474571228,-3.6337547302246094,1.073561429977417
1741033370752038000,165.58703784179687,0.09859609603881836,-2.309192180633545,1.0929369926452637
1741033370762139600,165.5971396484375,0.3989024758338928,-0.6561460494995117,1.2950785160064697
1741033370772241200,165.6072412109375,0.9706071019172668,1.338700294494629,1.6456981897354126
1741033370782343000,165.61734301757812,1.2227041721343994,3.8286523818969727,1.6683053970336914
1741033370792444400,165.6274443359375,1.1100845336914062,6.635353088378906,1.1536980867385864
1741033370802545700,165.63754565429687,1.3482892513275146,8.683613777160645,0.23493385314941406
1741033370812647400,165.6476474609375,2.266139507293701,8.958476066589355,-1.1733392477035522
1741033370822749000,165.6577490234375,1.2229769229888916,7.464765548706055,-3.0470902919769287
1741033370832850700,165.6678505859375,-0.49414920806884766,5.919458389282227,-4.528635025024414
1741033370842952000,165.67795190429686,-0.10884928703308105,4.439631462097168,-5.4934186935424805
1741033370853053400,165.68805346679687,2.481724977493286,2.7393569946289062,-6.228235244750977
1741033370863155000,165.69815502929688,5.98142147064209,1.2826042175292969,-5.471945762634277
1741033370873256700,165.70825659179687,11.557971954345703,0.2528266906738281,-4.617299556732178
1741033370883358500,165.7183583984375,16.592348098754883,0.012578964233398438,-3.6469016075134277
1741033370893459500,165.72845947265625,13.39315128326416,1.8154277801513672,-2.7120490074157715
1741033370903561200,165.73856127929687,8.773635864257812,2.8572235107421875,-2.218743085861206
1741033370913662700,165.7486628417969,4.466862201690674,2.540241241455078,-1.4997673034667969
1741033370923764200,165.75876416015626,2.5282814502716064,1.4649114608764648,-0.07170534133911133
1741033370933865500,165.76886547851564,1.0472030639648438,1.5193357467651367,0.9786755442619324
1741033370943967200,165.77896728515626,0.33504724502563477,2.293508529663086,1.9354000091552734
1741033370954068700,165.78906884765624,0.3310821056365967,3.676576614379883,3.456655979156494
1741033370964170500,165.79917041015625,0.7568454742431641,5.162520408630371,5.297613143920898
1741033370974271700,165.80927172851563,0.25658416748046875,6.300302505493164,6.493468284606934
1741033370984373200,165.81937329101564,-0.7747235298156738,6.8145246505737305,7.03494930267334
1741033370994475000,165.82947509765626,-1.7110300064086914,6.653036117553711,6.921355724334717
1741033371004576500,165.83957641601563,-2.1196987628936768,5.600176811218262,6.077706336975098
1741033371014678300,165.84967822265625,-2.1680848598480225,3.6801509857177734,4.634000778198242
1741033371024780000,165.85978002929687,-1.6941496133804321,1.7249011993408203,3.344435453414917
1741033371035048200,165.8700480957031,-1.9382224082946777,0.12116336822509766,2.573784828186035
1741033371045351700,165.8803515625,-2.798954486846924,-1.3065738677978516,2.0808234214782715
1741033371055636700,165.89063671875,-3.2568399906158447,-2.31845760345459,1.7278995513916016
1741033371065780000,165.90078002929687,-3.223548412322998,-3.1328911781311035,1.4855477809906006
1741033371075881500,165.91088159179688,-2.853844165802002,-3.7617526054382324,1.4053760766983032
1741033371085982500,165.920982421875,-2.520040512084961,-4.255400657653809,1.4990484714508057
1741033371096084200,165.93108422851563,-2.69795298576355,-4.678189277648926,1.7022783756256104
1741033371106186000,165.94118603515625,-2.797672986984253,-5.038952350616455,1.7508773803710938
1741033371116287700,165.95128784179687,-2.6880531311035156,-5.405433177947998,1.7677464485168457
1741033371126389000,165.96138891601564,-2.678445339202881,-5.755105972290039,1.785002589225769
1741033371136490200,165.971490234375,-2.499237537384033,-6.094500541687012,1.7652697563171387
1741033371146592000,165.98159204101563,-2.1977157592773438,-6.372858047485352,1.7224795818328857
1741033371156693800,165.99169384765625,-1.970785140991211,-6.521656513214111,1.6671062707901
1741033371166795500,166.00179541015626,-1.8289506435394287,-6.620388031005859,1.5177679061889648
1741033371176896500,166.011896484375,-1.8412470817565918,-6.526822566986084,1.3726208209991455
1741033371186998000,166.021998046875,-1.9605993032455444,-6.057964324951172,1.3679718971252441
1741033371197099800,166.03209985351563,-2.173318386077881,-5.331371307373047,1.4192039966583252
1741033371207201500,166.04220141601562,-2.351017713546753,-4.581608295440674,1.4640966653823853
1741033371217302500,166.05230249023438,-2.5224449634552,-3.778677463531494,1.4905192852020264
1741033371227404000,166.06240405273437,-2.6120331287384033,-2.9584474563598633,1.5031349658966064
1741033371237505800,166.072505859375,-2.736863136291504,-2.1517128944396973,1.4850693941116333
1741033371247607600,166.08260766601563,-2.857774496078491,-1.414139747619629,1.491209626197815
1741033371257709000,166.092708984375,-2.973947763442993,-0.5976123809814453,1.502236008644104
1741033371267810000,166.10281005859375,-2.8901779651641846,0.3230142593383789,1.5594390630722046
1741033371277911800,166.11291186523437,-2.785815715789795,1.3079500198364258,1.518242597579956
1741033371288013600,166.123013671875,-2.6254396438598633,2.2764530181884766,1.403902292251587
1741033371298115300,166.133115234375,-2.3433609008789062,3.1738243103027344,1.213855266571045
1741033371308216600,166.14321655273437,-2.042613983154297,3.8089065551757812,1.0020051002502441
1741033371318317800,166.15331787109375,-1.5559380054473877,4.100975036621094,0.4923834800720215
1741033371328419600,166.16341967773437,-0.9846265316009521,4.082110404968262,-0.1411442756652832
1741033371338521300,166.17352124023438,-0.8416028022766113,4.103632926940918,-0.8169286251068115
1741033371348622300,166.18362231445312,-1.002305269241333,4.254406929016113,-1.4254764318466187
1741033371358723800,166.19372387695313,-1.2012825012207031,4.334090232849121,-1.8713867664337158
1741033371368825600,166.20382568359375,-1.1678340435028076,4.2485551834106445,-2.40769362449646
1741033371378927400,166.21392724609376,-0.5529764890670776,4.156742095947266,-2.9608614444732666
1741033371389028900,166.22402880859374,-0.03528475761413574,4.4727678298950195,-3.2558529376983643
1741033371399130000,166.23413012695312,0.6648379564285278,5.05914306640625,-3.8295047283172607
1741033371409231600,166.24423168945313,1.8140521049499512,5.721589088439941,-4.506537437438965
1741033371419333400,166.25433349609375,3.180084705352783,5.685699462890625,-4.470689296722412
1741033371429518300,166.26451831054686,4.359976291656494,4.210554122924805,-4.419047832489014
1741033371439822000,166.27482202148437,4.980830192565918,1.572871208190918,-4.016485214233398
1741033371450125000,166.285125,4.925099849700928,-0.8722639083862305,-3.4249179363250732
1741033371460322300,166.295322265625,4.0998711585998535,-2.3462343215942383,-2.720708131790161
1741033371470435300,166.30543530273437,3.3929898738861084,-2.275299549102783,-2.001526117324829
1741033371480537000,166.315537109375,2.815894365310669,-0.6094064712524414,-1.6946696043014526
1741033371490638000,166.32563818359375,1.6738383769989014,1.812300682067871,-1.5194454193115234
1741033371500739600,166.33573950195313,-0.7279319763183594,4.001702308654785,-1.2559372186660767
1741033371510841300,166.34584130859375,0.04758399724960327,4.823275566101074,-0.41256558895111084
1741033371520943000,166.35594311523437,1.8811838626861572,4.063718795776367,0.8519551753997803
1741033371531044600,166.36604467773438,2.6654372215270996,3.110344886779785,2.225454807281494
1741033371541145600,166.3761455078125,3.0736794471740723,2.601816177368164,2.702932834625244
1741033371551247400,166.38624731445313,2.9506924152374268,1.8863592147827148,2.195374011993408
1741033371561349000,166.39634912109375,2.012814521789551,0.73065185546875,1.4738922119140625
1741033371571451000,166.40645092773437,1.2106447219848633,-0.37345409393310547,0.703499972820282
1741033371581552000,166.41655224609374,0.901488721370697,-1.1706314086914062,-0.056859344244003296
1741033371591748600,166.42674853515626,0.9028900265693665,-1.8221092224121094,-0.5394656658172607
1741033371602052000,166.43705200195313,0.8689662218093872,-2.433713912963867,-0.7009731531143188
1741033371612355000,166.44735498046876,0.5877320766448975,-3.130673408508301,-0.6012318730354309
1741033371622543400,166.45754345703125,0.3419656753540039,-3.8990836143493652,-0.39812344312667847
1741033371632653600,166.46765356445312,0.10081243515014648,-4.692258358001709,-0.1651383340358734
1741033371642755300,166.47775537109376,-0.1849895715713501,-5.34780216217041,0.13790152966976166
1741033371652856800,166.48785693359375,-0.32555097341537476,-5.675320625305176,0.7200376391410828
1741033371662958600,166.49795849609376,-0.09582579135894775,-5.825042247772217,1.4448964595794678
1741033371673262300,166.50826245117187,0.18671393394470215,-5.990382194519043,2.021541118621826
1741033371683565800,166.51856591796874,0.3074561357498169,-6.2656097412109375,2.3261284828186035
1741033371693830100,166.528830078125,-0.017582178115844727,-6.475125789642334,2.5241951942443848
1741033371703958800,166.53895874023436,0.121834397315979,-6.650740623474121,2.648820638656616
1741033371714060500,166.549060546875,-0.05276215076446533,-6.798770904541016,2.7340455055236816
1741033371724161800,166.5591618652344,-0.15572166442871094,-6.6958794593811035,3.0264062881469727
1741033371734263000,166.56926293945313,-0.0961071252822876,-6.451216697692871,3.157327651977539
1741033371744364800,166.57936474609374,0.11523973941802979,-6.071915626525879,3.36427640914917
1741033371754466600,166.58946655273436,0.2572592496871948,-5.439311504364014,3.572650909423828
1741033371764567600,166.59956762695313,0.3588733673095703,-4.7816362380981445,3.4661455154418945
1741033371774669000,166.6096689453125,0.5210299491882324,-4.181761741638184,3.1030025482177734
1741033371784770800,166.61977075195313,0.749968409538269,-3.519986152648926,2.875600576400757
1741033371794872600,166.62987255859375,0.7903429269790649,-2.4781627655029297,2.9949469566345215
1741033371804974300,166.63997436523437,0.7994900941848755,-1.031987190246582,3.25144362449646
1741033371815075000,166.6500749511719,0.6514898538589478,0.8994760513305664,3.470158576965332
1741033371825176800,166.6601767578125,-0.36791062355041504,3.2281036376953125,3.079772710800171
1741033371835278600,166.67027856445313,-1.4903955459594727,5.614243507385254,2.4289510250091553
1741033371845380000,166.68038012695314,-2.9383461475372314,7.764361381530762,0.8756747245788574
1741033371855481000,166.69048120117188,-3.810983896255493,7.524818420410156,-2.180893659591675
1741033371865582800,166.7005827636719,-4.466763973236084,5.722219467163086,-3.9848337173461914
1741033371875684600,166.7106845703125,-5.274752616882324,3.8490962982177734,-4.878185272216797
1741033371885786400,166.72078637695313,-5.312956809997559,1.2869596481323242,-6.247228145599365
1741033371895887600,166.7308876953125,-2.4834866523742676,-1.0791702270507812,-6.440093040466309
1741033371905988900,166.74098876953124,2.4906692504882812,-1.574066162109375,-6.634346008300781
1741033371916090600,166.75109057617186,9.425615310668945,-1.8973736763000488,-7.77371072769165
1741033371926192400,166.7611923828125,16.314476013183594,-0.9035530090332031,-7.785539150238037
1741033371936293400,166.77129345703125,19.189167022705078,1.6297130584716797,-4.160113334655762
1741033371946395000,166.78139477539062,14.952560424804688,4.599884033203125,-1.1728391647338867
1741033371956496600,166.79149658203124,9.31527328491211,6.404952049255371,0.013656020164489746
1741033371966598400,166.80159838867186,4.48524284362793,6.611244201660156,0.8204463124275208
1741033371976700200,166.8117001953125,0.7513275146484375,5.408493995666504,0.9528024792671204
1741033371986801200,166.82180126953125,-1.231927752494812,3.9376583099365234,0.7424521446228027
1741033371996902700,166.83190258789062,-1.7790517807006836,3.1455259323120117,0.6406562924385071
1741033372007004400,166.84200439453124,-1.6176427602767944,3.4947938919067383,0.9282898306846619
1741033372017106000,166.85210595703126,-1.700649380683899,4.669927597045898,1.7462695837020874
1741033372027207200,166.86220727539063,-2.049405097961426,5.76611328125,2.5867199897766113
1741033372037309000,166.8723088378906,-2.3089706897735596,6.280974388122559,3.3079137802124023
1741033372047410400,166.88241040039063,-2.1228277683258057,5.926535606384277,3.589599132537842
1741033372057512200,166.89251220703125,-1.997838020324707,4.768016815185547,3.2252674102783203
1741033372067613400,166.90261352539062,-2.11380934715271,3.189793586730957,2.594848155975342
1741033372077715000,166.91271484375,-2.162095069885254,1.659698486328125,2.212642192840576
1741033372087816400,166.92281640625,-2.537923812866211,0.2923612594604492,1.9181005954742432
1741033372097918200,166.93291821289063,-2.876030445098877,-0.8839797973632812,1.7305576801300049
1741033372108174600,166.94317456054688,-2.914989709854126,-1.8579521179199219,1.6465202569961548
1741033372118478000,166.95347802734375,-2.842154026031494,-2.7583189010620117,1.645719289779663
1741033372128780800,166.96378076171874,-2.863981246948242,-3.5148754119873047,1.6715962886810303
1741033372138918400,166.97391845703126,-2.8558545112609863,-4.111625671386719,1.7268145084381104
1741033372149020200,166.98402026367188,-2.6999707221984863,-4.583154678344727,1.8262414932250977
1741033372159121700,166.99412158203126,-2.5693273544311523,-4.965913772583008,1.9025611877441406
1741033372169222700,167.00422265625,-2.2459757328033447,-5.2076735496521,1.9785984754562378
1741033372179324400,167.0143244628906,-1.228135347366333,-5.144049167633057,2.0913760662078857
1741033372189426200,167.02442626953126,1.4659215211868286,-4.625168800354004,2.2092809677124023
1741033372199527400,167.03452734375,3.6416096687316895,-4.341897010803223,2.2675628662109375
1741033372209628700,167.04462866210937,2.854426383972168,-4.669060230255127,2.1306185722351074
1741033372219730400,167.05473046875,-0.2508220076560974,-5.669678688049316,1.4824997186660767
1741033372229832200,167.06483227539061,-1.6833562850952148,-6.759893417358398,0.7426922917366028
1741033372239933400,167.07493334960938,-2.0762667655944824,-7.232841491699219,0.20113062858581543
1741033372250034700,167.08503466796876,-2.9862818717956543,-6.966874599456787,-0.021854400634765625
1741033372260136400,167.09513647460938,-4.2466044425964355,-5.898043632507324,0.499603271484375
1741033372270238200,167.10523828125,-5.352039337158203,-5.229032039642334,0.5746485590934753
1741033372280340000,167.11534008789062,-5.792916297912598,-4.999145984649658,0.4189019799232483
1741033372290441000,167.12544091796875,-6.014965534210205,-4.618803977966309,0.42709600925445557
1741033372300542500,167.13554248046876,-5.667701721191406,-4.350640773773193,0.7556865215301514
1741033372310644200,167.14564428710938,-5.070008277893066,-4.09044885635376,1.1459826231002808
1741033372320745700,167.1557458496094,-4.391898155212402,-3.8155603408813477,1.4839774370193481
1741033372330847000,167.16584692382813,-3.9687986373901367,-3.3310136795043945,1.6344914436340332
1741033372340948500,167.17594848632814,-4.324978351593018,-2.2973899841308594,1.614890456199646
1741033372351050200,167.18605029296876,-5.1070027351379395,-0.5768184661865234,1.4055371284484863
1741033372361152000,167.19615209960938,-5.709102630615234,1.668717384338379,1.6686675548553467
1741033372371253200,167.20625317382812,-5.727240085601807,4.187819480895996,2.6462159156799316
1741033372381354800,167.21635473632813,-4.758551597595215,6.510326385498047,4.055366516113281
1741033372391456300,167.2264562988281,-2.805002450942993,8.366352081298828,5.508886337280273
1741033372401558000,167.23655810546876,-0.5655650496482849,9.422179222106934,6.473046779632568
1741033372411659300,167.2466591796875,1.4507157802581787,8.899979591369629,5.550339221954346
1741033372421760800,167.2567607421875,2.989278554916382,7.753535270690918,3.7533228397369385
1741033372431862500,167.26686254882813,4.601953029632568,6.633396148681641,1.4949865341186523
1741033372441964000,167.2769641113281,5.739196300506592,6.252699851989746,-1.2679684162139893
1741033372452065800,167.28706567382812,3.808858633041382,6.881400108337402,-3.2646918296813965
1741033372462166800,167.29716674804686,2.748555898666382,7.262381553649902,-5.663301467895508
1741033372472268500,167.3072685546875,3.2399110794067383,7.164431571960449,-6.798150539398193
1741033372482370000,167.3173701171875,4.432147979736328,5.664836883544922,-6.177405834197998
1741033372492471800,167.3274719238281,6.469413757324219,2.639791488647461,-5.966257095336914
1741033372502633000,167.3376330566406,6.903933048248291,0.15964412689208984,-5.717232704162598
1741033372512936700,167.34793676757812,5.235995769500732,-0.45024585723876953,-3.7416884899139404
1741033372523240000,167.35823999023438,3.990583896636963,-0.3900890350341797,-1.731563687324524
1741033372533456400,167.36845629882814,2.9129528999328613,0.12109756469726562,-0.757432758808136
1741033372543573200,167.3785732421875,2.187598466873169,1.223684310913086,-1.1061999797821045
1741033372553674500,167.3886745605469,1.224717378616333,2.9785661697387695,-0.8526665568351746
1741033372563657000,167.39865698242187,-0.3262932300567627,3.931539535522461,-0.688403844833374
1741033372573865500,167.40886547851562,0.2269720584154129,3.394906997680664,-0.3278149366378784
1741033372584169200,167.41916918945313,2.029189348220825,2.291658401489258,0.1784253716468811
1741033372594472000,167.42947192382812,2.6788039207458496,1.401834487915039,0.24111980199813843
1741033372604763600,167.439763671875,2.6277036666870117,0.7205648422241211,0.00014084577560424805
1741033372614877700,167.44987768554688,2.177266836166382,0.037100791931152344,-0.3292660117149353
1741033372624979500,167.4599794921875,1.7861690521240234,-0.7264089584350586,-0.587007999420166
1741033372635081200,167.47008129882812,1.3862003087997437,-1.61737060546875,-0.579171895980835
1741033372645183000,167.48018286132813,0.8371633291244507,-2.5304508209228516,-0.42096012830734253
1741033372655284500,167.49028442382811,0.32351377606391907,-3.360006332397461,-0.2494826316833496
1741033372665385500,167.50038549804688,-0.005213513970375061,-3.973994255065918,-0.09835368394851685
1741033372675487200,167.5104873046875,-0.2046915739774704,-4.439945697784424,-0.0036910176277160645
1741033372685589000,167.52058911132812,-0.27497655153274536,-4.878997325897217,0.07917571067810059
1741033372695690200,167.5306901855469,-0.3336774408817291,-5.137518882751465,0.34623628854751587
1741033372705791700,167.54079174804687,-0.20385244488716125,-5.396113395690918,0.8245213627815247
1741033372715893200,167.55089331054688,-0.03901192545890808,-5.676924228668213,1.3242695331573486
1741033372725995000,167.5609951171875,0.35960787534713745,-5.73095178604126,2.035214900970459
1741033372736096000,167.57109594726563,0.75501549243927,-5.879937171936035,2.5171093940734863
1741033372746197800,167.58119775390625,0.5245898365974426,-6.184396743774414,2.891726493835449
1741033372756299300,167.59129931640626,0.5413588881492615,-6.336268424987793,2.969785213470459
1741033372766401000,167.60140112304688,0.35002267360687256,-6.449338436126709,3.110590696334839
1741033372776502800,167.61150268554687,0.24236899614334106,-6.422789573669434,3.4923934936523438
1741033372786603800,167.62160375976563,0.14031493663787842,-6.34513521194458,3.6039998531341553
1741033372796705500,167.63170556640625,-0.014253675937652588,-6.179102897644043,3.4681003093719482
1741033372806807000,167.64180712890624,-0.13674110174179077,-5.9208292961120605,3.2891108989715576
1741033372816908500,167.6519084472656,-0.04291325807571411,-5.551843166351318,2.909881114959717
1741033372827009800,167.662009765625,0.23495280742645264,-4.92518424987793,2.6997087001800537
1741033372837111600,167.67211157226564,0.615633487701416,-4.134213447570801,2.546142816543579
1741033372847213000,167.68221313476562,0.825629711151123,-3.218036651611328,2.5343265533447266
1741033372857314300,167.69231420898439,0.9522944092750549,-2.15309476852417,2.6251845359802246
1741033372867415800,167.70241577148437,0.8882103562355042,-0.9564380645751953,2.7394025325775146
1741033372877517600,167.712517578125,0.6230639219284058,0.462982177734375,2.826864719390869
1741033372887619300,167.72261938476564,0.11539441347122192,2.1909608840942383,2.87934947013855
1741033372897720800,167.73272094726562,-0.8584153652191162,4.272146224975586,2.8208138942718506
1741033372907821800,167.74282177734375,-2.266193389892578,6.198097229003906,2.4759557247161865
1741033372917923600,167.75292358398437,-3.7905375957489014,7.916743278503418,1.2346571683883667
1741033372928025300,167.763025390625,-4.077849388122559,7.524517059326172,-1.1082831621170044
1741033372938126800,167.773126953125,-4.428017616271973,5.882152557373047,-3.636991500854492
1741033372948227800,167.78322778320313,-4.92231559753418,4.25052547454834,-5.0935235023498535
1741033372958329600,167.79332958984375,-4.165093898773193,2.691265106201172,-5.943206787109375
1741033372968431400,167.80343139648437,-2.6688857078552246,0.2384967803955078,-6.509418487548828
1741033372978532600,167.81353271484375,4.086662292480469,-2.1517562866210938,-7.016228199005127
1741033372988633900,167.8236337890625,13.580371856689453,-3.2446703910827637,-7.988895416259766
1741033372998735600,167.83373559570313,18.71564483642578,-1.0191650390625,-6.960636138916016
1741033373008837400,167.84383740234375,17.167877197265625,2.8417491912841797,-5.271580696105957
1741033373018939100,167.85393920898437,12.26180648803711,4.682199478149414,-3.5850653648376465
1741033373029040000,167.8640400390625,7.264107704162598,3.994802474975586,-1.7923749685287476
1741033373039141600,167.8741416015625,2.85166597366333,2.8709115982055664,-0.31237661838531494
1741033373049243400,167.88424340820313,0.5364780426025391,2.5051565170288086,0.17315876483917236
1741033373059345200,167.89434521484375,-0.7727015018463135,3.0274581909179688,0.3265122175216675
1741033373069446100,167.90444604492188,-1.162422776222229,4.150372505187988,0.8529195189476013
1741033373079547600,167.91454760742187,-1.3522590398788452,5.330113410949707,1.765182614326477
1741033373089649400,167.9246494140625,-1.6033098697662354,6.172991752624512,3.048854112625122
1741033373099751200,167.93475122070313,-1.834532380104065,6.593364715576172,4.175427436828613
1741033373109852200,167.94485205078124,-2.20628023147583,6.137655258178711,4.455367565155029
1741033373119953700,167.95495361328125,-2.4900424480438232,4.723714828491211,3.7874984741210938
1741033373130055400,167.96505541992187,-2.5130529403686523,3.038440704345703,2.7243666648864746
1741033373140157200,167.9751572265625,-1.7623894214630127,2.057229995727539,2.0973851680755615
1741033373150258400,167.98525854492186,-1.3604865074157715,1.2868661880493164,1.8675315380096436
1741033373160359700,167.99535961914063,-1.7546451091766357,0.4923057556152344,1.9752562046051025
1741033373170461400,168.00546142578125,-2.170758008956909,-0.40849876403808594,2.114912986755371
1741033373180563200,168.01556323242187,-2.5519626140594482,-1.3362293243408203,2.3235690593719482
1741033373190664400,168.02566455078124,-2.666438102722168,-2.300344467163086,2.4041013717651367
1741033373200766000,168.03576586914062,-2.6604292392730713,-3.2247495651245117,2.3539302349090576
1741033373210867500,168.04586743164063,-2.5624122619628906,-4.0432891845703125,2.252685546875
1741033373220969200,168.05596923828125,-2.441066026687622,-4.7323384284973145,2.121939182281494
1741033373231070200,168.0660703125,-2.3095436096191406,-5.319581508636475,1.9800903797149658
1741033373241172000,168.076171875,-2.174926280975342,-5.792385578155518,1.877787709236145
1741033373251273700,168.08627368164062,-2.120607852935791,-6.134880065917969,1.7750202417373657
1741033373261375200,168.09637524414063,-1.986500859260559,-6.365560054779053,1.7202908992767334
1741033373271476200,168.10647631835937,-1.879042625427246,-6.479856491088867,1.6531953811645508
1741033373281578000,168.11657788085938,-1.845473051071167,-6.4669694900512695,1.654259204864502
1741033373291679700,168.1266796875,-1.8038102388381958,-6.288507461547852,1.6876475811004639
1741033373301781200,168.13678125,-1.7793515920639038,-5.88350248336792,1.7920784950256348
1741033373311882800,168.1468828125,-1.8386034965515137,-5.254219055175781,1.9374356269836426
1741033373321984000,168.15698388671876,-1.741004467010498,-4.616353988647461,2.0022847652435303
1741033373332085800,168.16708569335938,-1.5911400318145752,-4.083360195159912,1.9423978328704834
1741033373342187500,168.1771875,-1.3550266027450562,-3.610226631164551,1.8055391311645508
1741033373352288500,168.18728857421874,-1.1142048835754395,-3.1873321533203125,1.6528657674789429
1741033373362390000,168.19739013671875,-0.9585918188095093,-2.6607871055603027,1.5192608833312988
1741033373372491800,168.20749169921876,-0.8242076635360718,-1.9456753730773926,1.4352540969848633
1741033373382593500,168.21759350585938,-0.7951565980911255,-1.0164680480957031,1.410738468170166
1741033373392694300,168.2276943359375,-0.9187767505645752,0.03831195831298828,1.380248785018921
1741033373402796000,168.23779614257813,-1.0271795988082886,1.1791248321533203,1.333348035812378
1741033373412897800,168.24789770507812,-0.9487288594245911,2.2938079833984375,1.273954153060913
1741033373422999600,168.25799951171874,-0.9397610425949097,3.2745399475097656,1.1259214878082275
1741033373433101000,168.26810107421875,-1.121647834777832,4.104900360107422,0.7959165573120117
1741033373443249700,168.27824975585938,-0.975432276725769,4.692171096801758,0.09748488664627075
1741033373453553400,168.28855346679688,-1.0583058595657349,4.768579483032227,-0.7245146036148071
1741033373463773700,168.29877368164063,-1.0265613794326782,4.73072624206543,-1.5629911422729492
1741033373473792000,168.3087919921875,-0.5417416095733643,4.956332206726074,-2.382875442504883
1741033373483905300,168.3189052734375,0.6800026893615723,5.295260429382324,-3.1999402046203613
1741033373494208800,168.32920874023438,1.216313123703003,5.851902008056641,-4.7387309074401855
1741033373504511700,168.33951171875,1.2533020973205566,6.820473670959473,-6.328324317932129
1741033373514660900,168.34966088867188,2.2179768085479736,7.814157485961914,-8.320826530456543
1741033373524917000,168.3599169921875,7.163513660430908,7.133172988891602,-11.3427095413208
1741033373535220500,168.37022045898436,7.038424968719482,8.30257797241211,-8.139067649841309
1741033373545405700,168.38040576171875,4.378093719482422,7.945152282714844,-2.7904052734375
1741033373555507500,168.39050756835937,2.1425657272338867,3.5480918884277344,-1.2603671550750732
1741033373565609200,168.40060913085938,0.7211382389068604,-0.12335777282714844,-1.3711105585098267
1741033373575710200,168.41071020507812,0.1512651890516281,-2.053340435028076,-1.3512413501739502
1741033373585811700,168.42081176757813,-0.14822959899902344,-2.981198787689209,-1.7293672561645508
1741033373595913500,168.43091357421875,-0.4086804687976837,-2.5969505310058594,-1.8970494270324707
1741033373606015000,168.44101489257812,-0.3782677948474884,-0.9134759902954102,-1.7580124139785767
1741033373616116200,168.4511162109375,-0.3316269516944885,1.2697057723999023,-1.526979684829712
1741033373626218000,168.46121801757812,-0.10801464319229126,3.221353530883789,-0.9883707165718079
1741033373636319500,168.47131958007813,0.43792545795440674,3.9959335327148438,-0.30380702018737793
1741033373646420700,168.48142065429687,1.0097041130065918,3.365086555480957,0.14852768182754517
1741033373656522200,168.49152221679688,1.0833584070205688,2.0677337646484375,0.34723687171936035
1741033373666624000,168.5016240234375,0.7210200428962708,0.8519830703735352,0.31568408012390137
1741033373676725500,168.5117255859375,0.533208966255188,-0.10676956176757812,0.3666214346885681
1741033373686826500,168.5218264160156,0.38378337025642395,-1.0787286758422852,0.17606759071350098
1741033373696928300,168.53192822265626,0.26431700587272644,-1.8286075592041016,0.14139050245285034
1741033373707030000,168.54203002929688,-0.16727136075496674,-2.515108108520508,0.2250247597694397
1741033373717131800,168.5521318359375,-0.5042270421981812,-3.0792222023010254,0.5396567583084106
1741033373727233300,168.5622333984375,-0.35000836849212646,-3.618134021759033,0.8187191486358643
1741033373737334300,168.57233422851561,-0.005015674978494644,-4.2020134925842285,1.1049518585205078
1741033373747436000,168.58243603515626,0.2352912724018097,-4.827690601348877,1.3172179460525513
1741033373757537800,168.59253784179688,0.3914094567298889,-5.31713342666626,1.5464835166931152
1741033373767639000,168.60263916015626,0.41008102893829346,-5.759753704071045,1.913576364517212
1741033373777740300,168.612740234375,0.6077668070793152,-5.870456695556641,2.5857648849487305
1741033373787842000,168.62284204101562,0.3889179229736328,-5.907965660095215,3.27750825881958
1741033373797943800,168.63294384765624,0.134561225771904,-6.042225360870361,3.762465000152588
1741033373808045000,168.6430451660156,-0.08940334618091583,-6.217885971069336,4.161431789398193
1741033373818146300,168.65314624023438,-0.40652644634246826,-6.358677387237549,4.390225887298584
1741033373828248000,168.663248046875,-0.6181226968765259,-6.502225875854492,4.226857662200928
1741033373838349800,168.67334985351562,-0.812983512878418,-6.459042549133301,3.7336924076080322
1741033373848606000,168.68360595703126,-0.8646388053894043,-6.35195255279541,3.0793848037719727
1741033373858909700,168.69390966796874,-0.575269877910614,-6.162188529968262,2.5583887100219727
1741033373869203500,168.70420336914063,-0.20643264055252075,-5.655479431152344,2.36090087890625
1741033373879349800,168.7143498535156,0.16373950242996216,-4.916386604309082,2.377498149871826
1741033373889451500,168.72445141601563,0.5151135921478271,-4.090785026550293,2.3779187202453613
1741033373899553000,168.73455297851564,0.7567247152328491,-3.0619568824768066,2.563706636428833
1741033373909654000,168.74465405273438,0.9342784285545349,-1.9267621040344238,2.7823872566223145
1741033373919755800,168.754755859375,0.8333718776702881,-0.701481819152832,2.9235212802886963
1741033373929857500,168.764857421875,0.5688545107841492,0.5139837265014648,2.6950578689575195
1741033373939958800,168.77495874023438,0.29670560359954834,1.7975072860717773,2.2010364532470703
1741033373950060000,168.78506005859376,0.027275890111923218,3.1698617935180664,1.6327834129333496
1741033373960161800,168.79516186523438,-0.5974739789962769,4.310935020446777,0.8972818851470947
1741033373970263600,168.805263671875,-1.6189348697662354,5.056334495544434,-0.7193079590797424
1741033373980364500,168.81536450195313,-2.626919984817505,4.823629379272461,-2.105914354324341
1741033373990466000,168.82546606445314,-2.299490213394165,4.042342185974121,-4.128016948699951
1741033374000567800,168.83556787109376,-1.248598575592041,3.0311079025268555,-5.597409725189209
1741033374010669600,168.84566967773438,-0.4902975559234619,1.982539176940918,-6.076076507568359
1741033374020771300,168.85577124023436,2.2922749519348145,0.9396095275878906,-6.174006938934326
1741033374030884900,168.865884765625,8.602465629577637,0.16202449798583984,-6.161365032196045
1741033374041188600,168.8761887207031,16.965503692626953,-0.9897222518920898,-5.833160400390625
1741033374051491800,168.88649194335937,20.127975463867188,-1.9445853233337402,-5.494968891143799
1741033374061746700,168.89674658203126,13.812101364135742,-1.239438533782959,-3.3986763954162598
1741033374071872800,168.90687280273437,6.055780410766602,1.4838104248046875,-2.125349521636963
1741033374081974000,168.91697412109374,4.587909698486328,2.676727294921875,-1.1738194227218628
1741033374092075800,168.92707568359376,3.956239938735962,2.8421592712402344,0.18765902519226074
1741033374102177300,168.93717724609374,2.81964111328125,3.838799476623535,1.572076439857483
1741033374112278500,168.94727856445311,2.3594024181365967,4.897602081298828,2.106593132019043
1741033374122380000,168.95738012695313,1.8823497295379639,5.862423896789551,1.9745936393737793
1741033374132481800,168.96748168945314,0.9299280643463135,6.878276824951172,2.0796139240264893
1741033374142583600,168.97758349609376,0.15642309188842773,7.658326148986816,2.8791377544403076
1741033374152684500,168.9876845703125,-0.6880427598953247,8.19421100616455,4.207476615905762
1741033374162786000,168.9977861328125,-1.226565957069397,8.101810455322266,5.551886081695557
1741033374172887800,169.0078876953125,-1.7411558628082275,7.065250396728516,6.119735240936279
1741033374182989300,169.0179892578125,-1.9619920253753662,5.059671401977539,6.015425682067871
1741033374193090300,169.02809033203124,-1.5781676769256592,2.8776636123657227,5.389599323272705
1741033374203192000,169.0381921386719,-1.7038898468017578,1.1291093826293945,4.468287944793701
1741033374213293800,169.0482939453125,-2.3903725147247314,-0.1260671615600586,3.5998053550720215
1741033374223395600,169.0583955078125,-2.9431169033050537,-1.1963682174682617,3.0010628700256348
1741033374233568500,169.06856860351562,-3.162898540496826,-2.173142433166504,2.574507236480713
1741033374243872300,169.07887231445312,-3.176063060760498,-2.9699063301086426,2.3066227436065674
1741033374254175200,169.08917529296875,-2.978597640991211,-3.586416721343994,2.096071720123291
1741033374264382200,169.09938232421874,-2.748901605606079,-4.086270809173584,1.9629032611846924
1741033374274496800,169.10949682617186,-2.5710108280181885,-4.511606216430664,1.9251290559768677
1741033374284598300,169.11959838867188,-2.387643814086914,-4.860394477844238,1.8931986093521118
1741033374294700000,169.1296999511719,-1.9837639331817627,-5.207154750823975,1.922873616218567
1741033374304801800,169.1398017578125,-2.009172201156616,-5.494675159454346,1.983703851699829
1741033374314902500,169.14990258789064,-2.048917293548584,-5.6974778175354,1.9843108654022217
1741033374325004300,169.16000439453126,-2.0777363777160645,-5.737579345703125,1.944770336151123
1741033374335106000,169.17010595703124,-2.0675439834594727,-5.7182416915893555,1.8527934551239014
1741033374345207600,169.18020751953125,-2.0250356197357178,-5.614887714385986,1.7229421138763428
1741033374355308500,169.19030859375,-2.009119987487793,-5.396639347076416,1.5842925310134888
1741033374365410300,169.20041040039064,-2.0237438678741455,-5.135324478149414,1.4422147274017334
1741033374375512000,169.21051196289062,-1.9201171398162842,-4.883692264556885,1.3599860668182373
1741033374385613600,169.22061352539063,-1.8069345951080322,-4.662236213684082,1.3082226514816284
1741033374395714600,169.23071459960937,-1.7047431468963623,-4.380487442016602,1.211927890777588
1741033374405816300,169.24081640625,-1.9824298620224,-3.9749374389648438,1.1076778173446655
1741033374415918000,169.25091796875,-2.4790592193603516,-3.377469539642334,1.0317353010177612
1741033374426019300,169.26101928710938,-2.805816411972046,-2.6018004417419434,0.9894121289253235
1741033374436120600,169.27112060546875,-2.973243236541748,-1.5878620147705078,0.9389204382896423
1741033374446222300,169.28122241210937,-2.7465744018554688,-0.4221324920654297,0.977864146232605
1741033374456324000,169.29132397460938,-2.1837406158447266,0.81781005859375,1.0944525003433228
1741033374466425000,169.30142504882812,-1.5332560539245605,2.231736183166504,1.2527141571044922
1741033374476526800,169.31152685546874,-0.6894487738609314,3.722153663635254,1.3465149402618408
1741033374486628400,169.32162841796875,0.004495883360505104,4.864596366882324,1.0872116088867188
1741033374496730000,169.33173022460937,0.9673911929130554,5.5216779708862305,0.5625095963478088
1741033374506831000,169.3418310546875,2.203331470489502,5.4996137619018555,-0.1738528609275818
1741033374516932900,169.35193286132812,1.6712232828140259,5.008645057678223,-0.7445405721664429
1741033374527034400,169.36203442382813,1.0328781604766846,4.399927139282227,-1.4108227491378784
1741033374537135900,169.37213598632812,0.6397373676300049,3.969052314758301,-2.127476215362549
1741033374547237000,169.38223706054688,0.3334106206893921,3.7324142456054688,-3.1436872482299805
1741033374557339000,169.3923388671875,0.10893002152442932,3.9790639877319336,-4.378511428833008
1741033374567440600,169.40244067382812,-0.027377456426620483,4.969508171081543,-5.7811737060546875
1741033374577542000,169.4125419921875,0.23407191038131714,6.5027618408203125,-6.308835029602051
1741033374587643100,169.42264306640624,0.8033667802810669,7.453115463256836,-5.978735446929932
1741033374597745000,169.4327448730469,1.3608410358428955,6.023069381713867,-5.454267978668213
1741033374607846700,169.4428466796875,2.1790573596954346,2.7421932220458984,-4.640989780426025
1741033374617948200,169.4529482421875,1.6752195358276367,0.06122112274169922,-3.6474008560180664
1741033374628049200,169.46304907226562,1.040987491607666,-1.3257570266723633,-2.8585166931152344
1741033374638151000,169.47315087890624,0.5133037567138672,-1.784738540649414,-2.741352081298828
1741033374648252700,169.4832526855469,0.1372048407793045,-1.2932214736938477,-3.1765151023864746
1741033374658354200,169.49335424804687,-0.08450470864772797,0.6170730590820312,-3.0937678813934326
1741033374668455200,169.503455078125,-0.04490574449300766,3.05686092376709,-2.60512113571167
1741033374678557000,169.51355688476562,0.27582499384880066,4.356850624084473,-1.652350902557373
1741033374688658700,169.52365869140624,0.9046944975852966,3.859511375427246,-0.8012852072715759
1741033374698760200,169.53376025390625,1.3145462274551392,2.2105188369750977,-0.3936244249343872
1741033374708861200,169.54386108398438,1.309751033782959,1.0007820129394531,-0.18590420484542847
1741033374718963000,169.553962890625,1.0577508211135864,0.2289419174194336,-0.06895506381988525
1741033374729064700,169.56406469726562,0.7408847212791443,-0.17845535278320312,-0.18166780471801758
1741033374739273500,169.5742734375,0.18401330709457397,-0.5355434417724609,-0.3918015956878662
1741033374749446400,169.5844462890625,-0.19282753765583038,-0.9450874328613281,-0.5748069286346436
1741033374759678700,169.5946787109375,-0.28310978412628174,-1.502242088317871,-0.5893769264221191
1741033374769982200,169.60498217773437,-0.1966610550880432,-1.8887372016906738,-0.5312498211860657
1741033374780160500,169.61516040039064,-0.18295124173164368,-2.3073558807373047,-0.30720847845077515
1741033374790267100,169.62526708984376,-0.04255169630050659,-2.848029136657715,-0.020195305347442627
1741033374800369000,169.63536889648438,0.23058688640594482,-3.4388461112976074,0.3957248330116272
1741033374810470700,169.645470703125,0.5101749897003174,-4.04532527923584,1.0436736345291138
1741033374820572400,169.65557250976562,0.8858881592750549,-4.31888484954834,1.9183611869812012
1741033374830709800,169.66570971679687,1.5021337270736694,-4.316765308380127,3.168684959411621
1741033374841013500,169.67601342773438,1.7019422054290771,-4.382619857788086,4.103504657745361
1741033374851316700,169.68631665039064,1.3684391975402832,-4.802759170532227,4.22177791595459
1741033374861552400,169.69655249023438,0.5517626404762268,-5.233017921447754,4.380814552307129
1741033374871673900,169.706673828125,-0.10290282964706421,-5.657066822052002,4.578859329223633
1741033374881775000,169.71677514648437,-0.515353262424469,-5.936160087585449,4.744930744171143
1741033374891876900,169.726876953125,-0.6775729656219482,-6.146995544433594,4.602405548095703
1741033374901978600,169.736978515625,-0.6459609866142273,-6.2503662109375,4.278237342834473
1741033374912079600,169.74707958984374,-1.0778225660324097,-6.292827606201172,3.792353630065918
1741033374922181000,169.75718115234375,-1.3152916431427002,-6.146947860717773,3.331268072128296
1741033374932283000,169.76728295898437,-0.9744083881378174,-5.809305191040039,2.624394416809082
1741033374942384600,169.77738452148438,-0.2703453302383423,-5.24338960647583,2.0923779010772705
1741033374952485400,169.7874853515625,0.38718080520629883,-4.395638942718506,2.0566179752349854
1741033374962587100,169.79758715820313,1.0374629497528076,-3.4281253814697266,2.226691722869873
1741033374972689000,169.80768896484375,1.4463305473327637,-2.259474277496338,2.440340042114258
1741033374982790400,169.81779028320312,1.714737892150879,-0.8450384140014648,2.4999258518218994
1741033374992891400,169.82789135742186,2.036325454711914,0.8732481002807617,2.3084166049957275
1741033375002993200,169.8379931640625,2.223512887954712,2.988226890563965,1.9636155366897583
1741033375013095000,169.84809497070313,1.287964105606079,5.541955947875977,0.6027032732963562
1741033375023196700,169.85819677734375,-0.6181987524032593,7.3735761642456055,-1.3050525188446045
1741033375033393400,169.86839331054688,-1.3698804378509521,7.556312561035156,-4.1204352378845215
1741033375043697200,169.878697265625,-0.22218096256256104,5.8896684646606445,-6.856271743774414
1741033375054000000,169.88900024414062,-0.22758853435516357,4.279694557189941,-7.43337345123291
1741033375064187600,169.89918774414062,1.0022474527359009,2.748032569885254,-6.584768295288086
1741033375074297900,169.9092978515625,4.090522766113281,1.402510643005371,-5.485124588012695
1741033375084399400,169.9193994140625,7.542547225952148,0.8176755905151367,-3.9093942642211914
1741033375094501000,169.92950122070312,12.034863471984863,0.6626768112182617,-2.2960681915283203
1741033375104603000,169.93960278320313,15.301919937133789,0.7356538772583008,-1.2325023412704468
1741033375114703600,169.94970361328126,9.45578384399414,2.6141767501831055,-1.2096335887908936
1741033375124805400,169.95980541992188,7.109576225280762,3.46469783782959,-1.0209952592849731
1741033375134907100,169.9699072265625,6.656533241271973,2.591639518737793,-0.03339064121246338
1741033375145008600,169.98000854492187,4.2664265632629395,1.3053674697875977,1.1446857452392578
1741033375155109600,169.9901096191406,2.617575168609619,0.8475894927978516,1.980992317199707
1741033375165211400,170.00021142578126,1.750891923904419,1.542048454284668,2.8805484771728516
1741033375175907300,170.0109072265625,1.724264144897461,3.1289291381835938,4.137609481811523
1741033375186008800,170.0210087890625,1.534397840499878,4.997612953186035,5.457164287567139
1741033375196228900,170.0312287597656,0.7766443490982056,6.402824401855469,6.634449005126953
1741033375206532400,170.04153247070312,-0.5869758129119873,6.785794258117676,7.07353401184082
1741033375216835300,170.05183544921874,-1.7850449085235596,6.262619972229004,7.0153584480285645
1741033375227004000,170.06200390625,-1.8296730518341064,4.834966659545898,6.231688499450684
1741033375237110000,170.07211010742188,-1.322631597518921,2.6556167602539062,5.0701751708984375
1741033375247211800,170.08221166992186,-1.3362321853637695,0.5011987686157227,4.1281938552856445
1741033375257313500,170.0923134765625,-2.2524778842926025,-1.178842544555664,3.3308141231536865
1741033375267414500,170.10241455078125,-2.8777527809143066,-2.2124314308166504,2.8746705055236816
1741033375277516000,170.11251611328126,-2.8841257095336914,-2.887478828430176,2.4839797019958496
1741033375287617800,170.12261767578124,-3.675699472427368,-3.3363285064697266,2.0860862731933594
1741033375297719300,170.13271923828125,-4.362279891967773,-3.384028434753418,1.7600858211517334
1741033375307820500,170.14282055664063,-5.006849765777588,-3.3178062438964844,1.5418701171875
1741033375317922300,170.15292236328125,-5.046377658843994,-3.4730701446533203,1.4459842443466187
1741033375328023800,170.16302392578126,-4.440149307250977,-3.9906983375549316,1.3895207643508911
1741033375338125000,170.173125,-3.5967109203338623,-4.64236307144165,1.3357445001602173
1741033375348226600,170.1832265625,-3.0191869735717773,-5.185642719268799,1.2913850545883179
1741033375358328300,170.19332836914063,-2.7624118328094482,-5.505914688110352,1.220778465270996
1741033375368430000,170.20343017578125,-2.6255576610565186,-5.584549427032471,1.1291760206222534
1741033375378531000,170.21353100585938,-2.5167970657348633,-5.447975158691406,1.077541708946228
1741033375388632600,170.22363256835936,-2.586113691329956,-5.181574821472168,0.9861562252044678
1741033375398734300,170.233734375,-2.732466220855713,-4.874685287475586,0.886968195438385
1741033375408835000,170.2438349609375,-2.7928848266601562,-4.558176040649414,0.7104768753051758
1741033375418936800,170.25393676757812,-2.8285818099975586,-4.2469024658203125,0.527495265007019
1741033375429038600,170.26403857421874,-2.8241450786590576,-3.999312400817871,0.36883825063705444
1741033375439140000,170.27414013671876,-2.852487564086914,-3.7152905464172363,0.19867098331451416
1741033375449241000,170.2842409667969,-3.009894847869873,-3.365544319152832,0.051236867904663086
1741033375459342800,170.2943427734375,-3.3157243728637695,-2.9763541221618652,-0.07596880197525024
1741033375469444600,170.30444458007813,-3.6687424182891846,-2.471318244934082,-0.07503080368041992
1741033375479546400,170.31454638671875,-3.9433579444885254,-1.8383140563964844,0.028000950813293457
1741033375489743000,170.3247431640625,-4.053681373596191,-1.0449438095092773,0.2283339500427246
1741033375500046800,170.335046875,-3.8075008392333984,-0.15687847137451172,0.4667605459690094
1741033375510349800,170.34534985351561,-3.3682119846343994,0.7686929702758789,0.7181137800216675
1741033375520537600,170.35553759765625,-3.0339739322662354,1.7859983444213867,0.9091277718544006
1741033375530647600,170.3656474609375,-2.591099262237549,2.68231201171875,1.047011375427246
1741033375540749000,170.3757490234375,-1.8752260208129883,3.3636856079101562,1.0355167388916016
1741033375550850800,170.3858508300781,-0.9003243446350098,3.7271385192871094,0.7914738059043884
1741033375560952600,170.39595263671876,0.24415235221385956,3.738650321960449,0.3233846127986908
1741033375571053300,170.40605322265625,1.2097887992858887,3.533712387084961,-0.34723252058029175
1741033375581155000,170.41615502929687,1.2487940788269043,3.295351028442383,-0.9720311164855957
1741033375591256800,170.4262568359375,0.9665625691413879,3.1471071243286133,-1.5751652717590332
1741033375601358300,170.4363583984375,0.9825108051300049,3.177546501159668,-2.238283157348633
1741033375611459300,170.44645922851564,0.9743349552154541,4.054861068725586,-2.591000556945801
1741033375621561000,170.45656103515626,1.118021011352539,5.516179084777832,-3.061783790588379
1741033375631662600,170.46666259765624,1.5485975742340088,6.620057106018066,-4.034326076507568
1741033375641763800,170.4767639160156,2.1038479804992676,6.311609268188477,-4.737979888916016
1741033375651865600,170.48686547851563,2.513139486312866,4.484707832336426,-4.244304180145264
1741033375661967000,170.49696704101564,2.325460195541382,2.030935287475586,-3.220806121826172
1741033375672068400,170.507068359375,1.7595168352127075,0.2125082015991211,-2.600564956665039
1741033375682169900,170.517169921875,1.089816689491272,-0.5377368927001953,-2.671119213104248
1741033375692271600,170.52727172851561,0.9153801798820496,-0.38805198669433594,-2.4168202877044678
1741033375702373000,170.537373046875,0.9478319883346558,0.9693202972412109,-2.069538116455078
1741033375712474000,170.54747412109376,0.8898289203643799,2.924098014831543,-1.508000135421753
1741033375722576000,170.55757592773438,1.212341547012329,4.446800231933594,-0.6881140470504761
1741033375732677600,170.567677734375,1.1128709316253662,4.89736270904541,0.08875656127929688
1741033375742779100,170.57777905273437,1.7231658697128296,4.441415786743164,0.8515522480010986
1741033375752880000,170.58788012695314,2.1892879009246826,3.5759143829345703,1.2475661039352417
1741033375762982000,170.59798193359376,1.529041051864624,2.4839582443237305,1.2821170091629028
1741033375773083600,170.60808374023438,1.0627467632293701,1.2876396179199219,1.2562434673309326
1741033375783185000,170.61818481445312,1.1799286603927612,0.23006248474121094,1.3302381038665771
1741033375793286100,170.6282861328125,1.6504184007644653,-0.7184381484985352,1.486067771911621
1741033375803304400,170.63830444335937,1.764630913734436,-1.6163053512573242,1.5107966661453247
1741033375813417700,170.64841772460937,1.6448646783828735,-2.520709991455078,1.4418892860412598
1741033375823721200,170.65872119140624,1.2720564603805542,-3.308415412902832,1.5675632953643799
1741033375834024200,170.66902416992187,1.1265332698822021,-3.700166702270508,2.0377349853515625
1741033375844327000,170.6793269042969,1.1871494054794312,-3.933021068572998,2.6796538829803467
1741033375854486000,170.68948608398438,0.8927735090255737,-4.212867736816406,3.6443896293640137
1741033375864590800,170.6995908203125,0.17398425936698914,-4.565683841705322,4.415891647338867
1741033375874692600,170.7096926269531,0.0031544864177703857,-4.994778156280518,4.581509590148926
1741033375884794400,170.71979443359376,-0.12548597157001495,-5.4416046142578125,4.510705947875977
1741033375894895000,170.72989501953126,-0.14659757912158966,-5.876551628112793,4.214728355407715
1741033375904996900,170.73999682617188,-0.3497273325920105,-6.14142370223999,4.322836875915527
1741033375915098600,170.7500986328125,-0.5766879916191101,-6.405412673950195,4.3367204666137695
1741033375925200100,170.7602001953125,-0.7397937178611755,-6.760351181030273,3.957986354827881
1741033375935301400,170.77030126953125,-0.9303526878356934,-7.057856559753418,3.3375110626220703
1741033375945403000,170.78040283203126,-0.8525799512863159,-7.133872032165527,2.5552031993865967
1741033375955504600,170.79050463867188,-0.6593223214149475,-6.907483100891113,1.7977821826934814
1741033375965606000,170.80060595703125,-0.33417871594429016,-6.473546028137207,1.2208021879196167
1741033375975707400,170.81070727539063,0.23841583728790283,-5.792476654052734,0.9029725790023804
1741033375985809000,170.82080883789064,0.8663307428359985,-5.047892093658447,0.6607727408409119
1741033375995910100,170.83091015625,1.331477403640747,-4.286606311798096,0.5435818433761597
1741033376006011600,170.84101171875,1.7463667392730713,-3.4528017044067383,0.44578295946121216
1741033376016113400,170.85111352539062,1.8830265998840332,-2.502971649169922,0.30461782217025757
1741033376026215200,170.86121508789063,1.9333478212356567,-1.2736034393310547,0.07719236612319946
1741033376036507000,170.8715068359375,1.679757833480835,0.5043296813964844,-0.5066113471984863
1741033376046810400,170.88181030273438,1.3945131301879883,3.0667800903320312,-1.2978148460388184
1741033376057084400,170.89208447265625,0.6920684576034546,5.875761985778809,-2.816821575164795
1741033376067215000,170.90221508789062,1.4336225986480713,8.201714515686035,-5.1267619132995605
1741033376077316600,170.91231665039064,4.29397439956665,8.838313102722168,-6.051434516906738
1741033376087417900,170.92241796875,4.207639694213867,8.763813972473145,-5.119571208953857
1741033376097519400,170.9325192871094,3.6806674003601074,8.023246765136719,-4.421755313873291
1741033376107620900,170.94262084960937,4.2071943283081055,5.325628280639648,-3.554551362991333
1741033376117722000,170.95272216796874,6.106891632080078,2.050227165222168,-1.6237373352050781
1741033376127824000,170.96282397460936,8.198410034179688,0.018604278564453125,-0.27550965547561646
1741033376137925600,170.97292553710938,10.751380920410156,-0.3834505081176758,0.3284231722354889
1741033376148026600,170.9830266113281,10.658622741699219,1.1293001174926758,0.5443247556686401
1741033376158128000,170.99312817382813,8.05987548828125,3.1027965545654297,0.7162294983863831
1741033376168230000,171.00322998046875,7.3727216720581055,3.381901741027832,1.5927187204360962
1741033376178331600,171.01333154296876,5.055163383483887,1.6229209899902344,2.631701946258545
1741033376188432400,171.0234323730469,2.4019904136657715,0.2749958038330078,3.359255075454712
1741033376198534100,171.0335341796875,1.1471927165985107,-0.01786041259765625,4.114965438842773
1741033376208636000,171.04363598632813,1.2844390869140625,0.5922565460205078,5.047388553619385
1741033376218737400,171.0537373046875,1.7983331680297852,1.6783571243286133,6.069638729095459
1741033376228838400,171.06383837890624,2.0142998695373535,2.9901952743530273,6.898794651031494
1741033376238940200,171.0739401855469,1.3450020551681519,4.360548973083496,7.581406593322754
1741033376249042000,171.0840419921875,0.22705554962158203,5.525805473327637,7.944432258605957
1741033376259143200,171.09414306640625,-1.0036420822143555,6.315415382385254,7.741652011871338
1741033376269244400,171.10424438476562,-2.071382761001587,6.165769577026367,6.6401753425598145
1741033376279346200,171.11434619140624,-2.5367355346679688,5.088748931884766,5.400657653808594
1741033376289447400,171.12444750976562,-2.386526346206665,2.7912826538085938,4.081056594848633
1741033376299549000,171.134548828125,-1.9471176862716675,-0.060184478759765625,2.7684478759765625
1741033376309650700,171.1446506347656,-3.105320930480957,-1.9448719024658203,2.1226792335510254
1741033376319752200,171.15475219726562,-4.0391950607299805,-2.8032374382019043,1.7381343841552734
1741033376329853200,171.16485327148436,-4.1959333419799805,-3.3422961235046387,1.5034399032592773
1741033376339955000,171.17495483398437,-4.301902770996094,-3.737481117248535,1.3014732599258423
1741033376350056700,171.185056640625,-4.281697750091553,-4.315493583679199,1.0482113361358643
1741033376360158200,171.195158203125,-3.9301846027374268,-4.8563971519470215,0.8695003986358643
1741033376370259200,171.20525927734374,-3.633456230163574,-5.201291561126709,0.7427937984466553
1741033376380361000,171.21536083984375,-3.1899068355560303,-5.454260349273682,0.7590638399124146
1741033376390462700,171.22546264648437,-2.559448003768921,-5.692579746246338,0.8191109299659729
1741033376400564200,171.23556420898439,-1.092198133468628,-5.807662487030029,0.9689731597900391
1741033376410665200,171.24566528320312,2.1501309871673584,-5.886610984802246,1.0065170526504517
1741033376420767000,171.25576708984374,2.5481443405151367,-6.266606330871582,1.0753252506256104
1741033376430867500,171.26586743164063,-2.036890983581543,-6.0163679122924805,1.3363850116729736
1741033376441076200,171.276076171875,-6.333506107330322,-5.601698875427246,1.0355217456817627
1741033376451379700,171.2863796386719,-8.484177589416504,-5.349396705627441,0.27357956767082214
1741033376461682700,171.2966826171875,-9.270261764526367,-5.489696979522705,-0.7060122489929199
1741033376471861000,171.3068610839844,-9.029831886291504,-5.70864200592041,-1.6396929025650024
1741033376481968600,171.31696875,-7.58854866027832,-5.73775053024292,-1.9761834144592285
1741033376492070100,171.32707006835938,-6.059154510498047,-5.579614162445068,-1.940605878829956
1741033376502172000,171.337171875,-4.630710601806641,-5.306601524353027,-1.7391986846923828
1741033376512273700,171.34727368164062,-3.850980043411255,-4.830188274383545,-1.3729552030563354
1741033376522374700,171.35737475585938,-4.091191291809082,-4.037076950073242,-0.8404707312583923
1741033376532476200,171.36747607421876,-4.758947849273682,-2.993624687194824,-0.41572487354278564
1741033376542578000,171.37757788085938,-5.840150833129883,-1.7586121559143066,0.09414571523666382
1741033376552679000,171.38767895507812,-6.87297248840332,-0.021803855895996094,1.2155005931854248
1741033376562780700,171.39778076171876,-7.356775283813477,2.468111991882324,3.0279271602630615
1741033376572882400,171.40788232421875,-6.4024553298950195,5.088536262512207,4.993183612823486
1741033376582983700,171.41798364257812,-4.238883972167969,7.222188949584961,6.64768648147583
1741033376593085000,171.4280849609375,-0.9984194040298462,7.92927360534668,7.431883811950684
1741033376603186700,171.43818676757812,1.6535507440567017,7.269685745239258,6.98114013671875
1741033376613288400,171.44828833007813,4.321585655212402,5.345646858215332,5.136974334716797
1741033376623389400,171.45838940429687,5.087684631347656,4.175010681152344,3.503941059112549
1741033376633491000,171.46849096679688,3.7323944568634033,4.175000190734863,1.9242321252822876
1741033376643592700,171.4785927734375,2.284910202026367,5.3068037033081055,0.7222760915756226
1741033376653693700,171.48869360351563,0.8715214729309082,7.061086654663086,-0.5216807723045349
1741033376663795200,171.4987951660156,1.2822585105895996,7.61652946472168,-2.5491631031036377
1741033376673897000,171.50889697265626,2.747314691543579,5.668180465698242,-4.943629264831543
1741033376683998700,171.51899877929688,4.171309947967529,2.8352441787719727,-6.40186882019043
1741033376694099700,171.529099609375,4.407551288604736,0.5458555221557617,-5.627566337585449
1741033376704201200,171.539201171875,3.463132858276367,-0.9570350646972656,-4.467639923095703
1741033376714303000,171.5493029785156,2.8477425575256348,-1.4272642135620117,-3.1769487857818604
1741033376724404500,171.55940454101562,3.0767765045166016,-0.9439697265625,-1.6866308450698853
1741033376734505700,171.56950561523436,3.6580824851989746,0.12908172607421875,-0.1514192521572113
1741033376744607500,171.579607421875,3.491953134536743,1.3314018249511719,0.5690799951553345
1741033376754709000,171.589708984375,2.7188663482666016,2.344156265258789,0.5202548503875732
1741033376764810200,171.59981030273437,2.1529507637023926,2.9651060104370117,0.26513224840164185
1741033376774911700,171.60991186523438,1.854692816734314,2.8561506271362305,-0.09074091911315918
1741033376785013500,171.62001342773436,1.6614431142807007,2.1101016998291016,-0.41385018825531006
1741033376795114500,171.63011450195313,0.9282938838005066,1.158782958984375,-0.6797064542770386
1741033376805216000,171.6402160644531,-0.508350133895874,0.019336700439453125,-0.7942866683006287
1741033376815317800,171.65031787109376,-0.8630662560462952,-1.1535091400146484,-0.681979775428772
1741033376825419500,171.66041943359374,-0.21259203553199768,-2.0032615661621094,-0.3086400330066681
1741033376835520300,171.67052026367188,0.5798655152320862,-2.580216884613037,0.3497249484062195
1741033376845622000,171.6806220703125,0.91261887550354,-3.068173408508301,1.0164451599121094
1741033376855723800,171.69072387695311,1.3710548877716064,-3.3543667793273926,1.7861850261688232
1741033376865825300,171.7008251953125,2.048872232437134,-3.4958319664001465,2.573716640472412
1741033376875926300,171.71092626953126,2.2405381202697754,-3.8207473754882812,2.7808146476745605
1741033376886028000,171.72102807617188,1.7780442237854004,-3.988339900970459,2.7414886951446533
1741033376896129500,171.7311296386719,1.1945536136627197,-4.125391483306885,2.6609039306640625
1741033376906230800,171.74123071289063,0.9632964730262756,-4.394985198974609,2.5510969161987305
1741033376916332500,171.75133251953125,0.44705837965011597,-4.749470233917236,2.456639528274536
1741033376926434000,171.76143408203126,-0.2232224941253662,-5.048220157623291,2.4668424129486084
1741033376936535300,171.77153540039063,-0.3455456495285034,-5.284426689147949,2.3966026306152344
1741033376946636800,171.78163671875,-0.4628685712814331,-5.557672023773193,2.0524632930755615
1741033376956738600,171.79173852539063,-0.6912312507629395,-5.8409104347229,1.81818687915802
1741033376966840300,171.80184033203125,-0.6365354061126709,-6.196347236633301,1.4470021724700928
1741033376976941000,171.81194116210938,-0.538435161113739,-6.454510688781738,1.272716999053955
1741033376987042800,171.8220427246094,-0.41351592540740967,-6.460262775421143,1.2414661645889282
1741033376997144600,171.83214453125,-0.2242189645767212,-6.332926273345947,1.3201806545257568
1741033377007245300,171.84224536132814,0.0785900354385376,-5.969539642333984,1.4950599670410156
1741033377017347000,171.85234716796876,0.4279578924179077,-5.378861427307129,1.730145812034607
1741033377027448800,171.86244873046874,0.80887770652771,-4.702471733093262,1.924792766571045
1741033377037550300,171.87255029296875,1.1510212421417236,-4.042684078216553,1.877178430557251
1741033377047651300,171.8826513671875,1.4594236612319946,-3.1977343559265137,1.6836743354797363
1741033377057753000,171.8927531738281,1.8506187200546265,-1.9634966850280762,1.5459518432617188
1741033377067854800,171.90285473632812,1.8868186473846436,-0.2624521255493164,1.3794596195220947
1741033377077956000,171.9129560546875,1.3919683694839478,2.1515111923217773,1.035657525062561
1741033377088057600,171.9230576171875,0.7277976274490356,4.832723617553711,0.521991491317749
1741033377098159000,171.9331591796875,-0.23355543613433838,7.3090314865112305,-0.40359365940093994
1741033377108260400,171.94326025390626,1.2529499530792236,8.552989959716797,-2.517627000808716
1741033377118361900,171.95336181640624,3.864835739135742,7.9659013748168945,-4.406179428100586
1741033377128463600,171.96346362304686,2.19669771194458,6.838784217834473,-4.783341884613037
1741033377138565000,171.97356518554687,0.08877348899841309,5.471686363220215,-4.853702545166016
1741033377148666000,171.983666015625,1.1784062385559082,4.315837860107422,-4.758728981018066
1741033377158767900,171.99376782226562,5.220197677612305,3.55942440032959,-4.156805038452148
1741033377168869600,172.00386962890624,9.605485916137695,2.4305849075317383,-3.613161087036133
1741033377178971100,172.01397119140626,12.98640251159668,1.3875436782836914,-3.4883832931518555
1741033377189072100,172.0240720214844,13.048715591430664,0.6598320007324219,-2.797183036804199
1741033377199174000,172.034173828125,7.331453323364258,0.6065340042114258,-1.982485294342041
1741033377209275400,172.044275390625,3.0249409675598145,0.567927360534668,-1.4322509765625
1741033377219376400,172.05437646484376,1.484612226486206,-0.0877695083618164,-0.4760493040084839
1741033377229478100,172.06447802734374,0.9438285827636719,-0.8317165374755859,1.0789005756378174
1741033377239580000,172.0745798339844,0.568953275680542,-1.0194177627563477,1.9569470882415771
1741033377249681200,172.08468115234376,0.42475366592407227,-0.10703849792480469,2.8277807235717773
1741033377259782700,172.09478271484375,0.6964073181152344,1.9327926635742188,3.9928033351898193
1741033377269884200,172.10488427734376,0.9124312400817871,4.7190446853637695,5.418593406677246
1741033377279985400,172.1149853515625,0.7693397998809814,7.714827537536621,6.978949069976807
1741033377290087000,172.1250869140625,-0.5788918733596802,9.452451705932617,7.583607196807861
1741033377300188700,172.13518872070313,-2.6651790142059326,9.33366584777832,7.556499481201172
1741033377310290200,172.14529028320314,-3.381251811981201,7.27285099029541,6.864025115966797
1741033377320391200,172.15539111328124,-3.0171070098876953,3.7266340255737305,5.322796821594238
1741033377330493000,172.1654929199219,-2.266136646270752,0.6047544479370117,4.257862567901611
1741033377340594700,172.1755947265625,-1.9475888013839722,-1.3678789138793945,3.5883727073669434
1741033377350696200,172.1856962890625,-2.2230794429779053,-2.6697840690612793,3.0500869750976562
1741033377360797200,172.19579711914062,-2.399958610534668,-3.6588268280029297,2.424257516860962
1741033377370899000,172.20589892578124,-2.6196274757385254,-4.263491630554199,1.9597747325897217
1741033377381000200,172.21600024414062,-2.9364013671875,-4.718900680541992,1.491814136505127
1741033377391101400,172.22610131835938,-3.1677021980285645,-4.868317127227783,1.302429437637329
1741033377401203200,172.236203125,-3.248000144958496,-5.002418041229248,1.2519972324371338
1741033377411305000,172.24630493164062,-3.4233860969543457,-5.107716083526611,1.3010398149490356
1741033377421406200,172.25640625,-3.597214698791504,-5.195766448974609,1.3909648656845093
1741033377431507700,172.2665078125,-3.3378801345825195,-5.312425136566162,1.4572315216064453
1741033377441609200,172.27660913085938,-2.907179355621338,-5.458437442779541,1.4677214622497559
1741033377451710200,172.28671020507812,-2.1944923400878906,-5.6360182762146,1.4638056755065918
1741033377461812000,172.29681201171874,-0.9465322494506836,-5.74221134185791,1.4646556377410889
1741033377471913700,172.30691381835936,0.5288594365119934,-5.765321731567383,1.4236578941345215
1741033377482015200,172.31701513671874,0.9940285682678223,-5.600842475891113,1.4144939184188843
1741033377492116200,172.3271162109375,-0.8149102926254272,-5.464123725891113,1.3485286235809326
1741033377502218000,172.33721801757812,-3.608825206756592,-5.132179260253906,0.9006351232528687
1741033377512319500,172.34731958007814,-5.680947303771973,-4.604895114898682,0.01805657148361206
1741033377522420500,172.35742041015624,-7.209691524505615,-3.7705488204956055,-0.7350658178329468
1741033377532522200,172.36752221679689,-7.795531272888184,-3.054960250854492,-1.1607723236083984
1741033377542624000,172.3776240234375,-7.390113353729248,-2.5700674057006836,-1.376497745513916
1741033377552725200,172.38772534179688,-6.3695502281188965,-2.0535526275634766,-1.455869436264038
1741033377562826500,172.39782641601562,-5.354461193084717,-1.4535751342773438,-1.3446142673492432
1741033377572928300,172.40792822265624,-4.4482574462890625,-0.5646839141845703,-1.0831794738769531
1741033377583030000,172.4180300292969,-3.6360647678375244,0.6030101776123047,-0.4869464635848999
1741033377593131000,172.42813110351562,-2.8281378746032715,2.0118274688720703,0.23102539777755737
1741033377603232800,172.43823266601564,-2.3363544940948486,3.5532732009887695,0.938519299030304
1741033377613334300,172.44833422851562,-1.5375701189041138,4.881561279296875,1.609292984008789
1741033377623435300,172.4584353027344,-0.5403861403465271,5.545520782470703,1.8950204849243164
1741033377633537000,172.468537109375,0.1269739866256714,5.215112686157227,1.4803792238235474
1741033377643638800,172.478638671875,0.49253398180007935,4.334342002868652,0.7272759079933167
1741033377653740300,172.488740234375,0.6365883350372314,3.641965866088867,-0.12766677141189575
1741033377663841300,172.49884130859374,0.6379189491271973,3.2067337036132812,-1.218331217765808
1741033377673943000,172.5089431152344,0.6391055583953857,3.2427854537963867,-2.128053903579712
1741033377684044500,172.51904443359376,2.299586296081543,4.407937049865723,-2.5404608249664307
1741033377694145500,172.5291455078125,4.168982028961182,5.418266296386719,-3.750844955444336
1741033377704247300,172.53924731445312,3.9660887718200684,6.40340518951416,-5.307298183441162
1741033377714349000,172.54934912109374,3.3970680236816406,6.872020721435547,-6.453745365142822
1741033377724450300,172.5594501953125,3.9012036323547363,6.092534065246582,-5.979616641998291
1741033377734551600,172.56955151367188,4.427576065063477,4.010936737060547,-3.7742438316345215
1741033377744653300,172.5796533203125,4.136829376220703,1.5281181335449219,-2.3794429302215576
1741033377754754600,172.58975463867188,3.240711212158203,-0.171966552734375,-1.6307677030563354
1741033377764856000,172.59985595703125,2.146867275238037,-1.0766382217407227,-0.9473035931587219
1741033377774957600,172.60995751953126,0.8519272208213806,-1.1221961975097656,-0.5859898924827576
1741033377785059300,172.62005932617188,-0.0008319616317749023,-0.43829822540283203,-0.4052879214286804
1741033377795160300,172.63016040039062,-0.08133789896965027,0.8657970428466797,-0.24894976615905762
1741033377805262000,172.64026196289063,-0.11076334118843079,2.068836212158203,-0.061791300773620605
1741033377815363600,172.65036352539062,-0.29271399974823,2.4423580169677734,0.18287944793701172
1741033377825464600,172.66046459960938,-0.7268553972244263,2.08602237701416,0.2592759132385254
1741033377835566300,172.67056640625,-0.2810600996017456,1.5078620910644531,0.35306474566459656
1741033377845668000,172.68066821289062,-0.08383125066757202,0.980133056640625,0.5897327065467834
1741033377855769300,172.69076928710936,-0.025925837457180023,0.32755565643310547,0.9322994351387024
1741033377865870600,172.70087060546874,0.5287492871284485,-0.2739429473876953,1.1862258911132812
1741033377875972400,172.71097241210938,1.0214415788650513,-0.9234638214111328,1.4818732738494873
1741033377886073600,172.72107348632812,1.4639389514923096,-1.583024024963379,1.8136818408966064
1741033377896175000,172.73117504882813,1.8029587268829346,-2.515605926513672,1.9106720685958862
1741033377906276600,172.74127661132812,2.2120633125305176,-3.2491798400878906,1.9594402313232422
1741033377916378400,172.75137841796874,2.73991322517395,-3.7591824531555176,2.185311794281006
1741033377926479400,172.76147924804687,2.823692798614502,-4.185574531555176,2.5159378051757812
1741033377936581000,172.7715810546875,2.5459508895874023,-4.544296741485596,2.952314615249634
1741033377946682600,172.7816826171875,1.8434081077575684,-4.893732070922852,3.0802958011627197
1741033377956783600,172.79178369140624,1.237757682800293,-5.348720550537109,3.035308361053467
1741033377966885400,172.8018854980469,0.9049420356750488,-5.688300132751465,3.218517780303955
1741033377976987100,172.81198706054687,0.5683013796806335,-5.846621513366699,3.438161611557007
1741033377987088600,172.82208862304688,0.03996175527572632,-5.866131782531738,3.400526523590088
1741033377997189600,172.83218969726562,-0.3849892020225525,-5.955127716064453,3.143010139465332
1741033378007291400,172.84229150390624,-0.6802995800971985,-6.298554420471191,2.6023199558258057
1741033378017393000,172.8523928222656,-0.8892706632614136,-6.691295623779297,2.115617513656616
1741033378027494000,172.86249389648438,-0.8347364664077759,-6.87791633605957,1.925187587738037
1741033378037595600,172.872595703125,-0.5074126124382019,-6.850003719329834,1.7648632526397705
1741033378047697400,172.88269750976562,-0.2056483030319214,-6.534096717834473,1.4916892051696777
1741033378057798700,172.8927985839844,0.260625958442688,-5.657596588134766,1.5340237617492676
1741033378067900200,172.90290014648437,0.7418708801269531,-4.594868183135986,1.634049415588379
1741033378078001700,172.91300170898438,1.1173326969146729,-3.603421688079834,1.7714873552322388
1741033378088103400,172.923103515625,1.4231444597244263,-2.3671188354492188,2.0168545246124268
1741033378098204400,172.93320434570313,1.5515559911727905,-0.7578525543212891,2.3131659030914307
1741033378108306200,172.94330615234375,1.7920702695846558,1.0982036590576172,2.7131409645080566
1741033378118407700,172.95340771484376,1.9348604679107666,3.2389183044433594,2.88816499710083
1741033378128521500,172.963521484375,1.4419236183166504,5.501615524291992,2.4366190433502197
1741033378138825000,172.97382495117188,0.4523972272872925,7.112068176269531,1.460342288017273
1741033378149128400,172.98412841796875,-0.9619714021682739,7.3353376388549805,0.03672674298286438
1741033378159383000,172.99438305664063,-1.3923062086105347,6.025041580200195,-2.5666818618774414
1741033378169508900,173.0045087890625,-1.6161681413650513,4.1868438720703125,-4.867295742034912
1741033378179610600,173.01461059570312,-3.3679981231689453,2.9438400268554688,-6.286822319030762
1741033378189712100,173.02471215820313,-4.096478462219238,1.7377920150756836,-7.424909591674805
1741033378199813400,173.0348134765625,-2.017381429672241,0.4996767044067383,-7.756319522857666
1741033378209915000,173.04491479492188,2.1522281169891357,-0.4700632095336914,-7.228013038635254
1741033378220016600,173.0550166015625,8.09339714050293,-0.8736734390258789,-5.659581661224365
1741033378230117600,173.06511767578124,15.527798652648926,0.2739105224609375,-3.397197723388672
1741033378240219100,173.07521923828125,17.706703186035156,2.6682682037353516,-1.1120189428329468
1741033378250321000,173.08532080078126,12.660971641540527,3.752683639526367,-0.07704126834869385
1741033378260422700,173.09542260742188,8.012402534484863,2.8960418701171875,0.14506840705871582
1741033378270523400,173.1055234375,3.8798928260803223,1.875136375427246,0.7093555927276611
1741033378280625200,173.11562524414063,0.8998641967773438,1.7040185928344727,1.3117350339889526
1741033378290727000,173.1257268066406,-0.49474596977233887,2.228046417236328,1.4885212182998657
1741033378300828000,173.13582788085938,-0.7219961881637573,3.447953224182129,2.0299408435821533
1741033378310929400,173.14592944335936,-0.6651378870010376,5.215582847595215,3.176517963409424
1741033378321031000,173.15603100585938,-0.7811055183410645,6.963372230529785,4.546361446380615
1741033378331132200,173.1661320800781,-1.1647796630859375,8.034821510314941,5.583978176116943
1741033378341234000,173.17623388671876,-1.775115728378296,7.842264175415039,5.9741339683532715
1741033378351335700,173.18633569335938,-2.0046117305755615,6.487672805786133,5.687071323394775
1741033378361437000,173.19643701171876,-2.409249782562256,4.126290321350098,4.836479187011719
1741033378371538200,173.2065380859375,-2.5431535243988037,1.740570068359375,3.7665085792541504
1741033378381640000,173.21663989257812,-2.619995594024658,-0.07936668395996094,2.9589693546295166
1741033378391741000,173.22674096679688,-2.488168954849243,-1.220118522644043,2.604360580444336
1741033378401842400,173.23684252929687,-2.5468802452087402,-2.0467610359191895,2.4356634616851807
1741033378411944200,173.24694409179688,-2.8510189056396484,-2.6067709922790527,2.282968282699585
1741033378422046000,173.2570458984375,-3.248325824737549,-3.072207450866699,2.126739025115967
1741033378432146700,173.26714672851563,-3.3868777751922607,-3.6265082359313965,1.953367829322815
1741033378442248400,173.27724853515625,-3.3165223598480225,-4.162146091461182,1.8267261981964111
1741033378452350200,173.28735009765626,-3.158010244369507,-4.696026802062988,1.5884555578231812
1741033378462451200,173.297451171875,-3.1140739917755127,-5.2083940505981445,1.4144502878189087
1741033378472553000,173.30755297851562,-2.9980905055999756,-5.608327388763428,1.2779444456100464
1741033378482654500,173.31765454101563,-2.802175998687744,-5.946140289306641,1.2172200679779053
1741033378492756000,173.327755859375,-2.5280861854553223,-6.1599016189575195,1.196846604347229
1741033378502857200,173.33785717773438,-2.2560007572174072,-6.250887870788574,1.2497321367263794
1741033378512959000,173.347958984375,-1.8067216873168945,-6.130342483520508,1.3597272634506226
1741033378523060200,173.35806030273437,-0.24928712844848633,-5.678340911865234,1.5764708518981934
1741033378533161500,173.3681613769531,3.1696338653564453,-4.999475955963135,1.6506479978561401
1741033378543263200,173.37826318359376,5.41022253036499,-4.46747350692749,1.6429163217544556
1741033378553364200,173.3883642578125,1.7582402229309082,-4.836845397949219,1.487195611000061
1741033378563465700,173.3984658203125,-3.251986503601074,-4.836993217468262,0.7106485962867737
1741033378573567500,173.4085673828125,-5.47057580947876,-4.269774436950684,-0.2194455862045288
1741033378583669200,173.4186691894531,-7.849847316741943,-3.1003360748291016,-1.0769754648208618
1741033378593770200,173.42877026367188,-9.736992835998535,-1.8641986846923828,-1.3957462310791016
1741033378603871700,173.43887182617186,-9.773148536682129,-1.1968021392822266,-1.2896714210510254
1741033378613973500,173.44897338867187,-8.4400634765625,-1.1318836212158203,-1.2081960439682007
1741033378624074500,173.4590744628906,-7.333491802215576,-0.9158267974853516,-0.8377969264984131
1741033378634176300,173.46917626953126,-6.33547830581665,-0.27521705627441406,-0.07212316989898682
1741033378644278000,173.47927807617188,-5.475432395935059,0.7161359786987305,0.7448633313179016
1741033378654379300,173.48937915039062,-4.500570297241211,2.092726707458496,1.6418640613555908
1741033378664480500,173.49948046875,-3.4785830974578857,3.6257619857788086,2.4994442462921143
1741033378674582300,173.5095822753906,-2.3147079944610596,4.736519813537598,2.9423065185546875
1741033378684683500,173.51968359375,-1.1846827268600464,5.610393524169922,3.313249349594116
1741033378694784800,173.52978466796876,-0.051692038774490356,6.109986305236816,3.1669139862060547
1741033378704886500,173.53988647460938,1.2461212873458862,5.930233955383301,2.3938803672790527
1741033378714987500,173.5499875488281,2.9343888759613037,5.377261161804199,1.259504795074463
1741033378725089000,173.56008911132812,2.130678176879883,5.357773780822754,0.35886186361312866
1741033378735190800,173.57019067382814,0.9524898529052734,5.652765274047852,-0.6296354532241821
1741033378745292500,173.58029248046876,0.6152259707450867,6.346487998962402,-1.6435444355010986
1741033378755393500,173.5903935546875,1.3735260963439941,6.951009750366211,-2.7709598541259766
1741033378765495300,173.60049536132811,2.713822841644287,6.633991241455078,-4.334712505340576
1741033378775596800,173.6105966796875,3.7848942279815674,5.127293586730957,-5.408048152923584
1741033378785697800,173.62069775390626,4.0460124015808105,2.880887985229492,-5.0881667137146
1741033378795799600,173.63079956054688,3.4475464820861816,0.7324457168579102,-4.361605167388916
1741033378805901300,173.6409013671875,3.1997733116149902,-0.7408065795898438,-3.3223395347595215
1741033378816002600,173.65100244140626,3.330005407333374,-1.031998634338379,-1.9342173337936401
1741033378826103800,173.66110375976564,3.5640711784362793,-0.21740436553955078,-1.0234750509262085
1741033378836205600,173.67120556640626,3.2139439582824707,0.9684009552001953,-0.45025432109832764
1741033378846306800,173.68130688476563,2.8322906494140625,1.99835205078125,-0.12405729293823242
1741033378856408000,173.69140795898437,1.6665465831756592,2.6703968048095703,0.20548707246780396
1741033378866509800,173.701509765625,0.47161999344825745,2.578232765197754,0.3512336015701294
1741033378876611000,173.71161108398437,1.1326228380203247,1.864126205444336,0.6823715567588806
1741033378886712600,173.72171264648438,1.4733903408050537,0.8773384094238281,0.8777990341186523
1741033378896814000,173.73181396484375,1.5965219736099243,0.1114339828491211,1.0610320568084717
1741033378906915800,173.74191577148437,1.484695315361023,-0.40916919708251953,1.2892881631851196
1741033378917016800,173.75201684570314,1.3914872407913208,-0.9931144714355469,1.364125370979309
1741033378927118600,173.76211865234376,1.381009817123413,-1.9205646514892578,1.2307353019714355
1741033378937220000,173.77222021484374,1.3012670278549194,-2.898329734802246,1.135040521621704
1741033378947321000,173.78232104492187,1.2024438381195068,-3.799933433532715,1.1005733013153076
1741033378957422800,173.7924228515625,1.157177209854126,-4.592193126678467,0.9876188635826111
1741033378967524600,173.8025246582031,0.9542790055274963,-5.189009189605713,1.0842751264572144
1741033378977625900,173.8126259765625,0.604863703250885,-5.61478328704834,1.126122236251831
1741033378987727000,173.82272705078125,0.26252347230911255,-5.999968528747559,1.1825356483459473
1741033378997828900,173.83282885742187,0.016698777675628662,-6.330256462097168,1.2507047653198242
1741033379007930000,173.84293017578125,-0.06223052740097046,-6.421182632446289,1.531520962715149
1741033379018031600,173.85303149414062,0.001125931739807129,-6.357037544250488,1.986090898513794
1741033379028133000,173.86313305664063,-0.027108311653137207,-6.273456573486328,2.3008649349212646
1741033379038234400,173.873234375,-0.2789417505264282,-6.260957717895508,2.4861700534820557
1741033379048336000,173.8833359375,-0.43195873498916626,-6.191835403442383,2.6678147315979004
1741033379058437600,173.8934377441406,-0.31709742546081543,-6.081099510192871,2.8159234523773193
1741033379068539100,173.9035390625,-0.17791283130645752,-5.972933292388916,2.8396270275115967
1741033379078640000,173.91364013671875,-0.04333782196044922,-5.668351173400879,2.8129727840423584
1741033379088742000,173.92374194335937,0.03611195087432861,-5.238884449005127,2.7180655002593994
1741033379098843400,173.9338435058594,0.16237080097198486,-4.638591289520264,2.566484212875366
1741033379108944400,173.9439443359375,0.1660752296447754,-4.014335632324219,2.2930424213409424
1741033379119046100,173.95404614257814,0.23097026348114014,-3.308403491973877,1.972681999206543
1741033379129147600,173.96414770507812,0.36121535301208496,-2.3420042991638184,1.7866183519363403
1741033379139249000,173.9742487792969,0.7441302537918091,-1.3014307022094727,1.9089009761810303
1741033379149350400,173.98435034179687,0.9573225975036621,-0.41180896759033203,2.037158489227295
1741033379159452200,173.9944521484375,1.1488819122314453,0.5296468734741211,2.2583343982696533
1741033379169553400,174.00455346679686,1.2125728130340576,1.527425765991211,2.2989251613616943
1741033379179655000,174.01465502929688,0.9414348602294922,2.696682929992676,2.121079683303833
1741033379189756700,174.0247565917969,0.4502875804901123,3.951366424560547,1.8332860469818115
1741033379199857700,174.03485766601563,-0.03202629089355469,5.220636367797852,0.9963434934616089
1741033379209959200,174.04495922851564,-0.6286593675613403,6.106644630432129,-0.6310378313064575
1741033379220061000,174.05506103515626,-1.4226652383804321,5.951068878173828,-2.562807083129883
1741033379230162000,174.0651618652344,-2.1453683376312256,4.9181413650512695,-4.711832523345947
1741033379240263400,174.07526342773437,-2.496847152709961,3.3880701065063477,-6.693782329559326
1741033379250365200,174.085365234375,-0.5057095289230347,1.6500310897827148,-8.401233673095703
1741033379260466700,174.095466796875,2.8704442977905273,0.7743034362792969,-9.112449645996094
1741033379270567700,174.10556762695313,6.85562801361084,0.40478515625,-9.030705451965332
1741033379280669400,174.11566943359375,12.263898849487305,2.3307723999023438,-7.22235107421875
1741033379290771000,174.12577099609376,17.559555053710938,3.812026023864746,-3.6028056144714355
1741033379300872200,174.1358720703125,17.04314613342285,4.173910140991211,-0.4430118799209595
1741033379310974000,174.14597387695312,9.501483917236328,3.4369659423828125,1.5385068655014038
1741033379321075200,174.1560751953125,6.589437484741211,2.51318359375,1.9397224187850952
1741033379331176400,174.16617651367187,2.7714579105377197,2.2375526428222656,1.8602725267410278
1741033379341278200,174.1762783203125,0.5712940692901611,2.409132957458496,2.0689315795898438
1741033379351380000,174.1863798828125,0.012094974517822266,3.026721954345703,2.475693941116333
1741033379361481200,174.19648120117188,-0.596096396446228,4.101078987121582,3.1195530891418457
1741033379371737000,174.20673706054689,-1.1428269147872925,5.377201080322266,3.8326501846313477
1741033379382040600,174.21704052734376,-2.033444881439209,6.1505937576293945,4.324622631072998
1741033379392343300,174.22734326171874,-2.6594932079315186,6.151363372802734,4.57159423828125
1741033379402481000,174.23748095703124,-2.7837862968444824,5.342192649841309,4.440065860748291
1741033379412582700,174.2475827636719,-2.5459787845611572,3.996169090270996,3.894796371459961
1741033379422684200,174.25768408203126,-2.46339750289917,2.491708755493164,3.025705337524414
1741033379432785200,174.26778515625,-2.621907949447632,1.2940711975097656,2.3150172233581543
1741033379442887000,174.27788696289062,-2.9088311195373535,0.29205322265625,1.8794299364089966
1741033379452988400,174.28798852539063,-3.2724742889404297,-0.6067628860473633,1.598329782485962
1741033379463089700,174.29808959960937,-3.495063066482544,-1.4627685546875,1.3885432481765747
1741033379473191200,174.30819116210938,-3.596512794494629,-2.30979585647583,1.2684506177902222
1741033379483292400,174.31829248046876,-3.4767487049102783,-3.123537540435791,1.2767939567565918
1741033379493394000,174.32839379882813,-3.2338273525238037,-3.7712836265563965,1.4177045822143555
1741033379503495700,174.33849560546875,-3.017937660217285,-4.2825469970703125,1.5542659759521484
1741033379513597400,174.34859741210937,-2.8739657402038574,-4.675527095794678,1.657325029373169
1741033379523698400,174.35869848632814,-2.7120938301086426,-5.005302906036377,1.7525725364685059
1741033379533800000,174.36880004882812,-2.4917197227478027,-5.252656936645508,1.8796513080596924
1741033379543901700,174.37890161132813,-2.234459400177002,-5.386979103088379,2.019176721572876
1741033379554002400,174.38900244140626,-1.5959947109222412,-5.269798755645752,2.2967567443847656
1741033379564104200,174.39910424804688,0.49003684520721436,-4.709763526916504,2.3990375995635986
1741033379574206000,174.4092060546875,5.026163101196289,-3.490063190460205,2.3945724964141846
1741033379584307000,174.41930688476563,7.728033065795898,-2.869602680206299,2.4074623584747314
1741033379594408700,174.42940869140625,2.1138863563537598,-4.252565860748291,2.113060474395752
1741033379604510200,174.43951025390626,-2.626204013824463,-5.4876813888549805,1.3391661643981934
1741033379614611700,174.44961181640625,-3.4483695030212402,-5.987180233001709,0.20967304706573486
1741033379624713000,174.459712890625,-3.5991158485412598,-6.049263954162598,-0.39812541007995605
1741033379634814700,174.46981469726563,-4.165762901306152,-5.832521438598633,-0.6147146224975586
1741033379644916000,174.479916015625,-6.344112873077393,-5.023531436920166,-0.4350343942642212
1741033379655017200,174.49001733398438,-8.269851684570312,-3.2615652084350586,0.15243637561798096
1741033379665119000,174.50011889648437,-9.681296348571777,-1.6538925170898438,0.5370841026306152
1741033379675220000,174.51021997070313,-9.993931770324707,-0.48183155059814453,0.8353137373924255
1741033379685321500,174.52032153320312,-8.599447250366211,-0.10699939727783203,1.0542747974395752
1741033379695423200,174.53042333984374,-7.366336345672607,-0.10361576080322266,1.501376748085022
1741033379705524200,174.54052416992187,-5.993368625640869,0.13242721557617188,2.013258457183838
1741033379715626000,174.5506259765625,-4.760731220245361,0.9046859741210938,2.4407224655151367
1741033379725727500,174.5607275390625,-3.6831157207489014,2.0457916259765625,2.7202606201171875
1741033379735829200,174.57082934570312,-2.570134401321411,3.1557722091674805,3.0416107177734375
1741033379745930200,174.58093017578125,-1.7759870290756226,4.486324310302734,3.4676260948181152
1741033379756032000,174.59103198242187,-0.5841010808944702,5.493999481201172,3.60361385345459
1741033379766133200,174.60113330078124,0.2005152702331543,5.6448822021484375,3.0321669578552246
1741033379776234500,174.611234375,2.2671103477478027,5.131880760192871,1.7642755508422852
1741033379786336300,174.62133618164063,3.8028457164764404,5.166979789733887,0.6590192317962646
1741033379796533000,174.63153295898437,1.9091730117797852,5.854153633117676,-0.46078789234161377
1741033379806836700,174.64183666992187,0.18278729915618896,6.732653617858887,-1.5502995252609253
1741033379817139700,174.6521396484375,-0.2990944981575012,7.30506706237793,-2.7896642684936523
1741033379827327500,174.66232739257813,1.0710015296936035,6.871731758117676,-3.7475733757019043
1741033379837437400,174.6724375,2.710498809814453,4.756311416625977,-4.090790748596191
1741033379847539000,174.6825390625,3.138881206512451,2.05356502532959,-3.266968250274658
1741033379857640700,174.692640625,2.3443737030029297,-0.2603569030761719,-2.206073760986328
1741033379867741400,174.70274145507813,1.7706923484802246,-1.5120162963867188,-1.547135829925537
1741033379877843200,174.71284326171875,1.293473482131958,-1.3149213790893555,-1.2867757081985474
1741033379887945000,174.72294506835937,1.2299665212631226,0.617854118347168,-1.0404226779937744
1741033379898046500,174.73304638671874,1.2331925630569458,3.2683773040771484,-0.7004210948944092
1741033379908147700,174.74314770507812,1.4758882522583008,5.192469596862793,-0.06633758544921875
1741033379918249200,174.75324926757813,2.7919058799743652,5.417896270751953,0.5015406012535095
1741033379928350700,174.76335083007814,4.640846252441406,4.3370866775512695,1.1746675968170166
1741033379938452000,174.77345190429688,4.705941200256348,2.8912391662597656,1.7352992296218872
1741033379948553700,174.7835537109375,1.972291111946106,1.4849309921264648,1.5109907388687134
1741033379958655000,174.79365502929687,0.41619813442230225,0.05237102508544922,1.235844612121582
1741033379968756200,174.80375610351564,1.7241986989974976,-0.9931058883666992,1.0279288291931152
1741033379978738700,174.81373876953126,2.689154863357544,-1.7239761352539062,1.0038899183273315
1741033379988923400,174.82392333984376,3.1342639923095703,-2.144991874694824,1.2083747386932373
1741033379999227000,174.83422680664063,3.211292266845703,-2.5091700553894043,1.545557975769043
1741033380009529900,174.84452978515625,3.078303813934326,-3.2658724784851074,1.6550904512405396
1741033380019832600,174.85483251953124,3.0651302337646484,-4.18044900894165,1.2842833995819092
1741033380029959200,174.86495922851563,2.8612635135650635,-4.8660101890563965,0.9734712839126587
1741033380040061000,174.87506103515625,3.056972026824951,-5.159977436065674,1.282043695449829
1741033380050162400,174.88516235351562,2.806448459625244,-5.034972190856934,1.9432904720306396
1741033380060263400,174.89526342773436,1.6315628290176392,-5.184241771697998,2.087529182434082
1741033380070365200,174.905365234375,0.9516727924346924,-5.512622356414795,2.121389865875244
1741033380080466700,174.915466796875,0.6918143033981323,-5.810751438140869,2.25175142288208
1741033380090568000,174.92556787109376,0.5691431760787964,-6.121127128601074,2.3585047721862793
1741033380100669400,174.93566943359374,-0.14272725582122803,-6.551239967346191,2.3404109477996826
1741033380110771000,174.94577099609376,-0.3558926582336426,-6.950021743774414,2.1964919567108154
1741033380120872200,174.9558720703125,-0.48302292823791504,-7.197323799133301,2.117124319076538
1741033380130974000,174.96597387695311,-0.8022185564041138,-7.300721168518066,2.187664270401001
1741033380141075000,174.97607495117188,-0.7702635526657104,-7.100221633911133,2.452274799346924
1741033380151176400,174.98617651367186,-0.6081326007843018,-6.652922630310059,2.6011712551116943
1741033380161278200,174.9962783203125,-0.34832441806793213,-6.1056976318359375,2.469291925430298
1741033380171380000,175.0063798828125,0.06099069118499756,-5.478156089782715,2.1165366172790527
1741033380181480700,175.01648071289063,0.5151783227920532,-4.753826141357422,1.701385498046875
1741033380191582500,175.02658251953125,0.9566365480422974,-3.8282432556152344,1.3461246490478516
1741033380201684200,175.03668432617187,1.609348177909851,-2.5332202911376953,1.0753188133239746
1741033380211785200,175.04678515625,2.2235238552093506,-0.4999885559082031,1.152626395225525
1741033380221887000,175.05688696289062,2.4736709594726562,2.573606491088867,1.3260109424591064
1741033380231988200,175.06698828125,2.274397850036621,6.244806289672852,1.6685757637023926
1741033380242089500,175.07708935546876,1.5692012310028076,9.65927505493164,1.6410119533538818
1741033380252191200,175.08719116210938,0.5229531526565552,10.857989311218262,0.7934237718582153
1741033380262292500,175.09729248046875,-0.2871328592300415,8.679821014404297,-1.5567879676818848
1741033380272393700,175.10739379882813,-1.6767525672912598,5.287550926208496,-3.3107666969299316
1741033380282495500,175.11749560546875,-2.8168282508850098,3.4334945678710938,-4.971961498260498
1741033380292596700,175.1275966796875,-2.3923685550689697,2.2678680419921875,-6.882763385772705
1741033380302698000,175.1376979980469,-0.0033321380615234375,1.4171533584594727,-6.8516716957092285
1741033380312799700,175.1477998046875,4.815775394439697,0.5742006301879883,-5.563830375671387
1741033380322901500,175.15790161132813,11.56370735168457,0.4993762969970703,-4.0924224853515625
1741033380333002500,175.16800244140626,17.555580139160156,1.5866889953613281,-2.0953073501586914
1741033380343104300,175.17810424804688,16.383676528930664,3.183091163635254,-0.6905980110168457
1741033380353205800,175.18820581054686,9.897477149963379,3.674118995666504,-1.1249768733978271
1741033380363306800,175.198306640625,4.864907264709473,2.342754364013672,-1.4019981622695923
1741033380373408500,175.2084084472656,2.8764169216156006,1.4133625030517578,-0.5024607181549072
1741033380383510000,175.21851000976562,1.089186668395996,1.5869979858398438,0.15108656883239746
1741033380393611000,175.22861108398436,-0.04397892951965332,2.401247024536133,0.7374796867370605
1741033380403712800,175.23871264648437,-0.5257167816162109,4.022805213928223,1.93648099899292
1741033380413814300,175.24881420898438,-0.748663067817688,5.929793357849121,3.6562981605529785
1741033380423915500,175.25891552734376,-1.1359977722167969,7.359415054321289,5.386745452880859
1741033380433933600,175.26893359375,-1.4622013568878174,7.657443046569824,6.54098653793335
1741033380444070700,175.27907055664062,-2.1234405040740967,6.710482597351074,6.470302581787109
1741033380454374400,175.28937451171876,-2.460944175720215,4.8547868728637695,5.564383506774902
1741033380464677000,175.2996770019531,-2.7402448654174805,2.9056596755981445,4.4245429039001465
1741033380474979800,175.30997973632813,-2.531867265701294,1.411118507385254,3.4611682891845703
1741033380485117700,175.32011767578126,-2.305668354034424,0.17719554901123047,2.895820140838623
1741033380495219500,175.33021948242188,-2.7364580631256104,-0.9640026092529297,2.535452365875244
1741033380505321200,175.3403212890625,-3.2539315223693848,-2.0597405433654785,2.2434511184692383
1741033380515423000,175.35042309570312,-3.428009033203125,-2.918771266937256,2.1260931491851807
1741033380525524500,175.3605244140625,-3.4123568534851074,-3.5752243995666504,2.0404274463653564
1741033380535625500,175.37062548828126,-3.2808799743652344,-4.112994194030762,1.9777157306671143
1741033380545727200,175.38072729492188,-3.1150317192077637,-4.598527908325195,1.938429832458496
1741033380555828700,175.39082885742187,-2.974851131439209,-4.977956771850586,1.9541300535202026
1741033380565930000,175.40092993164063,-2.895543336868286,-5.289984703063965,1.9442486763000488
1741033380576031500,175.41103149414062,-2.8078560829162598,-5.448470115661621,1.986915111541748
1741033380586132700,175.4211328125,-2.7202835083007812,-5.544102668762207,2.0157077312469482
1741033380596234200,175.43123413085937,-2.636874198913574,-5.574007987976074,2.077381134033203
1741033380606336000,175.4413359375,-2.6335721015930176,-5.536067008972168,2.1180217266082764
1741033380616437000,175.45143701171875,-2.612010955810547,-5.359185218811035,2.186192035675049
1741033380626538500,175.46153857421876,-2.57696270942688,-4.938364028930664,2.3040270805358887
1741033380636640300,175.47164013671875,-2.4809811115264893,-4.277763843536377,2.4805588722229004
1741033380646741200,175.4817412109375,-1.9043428897857666,-3.3851161003112793,2.623746633529663
1741033380656842800,175.4918427734375,-0.21607398986816406,-2.499417781829834,2.757913112640381
1741033380666944500,175.50194458007812,2.728015422821045,-1.8024897575378418,2.707016944885254
1741033380677070000,175.51207006835938,1.2820470333099365,-1.4770689010620117,2.6088085174560547
1741033380687373800,175.52237377929688,-2.664881467819214,-2.0197181701660156,1.8488026857376099
1741033380697677000,175.53267700195312,-4.359823703765869,-2.0456666946411133,0.49820077419281006
1741033380707922000,175.542921875,-5.1750874519348145,-1.5813794136047363,-0.636062741279602
1741033380718045400,175.55304541015624,-5.868377685546875,-0.8941783905029297,-1.6256111860275269
1741033380728147200,175.56314721679686,-6.621236324310303,0.16666126251220703,-2.0545308589935303
1741033380738249000,175.5732490234375,-6.906655788421631,1.0654535293579102,-1.9734543561935425
1741033380748350200,175.58335009765625,-6.880928993225098,2.142009735107422,-1.4066572189331055
1741033380758451700,175.59345166015626,-6.17299222946167,3.067355155944824,-0.508925199508667
1741033380768553200,175.60355322265625,-5.127767562866211,3.6312313079833984,0.3726617097854614
1741033380778654500,175.61365454101562,-3.849290370941162,3.735433578491211,0.7636540532112122
1741033380788756000,175.623755859375,-2.5234477519989014,3.9322662353515625,0.8116495609283447
1741033380798857700,175.63385766601561,-1.480043649673462,4.264371871948242,0.5098357200622559
1741033380808958500,175.64395849609375,-1.1177645921707153,4.578051567077637,-0.11357057094573975
1741033380819060200,175.65406030273436,-1.3376517295837402,4.6326398849487305,-1.0108585357666016
1741033380829162000,175.66416186523438,-1.5617599487304688,4.79611873626709,-1.7602965831756592
1741033380839299300,175.67429931640626,-1.5920534133911133,5.510993957519531,-2.5837833881378174
1741033380849603000,175.68460302734374,-1.0557584762573242,6.376405715942383,-3.4680051803588867
1741033380859906300,175.69490625,-0.36323225498199463,6.598146438598633,-4.293128490447998
1741033380870141400,175.70514135742187,1.4563093185424805,5.427968978881836,-3.6534459590911865
1741033380880263000,175.7152629394531,4.6766037940979,3.12249755859375,-2.1859889030456543
1741033380890364700,175.72536474609376,7.233892440795898,0.8638887405395508,-1.8958678245544434
1741033380900466400,175.73546655273438,5.32855749130249,-0.6206560134887695,-1.1705563068389893
1741033380910698800,175.74569873046875,3.1809818744659424,-0.9778709411621094,-0.39669954776763916
1741033380921002500,175.75600244140625,1.5656695365905762,0.1429901123046875,-0.5511428117752075
1741033380931305200,175.76630517578124,0.49766653776168823,2.000380516052246,-1.0654929876327515
1741033380941463600,175.77646362304688,0.4137817621231079,3.4924211502075195,-1.468353271484375
1741033380951567400,175.7865673828125,0.7557216286659241,4.095613479614258,-1.4907619953155518
1741033380961669000,175.79666918945313,1.1704310178756714,3.9470176696777344,-0.875288724899292
1741033380971769900,175.80676977539062,1.4025112390518188,3.3474626541137695,-0.10697007179260254
1741033380981871600,175.81687158203124,1.8069238662719727,2.5164594650268555,0.37929219007492065
1741033380991973000,175.82697314453125,0.40924280881881714,1.7340917587280273,0.17560511827468872
1741033381002074400,175.83707446289063,-1.5842020511627197,0.85430908203125,0.10098540782928467
1741033381012176100,175.84717602539064,-1.953930139541626,0.11459064483642578,1.1212213039398193
1741033381022277400,175.85727734375,0.47050637006759644,-0.6205291748046875,2.169370174407959
1741033381032378600,175.8673786621094,2.3986976146698,-1.474675178527832,2.7234091758728027
1741033381042480400,175.87748046875,2.958193063735962,-2.418912410736084,2.929807424545288
1741033381052581600,175.88758154296875,2.9864768981933594,-3.2859864234924316,2.959372043609619
1741033381062683000,175.89768286132812,3.0279059410095215,-4.084872245788574,2.7767741680145264
1741033381072784600,175.90778466796874,3.4203972816467285,-4.687908172607422,2.7085814476013184
1741033381083040800,175.91804077148439,3.729048728942871,-5.101789474487305,2.7374460697174072
1741033381093344500,175.92834448242186,3.271432876586914,-5.356985569000244,2.8927395343780518
1741033381103647200,175.93864721679688,2.394073486328125,-5.492056369781494,3.0424468517303467
1741033381113784800,175.94878491210937,1.589143991470337,-5.633243560791016,3.1080081462860107
1741033381123885600,175.95888549804687,0.9394879341125488,-5.890674114227295,2.920574426651001
1741033381133987300,175.9689873046875,0.3068692684173584,-6.277872085571289,2.570219039916992
1741033381144088800,175.9790888671875,-0.29843783378601074,-6.542620658874512,2.2936534881591797
1741033381154190000,175.98919018554687,-0.20166897773742676,-6.80684757232666,2.213043689727783
1741033381164291600,175.99929150390625,-0.4890846014022827,-7.053707122802734,2.0932533740997314
1741033381174393000,176.00939306640626,-0.5518256425857544,-7.045162200927734,2.002044439315796
1741033381184494300,176.01949438476564,-0.25826895236968994,-6.838888168334961,1.946723461151123
1741033381194596000,176.02959619140626,0.23463618755340576,-6.331080436706543,1.9134529829025269
1741033381204697900,176.03969775390624,0.7945537567138672,-5.580671310424805,1.9273335933685303
1741033381214798800,176.049798828125,1.1500506401062012,-4.785306453704834,1.9187411069869995
1741033381224900400,176.059900390625,1.3453378677368164,-3.8356266021728516,1.9256489276885986
1741033381235002000,176.07000219726564,1.539678692817688,-2.7002573013305664,1.9597800970077515
1741033381245103000,176.08010302734374,1.6811378002166748,-1.3286428451538086,2.025291681289673
1741033381255204600,176.09020458984375,1.8007216453552246,0.37346649169921875,1.948763132095337
1741033381265306400,176.10030639648437,1.4328529834747314,2.559185028076172,1.3613530397415161
1741033381275407400,176.11040747070314,0.894536018371582,4.427752494812012,0.5646872520446777
1741033381285509000,176.12050903320312,0.21130144596099854,5.514823913574219,-0.3512076735496521
1741033381295610600,176.13061059570313,-0.2812694311141968,5.451760292053223,-1.903016448020935
1741033381305711600,176.14071166992187,0.6009583473205566,4.425263404846191,-3.543468713760376
1741033381315813400,176.1508134765625,0.7672580480575562,3.192267417907715,-4.5506367683410645
1741033381325914600,176.16091455078126,0.7516403198242188,2.3287229537963867,-5.470856189727783
1741033381336016000,176.17101586914063,2.153787136077881,1.6637773513793945,-5.985639572143555
1741033381346117600,176.18111767578125,4.3793182373046875,0.9263887405395508,-6.197359561920166
1741033381356219000,176.19121899414063,7.012218475341797,0.6957855224609375,-5.659999847412109
1741033381366320000,176.20132006835937,10.161508560180664,1.3087892532348633,-3.85319185256958
1741033381376422000,176.211421875,13.01640796661377,2.66104793548584,-1.8697134256362915
1741033381386523100,176.2215231933594,10.48178482055664,4.868512153625488,-0.402521014213562
1741033381396624600,176.23162475585937,7.1285905838012695,6.748936653137207,0.4999927878379822
1741033381406726400,176.24172631835938,4.0330491065979,6.575564384460449,1.461486577987671
1741033381416827100,176.2518271484375,1.3142728805541992,5.569098472595215,1.5530011653900146
1741033381426929000,176.26192895507813,-0.06119108200073242,4.7668914794921875,1.6638950109481812
1741033381437030700,176.27203076171875,-0.5707298517227173,4.902301788330078,2.244323492050171
1741033381447132200,176.28213208007813,-0.9889242649078369,5.5435791015625,2.954409599304199
1741033381457233200,176.29223315429687,-1.332427978515625,6.422778129577637,3.7760009765625
1741033381467335000,176.3023349609375,-1.7925859689712524,7.052620887756348,4.700707912445068
1741033381477436400,176.3124365234375,-2.3488099575042725,6.917539596557617,5.302265644073486
1741033381487537400,176.32253735351563,-3.025284767150879,6.071728706359863,5.449041843414307
1741033381497639200,176.33263916015625,-2.959230422973633,4.5671491622924805,4.972384452819824
1741033381507740700,176.34274072265626,-2.714761734008789,2.7232284545898438,4.098536014556885
1741033381517842000,176.35284204101563,-2.557483196258545,1.227081298828125,3.349095344543457
1741033381527943700,176.36294360351562,-2.843533515930176,-0.08850383758544922,2.801281213760376
1741033381538044700,176.37304467773438,-3.2475690841674805,-1.265376091003418,2.4267725944519043
1741033381548146200,176.38314624023437,-3.2156314849853516,-2.219778537750244,2.2297933101654053
1741033381558248000,176.393248046875,-3.079580307006836,-3.0010061264038086,2.0973217487335205
1741033381568349000,176.40334887695312,-2.96903133392334,-3.6546430587768555,1.9954833984375
1741033381578450400,176.41345043945313,-2.7883996963500977,-4.247554779052734,1.963026523590088
1741033381588552200,176.42355224609375,-2.6205945014953613,-4.778197765350342,1.9540321826934814
1741033381598653200,176.43365307617188,-2.48576283454895,-5.22233772277832,2.0020956993103027
1741033381608755000,176.4437548828125,-2.340233325958252,-5.512075901031494,2.0281708240509033
1741033381618856400,176.4538564453125,-2.137540578842163,-5.760221481323242,2.052947521209717
1741033381628957400,176.46395751953125,-2.1024887561798096,-5.889459609985352,2.0881218910217285
1741033381639059200,176.47405908203126,-2.030275344848633,-5.914989471435547,2.1160712242126465
1741033381649160400,176.48416040039064,-2.0045313835144043,-5.7769012451171875,2.1988587379455566
1741033381659261700,176.49426171875,-2.050269842147827,-5.347280502319336,2.358313798904419
1741033381669363500,176.50436352539063,-2.2503068447113037,-4.756298542022705,2.4872426986694336
1741033381679464700,176.51446459960937,-2.279444694519043,-4.1814751625061035,2.508763551712036
1741033381689566000,176.52456591796874,-2.1752963066101074,-3.618283748626709,2.4564712047576904
1741033381699667700,176.53466772460936,-1.9211573600769043,-3.1628551483154297,2.3210415840148926
1741033381709769000,176.54476904296874,-1.8177862167358398,-2.772500514984131,2.0455188751220703
1741033381719870500,176.5548703613281,-1.9959354400634766,-2.381763458251953,1.7377455234527588
1741033381729972200,176.56497216796876,-2.4737141132354736,-1.892961025238037,1.3799068927764893
1741033381740073000,176.57507299804686,-3.017357349395752,-1.3691082000732422,1.0486563444137573
1741033381750174700,176.5851748046875,-3.438875675201416,-0.6595373153686523,0.7584114670753479
1741033381760276500,176.5952763671875,-3.4890928268432617,0.30357933044433594,0.5553242564201355
1741033381770378000,176.6053779296875,-3.128976345062256,1.2868680953979492,0.3943541646003723
1741033381780479000,176.61547900390624,-2.90360689163208,2.1688451766967773,0.36490023136138916
1741033381790580700,176.62558081054686,-2.708120822906494,2.837033271789551,0.33795011043548584
1741033381800682200,176.63568212890624,-2.42964506149292,3.4186973571777344,0.26959407329559326
1741033381810783500,176.64578344726561,-2.2759690284729004,3.8966941833496094,0.05885279178619385
1741033381820885000,176.65588500976563,-2.281291961669922,4.266254425048828,-0.2790553569793701
1741033381830986500,176.66598657226564,-2.1517086029052734,4.35987663269043,-0.998940110206604
1741033381841087700,176.67608764648438,-2.241267681121826,4.185258865356445,-1.8378492593765259
1741033381851189500,176.686189453125,-1.9195966720581055,3.9203805923461914,-2.812851667404175
1741033381861290500,176.69629052734376,-0.8998785018920898,3.795527458190918,-3.689838409423828
1741033381871392000,176.70639208984375,0.1896977424621582,4.158265113830566,-4.443998336791992
1741033381881493800,176.71649365234376,1.7817893028259277,5.171497344970703,-5.033162593841553
1741033381891594800,176.7265947265625,3.0549559593200684,6.540214538574219,-5.381618022918701
1741033381901696300,176.7366962890625,4.3013916015625,7.119829177856445,-5.285923480987549
1741033381911798000,176.74679809570313,5.209050178527832,5.807239532470703,-4.235431671142578
1741033381921899000,176.75689892578126,5.4310760498046875,3.2482681274414062,-2.6798512935638428
1741033381932000800,176.76700073242188,4.667623519897461,0.7208967208862305,-1.7864806652069092
1741033381942138000,176.77713818359376,2.967318058013916,-0.9551582336425781,-1.6718099117279053
1741033381952382200,176.78738232421875,1.531118392944336,-1.7034001350402832,-1.4846036434173584
1741033381962531600,176.79753149414063,0.2462695837020874,-1.173501968383789,-1.6173219680786133
1741033381972835000,176.8078349609375,0.3378767967224121,0.12186431884765625,-1.7356396913528442
1741033381983073000,176.8180729980469,1.139710545539856,1.9479970932006836,-1.3460930585861206
1741033381993203200,176.828203125,2.2587738037109375,3.250713348388672,-0.5006860494613647
1741033382003304700,176.8383046875,3.898315906524658,3.45266056060791,0.7531965374946594
1741033382013406500,176.84840649414062,4.846746921539307,2.71773624420166,1.6523492336273193
1741033382023507500,176.85850756835939,4.0052714347839355,1.676300048828125,1.4426556825637817
1741033382033609000,176.86860888671876,1.7223013639450073,0.6125106811523438,0.6256925463676453
1741033382043710700,176.87871069335938,-1.2749947309494019,-0.7399740219116211,-0.47748327255249023
1741033382053811700,176.88881176757812,-3.099946975708008,-1.901252269744873,-0.9504597187042236
1741033382063913200,176.89891333007813,-2.2474894523620605,-2.304218292236328,-0.5193517208099365
1741033382074015000,176.9090148925781,-0.6127936244010925,-2.5190773010253906,0.40788978338241577
1741033382084116000,176.91911596679688,0.3262642025947571,-2.7955355644226074,1.1846210956573486
1741033382094217700,176.9292177734375,0.9872012138366699,-3.036424160003662,1.5023131370544434
1741033382104355000,176.93935498046875,1.7026848793029785,-3.473278045654297,1.3714488744735718
1741033382114658600,176.94965844726562,2.0317695140838623,-4.084195137023926,1.2212917804718018
1741033382124961800,176.9599619140625,2.377220869064331,-4.656583309173584,1.644801139831543
1741033382135193900,176.97019384765625,2.5519261360168457,-5.003735542297363,2.1444575786590576
1741033382145319200,176.98031909179687,2.248791456222534,-5.223554611206055,2.415334939956665
1741033382155420400,176.99042041015625,1.7281845808029175,-5.269641399383545,2.7085883617401123
1741033382165522000,177.00052197265626,1.0866611003875732,-5.224242687225342,2.9591474533081055
1741033382175623700,177.01062377929688,0.37485945224761963,-5.282574653625488,2.9033098220825195
1741033382185724700,177.020724609375,-0.1317605972290039,-5.521442890167236,2.680997610092163
1741033382195826200,177.030826171875,-0.3656865358352661,-5.8338093757629395,2.4793457984924316
1741033382205928000,177.0409279785156,-0.6328990459442139,-6.089442253112793,2.303316116333008
1741033382216028700,177.05102856445313,-0.7184302806854248,-6.243775367736816,2.1484692096710205
1741033382226130400,177.06113037109375,-0.4756200313568115,-6.243518829345703,2.0458168983459473
1741033382236232200,177.07123217773437,-0.29091501235961914,-5.9680023193359375,2.10212779045105
1741033382246333200,177.0813332519531,0.09444773197174072,-5.414999008178711,2.289232015609741
1741033382256435000,177.09143505859376,0.614220380783081,-4.604042053222656,2.5391879081726074
1741033382266536200,177.1015361328125,0.9921567440032959,-3.5660195350646973,2.7112414836883545
1741033382276637400,177.11163745117187,1.4397417306900024,-2.1996564865112305,2.828552007675171
1741033382286739200,177.1217392578125,1.9333350658416748,-0.5554847717285156,2.863178014755249
1741033382296840400,177.13184033203126,2.1877009868621826,1.5376195907592773,2.950007438659668
1741033382306941700,177.14194165039063,1.8228299617767334,4.041041374206543,3.005065441131592
1741033382317043500,177.15204345703125,0.5354280471801758,6.193758964538574,2.6900832653045654
1741033382327144700,177.16214477539063,-0.5211111307144165,7.122669219970703,1.7495943307876587
1741033382337246000,177.17224584960937,-0.8557481169700623,6.630130767822266,-0.47243618965148926
1741033382347347700,177.18234765625,-0.9732034802436829,5.204588890075684,-2.829294443130493
1741033382357448700,177.19244873046875,-1.7882421016693115,4.062999725341797,-4.832230567932129
1741033382367550500,177.20255053710937,-1.9473406076431274,2.9029674530029297,-6.474905014038086
1741033382377652200,177.21265234375,-0.47881031036376953,1.4090003967285156,-7.489537715911865
1741033382387753000,177.2227529296875,3.5844101905822754,-0.1879749298095703,-8.991007804870605
1741033382397854700,177.23285473632814,8.871811866760254,-2.2681431770324707,-9.882509231567383
1741033382407956200,177.24295629882812,12.142294883728027,-2.4488744735717773,-7.049813270568848
1741033382418057200,177.25305712890625,12.381329536437988,-0.42049407958984375,-2.3024165630340576
1741033382428159000,177.26315893554687,8.750097274780273,2.24129581451416,0.47057247161865234
1741033382438260500,177.27326049804688,5.927043437957764,4.2027740478515625,1.5580017566680908
1741033382448361700,177.28336181640626,2.5115714073181152,4.968489646911621,1.8301033973693848
1741033382458463500,177.29346337890624,-0.006808042526245117,4.131685256958008,1.7920105457305908
1741033382468564700,177.3035646972656,-1.5224361419677734,3.08463191986084,1.3347158432006836
1741033382478666000,177.313666015625,-1.9010226726531982,3.0214948654174805,1.0548328161239624
1741033382488767700,177.32376782226564,-1.260678768157959,4.3204193115234375,1.0688068866729736
1741033382498868700,177.33386865234374,-0.39566195011138916,6.478074073791504,1.27424955368042
1741033382508970200,177.34397021484375,-0.38427746295928955,8.444975852966309,1.8650171756744385
1741033382519072000,177.35407202148437,-1.0293078422546387,9.355060577392578,2.7595741748809814
1741033382529173800,177.364173828125,-1.5888867378234863,8.087663650512695,3.2830514907836914
1741033382539465500,177.37446557617187,-1.7550232410430908,5.052268981933594,3.192499876022339
1741033382549769000,177.38476904296874,-1.9448908567428589,2.273466110229492,2.8234338760375977
1741033382560042800,177.39504272460937,-2.2370035648345947,0.6246938705444336,2.698798179626465
1741033382570173000,177.4051728515625,-2.38161039352417,-0.3618030548095703,2.6837220191955566
1741033382580274400,177.4152744140625,-2.485323429107666,-0.9964637756347656,2.725679636001587
1741033382590375700,177.42537573242188,-2.558119773864746,-1.5036978721618652,2.734292507171631
1741033382600477400,177.4354775390625,-2.5703091621398926,-2.1258797645568848,2.7418506145477295
1741033382610578700,177.44557861328124,-2.507035732269287,-2.7958478927612305,2.6442742347717285
1741033382620680000,177.45567993164062,-2.362919807434082,-3.504458427429199,2.564392566680908
1741033382630781700,177.46578173828124,-2.249769449234009,-4.220597743988037,2.4650702476501465
1741033382640882700,177.47588256835937,-2.075439453125,-4.837076663970947,2.408021926879883
1741033382650984200,177.48598413085938,-2.0183441638946533,-5.334360122680664,2.323239803314209
1741033382661086000,177.4960859375,-1.9668197631835938,-5.718644618988037,2.299984931945801
1741033382671354000,177.50635400390624,-1.943938970565796,-5.978592872619629,2.3219985961914062
1741033382681657600,177.51665771484375,-1.9647166728973389,-6.017060279846191,2.39280104637146
1741033382691950800,177.52695092773436,-1.9830793142318726,-5.798435688018799,2.5625228881835938
1741033382702086000,177.5370859375,-1.9927058219909668,-5.326253890991211,2.8375744819641113
1741033382712187000,177.54718676757813,-1.9036203622817993,-4.66174840927124,3.149728298187256
1741033382722288600,177.55728857421875,-1.7625584602355957,-3.870089530944824,3.470456838607788
1741033382732449800,177.56744970703124,-1.6885236501693726,-3.146650791168213,3.5334296226501465
1741033382742753500,177.57775341796875,-1.5899990797042847,-2.662303924560547,3.247649669647217
1741033382753056800,177.58805688476562,-1.5329705476760864,-2.3145203590393066,2.7876601219177246
1741033382763272700,177.59827270507813,-1.590436577796936,-1.9254798889160156,2.3997998237609863
1741033382773389600,177.6083896484375,-2.0197317600250244,-1.3030147552490234,2.1361217498779297
1741033382783491300,177.6184912109375,-2.4874520301818848,-0.4726123809814453,1.9162323474884033
1741033382793592600,177.62859252929687,-2.9952993392944336,0.4380636215209961,1.646345853805542
1741033382803694000,177.63869409179688,-3.4251527786254883,1.2812700271606445,1.321333646774292
1741033382813795800,177.6487958984375,-3.5925445556640625,2.0798892974853516,0.7745901346206665
1741033382823896600,177.658896484375,-3.747950315475464,2.7569398880004883,0.3141915798187256
1741033382833998300,177.6689982910156,-3.7617335319519043,3.3121118545532227,0.012446880340576172
1741033382844100000,177.67910009765626,-3.707869529724121,3.372770309448242,-0.46185457706451416
1741033382854200800,177.68920092773436,-3.41965651512146,3.0326156616210938,-1.0086536407470703
1741033382864302600,177.69930249023437,-3.264655113220215,2.6954736709594727,-1.558344841003418
1741033382874404000,177.70940405273439,-3.104274272918701,2.424778938293457,-2.2549638748168945
1741033382884505300,177.71950537109376,-3.2754998207092285,2.53867244720459,-2.9304401874542236
1741033382894606800,177.72960693359374,-3.025604248046875,2.9615402221679688,-3.4832448959350586
1741033382904708400,177.73970825195312,-2.196906089782715,3.202366828918457,-4.026459217071533
1741033382914904600,177.74990454101564,-1.0899103879928589,3.5586137771606445,-4.125304222106934
1741033382925089500,177.7600895996094,0.26907920837402344,4.653752326965332,-3.693356513977051
1741033382935310000,177.77031005859374,1.746028184890747,6.256280899047852,-3.1375343799591064
1741033382945613600,177.78061352539063,4.11400032043457,7.071977615356445,-3.0249581336975098
1741033382955800800,177.79080078125,7.284668922424316,6.452278137207031,-3.2568259239196777
1741033382965911300,177.80091137695314,8.244339942932129,4.570196151733398,-3.2458105087280273
1741033382976012000,177.81101196289063,6.025972843170166,1.7539806365966797,-2.600897789001465
1741033382986113800,177.82111376953125,4.04984188079834,-0.538477897644043,-1.7226805686950684
1741033382996215600,177.83121557617187,4.001066207885742,-0.8670034408569336,-1.3785991668701172
1741033383006316300,177.84131640625,3.9958419799804688,-0.043071746826171875,-1.4404475688934326
1741033383016418000,177.85141796875,3.692058563232422,1.6015491485595703,-1.1512248516082764
1741033383026519600,177.86151953125,3.784613609313965,3.1860790252685547,-0.32211488485336304
1741033383036620800,177.87162084960937,4.4350128173828125,3.7119760513305664,0.6100285649299622
1741033383046722300,177.88172241210938,4.17272424697876,3.3638200759887695,0.9774596095085144
1741033383056823800,177.89182373046876,3.7515015602111816,2.4183835983276367,0.87245112657547
1741033383066925000,177.90192504882813,2.8584022521972656,1.1974716186523438,0.44323816895484924
1741033383077026800,177.91202685546875,1.7855583429336548,-0.3765239715576172,0.26082533597946167
1741033383087128000,177.92212817382813,1.4753705263137817,-1.221360206604004,0.39535462856292725
1741033383097229300,177.93222924804687,1.172663688659668,-1.8278779983520508,0.7093976736068726
1741033383107331000,177.9423310546875,1.069989800453186,-2.6229357719421387,0.8925278186798096
1741033383117432000,177.95243212890625,0.9496043920516968,-3.4144272804260254,1.0080416202545166
1741033383127533600,177.96253344726563,0.9893476963043213,-4.095491409301758,0.9417779445648193
1741033383137635300,177.97263525390625,0.8864381313323975,-4.432024955749512,0.8664795160293579
1741033383147736300,177.982736328125,0.7532782554626465,-4.781963348388672,0.8046503663063049
1741033383157838000,177.99283813476563,0.44101202487945557,-5.0488104820251465,0.8072525858879089
1741033383167939600,178.00293969726562,0.18163859844207764,-5.266870021820068,1.0891458988189697
1741033383178040600,178.01304052734375,-0.02911996841430664,-5.494524002075195,1.3906559944152832
1741033383188142300,178.02314233398437,-0.08908331394195557,-5.574639320373535,1.7387125492095947
1741033383198243800,178.03324389648438,-0.04161632061004639,-5.647247314453125,2.1037778854370117
1741033383208344800,178.0433447265625,-0.028014779090881348,-5.520940780639648,2.677544593811035
1741033383218446600,178.05344653320313,-0.058269619941711426,-5.525198936462402,3.076242446899414
1741033383228547800,178.0635478515625,-0.22806048393249512,-5.5803303718566895,3.3596127033233643
1741033383238649300,178.0736494140625,-0.26034820079803467,-5.686154365539551,3.424717426300049
1741033383248750800,178.08375073242186,-0.09882533550262451,-5.789924621582031,3.3178012371063232
1741033383258852000,178.09385205078124,0.045503973960876465,-5.939330101013184,2.936589479446411
1741033383268953600,178.10395361328125,0.24290180206298828,-5.846928119659424,2.831477403640747
1741033383279055400,178.11405541992187,0.4095122814178467,-5.567350387573242,2.8394775390625
1741033383289156400,178.12415625,0.5667411088943481,-4.961321830749512,2.9078714847564697
1741033383299257900,178.1342578125,0.8294323682785034,-4.221508979797363,2.898381233215332
1741033383309359600,178.14435961914063,1.2406761646270752,-3.425959587097168,2.6851351261138916
1741033383319460600,178.15446069335937,1.6734914779663086,-2.4670939445495605,2.4499776363372803
1741033383329562000,178.16456201171874,2.089257001876831,-1.0157346725463867,2.3624939918518066
1741033383339664000,178.17466381835936,2.2389698028564453,0.9370746612548828,2.428778886795044
1741033383349764900,178.18476489257813,1.936705470085144,3.1676254272460938,2.5468883514404297
1741033383359866600,178.19486669921875,1.054902195930481,5.283891677856445,2.3365283012390137
1741033383369967900,178.2049677734375,0.16561448574066162,6.75581169128418,1.855143666267395
1741033383380069000,178.21506909179686,-0.7175198197364807,6.9495849609375,0.603989839553833
1741033383390171000,178.2251708984375,-1.0729680061340332,5.833038330078125,-1.592482328414917
1741033383400272100,178.2352722167969,-2.655770778656006,4.477057456970215,-3.9203522205352783
1741033383410373400,178.24537329101562,-3.873861074447632,3.8116579055786133,-6.64768648147583
1741033383420475100,178.25547509765624,-2.564542770385742,2.7478017807006836,-9.55303955078125
1741033383430576400,178.26557641601562,3.3237860202789307,0.7625865936279297,-12.163384437561035
1741033383440678000,178.27567797851563,10.90675163269043,-0.6646089553833008,-10.701729774475098
1741033383450779400,178.285779296875,16.392196655273438,0.9890117645263672,-5.282812118530273
1741033383460880400,178.29588037109374,14.906928062438965,3.734708786010742,-1.4967598915100098
1741033383470982100,178.30598217773436,9.628425598144531,5.598353385925293,0.2803616523742676
1741033383481083000,178.3160827636719,5.09455680847168,5.877397537231445,1.2644944190979004
1741033383491184600,178.3261845703125,2.53918719291687,4.506285667419434,2.0085411071777344
1741033383501286400,178.33628637695313,0.8749635219573975,3.454843521118164,2.3758723735809326
1741033383511387400,178.34638745117186,0.10393548011779785,3.442502975463867,2.4423906803131104
1741033383521489200,178.3564892578125,-0.6457316875457764,4.2354326248168945,2.3057000637054443
1741033383531590400,178.36659033203125,-1.2564727067947388,5.415511131286621,2.279946804046631
1741033383541691600,178.37669165039063,-1.5647664070129395,6.5133819580078125,2.5965330600738525
1741033383551793400,178.38679345703125,-1.314725399017334,6.810503005981445,3.1872544288635254
1741033383561894700,178.39689477539062,-1.3810185194015503,6.259899139404297,3.4797825813293457
1741033383571996000,178.4069958496094,-1.655003547668457,4.82086181640625,3.4266417026519775
1741033383582097700,178.41709765625,-1.849988341331482,3.032221794128418,3.0848660469055176
1741033383592199000,178.42719897460938,-2.1362380981445312,1.4214553833007812,2.813291549682617
1741033383602300400,178.43730053710937,-2.4791858196258545,0.17498397827148438,2.7180938720703125
1741033383612402000,178.44740185546874,-2.742276668548584,-0.8060722351074219,2.831629753112793
1741033383622503000,178.4575029296875,-2.932335615158081,-1.7267470359802246,2.9125308990478516
1741033383632604700,178.46760473632813,-2.8979058265686035,-2.461038112640381,2.9349441528320312
1741033383642706200,178.4777060546875,-2.8966989517211914,-3.08929443359375,2.8762738704681396
1741033383652807200,178.48780712890624,-2.775223731994629,-3.7732701301574707,2.723163604736328
1741033383662909000,178.4979089355469,-2.545118808746338,-4.319173812866211,2.617427110671997
1741033383673010400,178.50801049804687,-2.31638765335083,-4.779927730560303,2.5544285774230957
1741033383683111400,178.518111328125,-2.090858221054077,-5.084247589111328,2.5393495559692383
1741033383693213200,178.52821313476562,-1.3241994380950928,-5.138096809387207,2.5963778495788574
1741033383703314700,178.53831469726563,2.2270407676696777,-5.001938343048096,2.5497641563415527
1741033383713416000,178.548416015625,7.936683654785156,-5.049479007720947,2.290243148803711
1741033383723517700,178.558517578125,4.654571056365967,-5.700952053070068,2.4980499744415283
1741033383733618700,178.56861865234376,-0.9358417987823486,-7.05754280090332,2.3920016288757324
1741033383743720200,178.57872021484374,-3.8044357299804688,-7.664050102233887,1.4455420970916748
1741033383753822000,178.58882202148436,-4.680721282958984,-7.501235008239746,0.8255762457847595
1741033383763923000,178.5989228515625,-6.229702949523926,-6.419818878173828,0.7006218433380127
1741033383774024400,178.6090244140625,-8.872944831848145,-4.801629543304443,0.6463364362716675
1741033383784125400,178.61912548828124,-10.02026081085205,-3.7181386947631836,0.24424046277999878
1741033383794227200,178.62922729492186,-9.220650672912598,-3.3600239753723145,-0.16992688179016113
1741033383804328700,178.63932861328124,-7.114824295043945,-3.7857632637023926,-0.2934035062789917
1741033383814429700,178.6494296875,-5.109995365142822,-4.249423503875732,-0.17029953002929688
1741033383824531500,178.65953149414062,-4.06013822555542,-4.2499003410339355,-0.24915778636932373
1741033383834633000,178.66963305664063,-3.9066710472106934,-3.6166467666625977,-0.12426310777664185
1741033383844734000,178.67973388671874,-4.139496803283691,-2.364656448364258,0.30885255336761475
1741033383854835700,178.68983569335938,-4.4672064781188965,-0.4244232177734375,0.9895683526992798
1741033383864937200,178.69993725585937,-4.496061325073242,2.1103744506835938,2.169050931930542
1741033383875038500,178.71003857421874,-4.039731025695801,4.943933486938477,3.6770732402801514
1741033383885140000,178.72013989257812,-2.635014295578003,7.398582458496094,5.0574469566345215
1741033383895241200,178.7302412109375,-0.6676153540611267,8.665136337280273,5.669997692108154
1741033383905342700,178.7403427734375,1.4885793924331665,8.04330825805664,4.952508926391602
1741033383915444500,178.75044458007812,1.9237728118896484,6.689713478088379,3.33201265335083
1741033383925546200,178.76054614257814,1.6825385093688965,5.749672889709473,1.4290432929992676
1741033383935648000,178.77064794921876,3.0440642833709717,5.275535583496094,-1.239518165588379
1741033383945928000,178.78092797851562,3.7417070865631104,5.621269226074219,-4.070403575897217
1741033383956231400,178.7912314453125,3.433500289916992,6.5590057373046875,-6.710957050323486
1741033383966498600,178.80149853515624,3.558356523513794,7.138058662414551,-9.116929054260254
1741033383976636000,178.81163598632813,5.514395713806152,7.999990463256836,-8.215847969055176
1741033383986880300,178.82188037109376,8.38350772857666,7.13529109954834,-6.550125598907471
1741033383996940500,178.8319404296875,11.287052154541016,3.33286190032959,-6.60777473449707
1741033384007022300,178.84202221679686,8.280817031860352,0.5221452713012695,-4.898116111755371
1741033384017326000,178.852326171875,4.406691074371338,-0.6960105895996094,-2.757319927215576
1741033384027629000,178.86262915039063,2.0695438385009766,-1.0291023254394531,-1.4554955959320068
1741033384037836000,178.8728359375,0.899506688117981,-0.9835987091064453,-1.0740424394607544
1741033384047951000,178.882951171875,0.1010330319404602,-0.786895751953125,-1.4285917282104492
1741033384058052000,178.89305200195312,-0.41899222135543823,-0.3733835220336914,-1.7040596008300781
1741033384068153900,178.90315380859374,-0.7070080041885376,0.12062549591064453,-1.344344139099121
1741033384078255400,178.91325537109375,-0.11284780502319336,0.18247127532958984,-0.608923077583313
1741033384088356400,178.9233564453125,0.9473162293434143,-0.3451576232910156,-0.09373843669891357
1741033384098458000,178.9334580078125,1.5020650625228882,-1.0304441452026367,0.40677303075790405
1741033384108559600,178.9435595703125,1.3772145509719849,-1.5747394561767578,0.6392244100570679
1741033384118660600,178.95366064453125,1.2232825756072998,-1.9329638481140137,0.6883900761604309
1741033384128762400,178.96376245117187,1.2120633125305176,-2.2884445190429688,0.562127411365509
1741033384138863900,178.97386376953125,1.0285977125167847,-2.6343812942504883,0.44927340745925903
1741033384148964900,178.98396484375,0.7939183712005615,-2.978269100189209,0.20800423622131348
1741033384159066600,178.99406665039064,0.6462326049804688,-3.3050827980041504,-0.09519720077514648
1741033384169168100,179.00416821289062,0.570855975151062,-3.7329821586608887,-0.32602572441101074
1741033384179269400,179.01426928710939,0.4845888316631317,-4.15683126449585,-0.4708760976791382
1741033384189370600,179.02437060546876,0.4000857472419739,-4.5701904296875,-0.35049915313720703
1741033384199471900,179.03447192382814,0.18095751106739044,-5.1572089195251465,-0.1368488073348999
1741033384209573600,179.04457373046876,-0.030014872550964355,-5.622915267944336,0.28411078453063965
1741033384219674600,179.05467456054689,-0.18096593022346497,-5.713152885437012,1.078564167022705
1741033384229776100,179.06477612304687,-0.33518049120903015,-5.666604042053223,1.9701733589172363
1741033384239878000,179.0748779296875,-0.2719588875770569,-5.473038196563721,2.877063512802124
1741033384249979000,179.08497875976562,-0.22275622189044952,-5.122546195983887,4.03524112701416
1741033384260080600,179.09508056640624,0.25949400663375854,-4.624601364135742,5.3154191970825195
1741033384270182100,179.10518212890625,0.3479260802268982,-4.393835544586182,5.956254005432129
1741033384280283100,179.115283203125,0.5818238258361816,-4.248844146728516,6.151996612548828
1741033384290385000,179.12538500976564,1.0397496223449707,-4.341259956359863,5.737640857696533
1741033384300486400,179.135486328125,1.2198173999786377,-4.530959606170654,5.068370342254639
1741033384310587400,179.14558740234375,1.2647757530212402,-4.4737091064453125,4.592381954193115
1741033384320689200,179.15568920898437,1.0019433498382568,-4.263766765594482,3.894993782043457
1741033384330790700,179.16579077148438,0.7540857195854187,-3.9149861335754395,3.296625852584839
1741033384340892000,179.17589184570312,0.655121386051178,-3.344672679901123,2.9550232887268066
1741033384350993400,179.18599340820313,0.7585198879241943,-2.6462907791137695,2.7218916416168213
1741033384361094700,179.1960947265625,0.7841384410858154,-1.9127874374389648,2.5459866523742676
1741033384371196200,179.20619604492188,0.8319814205169678,-0.9249343872070312,2.480543613433838
1741033384381298000,179.2162978515625,0.5589746236801147,0.5381155014038086,2.678297758102417
1741033384391399000,179.22639892578124,-0.6801902651786804,2.7358407974243164,2.8387818336486816
1741033384401500400,179.23650048828125,-3.4644412994384766,5.609101295471191,2.7144012451171875
1741033384411602200,179.24660229492187,-6.398963451385498,9.09743881225586,0.4459769129753113
1741033384421703200,179.256703125,-4.806203842163086,10.031959533691406,-3.8355307579040527
1741033384431804700,179.2668046875,-1.957883596420288,7.948301315307617,-5.616842269897461
1741033384441905700,179.27690576171875,-1.279819369316101,5.571338653564453,-5.812560558319092
1741033384452007400,179.28700732421876,-0.9436272382736206,2.762796401977539,-5.518122673034668
1741033384462144800,179.29714477539062,3.1791110038757324,-1.3172779083251953,-5.602250576019287
1741033384472448500,179.30744848632813,11.152679443359375,-4.5359296798706055,-7.124642848968506
1741033384482751700,179.3177517089844,18.952404022216797,-4.962987422943115,-6.703078746795654
1741033384492983600,179.32798364257812,19.509675979614258,-2.3269176483154297,-5.291130542755127
1741033384503108600,179.33810864257813,14.722494125366211,0.2713298797607422,-3.3943710327148438
1741033384513209900,179.3482099609375,9.905360221862793,1.5806665420532227,-1.505976915359497
1741033384523311600,179.3583115234375,5.116983413696289,2.021479606628418,-0.09536504745483398
1741033384533412600,179.36841259765626,2.2256269454956055,2.9054393768310547,1.8320672512054443
1741033384543514000,179.37851416015624,1.792210578918457,4.601523399353027,2.650411367416382
1741033384553616000,179.38861596679686,0.6103544235229492,7.394680976867676,2.7044310569763184
1741033384563716900,179.398716796875,-0.5417096614837646,10.318754196166992,3.289524555206299
1741033384573818600,179.4088186035156,-1.6413984298706055,12.102461814880371,4.213865280151367
1741033384583920000,179.41892016601562,-2.507059097290039,11.643204689025879,4.944924831390381
1741033384594021000,179.42902124023436,-2.7887449264526367,9.18013858795166,5.241772651672363
1741033384604123000,179.43912280273437,-3.2133827209472656,5.807551383972168,4.897784233093262
1741033384614224400,179.4492243652344,-3.2919464111328125,2.7993345260620117,4.247334957122803
1741033384624325400,179.45932543945312,-2.9645962715148926,0.7846317291259766,3.676377058029175
1741033384634427100,179.46942724609374,-2.9213318824768066,-0.42201805114746094,3.2943291664123535
1741033384644528600,179.47952856445312,-3.0472683906555176,-1.2225894927978516,2.9085354804992676
1741033384654630000,179.4896298828125,-3.3553085327148438,-1.7792506217956543,2.562922239303589
1741033384664731400,179.4997314453125,-3.4201149940490723,-2.292651653289795,2.330293893814087
1741033384674832600,179.50983251953124,-3.35935115814209,-2.9183716773986816,2.1202495098114014
1741033384684934100,179.51993408203126,-3.178159236907959,-3.6001601219177246,1.9622137546539307
1741033384695035100,179.53003515625,-3.0014312267303467,-4.315533638000488,1.875200867652893
1741033384705136600,179.54013671875,-2.8128628730773926,-4.9388813972473145,1.8970595598220825
1741033384715238400,179.55023828125,-2.591949701309204,-5.4785284996032715,1.9238511323928833
1741033384725339400,179.56033935546876,-2.3920364379882812,-5.942368507385254,1.9495424032211304
1741033384735441200,179.57044116210938,-2.2526493072509766,-6.334497451782227,1.946024775505066
1741033384745542700,179.5805427246094,-2.1318130493164062,-6.624177932739258,1.9325926303863525
1741033384755643600,179.5906435546875,-2.079583168029785,-6.711346626281738,1.9982378482818604
1741033384765745400,179.60074536132814,-2.0502424240112305,-6.429980278015137,2.189405679702759
1741033384775847000,179.61084692382812,-2.0645813941955566,-5.8177337646484375,2.457183837890625
1741033384785948000,179.6209479980469,-2.058027982711792,-5.080761909484863,2.607449531555176
1741033384796049700,179.63104956054687,-1.875976324081421,-4.4732985496521,2.5257198810577393
1741033384806151000,179.64115087890625,-1.5355745553970337,-3.9590611457824707,2.3953723907470703
1741033384816252200,179.65125219726562,-1.4418904781341553,-3.35062313079834,2.307216167449951
1741033384826354000,179.66135400390624,-2.130528450012207,-2.7567591667175293,2.0999979972839355
1741033384836455700,179.67145556640625,-3.034813165664673,-2.355832576751709,1.6779286861419678
1741033384846688300,179.68168823242186,-3.648101806640625,-1.9848332405090332,1.2225580215454102
1741033384856991700,179.69199169921876,-4.025628566741943,-1.369969367980957,0.9283904433250427
1741033384867294700,179.7022946777344,-4.066458702087402,-0.6629047393798828,0.6781173348426819
1741033384877452800,179.7124528808594,-3.9648215770721436,0.5828409194946289,0.7203016877174377
1741033384887556600,179.722556640625,-3.9146690368652344,2.0148448944091797,0.8538053035736084
1741033384897657600,179.73265771484375,-3.776027202606201,3.3332223892211914,0.9085375666618347
1741033384907759400,179.74275927734374,-3.467371940612793,4.427095413208008,0.8823129534721375
1741033384917860900,179.75286083984375,-3.2204270362854004,5.243190765380859,0.9319173097610474
1741033384927961900,179.7629619140625,-2.7658376693725586,5.664834976196289,0.9480224847793579
1741033384938063600,179.77306372070314,-2.392430543899536,5.753654479980469,0.7607622742652893
1741033384948165000,179.7831650390625,-1.972510814666748,5.469719886779785,0.3078721761703491
1741033384958266000,179.79326611328125,-1.7501718997955322,5.311676979064941,-0.19969099760055542
1741033384968367600,179.80336767578126,-1.546799898147583,5.262958526611328,-0.8687084317207336
1741033384978468900,179.81346875,-1.6964235305786133,5.602252960205078,-1.9331068992614746
1741033384988570600,179.82357055664062,-1.854882001876831,6.814211845397949,-3.1000380516052246
1741033384998671600,179.83367163085939,0.21687912940979004,7.69012451171875,-5.035922050476074
1741033385008773000,179.84377319335937,1.9592945575714111,7.356693267822266,-7.620059967041016
1741033385018875000,179.853875,2.615499496459961,5.414939880371094,-8.338911056518555
1741033385028975900,179.86397583007812,3.41650128364563,2.4753799438476562,-5.466918468475342
1741033385039077400,179.87407739257813,3.591595411300659,-0.1401233673095703,-2.849071979522705
1741033385049179100,179.88417919921875,3.2192301750183105,-1.5745925903320312,-1.3862290382385254
1741033385059280100,179.89428002929688,3.3778514862060547,-1.7297062873840332,-0.4421863555908203
1741033385069382000,179.9043818359375,2.7009663581848145,-1.219569206237793,-0.26565825939178467
1741033385079483400,179.9144833984375,1.6149100065231323,-0.5068960189819336,-0.532971978187561
1741033385089584400,179.92458447265625,1.356735348701477,0.4049406051635742,-0.5522056221961975
1741033385099686100,179.93468603515626,1.58475661277771,1.1581926345825195,-0.2801961898803711
1741033385109787600,179.94478759765624,2.983968734741211,1.5418634414672852,0.36005643010139465
1741033385119888600,179.954888671875,4.329840183258057,2.0037927627563477,1.1847174167633057
1741033385129990400,179.96499047851563,3.6223597526550293,2.236988067626953,1.364431619644165
1741033385140091600,179.97509155273437,0.06897607445716858,1.7882461547851562,0.15539228916168213
1741033385150193200,179.98519311523438,-1.600899577140808,1.089487075805664,-0.32120466232299805
1741033385160294100,179.99529418945312,-0.15983255207538605,0.47179222106933594,0.3548020124435425
1741033385170395600,180.00539575195313,2.155764579772949,-0.0030088424682617188,1.2735803127288818
1741033385180497400,180.0154973144531,3.674208879470825,-0.36101341247558594,2.01503849029541
1741033385190598400,180.02559838867188,3.8805959224700928,-1.245309829711914,2.1687402725219727
1741033385200700000,180.03569995117186,3.453469753265381,-2.1775970458984375,2.2804582118988037
1741033385210801700,180.0458017578125,3.362649440765381,-2.8593873977661133,2.4639110565185547
1741033385220902700,180.0559025878906,3.978456735610962,-3.3512864112854004,2.656149387359619
1741033385231004400,180.06600439453126,3.637824535369873,-3.661564826965332,2.742011785507202
1741033385241106000,180.07610595703125,2.6392693519592285,-3.960574150085449,2.860419988632202
1741033385251207000,180.08620703125,1.6343944072723389,-4.193991661071777,2.992032766342163
1741033385261308700,180.09630859375,0.8539405465126038,-4.4187421798706055,3.059006690979004
1741033385271410000,180.10640991210937,0.21946895122528076,-4.753116607666016,2.91313099861145
1741033385281511200,180.11651123046875,-0.29324841499328613,-5.256698131561279,2.9326679706573486
1741033385291613000,180.12661303710937,-0.6579320430755615,-5.786466598510742,2.9666852951049805
1741033385301714200,180.13671411132813,-0.9565043449401855,-6.362301826477051,2.639127016067505
1741033385311815700,180.14681567382812,-0.8010135889053345,-6.814228057861328,2.128175973892212
1741033385321916700,180.15691674804688,-0.6582444310188293,-7.252322196960449,1.6775492429733276
1741033385332018200,180.16701806640626,-0.3697865605354309,-7.544807434082031,1.3846302032470703
1741033385342120000,180.17711987304688,-0.04541730880737305,-7.6798810958862305,1.1943217515945435
1741033385352221000,180.18722094726562,0.28536486625671387,-7.5158562660217285,1.0546658039093018
1741033385362322400,180.19732250976563,0.654990553855896,-6.960347652435303,1.0921341180801392
1741033385372424200,180.20742407226564,0.8530426025390625,-6.164203643798828,1.3099552392959595
1741033385382525200,180.21752514648438,1.0767709016799927,-5.439706325531006,1.3609384298324585
1741033385392626700,180.2276267089844,1.3383243083953857,-4.5055317878723145,1.4345898628234863
1741033385402728400,180.237728515625,1.6185877323150635,-3.211193084716797,1.4463653564453125
1741033385412829400,180.24782934570314,1.6946853399276733,-1.2360353469848633,1.4725558757781982
1741033385422931200,180.25793115234376,1.4833523035049438,1.7279958724975586,1.8085839748382568
1741033385433104100,180.26810424804688,0.4176905155181885,5.274862289428711,2.1308295726776123
1741033385443408000,180.2784079589844,-0.49900883436203003,8.184867858886719,1.7017077207565308
1741033385453710800,180.2887109375,0.30701184272766113,8.562039375305176,0.1042943000793457
1741033385463917300,180.29891723632812,2.196086883544922,5.851520538330078,-1.8121877908706665
1741033385474032000,180.3090322265625,1.7110942602157593,3.057204246520996,-3.793262481689453
1741033385484134000,180.3191337890625,-0.14490187168121338,1.7464790344238281,-5.337241172790527
1741033385494235000,180.32923486328124,-0.9894213676452637,1.3005094528198242,-7.129012584686279
1741033385504336400,180.33933642578126,1.075692892074585,0.6491823196411133,-9.367840766906738
1741033385514604500,180.3496044921875,6.093093395233154,-0.7085037231445312,-10.745382308959961
1741033385524908000,180.35990795898437,11.238386154174805,-1.337545394897461,-8.514505386352539
1741033385535193000,180.37019311523437,12.326781272888184,0.5676240921020508,-3.7150344848632812
1741033385545336300,180.38033642578125,8.716866493225098,3.6268539428710938,-0.6731429100036621
1741033385555437800,180.39043774414063,5.9588470458984375,6.232813835144043,0.984595775604248
1741033385565538800,180.40053881835937,3.9156250953674316,7.452245712280273,1.651947259902954
1741033385575640600,180.410640625,1.6345188617706299,6.736005783081055,1.9584457874298096
1741033385585742000,180.4207421875,0.40691065788269043,4.619699478149414,1.33230721950531
1741033385595843300,180.43084326171876,-0.3454403877258301,2.754690170288086,0.37294816970825195
1741033385605944600,180.44094458007814,-1.0841165781021118,2.3436012268066406,0.2128230333328247
1741033385616045800,180.4510458984375,-1.6763591766357422,3.305996894836426,0.6348044872283936
1741033385626147600,180.46114770507813,-1.7911815643310547,5.060508728027344,1.7122812271118164
1741033385636248600,180.47124853515626,-1.5761158466339111,6.708940505981445,3.1583783626556396
1741033385646350000,180.48135009765625,-1.5687344074249268,7.4636430740356445,4.189558029174805
1741033385656451800,180.49145190429687,-1.777531385421753,7.004253387451172,4.632210731506348
1741033385666552800,180.501552734375,-1.8626596927642822,5.368861198425293,4.573978424072266
1741033385676654600,180.51165454101562,-1.9175838232040405,3.3335580825805664,4.085644245147705
1741033385686756000,180.52175610351563,-1.938329815864563,1.672896385192871,3.6376278400421143
1741033385696857000,180.53185717773437,-2.053905963897705,0.3917112350463867,3.3732922077178955
1741033385706958800,180.54195874023438,-2.1982669830322266,-0.7342691421508789,3.178974151611328
1741033385717060400,180.55206030273436,-2.171215057373047,-1.7500677108764648,3.0410232543945312
1741033385727161300,180.56216137695313,-2.1296932697296143,-2.6345043182373047,2.902750015258789
1741033385737263000,180.57226318359375,-2.0276880264282227,-3.384906768798828,2.776113510131836
1741033385747364600,180.58236450195312,-2.0119540691375732,-3.919116973876953,2.639853000640869
1741033385757465900,180.5924658203125,-2.0278711318969727,-4.347184658050537,2.5254406929016113
1741033385767567000,180.60256713867187,-1.9897329807281494,-4.722949504852295,2.4401144981384277
1741033385777668400,180.61266845703125,-1.9819402694702148,-5.007004261016846,2.397050380706787
1741033385787770000,180.62277001953126,-1.9817014932632446,-5.18803071975708,2.4059700965881348
1741033385797871000,180.63287109375,-1.941931962966919,-5.262467384338379,2.466585874557495
1741033385807972600,180.64297265625,-1.8784176111221313,-5.248506546020508,2.5585856437683105
1741033385818074400,180.65307446289063,-1.838053584098816,-5.081313133239746,2.647006034851074
1741033385828176100,180.6631760253906,-1.6931979656219482,-4.798070430755615,2.6544687747955322
1741033385838467800,180.6734677734375,-1.4960458278656006,-4.502560615539551,2.511676073074341
1741033385848771300,180.68377124023436,-1.168211579322815,-4.17253303527832,2.333980083465576
1741033385859045000,180.69404516601563,-1.0959453582763672,-3.845378875732422,2.0966854095458984
1741033385869175300,180.70417529296876,-1.1710214614868164,-3.5145115852355957,1.832045078277588
1741033385879276800,180.71427685546874,-1.5701267719268799,-3.214920997619629,1.4348609447479248
1741033385889378000,180.7243779296875,-2.122056245803833,-2.9121694564819336,1.1045981645584106
1741033385899479800,180.73447973632813,-2.66702938079834,-2.499405860900879,0.8665336966514587
1741033385909581000,180.7445810546875,-2.9582910537719727,-1.808509349822998,0.8464559316635132
1741033385919682300,180.75468237304688,-2.87953519821167,-0.8831977844238281,1.0105518102645874
1741033385929784000,180.7647841796875,-2.782451868057251,0.19097137451171875,1.1252164840698242
1741033385939885300,180.77488525390626,-2.5112826824188232,1.2235116958618164,1.1014306545257568
1741033385949986600,180.78498657226564,-2.1902613639831543,2.1840314865112305,0.8252958655357361
1741033385960087800,180.795087890625,-2.0577316284179688,2.878018379211426,0.5825234651565552
1741033385970189300,180.8051892089844,-1.8026185035705566,3.400745391845703,0.3024088740348816
1741033385980291000,180.815291015625,-1.6761467456817627,3.815643310546875,-0.06505393981933594
1741033385990391800,180.82539184570314,-1.6449695825576782,4.184746742248535,-0.49329519271850586
1741033386000493600,180.83549365234376,-1.652083396911621,4.29884147644043,-1.0338857173919678
1741033386010595000,180.84559497070313,-1.649631142616272,4.491262435913086,-1.673203468322754
1741033386020696000,180.85569604492187,-1.369213342666626,4.495070457458496,-2.418588638305664
1741033386030833700,180.86583374023436,-0.19192028045654297,4.237414360046387,-3.4534831047058105
1741033386041137200,180.87613720703126,2.0782809257507324,4.492618560791016,-4.6156134605407715
1741033386051357700,180.8863576660156,2.7406396865844727,5.3506011962890625,-5.951672077178955
1741033386061542700,180.89654272460936,2.9953887462615967,6.498995780944824,-6.497949600219727
1741033386071739100,180.9067392578125,3.814497709274292,7.219182968139648,-5.80609655380249
1741033386081733600,180.91673364257812,5.698795795440674,6.368614196777344,-3.8890748023986816
1741033386091894500,180.92689453125,6.561479568481445,4.063043594360352,-2.422640800476074
1741033386102198000,180.93719799804688,4.888158798217773,0.9493827819824219,-2.0384860038757324
1741033386112501000,180.9475009765625,2.4678268432617188,-1.390091896057129,-2.0305697917938232
1741033386122803700,180.9578037109375,0.7460391521453857,-2.3890762329101562,-1.7165756225585938
1741033386132917200,180.96791723632813,0.2214646339416504,-1.7493772506713867,-1.9751415252685547
1741033386143101700,180.97810180664064,0.8014390468597412,0.1716909408569336,-2.092008352279663
1741033386153202700,180.98820263671874,1.738396167755127,2.6041688919067383,-1.3522809743881226
1741033386163304400,180.9983044433594,2.3414201736450195,3.966245651245117,0.13364946842193604
1741033386173406000,181.00840600585937,2.9785361289978027,3.8142528533935547,1.6359007358551025
1741033386183507000,181.0185068359375,3.3836958408355713,2.635115623474121,2.369534492492676
1741033386193668000,181.02866821289064,2.534424066543579,1.1645746231079102,2.0218710899353027
1741033386203971800,181.03897192382811,1.1332865953445435,-0.21720123291015625,1.301660180091858
1741033386214274800,181.04927490234374,0.8145076632499695,-1.461897850036621,0.6469768285751343
1741033386224489000,181.05948901367188,0.7494580745697021,-2.4331345558166504,0.4083095192909241
1741033386234608600,181.06960864257812,0.3379448354244232,-3.219395160675049,0.3414191007614136
1741033386244709600,181.07970971679688,-0.08547714352607727,-3.9529013633728027,0.23719489574432373
1741033386254811100,181.08981103515626,0.125338613986969,-4.50682258605957,0.2973543405532837
1741033386264913000,181.09991284179688,0.3902571201324463,-4.824967861175537,0.28545480966567993
1741033386275014000,181.11001391601562,0.7353455424308777,-5.072037696838379,0.25337207317352295
1741033386285115400,181.12011547851563,0.8407156467437744,-5.400744438171387,0.24281340837478638
1741033386295217200,181.1302170410156,0.5481551885604858,-5.693293571472168,0.36643218994140625
1741033386305318100,181.14031811523438,0.46044230461120605,-6.030407428741455,0.48452168703079224
1741033386315419600,181.15041967773436,0.838431715965271,-6.171424865722656,0.9934359788894653
1741033386325520600,181.16052075195313,0.8216464519500732,-6.226585388183594,1.6359119415283203
1741033386335622400,181.1706223144531,0.4853932857513428,-6.364951133728027,2.018022060394287
1741033386345724000,181.18072387695312,0.16903865337371826,-6.303521633148193,2.323868989944458
1741033386355825200,181.1908251953125,-0.002120375633239746,-6.162226676940918,2.617464303970337
1741033386365926700,181.2009267578125,-0.2619333267211914,-5.961997985839844,3.08854603767395
1741033386376028000,181.21102783203125,0.06880879402160645,-5.741574764251709,3.4225337505340576
1741033386386129400,181.22112939453126,0.29070448875427246,-5.5098114013671875,3.697495222091675
1741033386396231200,181.23123120117188,0.33203554153442383,-5.237698554992676,3.7941057682037354
1741033386406332200,181.24133227539062,0.3369100093841553,-4.795555114746094,3.752167224884033
1741033386416433700,181.25143359375,0.5214720964431763,-4.066577911376953,3.7558095455169678
1741033386426535400,181.2615354003906,0.9896085262298584,-3.115756034851074,3.65788197517395
1741033386436637200,181.27163720703126,1.499508023262024,-1.9272651672363281,3.5450212955474854
1741033386446929000,181.28192895507811,1.8877897262573242,-0.46865367889404297,3.353201150894165
1741033386457232400,181.292232421875,1.9719029664993286,1.410080909729004,3.0311172008514404
1741033386467506200,181.3025061035156,1.6047049760818481,3.322445869445801,2.4759116172790527
1741033386477636400,181.31263623046874,0.5060992240905762,5.059104919433594,1.8916460275650024
1741033386487737900,181.32273779296875,-0.849960446357727,6.066078186035156,1.0787473917007446
1741033386497839000,181.33283911132813,-2.3093714714050293,6.1825761795043945,-0.47371649742126465
1741033386507940400,181.3429404296875,-2.5128207206726074,5.14415168762207,-2.9666357040405273
1741033386518041600,181.35304150390624,-2.8477110862731934,3.855569839477539,-5.213531494140625
1741033386528143400,181.3631433105469,-2.967188835144043,2.9567718505859375,-6.7791666984558105
1741033386538244600,181.37324462890626,-1.455998182296753,1.887746810913086,-7.4138336181640625
1741033386548345900,181.38334594726564,3.5032765865325928,0.02574443817138672,-8.3538179397583
1741033386558447600,181.39344750976562,8.901071548461914,-0.9069805145263672,-8.413276672363281
1741033386568548600,181.4035485839844,14.154680252075195,-0.20538902282714844,-5.767722129821777
1741033386578650400,181.413650390625,17.758682250976562,1.6833229064941406,-1.5379281044006348
1741033386588752000,181.423751953125,13.946052551269531,3.4342775344848633,0.17493832111358643
1741033386598852900,181.43385278320312,8.977883338928223,4.479315757751465,0.5477416515350342
1741033386608954600,181.44395458984374,5.11125373840332,4.6576690673828125,0.3623948097229004
1741033386619055400,181.45405541992187,1.4339685440063477,4.194561004638672,0.007916688919067383
1741033386629157000,181.4641572265625,-0.06183600425720215,3.109593391418457,0.055410027503967285
1741033386639258600,181.47425854492187,-0.32377099990844727,2.363095283508301,0.32558929920196533
1741033386649360000,181.48435986328124,-0.5267167091369629,2.4560022354125977,0.5577801465988159
1741033386659461400,181.49446142578125,-0.855176568031311,3.611678123474121,1.2845127582550049
1741033386669563100,181.50456323242187,-0.9452019929885864,5.386166572570801,2.697314739227295
1741033386679664600,181.51466455078125,-1.1289184093475342,6.647513389587402,4.17637825012207
1741033386689873000,181.52487280273436,-1.7856882810592651,6.763484954833984,5.23256778717041
1741033386700176400,181.53517626953126,-2.875007152557373,6.036106109619141,5.8656158447265625
1741033386710479400,181.5454792480469,-2.873605728149414,5.023111343383789,5.718550682067871
1741033386720657400,181.55565747070312,-2.855111837387085,3.765986442565918,5.11368465423584
1741033386730765300,181.56576538085938,-3.0025320053100586,2.332261085510254,4.262632846832275
1741033386740866800,181.57586669921875,-2.9405555725097656,0.8885555267333984,3.5231902599334717
1741033386750968600,181.58596850585937,-2.787156105041504,-0.40797996520996094,2.9530396461486816
1741033386761069300,181.5960693359375,-2.5154595375061035,-1.514765739440918,2.5674867630004883
1741033386771171000,181.60617114257812,-2.3734731674194336,-2.4702820777893066,2.3042242527008057
1741033386781272000,181.61627197265625,-2.2726449966430664,-3.263247013092041,2.0991718769073486
1741033386791373800,181.62637377929687,-2.2049484252929688,-4.017207145690918,1.937117576599121
1741033386801475000,181.63647509765624,-2.172124147415161,-4.580016613006592,1.8751487731933594
1741033386811576300,181.64657641601562,-1.9911082983016968,-5.008965015411377,1.8740522861480713
1741033386821678000,181.65667797851563,-1.988877296447754,-5.389423847198486,1.8950456380844116
1741033386831779300,181.666779296875,-1.9754838943481445,-5.665863037109375,1.8891546726226807
1741033386841880600,181.67688061523438,-1.8666572570800781,-5.862308502197266,1.8848764896392822
1741033386851982300,181.686982421875,-1.8273483514785767,-5.93782377243042,1.8803794384002686
1741033386862083600,181.69708349609374,-1.8944945335388184,-5.903662204742432,1.8421176671981812
1741033386872185000,181.70718505859375,-1.950952410697937,-5.748748779296875,1.78694748878479
1741033386882286000,181.7172861328125,-2.0510170459747314,-5.462770938873291,1.776566743850708
1741033386892387600,181.7273876953125,-2.049788475036621,-5.079253673553467,1.7745357751846313
1741033386902489300,181.7374892578125,-1.987989068031311,-4.781048774719238,1.68632173538208
1741033386912590000,181.74759008789061,-1.52084219455719,-4.414557456970215,1.7899832725524902
1741033386922691800,181.75769189453126,0.14052528142929077,-3.936739921569824,1.965470314025879
1741033386932793600,181.76779370117188,3.0953078269958496,-3.5189099311828613,2.1725199222564697
1741033386942894600,181.77789453125,1.751406192779541,-3.119469165802002,2.1835951805114746
1741033386952996400,181.78799633789063,-2.560769557952881,-3.0318875312805176,1.5339730978012085
1741033386963097900,181.79809790039062,-4.895135402679443,-2.5897092819213867,0.2348496913909912
1741033386973259300,181.80825927734375,-6.305914402008057,-2.0977468490600586,-0.9868971109390259
1741033386983562800,181.81856274414062,-7.2650580406188965,-1.0939016342163086,-1.7734142541885376
1741033386993866000,181.82886596679688,-7.336507797241211,-0.09911441802978516,-1.8505592346191406
1741033387004079600,181.83907958984375,-6.7547478675842285,0.8243389129638672,-1.3382439613342285
1741033387014198800,181.84919873046874,-5.773467063903809,1.5289926528930664,-0.6053487062454224
1741033387024299800,181.8592998046875,-4.700601577758789,2.422713279724121,0.24169927835464478
1741033387034401300,181.8694013671875,-3.8520078659057617,3.473334312438965,0.9755595326423645
1741033387044503000,181.8795029296875,-3.0842974185943604,4.551782608032227,1.495041847229004
1741033387054604000,181.88960400390624,-2.147038459777832,5.571746826171875,1.7814658880233765
1741033387064705500,181.89970556640625,-1.0882453918457031,6.512454032897949,1.6635409593582153
1741033387074807300,181.90980737304687,-0.315227210521698,6.796526908874512,0.8665004968643188
1741033387084908300,181.919908203125,0.30583763122558594,6.559771537780762,-0.4672173261642456
1741033387095009800,181.930009765625,2.1245384216308594,6.346901893615723,-1.8418917655944824
1741033387105110800,181.94011083984375,1.5022587776184082,7.082914352416992,-2.793943405151367
1741033387115212500,181.95021264648437,0.3048233389854431,7.660463333129883,-3.681533098220825
1741033387125314000,181.96031396484375,0.38470005989074707,7.192448616027832,-5.120216369628906
1741033387135415300,181.97041528320312,2.2817068099975586,5.44132137298584,-5.5278215408325195
1741033387145516800,181.98051684570314,4.80676794052124,3.0798025131225586,-3.6930904388427734
1741033387155618600,181.99061865234376,4.970625400543213,1.0000734329223633,-2.253194570541382
1741033387165827300,182.00082739257812,3.265460729598999,-0.6389474868774414,-1.8484737873077393
1741033387176130800,182.011130859375,2.2986414432525635,-1.379389762878418,-1.7416481971740723
1741033387186433800,182.0214338378906,1.7731167078018188,-0.6698093414306641,-1.584002137184143
1741033387196611800,182.03161181640624,1.8114275932312012,0.8621749877929688,-1.811559796333313
1741033387206719500,182.04171948242188,2.8277347087860107,2.92788028717041,-1.687088966369629
1741033387216820200,182.0518203125,3.8522040843963623,4.806319236755371,-1.109977126121521
1741033387226922000,182.061921875,4.466702461242676,5.750698089599609,-0.10838937759399414
1741033387237023700,182.07202368164062,3.8501040935516357,5.482963562011719,0.6886442303657532
1741033387247124700,182.08212475585938,2.0213749408721924,3.838176727294922,0.6441975235939026
1741033387257226200,182.09222631835937,1.4557359218597412,2.0047616958618164,0.6954893469810486
1741033387267327700,182.10232763671874,2.002145528793335,0.4546337127685547,0.8292659521102905
1741033387277429000,182.11242895507812,2.2033982276916504,-0.7995576858520508,1.0289870500564575
1741033387287530200,182.1225302734375,2.2618632316589355,-1.7978296279907227,1.149216890335083
1741033387297631500,182.13263159179687,2.277106523513794,-2.739384651184082,1.1509430408477783
1741033387307733200,182.14273315429688,1.654571771621704,-3.459947109222412,1.2182245254516602
1741033387317834500,182.15283447265625,1.2765450477600098,-3.9193053245544434,1.1911792755126953
1741033387327935700,182.16293579101563,1.033355951309204,-4.33549165725708,1.1786653995513916
1741033387338037500,182.17303759765625,0.8315591812133789,-4.770750999450684,1.2509863376617432
1741033387348138800,182.183138671875,0.5058541893959045,-5.275978088378906,1.3415077924728394
1741033387358240300,182.193240234375,0.04424234852194786,-5.657153606414795,1.6759716272354126
1741033387368341200,182.20334130859376,-0.438710480928421,-5.897367000579834,2.222883701324463
1741033387378442800,182.21344287109375,-0.6756225824356079,-5.940035820007324,3.0116822719573975
1741033387388544500,182.22354443359376,-0.8381460905075073,-5.968631267547607,3.778909206390381
1741033387398645500,182.2336455078125,-1.015868067741394,-6.110422134399414,4.253137111663818
1741033387408747000,182.2437470703125,-0.9246842861175537,-6.306422233581543,4.36323356628418
1741033387418848500,182.2538486328125,-0.9485667943954468,-6.358416557312012,4.33200740814209
1741033387428949800,182.26394970703126,-0.8848726749420166,-6.306636333465576,4.1219096183776855
1741033387439111000,182.27411083984376,-0.7968111038208008,-6.181673049926758,3.973656177520752
1741033387449414400,182.28441430664063,-0.5682147741317749,-6.023444175720215,3.8584461212158203
1741033387459717600,182.29471752929686,-0.1204526424407959,-5.720940589904785,3.700758695602417
1741033387469931800,182.30493188476564,0.51236891746521,-5.171465873718262,3.496304512023926
1741033387480050700,182.31505078125,1.0585684776306152,-4.590259075164795,3.1112866401672363
1741033387490152200,182.32515209960937,1.4649922847747803,-3.888979911804199,2.7556517124176025
1741033387500254000,182.33525390625,1.8724464178085327,-3.0218939781188965,2.46235728263855
1741033387510355000,182.34535498046876,2.2332515716552734,-2.043516159057617,2.181259870529175
1741033387520456400,182.35545654296874,2.469717025756836,-0.9175586700439453,2.018716812133789
1741033387530557400,182.36555737304687,2.4009006023406982,0.42987823486328125,1.9365558624267578
1741033387540659200,182.3756591796875,2.0968587398529053,2.041391372680664,1.7599217891693115
1741033387550760700,182.3857607421875,1.0959115028381348,3.8559722900390625,1.4994747638702393
1741033387560861700,182.39586181640624,-0.5204080939292908,5.803913116455078,1.1530349254608154
1741033387570963500,182.40596337890625,-2.3191356658935547,7.2445831298828125,0.02218914031982422
1741033387581065000,182.41606494140626,-2.850808620452881,6.964347839355469,-1.903954029083252
1741033387591166000,182.426166015625,-0.8964932560920715,5.156709671020508,-4.506533622741699
1741033387601267500,182.43626733398438,-0.25259900093078613,3.698826789855957,-6.52989387512207
1741033387611368700,182.44636865234375,-0.5776729583740234,2.493030548095703,-7.095945358276367
1741033387621470500,182.45647045898437,1.8932981491088867,0.8324432373046875,-7.229317665100098
1741033387631571700,182.46657177734374,6.767416477203369,-0.2228231430053711,-6.485105991363525
1741033387641673000,182.4766728515625,11.793725967407227,-0.543086051940918,-5.537757873535156
1741033387651774700,182.48677465820313,15.995796203613281,0.0125274658203125,-4.350648403167725
1741033387661875700,182.49687573242187,15.774582862854004,1.179713249206543,-2.4429068565368652
1741033387671977200,182.50697729492188,9.959796905517578,3.5552549362182617,-1.6468015909194946
1741033387682078200,182.517078125,7.363483905792236,4.145057678222656,-1.420175313949585
1741033387692180000,182.52717993164063,4.931605339050293,3.4360971450805664,-0.5144786834716797
1741033387702281500,182.53728149414061,2.387510061264038,2.587493896484375,0.6488221883773804
1741033387712382500,182.54738256835938,0.8002331256866455,1.8557043075561523,1.6404515504837036
1741033387722484200,182.55748413085936,0.2896108627319336,1.8062429428100586,2.69063663482666
1741033387732585700,182.56758569335938,0.3914225101470947,2.656744956970215,3.510483980178833
1741033387742687000,182.57768701171875,0.4310314655303955,4.05379581451416,4.3494954109191895
1741033387752788200,182.58778833007813,0.12193059921264648,5.388613700866699,5.210366249084473
1741033387762889500,182.59788940429686,-0.44432032108306885,6.309381484985352,5.919023036956787
1741033387772991200,182.6079912109375,-1.1416397094726562,6.588274955749512,6.323370456695557
1741033387783092500,182.6180925292969,-1.9804835319519043,6.140435218811035,6.303475856781006
1741033387793193700,182.62819384765626,-2.616107940673828,4.776270866394043,5.907814979553223
1741033387803295500,182.63829541015625,-2.67586612701416,2.619673728942871,4.973214149475098
1741033387813396500,182.648396484375,-2.7480149269104004,0.6879568099975586,3.9683690071105957
1741033387823498000,182.658498046875,-2.6898193359375,-0.9049978256225586,3.1789298057556152
1741033387833766100,182.66876611328124,-2.622098445892334,-2.122255325317383,2.54111647605896
1741033387844070000,182.67906982421874,-2.6678380966186523,-3.055143356323242,2.094198703765869
1741033387854363000,182.68936279296875,-2.698929786682129,-3.6713685989379883,1.8841667175292969
1741033387864497400,182.6994973144531,-2.6124610900878906,-4.118302345275879,1.8102694749832153
1741033387874599200,182.70959912109376,-2.5864479541778564,-4.46742582321167,1.8187155723571777
1741033387884700700,182.71970068359374,-2.5695412158966064,-4.7689595222473145,1.8842628002166748
1741033387894801700,182.7298017578125,-2.53715181350708,-5.028931617736816,1.9946460723876953
1741033387904903200,182.73990307617188,-2.5005226135253906,-5.228590488433838,2.075230836868286
1741033387915004400,182.75000439453126,-2.406498432159424,-5.393294811248779,2.1245036125183105
1741033387925106000,182.76010595703124,-2.285867691040039,-5.53317928314209,2.154787302017212
1741033387935207200,182.77020727539062,-2.246492862701416,-5.583058834075928,2.175154209136963
1741033387945308700,182.78030859375,-2.11013126373291,-5.523838996887207,2.1992197036743164
1741033387955410400,182.7904104003906,-1.9867140054702759,-5.283541679382324,2.199897050857544
1741033387965511400,182.80051147460938,-1.9218778610229492,-4.810172080993652,2.2099175453186035
1741033387975613000,182.81061303710936,-1.808748722076416,-4.171603202819824,2.2091147899627686
1741033387985714000,182.8207138671875,-1.7180535793304443,-3.4555931091308594,2.198918104171753
1741033387995815700,182.8308156738281,-1.585554838180542,-2.8053555488586426,2.141982316970825
1741033388005917200,182.84091723632812,-1.078792929649353,-2.1755595207214355,2.1357078552246094
1741033388016018200,182.85101806640625,-1.5415847301483154,-1.450277328491211,1.941216230392456
1741033388026119700,182.86111962890624,-3.2521982192993164,-1.053666114807129,1.31922447681427
1741033388036220700,182.871220703125,-4.700201988220215,-0.6785602569580078,0.5087378621101379
1741033388046322400,182.88132250976562,-5.416170120239258,-0.19776535034179688,-0.07304847240447998
1741033388056424000,182.891423828125,-5.890379905700684,0.13003158569335938,-0.48873889446258545
1741033388066525200,182.90152514648437,-5.776416778564453,0.8350982666015625,-0.8639901876449585
1741033388076626700,182.9116267089844,-5.639406204223633,1.8984413146972656,-0.9526734352111816
1741033388086728200,182.92172827148437,-5.248143672943115,3.269001007080078,-0.9419032335281372
1741033388096829400,182.93182934570314,-4.598659515380859,4.590811729431152,-0.6995618343353271
1741033388106930700,182.9419306640625,-3.79697847366333,5.439377784729004,-0.4370687007904053
1741033388117032000,182.9520319824219,-2.6919875144958496,5.6120405197143555,-0.32157111167907715
1741033388127133700,182.9621337890625,-1.7364122867584229,5.315889358520508,-0.3298013210296631
1741033388137389800,182.97238989257812,-1.2108265161514282,4.784150123596191,-0.8212941884994507
1741033388147693600,182.98269360351563,-1.1882747411727905,4.037796974182129,-1.7060948610305786
1741033388157807000,182.99280712890624,-1.2286348342895508,3.973733901977539,-2.528886318206787
1741033388167753700,183.00275366210937,-0.49227404594421387,4.413511276245117,-3.387420177459717
1741033388178057500,183.01305737304688,0.4689720869064331,5.340566635131836,-4.321734428405762
1741033388188360700,183.02336059570314,1.9016183614730835,6.129766464233398,-5.003762245178223
1741033388198663400,183.03366333007813,2.1469717025756836,6.070187568664551,-4.752652168273926
1741033388208966100,183.04396606445312,2.6003189086914062,4.488766670227051,-3.273012399673462
1741033388219207400,183.05420751953125,2.9636118412017822,2.069906234741211,-1.8842005729675293
1741033388229335800,183.06433569335937,3.0962467193603516,-0.29395294189453125,-1.3543044328689575
1741033388239437000,183.07443701171874,3.308347702026367,-1.8772506713867188,-1.2139792442321777
1741033388249538300,183.08453833007812,3.0266401767730713,-2.314417839050293,-1.1773451566696167
1741033388259639800,183.09463989257813,2.0517520904541016,-1.449005126953125,-1.264535903930664
1741033388269741600,183.1047414550781,1.2226011753082275,0.4259471893310547,-1.726409673690796
1741033388279842600,183.11484252929688,0.7812384366989136,2.284489631652832,-1.9259380102157593
1741033388289944000,183.12494409179686,1.9956374168395996,3.1956100463867188,-1.4885056018829346
1741033388300045000,183.13504516601563,3.6062583923339844,3.334897994995117,-0.40120095014572144
1741033388310146600,183.145146484375,3.730985641479492,2.8344430923461914,0.5751223564147949
1741033388320248300,183.15524829101562,1.686064600944519,2.0115251541137695,0.562660813331604
1741033388330349300,183.16534936523436,-1.1323204040527344,1.2500629425048828,-0.17903000116348267
1741033388340450800,183.17545092773437,0.055758990347385406,0.3366889953613281,-0.1488075852394104
1741033388350551800,183.1855517578125,0.5223502516746521,-0.6859245300292969,0.6127712726593018
1741033388360653600,183.19565356445312,1.6926801204681396,-1.4554557800292969,1.5181705951690674
1741033388370755000,183.20575512695314,2.3093433380126953,-2.30828857421875,2.0473523139953613
1741033388380856000,183.21585595703124,2.6032941341400146,-2.955169200897217,2.421557903289795
1741033388390957800,183.2259577636719,2.5643014907836914,-3.5576868057250977,2.5323946475982666
1741033388401059000,183.23605908203126,2.4548733234405518,-4.225520610809326,2.454838991165161
1741033388411160600,183.24616064453124,2.431640386581421,-4.875636100769043,2.2405500411987305
1741033388421261600,183.25626147460937,2.201808214187622,-5.3668341636657715,2.279388666152954
1741033388431363000,183.2663630371094,1.5965912342071533,-5.584875106811523,2.4658632278442383
1741033388441464800,183.27646484375,0.9317201375961304,-5.731224060058594,2.4159457683563232
1741033388451565800,183.28656591796874,0.4848936200141907,-5.929473876953125,2.2973835468292236
1741033388461667300,183.29666723632812,0.07177650928497314,-5.883236885070801,2.265005350112915
1741033388471768300,183.3067683105469,-0.48898324370384216,-5.841557502746582,2.220330238342285
1741033388481870000,183.3168701171875,-1.057255506515503,-5.971216201782227,2.2950258255004883
1741033388491971600,183.3269716796875,-1.4761765003204346,-6.1349382400512695,2.6197550296783447
1741033388502072600,183.33707250976562,-1.4853848218917847,-6.464103698730469,2.7846839427948
1741033388512174000,183.34717407226563,-1.1106479167938232,-6.5954132080078125,2.799659252166748
1741033388522275300,183.357275390625,-0.7898639440536499,-6.408317565917969,2.884202003479004
1741033388532377000,183.36737719726563,-0.3924129605293274,-5.841521263122559,3.079880714416504
1741033388542478300,183.37747827148436,0.10327672958374023,-5.009561538696289,3.275956153869629
1741033388552579600,183.38757958984374,0.5025819540023804,-4.190215110778809,3.238013505935669
1741033388562680800,183.3976809082031,0.9846459627151489,-3.1953797340393066,3.231677770614624
1741033388572782000,183.40778198242188,1.6078722476959229,-1.9207162857055664,2.9073617458343506
1741033388582883800,183.4178837890625,2.3638055324554443,-0.19585609436035156,2.424165964126587
1741033388592985000,183.42798510742188,2.079712390899658,1.8825254440307617,1.8799000978469849
1741033388603086600,183.4380866699219,0.36306262016296387,4.841520309448242,1.3307172060012817
1741033388613188000,183.44818798828126,-0.950162410736084,7.345918655395508,-0.16774222254753113
1741033388623289000,183.4582890625,1.1545485258102417,7.336231231689453,-2.1309163570404053
1741033388633390800,183.46839086914062,3.4044389724731445,5.605079650878906,-4.052519798278809
1741033388643491600,183.47849169921875,2.3336567878723145,3.925856590270996,-5.5452070236206055
1741033388653593300,183.48859326171876,0.5682187080383301,3.070779800415039,-6.163275718688965
1741033388663695000,183.49869506835938,1.169405460357666,2.232624053955078,-6.206137657165527
1741033388673796000,183.50879614257812,4.194185256958008,1.252608299255371,-5.831360816955566
1741033388683897600,183.51889770507813,7.561289310455322,-0.15587997436523438,-5.4963178634643555
1741033388693998600,183.52899853515626,10.474125862121582,-1.4168124198913574,-3.50618314743042
1741033388704100400,183.53910034179688,16.36408233642578,-2.1287379264831543,-1.2096580266952515
1741033388714201600,183.54920166015626,12.254796981811523,0.3853111267089844,-0.5761431455612183
1741033388724302800,183.559302734375,9.172908782958984,2.2698497772216797,-0.7647886276245117
1741033388734404000,183.56940405273437,6.925012588500977,2.6673269271850586,-0.13116800785064697
1741033388744505600,183.57950561523438,3.361104726791382,3.144280433654785,0.6913175582885742
1741033388754607400,183.589607421875,1.043328046798706,3.979376792907715,1.2247083187103271
1741033388764708400,183.59970825195313,0.3189852237701416,5.509892463684082,1.9851561784744263
1741033388774809900,183.60980981445311,0.06345820426940918,7.658041000366211,3.4802379608154297
1741033388784910800,183.61991088867188,-0.4077725410461426,9.55555534362793,5.342368125915527
1741033388795012600,183.6300126953125,-0.6787296533584595,10.228747367858887,6.935177326202393
1741033388805114000,183.64011401367188,-1.2059338092803955,9.513326644897461,7.6061906814575195
1741033388815215000,183.65021508789061,-2.0736377239227295,7.633954048156738,7.265396595001221
1741033388825316900,183.66031689453126,-2.728865623474121,5.09208869934082,6.324956893920898
1741033388835418400,183.67041845703125,-2.9567975997924805,2.9713430404663086,5.3600544929504395
1741033388845519400,183.68051928710938,-2.9710817337036133,1.3774137496948242,4.291471004486084
1741033388855620900,183.6906208496094,-2.8759496212005615,-0.040793418884277344,3.3852765560150146
1741033388865722000,183.70072216796876,-2.711644411087036,-1.2186603546142578,2.822969436645508
1741033388875823600,183.71082373046875,-2.746156692504883,-2.1016440391540527,2.5095481872558594
1741033388885924900,183.7209248046875,-2.961416244506836,-2.7210912704467773,2.2659285068511963
1741033388896026400,183.7310263671875,-3.2551746368408203,-3.2619481086730957,2.1039865016937256
1741033388906127400,183.74112744140626,-3.4545559883117676,-3.705317497253418,2.101260185241699
1741033388916228900,183.75122875976564,-3.4017868041992188,-4.0721611976623535,2.2223916053771973
1741033388926330600,183.76133056640626,-3.295987129211426,-4.444404602050781,2.278874397277832
1741033388936431600,183.771431640625,-3.0572304725646973,-4.851103782653809,2.2904720306396484
1741033388946533400,183.78153344726562,-2.706702947616577,-5.295292854309082,2.256352186203003
1741033388956635000,183.791634765625,-2.4887232780456543,-5.781183242797852,2.1225292682647705
1741033388966914800,183.80191479492188,-2.2333407402038574,-6.160646438598633,2.0407402515411377
1741033388977040400,183.81204028320312,-2.027359962463379,-6.413846969604492,1.966293215751648
1741033388987344000,183.82234375,-1.9152162075042725,-6.395210266113281,1.9327082633972168
1741033388997602600,183.8326025390625,-2.0070409774780273,-6.0587029457092285,1.9622209072113037
1741033389007735600,183.84273559570312,-2.264163017272949,-5.53612756729126,2.021268844604492
1741033389017836500,183.85283642578125,-2.352938652038574,-4.835025310516357,2.128640651702881
1741033389027938300,183.86293823242187,-2.4608206748962402,-4.0639848709106445,2.161975860595703
1741033389038039600,183.87303955078124,-2.520179510116577,-3.3581008911132812,2.111316680908203
1741033389048141000,183.88314111328125,-2.6335935592651367,-2.7038636207580566,1.9489123821258545
1741033389058242000,183.89324194335939,-2.9752845764160156,-2.1676430702209473,1.6886208057403564
1741033389068343600,183.90334350585937,-3.088261842727661,-1.7075848579406738,1.3453954458236694
1741033389078445300,183.9134453125,-3.355367422103882,-1.2138242721557617,1.0365626811981201
1741033389088546300,183.92354638671875,-3.4176907539367676,-0.5278720855712891,0.8760824203491211
1741033389098647800,183.93364770507813,-3.4392786026000977,0.3561687469482422,0.8511994481086731
1741033389108748800,183.94374877929687,-3.2379255294799805,1.3171768188476562,0.9444397687911987
1741033389118850600,183.9538505859375,-3.0643303394317627,2.340264320373535,1.0784618854522705
1741033389128952000,183.9639521484375,-2.8412652015686035,3.2561445236206055,1.0968945026397705
1741033389139053000,183.97405297851563,-2.2540459632873535,3.899022102355957,0.8675603866577148
1741033389149154800,183.98415478515625,-1.9481785297393799,4.122984886169434,0.40489262342453003
1741033389159256300,183.99425634765626,-1.683187484741211,4.051593780517578,-0.24976980686187744
1741033389169357300,184.004357421875,-1.5514806509017944,3.9886817932128906,-0.8578826785087585
1741033389179458800,184.01445874023437,-1.519840121269226,4.170662879943848,-1.3860288858413696
1741033389189560000,184.02456005859375,-1.2396430969238281,4.415971755981445,-2.261906147003174
1741033389199661800,184.03466186523437,-1.5008087158203125,5.045137405395508,-2.981356382369995
1741033389209763000,184.04476318359374,-1.447792649269104,6.185142517089844,-4.150865077972412
1741033389219864300,184.0548642578125,-0.8868598341941833,7.5251264572143555,-5.932206153869629
1741033389229965600,184.0649655761719,-0.04029953479766846,8.270984649658203,-6.818414688110352
1741033389240067000,184.07506713867187,2.129251480102539,7.098636627197266,-5.794353485107422
1741033389250168600,184.08516845703124,3.966170310974121,4.479152679443359,-3.4914605617523193
1741033389260269800,184.09526977539062,4.577183246612549,1.670577049255371,-2.1096420288085938
1741033389270561300,184.10556127929686,3.7629780769348145,-0.7268161773681641,-1.7264721393585205
1741033389280864800,184.11586474609376,2.750035285949707,-2.0564985275268555,-1.8095664978027344
1741033389291138800,184.12613891601563,1.9566929340362549,-1.7956595420837402,-1.721278190612793
1741033389301269500,184.13626953125,1.1467305421829224,-0.4775362014770508,-1.5473028421401978
1741033389311370500,184.14637060546875,1.2219352722167969,1.1988554000854492,-1.4824022054672241
1741033389321472300,184.15647216796876,1.5443143844604492,2.821077346801758,-1.326348900794983
1741033389331573500,184.16657348632813,1.1793501377105713,3.983464241027832,-0.9929581880569458
1741033389341674800,184.1766748046875,0.13900840282440186,3.9847373962402344,-0.3166268467903137
1741033389351776300,184.1867763671875,0.5727782249450684,3.008565902709961,0.2712406814098358
1741033389361877500,184.19687744140626,3.1127395629882812,1.5895156860351562,0.9638432860374451
1741033389371979300,184.20697924804688,4.418239116668701,0.4221935272216797,1.5623626708984375
1741033389382080300,184.21708032226562,4.473062992095947,-0.23045635223388672,1.9287034273147583
1741033389392181800,184.227181640625,3.585777521133423,-1.0504894256591797,1.6467082500457764
1741033389402282800,184.23728271484376,2.860870122909546,-1.759129524230957,1.3799996376037598
1741033389412384500,184.24738452148438,1.8836379051208496,-2.436591148376465,0.9026723504066467
1741033389422486000,184.25748608398436,1.223762035369873,-2.9329586029052734,0.27598655223846436
1741033389432587000,184.2675869140625,0.7273566722869873,-3.3023200035095215,-0.15542863309383392
1741033389442688500,184.2776884765625,0.5298517942428589,-3.5285353660583496,-0.12873704731464386
1741033389452789500,184.28778955078124,0.7178139686584473,-3.5340614318847656,0.7522734999656677
1741033389462891300,184.29789135742186,0.6861065626144409,-3.525827407836914,1.749725580215454
1741033389472992800,184.30799267578124,0.29943645000457764,-3.7972779273986816,2.4447391033172607
1741033389483094000,184.3180939941406,-0.102408766746521,-3.9401445388793945,3.176180124282837
1741033389493195300,184.3281953125,-0.31496191024780273,-4.16731595993042,3.6829471588134766
1741033389503296500,184.33829663085936,-0.4886053800582886,-4.660027503967285,3.59167742729187
1741033389513398300,184.34839819335937,-0.793030858039856,-5.2262187004089355,3.3322079181671143
1741033389523499500,184.35849951171875,-1.176565408706665,-5.685873985290527,3.09200119972229
1741033389533600800,184.36860083007812,-1.3977508544921875,-6.178836822509766,2.7041523456573486
1741033389543702000,184.37870190429686,-1.423784852027893,-6.480193614959717,2.520256280899048
1741033389553803500,184.38880346679687,-1.3226823806762695,-6.690084457397461,2.2881295680999756
1741033389563905300,184.3989052734375,-1.113159418106079,-6.732978820800781,2.1981966495513916
1741033389574006000,184.40900610351562,-0.7137205600738525,-6.449399948120117,2.2700319290161133
1741033389584107800,184.41910766601563,-0.26417648792266846,-5.809394359588623,2.4196722507476807
1741033389594208800,184.42920874023437,0.15796589851379395,-5.026727199554443,2.5644893646240234
1741033389604310500,184.439310546875,0.5683996677398682,-4.288069248199463,2.582967758178711
1741033389614412000,184.449412109375,1.0355069637298584,-3.604367256164551,2.5600879192352295
1741033389624513000,184.45951293945313,1.408327579498291,-2.9013185501098633,2.47310733795166
1741033389635208700,184.47020874023437,2.0038328170776367,-1.7470035552978516,2.3327715396881104
1741033389645310000,184.48031005859374,2.190782070159912,-0.029376983642578125,2.096601963043213
1741033389655411200,184.4904111328125,1.6670974493026733,2.207305908203125,1.9028348922729492
1741033389665512400,184.5005124511719,1.016383409500122,4.951953887939453,1.7552745342254639
1741033389675614200,184.5106142578125,0.31589949131011963,7.301076889038086,1.2857409715652466
1741033389685715500,184.52071557617188,1.3646953105926514,8.155860900878906,-0.6276251077651978
1741033389695816700,184.53081665039062,1.5000693798065186,6.888012886047363,-3.0990138053894043
1741033389705918500,184.54091845703124,-0.5627658367156982,4.977865219116211,-5.113697052001953
1741033389716186600,184.5511865234375,-1.6339030265808105,3.3038101196289062,-6.936413764953613
1741033389726490000,184.56148999023438,-0.37883973121643066,1.9327239990234375,-8.425169944763184
1741033389736783400,184.57178344726563,3.0154366493225098,-0.0971212387084961,-9.691787719726562
1741033389746918000,184.58191796875,9.072599411010742,-1.8719778060913086,-8.50916576385498
1741033389757019400,184.59201928710937,13.568990707397461,-1.6227326393127441,-5.640194892883301
1741033389767120400,184.60212036132813,15.939214706420898,-0.3491840362548828,-2.484968662261963
1741033389777222000,184.61222192382812,11.428767204284668,1.8615283966064453,-0.33574938774108887
1741033389787323000,184.62232299804688,6.896480560302734,3.9373292922973633,0.8960548043251038
1741033389797424600,184.63242456054687,3.8178582191467285,4.640714645385742,1.041818380355835
1741033389807526100,184.64252612304688,-0.18085551261901855,4.956123352050781,1.3118536472320557
1741033389817627400,184.65262744140625,-2.1127068996429443,4.545003890991211,1.6624349355697632
1741033389827728600,184.66272875976563,-2.428471088409424,3.581329345703125,1.5487573146820068
1741033389837830000,184.67282983398437,-2.2198760509490967,3.193531036376953,1.4976800680160522
1741033389847931600,184.682931640625,-2.037609577178955,3.846360206604004,1.8990708589553833
1741033389858032600,184.69303271484375,-2.1906094551086426,5.021092414855957,2.546525239944458
1741033389868134100,184.70313403320313,-2.2892067432403564,5.935166358947754,3.2534570693969727
1741033389878235100,184.71323510742187,-2.346916437149048,6.134084701538086,3.7476890087127686
1741033389888337000,184.7233369140625,-2.6956589221954346,5.80535888671875,3.9756290912628174
1741033389898438400,184.7334384765625,-2.877513885498047,4.440715789794922,3.774900436401367
1741033389908539400,184.74353930664063,-2.626070022583008,2.5880212783813477,3.270601987838745
1741033389918641200,184.75364111328125,-2.2141780853271484,1.0446672439575195,2.821204900741577
1741033389928742100,184.7637421875,-2.2102913856506348,-0.025223731994628906,2.6305832862854004
1741033389938844000,184.77384399414063,-2.4756059646606445,-0.9071445465087891,2.519493818283081
1741033389948945200,184.78394506835937,-2.655130624771118,-1.6158785820007324,2.5180463790893555
1741033389959046400,184.79404638671875,-2.705230951309204,-2.203233242034912,2.51741623878479
1741033389969148200,184.80414819335937,-2.6953067779541016,-2.68243408203125,2.5312070846557617
1741033389979357000,184.81435693359376,-2.781590223312378,-3.1694889068603516,2.4556264877319336
1741033389989660400,184.82466040039063,-2.803452968597412,-3.6768674850463867,2.3035976886749268
1741033389999963400,184.83496337890625,-2.852536916732788,-4.147403717041016,2.1230921745300293
1741033390010141000,184.84514086914064,-2.843400239944458,-4.477288246154785,1.9836616516113281
1741033390020249000,184.8552490234375,-2.844308376312256,-4.736052989959717,1.8610374927520752
1741033390030350000,184.86535009765626,-2.7477054595947266,-4.863285541534424,1.8299747705459595
1741033390040451600,184.87545166015624,-2.081585168838501,-4.63163948059082,1.8652184009552002
1741033390050552600,184.88555249023437,0.8461625576019287,-3.794708251953125,1.8128440380096436
1741033390060654000,184.8956540527344,4.387749671936035,-3.135664463043213,1.7220947742462158
1741033390070755000,184.90575512695312,3.331615924835205,-3.358949661254883,1.9702554941177368
1741033390080856800,184.91585693359374,-1.642716884613037,-4.108642578125,1.701607346534729
1741033390090958300,184.92595825195312,-4.027132987976074,-4.365050792694092,0.6870349645614624
1741033390101059600,184.9360595703125,-3.7867062091827393,-4.533252716064453,-0.11473679542541504
1741033390111160800,184.94616088867187,-3.8715622425079346,-4.36208438873291,-0.3330007791519165
1741033390121262000,184.95626196289064,-4.686069488525391,-4.157829761505127,-0.4902150630950928
1741033390131363800,184.96636376953126,-5.883302688598633,-3.7536659240722656,-0.5558884143829346
1741033390141465000,184.97646508789063,-6.01287317276001,-3.22465181350708,-0.39806127548217773
1741033390151566300,184.98656640625,-5.547009468078613,-2.542055130004883,0.17500817775726318
1741033390161667600,184.99666748046874,-5.061985015869141,-1.5034570693969727,0.7289505004882812
1741033390171769000,185.00676904296876,-4.634923934936523,-0.03358650207519531,1.3923470973968506
1741033390181870800,185.01687084960938,-3.9237895011901855,1.482156753540039,2.0013527870178223
1741033390191971600,185.0269716796875,-2.9112584590911865,2.993685722351074,2.8379735946655273
1741033390202073300,185.0370732421875,-2.01303768157959,4.197866439819336,3.5508108139038086
1741033390212174300,185.04717431640626,-1.0196030139923096,4.596090316772461,3.671762466430664
1741033390222276000,185.05727612304688,0.15617690980434418,4.25078010559082,2.970576763153076
1741033390232377600,185.0673776855469,0.7107909321784973,3.9867868423461914,1.9303905963897705
1741033390242478600,185.077478515625,0.4648698568344116,3.760242462158203,0.7238548994064331
1741033390252580400,185.08758032226564,0.1973610818386078,3.5589847564697266,-0.5101513862609863
1741033390262741500,185.09774145507814,2.095921039581299,3.3847293853759766,-2.069047451019287
1741033390273045000,185.108044921875,4.0863752365112305,3.7332935333251953,-2.8900790214538574
1741033390283348200,185.11834814453124,2.629002094268799,4.411116600036621,-3.3914895057678223
1741033390293561900,185.12856176757813,1.8108267784118652,4.9757843017578125,-4.342591285705566
1741033390303681000,185.13868090820313,2.039902687072754,5.033047676086426,-5.090932846069336
1741033390313782300,185.1487822265625,3.9848368167877197,4.073653221130371,-4.393420219421387
1741033390323883800,185.1588837890625,5.2669596672058105,2.288201332092285,-3.5148231983184814
1741033390333985300,185.1689853515625,4.308656215667725,0.014787673950195312,-2.888468027114868
1741033390344086300,185.17908618164063,2.1934409141540527,-1.7286911010742188,-2.174504280090332
1741033390354188000,185.18918798828125,1.2793539762496948,-2.272423267364502,-1.2858986854553223
1741033390364288800,185.19928881835938,1.5621287822723389,-1.1307544708251953,-1.0193586349487305
1741033390374390500,185.209390625,1.4542384147644043,1.4998350143432617,-1.066941738128662
1741033390384492300,185.2194921875,-0.27689310908317566,4.390642166137695,-0.6487685441970825
1741033390394593300,185.22959326171875,0.24157646298408508,5.505533218383789,0.30334413051605225
1741033390404694800,185.23969482421876,2.166393995285034,4.755504608154297,1.2497267723083496
1741033390414795800,185.24979565429686,3.552884340286255,3.3907899856567383,1.4729931354522705
1741033390424897500,185.2598974609375,4.065386772155762,2.364391326904297,1.257048487663269
1741033390434998800,185.26999877929688,3.414457082748413,1.6306953430175781,0.8511093258857727
1741033390445100000,185.28010009765626,2.129960298538208,0.6862907409667969,0.18545269966125488
1741033390455201300,185.290201171875,1.031679630279541,-0.27411937713623047,-0.40518128871917725
1741033390465302800,185.300302734375,0.721713125705719,-1.1017494201660156,-0.7296799421310425
1741033390475404500,185.31040454101563,0.46702489256858826,-1.8334264755249023,-0.8229196071624756
1741033390485505500,185.32050561523437,0.07577285170555115,-2.3159055709838867,-0.6833153963088989
1741033390495607000,185.33060693359374,-0.2526026964187622,-2.706298828125,-0.25840580463409424
1741033390505708000,185.3407080078125,-0.17846664786338806,-3.0343642234802246,0.37697601318359375
1741033390515809800,185.35080981445313,-0.09589117765426636,-3.3383240699768066,0.855177640914917
1741033390525910500,185.36091064453126,-0.0027906298637390137,-3.698110580444336,1.4546068906784058
1741033390536012300,185.37101220703124,0.06683313846588135,-3.912961959838867,2.2991390228271484
1741033390546113800,185.38111376953125,0.2618095874786377,-4.23599910736084,3.0798468589782715
1741033390556214800,185.39121484375,0.44925081729888916,-4.6009063720703125,3.6024303436279297
1741033390566316300,185.40131640625,0.48460590839385986,-5.142948150634766,3.602043867111206
1741033390576417500,185.41141748046874,0.47017180919647217,-5.563079833984375,3.463247299194336
1741033390586519300,185.42151928710936,0.43123579025268555,-5.901349067687988,3.166363477706909
1741033390596620500,185.43162060546874,0.2019273042678833,-6.106961250305176,2.881106376647949
1741033390606721800,185.4417216796875,0.06576502323150635,-6.195828437805176,2.679347276687622
1741033390616823000,185.45182299804688,-0.03641831874847412,-6.215153694152832,2.476411819458008
1741033390626924300,185.46192431640625,0.008614659309387207,-6.076808929443359,2.311095714569092
1741033390637026000,185.47202612304687,-0.05321621894836426,-5.731784343719482,2.3185694217681885
1741033390647127300,185.4821271972656,0.0801858901977539,-5.196948528289795,2.4072377681732178
1741033390657228800,185.49222875976562,0.3820610046386719,-4.528496742248535,2.59922456741333
1741033390667329800,185.50232983398436,0.7834453582763672,-4.0217108726501465,2.5954740047454834
1741033390677431300,185.51243139648437,1.170255422592163,-3.436000347137451,2.5585761070251465
1741033390687533000,185.52253295898439,1.5581735372543335,-2.599453926086426,2.4576659202575684
1741033390697634000,185.53263403320312,1.8937796354293823,-1.3773002624511719,2.3296709060668945
1741033390707735600,185.54273559570314,2.0887672901153564,0.3984375,2.1919503211975098
1741033390717836500,185.55283642578124,1.9651339054107666,2.6396656036376953,2.0390796661376953
1741033390727938300,185.56293823242189,0.5138849020004272,5.0046491622924805,1.8133201599121094
1741033390738039600,185.57303955078126,-0.9236944913864136,6.786699295043945,0.7695174217224121
1741033390748140800,185.58314086914064,-0.2423025369644165,6.67304801940918,-1.0964068174362183
1741033390758242000,185.59324194335937,-1.2216675281524658,5.423752784729004,-3.058285713195801
1741033390768343600,185.60334350585939,-3.0243453979492188,3.8455896377563477,-5.21783447265625
1741033390778445300,185.6134453125,-2.4602370262145996,2.1366281509399414,-6.268304824829102
1741033390788546300,185.62354638671874,1.8011233806610107,-0.02974414825439453,-7.098569869995117
1741033390798647800,185.63364770507812,6.781857490539551,-2.0310897827148438,-7.830284118652344
1741033390808748800,185.64374877929689,13.075286865234375,-2.6509652137756348,-7.290057182312012
1741033390818850300,185.65385034179687,18.38105010986328,-1.3160557746887207,-4.5500807762146
1741033390828952000,185.6639521484375,15.32060432434082,1.5529937744140625,-1.0368388891220093
1741033390839244000,185.674244140625,9.964354515075684,3.8088693618774414,0.7439877986907959
1741033390849547500,185.68454760742188,6.140200138092041,4.6866655349731445,1.3272770643234253
1741033390859821300,185.6948212890625,1.7293691635131836,5.242179870605469,1.5510737895965576
1741033390869951500,185.70495141601563,-1.224987506866455,5.51715087890625,1.7594882249832153
1741033390880052700,185.715052734375,-1.896772861480713,5.380853652954102,1.679410457611084
1741033390890154000,185.72515405273438,-1.6191821098327637,5.378089904785156,1.8604092597961426
1741033390900255200,185.73525512695312,-1.3060917854309082,5.785462379455566,2.467258930206299
1741033390910356500,185.7453564453125,-1.0436432361602783,6.199306488037109,3.4630908966064453
1741033390920458200,185.75545825195312,-1.2544147968292236,6.572720527648926,4.494359970092773
1741033390930559500,185.7655595703125,-1.9369869232177734,6.888694763183594,5.371536731719971
1741033390940661000,185.77566088867187,-3.1160902976989746,6.811760902404785,5.90659236907959
1741033390950762000,185.78576196289063,-3.867955446243286,5.716509819030762,5.649557590484619
1741033390960863500,185.79586352539062,-3.799144744873047,3.618340492248535,4.639360427856445
1741033390970965200,185.80596533203126,-3.0571954250335693,1.4542779922485352,3.449615001678467
1741033390981066200,185.81606616210937,-2.228422164916992,0.11797046661376953,2.714838981628418
1741033390991167700,185.82616772460938,-1.7570862770080566,-0.7423133850097656,2.537266731262207
1741033391001268700,185.83626879882812,-2.139720916748047,-1.627924919128418,2.5072221755981445
1741033391011370500,185.84637060546876,-2.562918186187744,-2.3975906372070312,2.4345264434814453
1741033391021472000,185.85647192382814,-2.7744195461273193,-3.10066556930542,2.2690956592559814
1741033391031573000,185.86657299804688,-2.795962333679199,-3.7072534561157227,2.072875738143921
1741033391041674500,185.8766745605469,-2.640491485595703,-4.22995138168335,2.023843288421631
1741033391051775700,185.88677563476563,-2.582115650177002,-4.7405781745910645,1.9996404647827148
1741033391061877500,185.89687744140625,-2.507338047027588,-5.182405471801758,1.9667631387710571
1741033391071978800,185.90697875976562,-2.394862651824951,-5.560695171356201,1.9401776790618896
1741033391082080000,185.917080078125,-2.2610113620758057,-5.855278015136719,1.9440089464187622
1741033391092181200,185.92718115234376,-2.0824272632598877,-6.0952959060668945,1.9473012685775757
1741033391102282500,185.93728247070314,-1.7735259532928467,-6.122804641723633,1.9837183952331543
1741033391112383700,185.9473837890625,-1.1071522235870361,-5.87269401550293,2.076934337615967
1741033391122485200,185.9574853515625,0.5957463383674622,-5.290121555328369,2.1044695377349854
1741033391132587000,185.9675869140625,2.256908893585205,-4.754387378692627,2.147392511367798
1741033391142687700,185.97768774414064,0.4997532069683075,-4.892849445343018,2.0428082942962646
1741033391152789500,185.98778955078126,-2.8170039653778076,-5.0716118812561035,1.41242253780365
1741033391162890500,185.9978903808594,-3.888970136642456,-4.961244583129883,0.4450894594192505
1741033391172992000,186.00799194335937,-4.4410529136657715,-4.518622398376465,-0.35423290729522705
1741033391183093800,186.01809375,-5.411579132080078,-3.831692695617676,-1.0155751705169678
1741033391193194800,186.02819482421876,-5.991398811340332,-2.9291110038757324,-1.3156160116195679
1741033391203296300,186.03829614257813,-5.606900215148926,-2.1536026000976562,-1.0556800365447998
1741033391213397200,186.04839721679687,-5.258036136627197,-1.4151039123535156,-0.525033712387085
1741033391223499000,186.0584990234375,-4.782145977020264,-0.39914417266845703,0.21596330404281616
1741033391233600300,186.06860034179687,-4.192812442779541,0.7800893783569336,0.9397777318954468
1741033391243701800,186.07870166015624,-3.227977752685547,2.1193618774414062,1.5778464078903198
1741033391253802800,186.088802734375,-2.3230509757995605,3.565951347351074,2.248166561126709
1741033391263904300,186.098904296875,-1.5888159275054932,4.679156303405762,2.682945728302002
1741033391274006000,186.1090061035156,-0.6549572348594666,5.0257768630981445,2.635775566101074
1741033391284107000,186.11910693359374,0.19374942779541016,4.760395050048828,1.9704575538635254
1741033391294208500,186.12920849609375,0.38669008016586304,4.343727111816406,1.0541472434997559
1741033391304310300,186.13931030273437,0.04936099052429199,4.030516624450684,0.0859413743019104
1741033391314602200,186.14960229492186,-0.40372782945632935,4.1925811767578125,-0.9026622772216797
1741033391324905700,186.15990576171876,-0.6726480722427368,4.726266860961914,-2.0979340076446533
1741033391335179500,186.1701794433594,-1.2792510986328125,5.0895490646362305,-3.0384998321533203
1741033391345309400,186.18030932617188,-1.1594650745391846,5.506104469299316,-4.234464645385742
1741033391355410400,186.19041040039062,2.040900707244873,5.976421356201172,-5.6286420822143555
1741033391365512200,186.20051220703124,5.2406744956970215,6.695569038391113,-6.706734657287598
1741033391375613400,186.2106135253906,4.473100662231445,6.677874565124512,-6.424416542053223
1741033391385714700,186.22071459960938,4.3017354011535645,4.819775581359863,-4.553753852844238
1741033391395816000,186.23081591796876,3.8963327407836914,1.8865394592285156,-2.841306447982788
1741033391405917400,186.24091748046874,4.521227836608887,-0.7105083465576172,-2.392559051513672
1741033391416019200,186.2510192871094,4.027557849884033,-2.1761722564697266,-2.4549829959869385
1741033391426120700,186.26112060546876,2.211627960205078,-2.4038968086242676,-2.4783787727355957
1741033391436377000,186.27137719726562,0.7657222747802734,-1.376479148864746,-2.165919065475464
1741033391446680600,186.2816806640625,-0.34446361660957336,0.6216917037963867,-1.9039026498794556
1741033391456983300,186.2919833984375,-2.1739449501037598,2.4060964584350586,-1.9871766567230225
1741033391467120000,186.3021201171875,-3.2328405380249023,3.673295021057129,-1.284952998161316
1741033391477220900,186.31222094726562,-1.6703325510025024,3.6615495681762695,-0.10066163539886475
1741033391487322600,186.32232250976563,0.8905813694000244,3.0125694274902344,1.3298008441925049
1741033391497423600,186.33242358398437,2.275967836380005,2.1330394744873047,2.4343385696411133
1741033391507525400,186.342525390625,3.5335326194763184,0.9744176864624023,2.659724235534668
1741033391517626600,186.3526267089844,3.973071575164795,-0.19603252410888672,1.9640326499938965
1741033391527727900,186.36272778320313,3.4186222553253174,-1.1665430068969727,1.045841932296753
1741033391537829000,186.3728291015625,2.698183536529541,-1.9176287651062012,0.3896030783653259
1741033391547930600,186.3829306640625,1.9281301498413086,-2.4939322471618652,-0.49364668130874634
1741033391558032100,186.3930322265625,0.8766535520553589,-2.821115493774414,-1.509258508682251
1741033391568133400,186.40313330078126,0.23124933242797852,-3.0612845420837402,-1.971773386001587
1741033391578235000,186.41323486328125,-0.2028261423110962,-3.281076431274414,-1.8444688320159912
1741033391588335900,186.4233359375,-0.5770478248596191,-3.474247455596924,-1.4641730785369873
1741033391598437400,186.4334372558594,-0.5217043161392212,-3.7546958923339844,-0.7004503011703491
1741033391608539100,186.4435390625,0.4938863515853882,-3.9092774391174316,0.5587148666381836
1741033391618640100,186.45364013671875,1.0401451587677002,-4.113731861114502,1.5807335376739502
1741033391628741600,186.46374169921876,0.8804244995117188,-4.246762275695801,2.402921438217163
1741033391638842600,186.4738425292969,0.3740503787994385,-4.355637550354004,3.1475932598114014
1741033391648944400,186.4839443359375,0.02888941764831543,-4.675449371337891,3.480018377304077
1741033391659046000,186.4940458984375,0.031389713287353516,-5.156497478485107,3.401350498199463
1741033391669147000,186.50414697265626,-0.004441738128662109,-5.502973556518555,3.3490538597106934
1741033391679248400,186.51424829101563,-0.18167424201965332,-5.747215747833252,3.311281204223633
1741033391689349600,186.524349609375,-0.2817525863647461,-5.864577293395996,3.360929012298584
1741033391699451000,186.53445092773438,-0.3061063289642334,-5.751867294311523,3.5770013332366943
1741033391709552000,186.54455224609376,-0.1670210361480713,-5.492040634155273,3.6542863845825195
1741033391719654000,186.55465380859374,-0.018893957138061523,-5.098982334136963,3.671138286590576
1741033391729755100,186.56475512695312,0.34621214866638184,-4.552374362945557,3.649310350418091
1741033391739856400,186.5748564453125,0.827946662902832,-3.9212074279785156,3.5446972846984863
1741033391749957600,186.58495751953126,1.3540751934051514,-3.2746057510375977,3.3211779594421387
1741033391760059100,186.59505908203124,1.9766101837158203,-2.420846462249756,3.1571011543273926
1741033391770161000,186.60516088867186,2.5443780422210693,-1.2990093231201172,2.9984378814697266
1741033391780261600,186.61526171875,2.6016626358032227,0.3001222610473633,2.7585370540618896
1741033391790363400,186.62536328125,1.953486442565918,2.2742509841918945,2.326880693435669
1741033391800464400,186.63546435546874,0.5262774229049683,4.34958553314209,1.9493987560272217
1741033391810542000,186.6455419921875,-1.4826239347457886,5.887079238891602,1.1807270050048828
1741033391820536300,186.65553637695314,-2.4950060844421387,5.9291791915893555,-0.28058964014053345
1741033391830840000,186.66584008789061,-2.173715829849243,4.029672622680664,-2.3772904872894287
1741033391841143300,186.67614331054688,-3.0131754875183105,2.4148950576782227,-4.060739994049072
1741033391851446000,186.68644604492187,-4.976052284240723,2.1612539291381836,-5.9281816482543945
1741033391861655800,186.69665576171874,-4.693935871124268,1.9237432479858398,-7.493174076080322
1741033391871768000,186.70676806640626,-0.8634194135665894,0.9924631118774414,-8.573053359985352
1741033391881869800,186.71686987304687,4.732036590576172,0.1779956817626953,-8.51889705657959
1741033391891971000,186.72697119140625,11.588562965393066,0.8408479690551758,-5.914624214172363
1741033391902072600,186.73707250976562,18.009319305419922,2.0343942642211914,-2.642796754837036
1741033391912173600,186.74717358398436,18.101016998291016,3.6168737411499023,-0.670341968536377
1741033391922275000,186.75727514648437,12.547640800476074,4.468692779541016,-0.912970781326294
1741033391932376800,186.767376953125,6.875228404998779,3.4112539291381836,-1.3418830633163452
1741033391942477600,186.7774775390625,2.04746150970459,2.7074079513549805,-0.48142969608306885
1741033391952579300,186.78757934570314,-0.8549251556396484,2.6674203872680664,0.3502770662307739
1741033391962680300,186.79768041992187,-1.8510372638702393,2.6349754333496094,0.662134051322937
1741033391972781800,186.80778173828125,-2.00024151802063,2.9893198013305664,1.379034399986267
1741033391982882800,186.8178828125,-1.4801051616668701,3.896190643310547,2.5892906188964844
1741033391992984600,186.82798461914064,-0.5252833366394043,4.743814468383789,3.7528557777404785
1741033392003086000,186.83808618164062,-0.4562227725982666,5.092852592468262,4.3686323165893555
1741033392013187300,186.8481872558594,-1.1691373586654663,5.218296051025391,4.795036315917969
1741033392023288600,186.85828857421876,-2.001556396484375,4.837620735168457,4.88751220703125
1741033392033389800,186.86838989257814,-2.810070514678955,3.6332597732543945,4.442478179931641
1741033392043491600,186.87849169921876,-3.412886619567871,1.8479375839233398,3.653333902359009
1741033392053592600,186.8885925292969,-3.5214109420776367,0.20382976531982422,2.9287095069885254
1741033392063694000,186.89869409179687,-2.9117159843444824,-0.9205741882324219,2.44901442527771
1741033392073795000,186.90879516601564,-2.2280356884002686,-1.7119569778442383,2.189213752746582
1741033392083896800,186.91889672851562,-2.010727643966675,-2.3088788986206055,2.1826491355895996
1741033392093998600,186.92899853515624,-2.360793113708496,-2.839524269104004,2.2868826389312744
1741033392104099300,186.93909936523437,-2.7751522064208984,-3.373429298400879,2.321605682373047
1741033392114201000,186.949201171875,-3.0368940830230713,-3.8670835494995117,2.2564353942871094
1741033392124302000,186.95930200195312,-3.084033966064453,-4.3251142501831055,2.1781654357910156
1741033392134403600,186.96940356445313,-3.0558724403381348,-4.715287685394287,2.0767922401428223
1741033392144505000,186.97950512695311,-2.9922518730163574,-5.033806800842285,2.0020368099212646
1741033392154606300,186.9896064453125,-2.96354079246521,-5.300643444061279,1.8686665296554565
1741033392164707600,186.99970751953126,-2.7840523719787598,-5.460789680480957,1.8214582204818726
1741033392174808800,187.00980883789063,-2.4495368003845215,-5.4716033935546875,1.7862262725830078
1741033392184910000,187.01991015625,-1.6505815982818604,-5.300060272216797,1.7370749711990356
1741033392195011600,187.03001147460938,-0.1981518268585205,-4.904864311218262,1.648022174835205
1741033392205113000,187.04011303710936,1.0550801753997803,-4.416826248168945,1.5203936100006104
1741033392215214300,187.05021435546874,0.351828932762146,-4.116360664367676,1.3996161222457886
1741033392225315800,187.06031591796875,-1.7500338554382324,-3.9333205223083496,0.8686224222183228
1741033392235416800,187.07041674804688,-3.039135217666626,-3.7278189659118652,0.043196678161621094
1741033392245518300,187.08051831054686,-3.967909336090088,-3.22836971282959,-0.5926276445388794
1741033392255620000,187.0906201171875,-4.277005195617676,-2.4066457748413086,-0.8536158800125122
1741033392265721000,187.10072119140625,-5.207612991333008,-1.6806888580322266,-1.0235594511032104
1741033392275822600,187.11082250976563,-5.773379325866699,-0.8744773864746094,-0.9156832695007324
1741033392285923600,187.12092358398436,-5.65960168838501,-0.0749979019165039,-0.42041516304016113
1741033392296025300,187.131025390625,-5.216099262237549,0.6614971160888672,0.20232480764389038
1741033392306126800,187.141126953125,-4.6267242431640625,1.4654264450073242,0.7131016254425049
1741033392316227800,187.15122778320313,-3.85754656791687,2.5742273330688477,1.2596514225006104
1741033392326329300,187.16132934570314,-3.0993921756744385,3.785372734069824,1.9213683605194092
1741033392336430600,187.1714306640625,-2.265866756439209,4.5635271072387695,2.326763153076172
1741033392346531800,187.18153173828125,-1.130997896194458,4.712708473205566,2.21097731590271
1741033392356633000,187.19163305664063,-0.3025340139865875,4.406353950500488,1.4578609466552734
1741033392366734800,187.20173486328125,-0.0008056163787841797,3.9601707458496094,0.4914039373397827
1741033392376836000,187.21183618164062,-0.0773230791091919,3.835317611694336,-0.49783754348754883
1741033392386937600,187.2219375,0.23363929986953735,4.1451416015625,-1.6048345565795898
1741033392397038600,187.23203857421876,3.0281097888946533,4.901480674743652,-2.8173828125
1741033392407140000,187.24214013671875,1.90260910987854,6.78287410736084,-3.1296868324279785
1741033392417241900,187.25224194335937,0.7210924625396729,7.944978713989258,-4.1794610023498535
1741033392427342600,187.2623425292969,0.9586483836174011,8.027885437011719,-5.323753356933594
1741033392437444400,187.2724443359375,2.548783779144287,7.241839408874512,-5.752166271209717
1741033392447545300,187.28254541015625,4.900622367858887,5.749639511108398,-5.164664268493652
1741033392457647000,187.29264721679687,5.081775188446045,4.030521392822266,-3.851940631866455
1741033392467748400,187.30274829101563,3.142549514770508,1.8962783813476562,-2.6922569274902344
1741033392477849600,187.312849609375,1.6021316051483154,-0.06139087677001953,-1.7506496906280518
1741033392487950800,187.32295092773438,1.0663905143737793,-1.4177446365356445,-1.1435703039169312
1741033392498052000,187.33305200195312,1.4451568126678467,-1.9462380409240723,-0.5783929824829102
1741033392508153600,187.34315356445313,1.7730458974838257,-1.449859619140625,-0.019799113273620605
1741033392518254800,187.3532548828125,1.7823944091796875,-0.3507251739501953,0.33350682258605957
1741033392528356600,187.36335668945313,1.7539186477661133,0.7636098861694336,0.6250975131988525
1741033392538457600,187.37345751953126,1.2527623176574707,1.0893640518188477,0.6299121379852295
1741033392548559000,187.38355908203124,0.8967496752738953,0.4606590270996094,0.5751234292984009
1741033392558660000,187.39366015625,0.6766998767852783,-0.43807315826416016,0.6795731782913208
1741033392568761900,187.40376196289063,0.37985455989837646,-1.1592512130737305,0.9027286767959595
1741033392578863400,187.41386328125,0.6593303680419922,-1.4726371765136719,1.2659136056900024
1741033392588964400,187.42396435546874,1.1797877550125122,-1.8870830535888672,1.637800931930542
1741033392599065900,187.43406591796875,1.765934705734253,-2.522881507873535,1.8672153949737549
1741033392609166800,187.44416674804688,1.9515117406845093,-3.0945067405700684,1.9667768478393555
1741033392619268600,187.4542685546875,1.915176272392273,-3.7010364532470703,2.066072702407837
1741033392629370000,187.4643701171875,1.8910317420959473,-4.277816295623779,2.05293869972229
1741033392639471400,187.4744714355469,1.8538668155670166,-4.663769721984863,2.172544240951538
1741033392649572600,187.48457250976563,2.030144214630127,-4.801636695861816,2.7200725078582764
1741033392659673900,187.494673828125,2.031865358352661,-5.118956089019775,3.098691463470459
1741033392669775000,187.50477514648438,1.5093506574630737,-5.566262722015381,3.1601126194000244
1741033392679876600,187.5148767089844,1.0142643451690674,-5.7652587890625,3.1662721633911133
1741033392689978400,187.52497827148437,0.5175690650939941,-5.851017951965332,3.083545207977295
1741033392700079400,187.53507934570314,0.09751659631729126,-5.858296871185303,3.1571879386901855
1741033392710180900,187.54518090820312,-0.2398577183485031,-5.685686111450195,3.162466287612915
1741033392720281900,187.55528173828125,-0.4788038730621338,-5.335504055023193,3.1820993423461914
1741033392730383400,187.56538330078126,-0.5535438060760498,-4.910853385925293,3.1941373348236084
1741033392740485000,187.57548510742188,-0.2914789021015167,-4.3789472579956055,2.993004322052002
1741033392750586000,187.58558618164062,0.12692570686340332,-3.563760757446289,2.721982955932617
1741033392760687600,187.5956875,0.43158501386642456,-2.6644973754882812,2.3427226543426514
1741033392770788600,187.60578857421876,0.9379496574401855,-1.9112434387207031,1.8779542446136475
1741033392780890000,187.61589013671875,1.4686636924743652,-1.3857803344726562,1.2490636110305786
1741033392790991400,187.62599145507812,2.020285129547119,-1.2950305938720703,0.6643158793449402
1741033392801093000,187.63609301757813,2.2778356075286865,-1.3962182998657227,0.3221292793750763
1741033392811194400,187.6461943359375,2.3391072750091553,-1.5321073532104492,0.1466984897851944
1741033392821295600,187.65629565429688,2.390353202819824,-1.1664438247680664,0.2711780369281769
1741033392831396900,187.66639697265626,2.42647385597229,-0.3125791549682617,0.2324698269367218
1741033392841498000,187.676498046875,2.0702905654907227,1.0534391403198242,-0.023233182728290558
1741033392851600000,187.68659985351562,1.2311350107192993,3.1104259490966797,-0.2296459674835205
1741033392861701000,187.696701171875,0.15282022953033447,5.212471008300781,-0.7561876177787781
1741033392871802600,187.706802734375,-0.20660579204559326,6.383692741394043,-2.1640355587005615
1741033392881903600,187.71690356445313,1.4756375551223755,6.1110944747924805,-4.266049861907959
1741033392892005000,187.72700512695312,3.335209369659424,4.51182746887207,-6.154053211212158
1741033392902107000,187.73710693359374,3.7724556922912598,2.834132194519043,-6.460283279418945
1741033392912208000,187.74720776367187,4.973021507263184,1.4828414916992188,-6.306669235229492
1741033392922309400,187.75730932617188,6.833588600158691,0.24306678771972656,-5.510641574859619
1741033392932410400,187.76741040039062,8.87905502319336,0.03806591033935547,-3.7198824882507324
1741033392942511900,187.77751196289063,10.346619606018066,0.5220317840576172,-1.611594796180725
1741033392952612900,187.78761279296876,9.599282264709473,1.3060522079467773,-0.04187881946563721
1741033392962714600,187.79771459960938,6.591741561889648,2.381747245788574,0.3460874557495117
1741033392972816100,187.80781616210936,4.320288181304932,3.16707706451416,0.573948323726654
1741033392982917400,187.81791748046874,3.746558666229248,2.561285972595215,1.726151943206787
1741033392993018600,187.8280185546875,2.780491828918457,2.438715934753418,2.0184640884399414
1741033393003119900,187.83811987304688,1.7357141971588135,3.215977668762207,2.308779716491699
1741033393013221600,187.8482216796875,1.0867969989776611,4.671469688415527,2.787543773651123
1741033393023322600,187.85832250976563,0.7245118618011475,6.434359550476074,3.845393419265747
1741033393033424100,187.8684240722656,0.17343950271606445,7.956840515136719,5.33038330078125
1741033393043525000,187.87852514648438,-0.851061224937439,8.83433723449707,6.8111467361450195
1741033393053627000,187.888626953125,-1.816612720489502,8.322279930114746,7.648993015289307
1741033393063728600,187.89872875976562,-2.639312982559204,6.279126167297363,7.484445095062256
1741033393073829400,187.9088293457031,-2.626819133758545,3.2399845123291016,6.0130720138549805
1741033393083931100,187.91893115234376,-2.3452889919281006,0.8019208908081055,4.6708664894104
1741033393094032100,187.9290322265625,-2.3728244304656982,-0.5861072540283203,3.743863105773926
1741033393104133600,187.93913354492187,-2.290601968765259,-1.4390068054199219,3.1545259952545166
1741033393114234600,187.9492346191406,-2.1624832153320312,-2.1922569274902344,2.7411725521087646
1741033393124336400,187.95933642578126,-2.29445219039917,-2.9796319007873535,2.4114623069763184
1741033393134437600,187.96943774414063,-2.358015775680542,-3.711421489715576,2.188279867172241
1741033393144539000,187.97953881835937,-2.4513416290283203,-4.323665142059326,2.043067693710327
1741033393154640100,187.98964013671875,-2.2754716873168945,-4.80983829498291,1.9532440900802612
1741033393164741600,187.99974169921876,-2.4110872745513916,-5.177896499633789,1.9467424154281616
1741033393174843400,188.00984350585938,-2.4440155029296875,-5.409432888031006,1.8721418380737305
1741033393184944400,188.0199443359375,-2.371009588241577,-5.657474517822266,1.79623544216156
1741033393195046000,188.0300458984375,-2.4729249477386475,-5.927299499511719,1.7021719217300415
1741033393205147000,188.04014697265626,-2.420780897140503,-6.162788391113281,1.5922595262527466
1741033393215248400,188.05024829101563,-2.254441499710083,-6.206517219543457,1.5730013847351074
1741033393225350100,188.06035009765625,-1.3207331895828247,-6.0573320388793945,1.5036877393722534
1741033393235451100,188.070451171875,1.8244223594665527,-5.436756134033203,1.2763965129852295
1741033393245552600,188.080552734375,11.12831974029541,-4.682490348815918,1.594227910041809
1741033393255653600,188.09065356445313,6.117157936096191,-4.870769023895264,3.4055662155151367
1741033393265755100,188.10075512695312,-4.049734115600586,-5.6608381271362305,3.6450247764587402
1741033393275856400,188.1108564453125,-10.308417320251465,-4.694311618804932,2.7805447578430176
1741033393285958000,188.1209580078125,-12.874494552612305,-3.504317283630371,1.545094609260559
1741033393296059400,188.13105932617188,-12.051288604736328,-2.9968342781066895,0.10793030261993408
1741033393306160600,188.14116064453125,-10.50291919708252,-2.957979679107666,-1.1140714883804321
1741033393316262000,188.15126196289063,-8.727804183959961,-3.204272747039795,-2.110910177230835
1741033393326363100,188.16136303710937,-7.158024787902832,-3.5126266479492188,-2.8897926807403564
1741033393336465000,188.17146484375,-6.035463333129883,-3.562035083770752,-2.817068338394165
1741033393346566100,188.18156616210936,-5.605867862701416,-3.244917392730713,-1.9566847085952759
1741033393356667600,188.19166772460937,-6.044760227203369,-2.4546875953674316,-0.9104539155960083
1741033393366768600,188.2017685546875,-6.738190650939941,-1.2441415786743164,0.023832201957702637
1741033393376870100,188.2118701171875,-7.220226764678955,0.4442787170410156,1.3058865070343018
1741033393386972000,188.22197192382814,-6.697610855102539,2.6055727005004883,3.074434280395508
1741033393397072600,188.23207275390624,-5.291506767272949,5.237115859985352,5.200074672698975
1741033393407174400,188.24217431640625,-2.602790117263794,7.553624153137207,7.0600056648254395
1741033393417275400,188.252275390625,0.3340558707714081,8.392992973327637,7.780448913574219
1741033393427377000,188.262376953125,4.116960525512695,7.49178409576416,6.809637069702148
1741033393437478000,188.27247778320313,5.817907333374023,7.163386344909668,5.163876533508301
1741033393447579600,188.28257958984375,4.38060188293457,7.26513671875,2.8821098804473877
1741033393457764600,188.2927646484375,2.635603189468384,7.712767601013184,0.8134657144546509
1741033393468068000,188.30306811523437,2.1308062076568604,8.1288480758667,-1.0649285316467285
1741033393478371300,188.31337133789063,3.1004602909088135,6.520362854003906,-3.5617642402648926
1741033393488568000,188.32356811523437,4.840421676635742,3.612545967102051,-5.279541969299316
1741033393498680600,188.3336806640625,5.102533340454102,0.932591438293457,-4.548454284667969
1741033393508781800,188.34378173828125,4.223494052886963,-0.8115129470825195,-3.7722489833831787
1741033393518883300,188.35388330078126,3.5768535137176514,-1.5878524780273438,-3.315044403076172
1741033393528985000,188.36398510742188,3.6458449363708496,-0.7421474456787109,-2.5875244140625
1741033393539085800,188.3740859375,4.307419776916504,1.4160270690917969,-1.2871085405349731
1741033393549187600,188.3841875,4.950058460235596,3.442157745361328,-0.2899667024612427
1741033393559288600,188.39428857421876,5.2974395751953125,4.433653831481934,0.4458756148815155
1741033393569390000,188.40439013671875,4.937685012817383,4.113277435302734,0.40575098991394043
1741033393579491000,188.41449096679688,3.905588388442993,2.773125648498535,-0.03100872039794922
1741033393589592800,188.4245927734375,1.7380397319793701,1.420034408569336,-0.631049633026123
1741033393599694000,188.43469409179687,0.27721449732780457,0.32091236114501953,-0.8739023208618164
1741033393609795300,188.44479541015625,0.4041569232940674,-0.45851802825927734,-0.5084373950958252
1741033393619896600,188.454896484375,0.7661274671554565,-1.2240114212036133,0.055922865867614746
1741033393629998000,188.464998046875,0.9193065166473389,-2.134941577911377,0.40599578619003296
1741033393640099800,188.47509985351562,0.9832847118377686,-3.0755438804626465,0.5707229375839233
1741033393650200800,188.48520092773438,0.9265503287315369,-3.8493270874023438,0.5994488000869751
1741033393660302300,188.49530224609376,0.9758625626564026,-4.429769992828369,0.5572742223739624
1741033393670403300,188.5054033203125,1.1963757276535034,-4.845374584197998,0.2882239520549774
1741033393680504800,188.5155048828125,1.0938018560409546,-5.172704696655273,0.14166897535324097
1741033393690605800,188.52560571289064,0.6019155979156494,-5.445608139038086,0.34391459822654724
1741033393700707600,188.53570751953126,0.2932247817516327,-5.447556495666504,0.9112834930419922
1741033393710809000,188.54580908203124,0.4536583423614502,-5.276683807373047,1.637369155883789
1741033393720910000,188.55591015625,0.6128947138786316,-5.408993721008301,2.1379172801971436
1741033393731011600,188.56601147460938,0.7118473052978516,-5.637286186218262,2.455650806427002
1741033393741112800,188.57611279296876,0.45765936374664307,-5.709323406219482,2.734153985977173
1741033393751214300,188.58621435546874,0.17528313398361206,-5.6936750411987305,3.1514430046081543
1741033393761315800,188.59631591796875,0.16546648740768433,-5.708608150482178,3.4007420539855957
1741033393771417000,188.6064169921875,0.07685691118240356,-5.846198558807373,3.4711978435516357
1741033393781518300,188.61651831054687,-0.0643913745880127,-5.9574103355407715,3.379761219024658
1741033393791619600,188.62661962890624,-0.15542995929718018,-5.930898666381836,3.281993865966797
1741033393801721300,188.6367214355469,-0.13030534982681274,-5.631494522094727,3.1290929317474365
1741033393811822600,188.64682250976563,0.09948241710662842,-5.117464542388916,2.920786142349243
1741033393821924000,188.65692407226564,0.542924165725708,-4.433903694152832,2.6659557819366455
1741033393832025000,188.66702514648438,0.8869432210922241,-3.67680025100708,2.400759220123291
1741033393842126600,188.6771267089844,1.0218307971954346,-2.8105363845825195,2.247789144515991
1741033393852227600,188.6872275390625,1.1709914207458496,-1.7597994804382324,2.1690988540649414
1741033393862329000,188.6973291015625,1.2412464618682861,-0.43546390533447266,2.090683937072754
1741033393872430800,188.70743090820312,1.0029914379119873,1.3864936828613281,2.024477243423462
1741033393882531800,188.71753173828125,0.07115042209625244,3.64609432220459,1.891672968864441
1741033393892633300,188.72763330078126,-1.486698865890503,5.947549819946289,0.5197637677192688
1741033393902734300,188.737734375,-1.811288595199585,7.213520050048828,-1.2910298109054565
1741033393912836000,188.74783618164062,-1.7931797504425049,6.903003692626953,-3.0337443351745605
1741033393922937600,188.7579375,-2.506338357925415,5.200125694274902,-4.500864028930664
1741033393933038800,188.76803881835937,-2.47049880027771,3.4160022735595703,-5.289263725280762
1741033393943140000,188.77814013671875,-0.9524937868118286,1.6808433532714844,-5.597236156463623
1741033393953241300,188.78824145507812,3.0716543197631836,-0.47076988220214844,-5.943707466125488
1741033393963343000,188.79834301757813,8.580242156982422,-0.5539112091064453,-5.44301700592041
1741033393973444000,188.80844409179687,15.184480667114258,1.617441177368164,-3.6570851802825928
1741033393983545600,188.81854565429688,20.26800537109375,3.372452735900879,-1.5136263370513916
1741033393993646600,188.828646484375,17.076536178588867,4.1829023361206055,-0.29986417293548584
1741033394003748400,188.83874829101563,9.600536346435547,3.4199628829956055,-0.3809802532196045
1741033394013849000,188.84884912109376,3.1480026245117188,2.87490177154541,-0.11194860935211182
1741033394023950800,188.85895092773438,-0.3604881763458252,3.4200868606567383,0.2691330909729004
1741033394034052600,188.86905249023437,-1.3842741250991821,4.503752708435059,0.7835097312927246
1741033394044153600,188.87915356445313,-1.0569307804107666,5.595404624938965,1.8927102088928223
1741033394054255000,188.88925512695312,-0.7947323322296143,6.525544166564941,3.5466115474700928
1741033394064356000,188.89935620117188,-0.8281569480895996,7.0813493728637695,5.218997001647949
1741033394074457900,188.90945776367187,-1.3979709148406982,7.153264999389648,6.392002105712891
1741033394084559000,188.91955908203124,-2.158179759979248,6.513276100158691,6.661744594573975
1741033394094660400,188.92966040039062,-2.942075490951538,4.833462715148926,6.040586471557617
1741033394104761600,188.93976171875,-2.911367893218994,2.5999507904052734,4.7778472900390625
1741033394114863000,188.94986303710937,-2.6439976692199707,0.8082771301269531,3.595252513885498
1741033394124964000,188.95996411132813,-2.629155397415161,-0.38593006134033203,2.8709816932678223
1741033394135065600,188.97006567382812,-2.577227830886841,-1.4030017852783203,2.445608615875244
1741033394145167400,188.98016748046874,-2.7924396991729736,-2.181342124938965,2.1001927852630615
1741033394155268400,188.99026831054687,-3.0095627307891846,-2.7333569526672363,1.8525407314300537
1741033394165369900,189.00036987304688,-3.033223867416382,-3.355576515197754,1.70707368850708
1741033394175470800,189.01047094726562,-3.0427684783935547,-3.9517054557800293,1.6489958763122559
1741033394185572600,189.02057250976563,-3.032939910888672,-4.447006702423096,1.6783535480499268
1741033394195674000,189.0306740722656,-2.849574565887451,-4.942798614501953,1.7124178409576416
1741033394205775000,189.04077514648438,-2.6270971298217773,-5.368051052093506,1.7037943601608276
1741033394215876600,189.05087670898436,-2.3949990272521973,-5.763586044311523,1.6777061223983765
1741033394225977900,189.06097778320313,-2.3346543312072754,-6.0234527587890625,1.6609055995941162
1741033394236079400,189.0710793457031,-2.466721534729004,-6.1312127113342285,1.6902382373809814
1741033394246180900,189.08118090820312,-2.450734853744507,-6.057748794555664,1.7509371042251587
1741033394256282000,189.0912822265625,-2.321287155151367,-5.796030044555664,1.779665231704712
1741033394266383400,189.10138330078124,-1.9473445415496826,-5.570315361022949,1.7444944381713867
1741033394276484600,189.1114846191406,-1.7489511966705322,-5.367337226867676,1.8091028928756714
1741033394286585900,189.1215859375,-1.7217097282409668,-5.09100341796875,1.8293836116790771
1741033394296687400,189.13168725585936,-1.5218665599822998,-4.742464065551758,1.8619894981384277
1741033394306789000,189.1417890625,-1.768673062324524,-4.288228511810303,1.8506734371185303
1741033394316890000,189.15189013671875,-2.3747663497924805,-3.6219544410705566,1.7357219457626343
1741033394326991600,189.16199169921876,-3.0511131286621094,-2.7924633026123047,1.359736442565918
1741033394337092600,189.17209252929686,-3.925279140472412,-1.5409202575683594,0.8475040793418884
1741033394347194000,189.18219409179687,-4.911805152893066,-0.18448638916015625,0.325971782207489
1741033394357295900,189.1922958984375,-5.5377278327941895,1.0356426239013672,-0.1416662335395813
1741033394367396900,189.20239697265626,-5.404642105102539,1.8983087539672852,-0.4966776967048645
1741033394377498400,189.21249829101563,-4.648630142211914,2.581296920776367,-0.5647807121276855
1741033394387599400,189.22259936523437,-4.008442401885986,3.169282913208008,-0.6798076033592224
1741033394397700900,189.23270092773438,-3.419492483139038,3.6157960891723633,-0.6908591389656067
1741033394407802000,189.24280200195312,-2.597440481185913,4.145114898681641,-0.6170464158058167
1741033394417903600,189.25290356445313,-1.8189377784729004,4.337521553039551,-0.6468077301979065
1741033394428005000,189.26300512695312,-1.1602709293365479,4.144162178039551,-0.7502703666687012
1741033394438106400,189.2731064453125,-1.114355444908142,3.944255828857422,-1.1170326471328735
1741033394448207600,189.28320751953126,-1.1127511262893677,4.004079818725586,-1.565392255783081
1741033394458308900,189.29330883789063,-1.0654189586639404,4.212191581726074,-2.1841986179351807
1741033394468410600,189.30341064453125,-0.5551086068153381,4.343940734863281,-2.917834758758545
1741033394478511600,189.31351171875,-0.2041943073272705,4.737922668457031,-3.9139742851257324
1741033394488613400,189.32361328125,1.456986665725708,5.460413932800293,-5.106747627258301
1741033394498714000,189.33371411132813,2.3627712726593018,6.173574447631836,-5.695394039154053
1741033394508816000,189.34381591796875,2.8990654945373535,5.4693145751953125,-5.200056552886963
1741033394518917600,189.35391772460937,3.3568060398101807,3.0463333129882812,-3.726290464401245
1741033394529018400,189.36401831054687,3.533808469772339,0.36360645294189453,-2.7552871704101562
1741033394539120000,189.3741201171875,3.3120012283325195,-1.2521238327026367,-2.2913119792938232
1741033394549221000,189.38422119140625,3.1171698570251465,-1.7588515281677246,-2.1959547996520996
1741033394559322600,189.39432250976563,1.8991413116455078,-1.125946044921875,-2.2636795043945312
1741033394569423600,189.40442358398437,0.5072070956230164,0.08617591857910156,-2.0039565563201904
1741033394579525400,189.414525390625,0.6654202342033386,1.591318130493164,-1.5717017650604248
1741033394589626600,189.42462670898436,0.5296884775161743,2.9510459899902344,-1.0960050821304321
1741033394599728000,189.43472802734374,-0.6101396083831787,3.7473535537719727,-0.4849581718444824
1741033394609829000,189.4448291015625,-0.28783583641052246,3.7189455032348633,0.33070898056030273
1741033394619930600,189.4549306640625,1.9441229104995728,3.257021903991699,1.194406270980835
1741033394630032400,189.46503247070314,2.972465753555298,2.3828125,1.6565948724746704
1741033394640133400,189.47513330078124,3.065993309020996,1.4161462783813477,1.9338756799697876
1741033394650235000,189.48523486328125,2.4750025272369385,0.35701751708984375,1.8753952980041504
1741033394660335900,189.4953359375,2.0386252403259277,-0.5810985565185547,1.6442627906799316
1741033394670437600,189.50543774414064,1.7478883266448975,-1.2917518615722656,1.2418982982635498
1741033394680539100,189.5155390625,1.1233757734298706,-1.9580464363098145,0.7247884273529053
1741033394690640100,189.52564013671875,0.5112572908401489,-2.5557069778442383,0.29445862770080566
1741033394700741600,189.53574169921876,0.22338098287582397,-2.960568904876709,-0.10774785280227661
1741033394710842600,189.54584252929686,0.3492254614830017,-3.1423187255859375,-0.2519407272338867
1741033394720944000,189.55594409179687,0.5831066966056824,-3.591092109680176,-0.17364615201950073
1741033394731045400,189.56604541015625,0.4778496026992798,-3.926912784576416,0.6211090087890625
1741033394741147100,189.57614721679687,0.7440097332000732,-3.973801612854004,1.8260115385055542
1741033394751248400,189.58624829101564,1.0029274225234985,-4.218119144439697,2.833081007003784
1741033394761349600,189.596349609375,0.7027950286865234,-4.594517707824707,3.367544174194336
1741033394771451000,189.6064509277344,0.8505622148513794,-4.906246662139893,3.742222785949707
1741033394781552400,189.61655249023437,1.0393139123916626,-5.229507923126221,4.073290824890137
1741033394791654000,189.62665380859374,0.5153948068618774,-5.546266555786133,4.3586201667785645
1741033394801755100,189.63675512695312,0.2797631025314331,-6.171745300292969,3.745063543319702
1741033394811856600,189.64685668945313,0.05660688877105713,-6.690138816833496,3.0546481609344482
1741033394821957600,189.65695751953126,0.013678669929504395,-7.080751895904541,2.4785404205322266
1741033394832059100,189.66705908203124,-0.126731276512146,-7.210508823394775,2.21201229095459
1741033394842160000,189.67716015625,-0.1257385015487671,-6.855283260345459,2.266242027282715
1741033394852262000,189.68726196289063,0.011379599571228027,-6.191507816314697,2.4751009941101074
1741033394862363400,189.69736328125,0.44378232955932617,-5.37222146987915,2.6716020107269287
1741033394872464400,189.70746435546874,0.799304723739624,-4.448060512542725,2.7365846633911133
1741033394882566000,189.71756591796876,1.2198339700698853,-3.5178017616271973,2.833245038986206
1741033394892667100,189.72766723632813,1.5074578523635864,-2.4052186012268066,3.001880645751953
1741033394902768600,189.7377685546875,1.6700265407562256,-1.040964126586914,3.0952389240264893
1741033394912870100,189.7478701171875,1.1544969081878662,0.7645635604858398,3.0818068981170654
1741033394922971400,189.75797143554686,-0.04945528507232666,2.739150047302246,2.831671953201294
1741033394933192000,189.76819189453124,-1.0071821212768555,4.796144485473633,2.7513184547424316
1741033394943495400,189.7784953613281,-2.101700782775879,6.336056709289551,2.3742427825927734
1741033394953798400,189.78879833984374,-2.274984836578369,6.226070404052734,1.4112553596496582
1741033394963966200,189.79896630859375,-1.9935696125030518,5.017348289489746,-0.48747801780700684
1741033394974072300,189.809072265625,-2.272972583770752,4.037650108337402,-3.808450222015381
1741033394984174000,189.81917407226564,-4.321024417877197,3.7480716705322266,-6.487110137939453
1741033394994274800,189.82927490234374,-4.545357704162598,3.303502082824707,-9.11715316772461
1741033395004376600,189.83937646484375,-0.6906226873397827,1.9433879852294922,-10.053963661193848
1741033395014477600,189.8494775390625,5.273463726043701,1.4068613052368164,-9.030811309814453
1741033395024579000,189.8595791015625,14.180871963500977,2.010469436645508,-6.812169075012207
1741033395034680000,189.86968017578124,15.737554550170898,4.666099548339844,-3.8444557189941406
1741033395044781800,189.87978173828125,10.60926628112793,5.220694541931152,-3.0789241790771484
1741033395054883300,189.88988330078126,7.069634437561035,3.158411979675293,-1.8810702562332153
1741033395064984600,189.89998461914064,3.8166048526763916,1.7900571823120117,-0.025082826614379883
1741033395075085800,189.9100859375,1.882730484008789,1.6861858367919922,0.7789803147315979
1741033395085187000,189.92018701171875,0.8468585014343262,2.8028736114501953,1.3550602197647095
1741033395095288800,189.93028881835937,0.4911468029022217,4.674835205078125,2.1724741458892822
1741033395105389800,189.94038989257814,0.11365509033203125,6.476840972900391,3.1661694049835205
1741033395115491300,189.9504912109375,-0.35552334785461426,7.317403793334961,3.980924129486084
1741033395125592300,189.96059228515625,-0.7740373611450195,7.023219108581543,4.4732346534729
1741033395135694000,189.97069409179687,-1.2711341381072998,5.600512504577637,4.196505069732666
1741033395145795600,189.98079565429688,-1.3621124029159546,3.49893856048584,3.264859676361084
1741033395155896600,189.990896484375,-1.4290590286254883,1.7340803146362305,2.407522201538086
1741033395165998300,190.00099829101563,-1.197638750076294,0.44139862060546875,2.0834765434265137
1741033395176099300,190.01109936523437,-1.2579796314239502,-0.5204315185546875,2.168948173522949
1741033395186200800,190.02120092773438,-1.7221862077713013,-1.357314109802246,2.3898043632507324
1741033395196301800,190.0313017578125,-2.3237369060516357,-2.066040515899658,2.563826322555542
1741033395206403600,190.04140356445313,-2.5463788509368896,-2.670971393585205,2.6221017837524414
1741033395216504800,190.0515048828125,-2.6874067783355713,-3.2446632385253906,2.593630313873291
1741033395226606000,190.06160620117188,-2.861422538757324,-3.779447078704834,2.464686870574951
1741033395236707300,190.07170727539062,-2.8607821464538574,-4.320232391357422,2.334207057952881
1741033395246808800,190.08180883789063,-2.792039394378662,-4.772885322570801,2.2279911041259766
1741033395256910300,190.09191040039062,-2.591498374938965,-5.137642860412598,2.172947883605957
1741033395267011600,190.10201147460938,-2.413550853729248,-5.36531400680542,2.1469855308532715
1741033395277113000,190.11211303710937,-2.2224435806274414,-5.419134140014648,2.190403461456299
1741033395287214000,190.12221411132813,-1.916332483291626,-5.333076000213623,2.30061674118042
1741033395297315600,190.13231567382812,-1.448639154434204,-5.038386821746826,2.3853816986083984
1741033395307417300,190.14241723632813,-0.5866281390190125,-4.541378021240234,2.402462959289551
1741033395317518300,190.15251831054687,0.1486545205116272,-4.124337196350098,2.3033270835876465
1741033395327619800,190.16261987304688,0.06431430578231812,-3.9728493690490723,2.1600937843322754
1741033395337720800,190.17272094726562,-1.108963131904602,-4.025391101837158,1.7518121004104614
1741033395347822300,190.182822265625,-2.197516679763794,-3.9376721382141113,1.0740444660186768
1741033395357923600,190.19292358398437,-2.594214677810669,-3.7221455574035645,0.6366709470748901
1741033395368025000,190.20302514648438,-3.286634683609009,-3.517625331878662,0.33867746591567993
1741033395378126600,190.21312670898436,-4.059752464294434,-3.179826259613037,-0.06368112564086914
1741033395388227800,190.22322778320313,-4.276181221008301,-2.625065326690674,-0.11538487672805786
1741033395398329000,190.2333291015625,-4.170566558837891,-2.0282645225524902,0.010641932487487793
1741033395408430300,190.24343041992188,-3.783655881881714,-1.2881145477294922,0.3458741307258606
1741033395418532000,190.25353198242186,-3.469533920288086,-0.27468204498291016,0.7740252017974854
1741033395428633000,190.26363305664063,-2.8567535877227783,0.8256969451904297,1.2275023460388184
1741033395438734800,190.27373486328125,-2.0897419452667236,1.986490249633789,1.6515016555786133
1741033395448835600,190.28383569335938,-1.4891576766967773,3.110128402709961,1.9536231756210327
1741033395458937300,190.29393725585936,-0.8284022808074951,3.9820938110351562,2.013972759246826
1741033395469039000,190.3040390625,-0.24561923742294312,4.437408447265625,1.6961171627044678
1741033395479139800,190.3141398925781,0.05635719373822212,4.764124870300293,1.0046355724334717
1741033395489241600,190.32424169921876,-0.010999761521816254,4.821345329284668,-0.08137500286102295
1741033395499342600,190.33434252929686,-0.2028205841779709,4.793627738952637,-1.299459457397461
1741033395509444000,190.34444409179687,-0.3328719735145569,4.631234169006348,-2.3357789516448975
1741033395519545000,190.3545451660156,0.23785513639450073,4.535836219787598,-3.393799304962158
1741033395529646800,190.36464672851562,1.6977202892303467,5.228039741516113,-4.153145790100098
1741033395539748000,190.374748046875,2.620717763900757,6.458169937133789,-5.890352249145508
1741033395549849300,190.38484936523437,2.2815630435943604,7.446831703186035,-7.213377475738525
1741033395559950600,190.39495068359375,2.9429123401641846,6.848520278930664,-6.6465983390808105
1741033395570052000,190.40505200195312,5.294232368469238,4.998287200927734,-4.833411693572998
1741033395580153900,190.41515380859374,5.9316182136535645,2.073611259460449,-3.1698107719421387
1741033395590254800,190.4252548828125,4.893442630767822,-0.45100879669189453,-2.1031250953674316
1741033395600356400,190.4353564453125,3.9670331478118896,-1.6817502975463867,-1.3024591207504272
1741033395610457300,190.44545727539062,1.9931092262268066,-1.6252670288085938,-1.2207906246185303
1741033395620559000,190.45555908203124,-0.06987373530864716,-0.5805931091308594,-1.3261805772781372
1741033395630659800,190.46565991210937,-2.5037918090820312,0.8788261413574219,-1.4741073846817017
1741033395640761600,190.47576171875,-1.1852023601531982,2.2666006088256836,-0.7963685989379883
1741033395650863000,190.48586303710937,1.504807472229004,2.8599815368652344,0.5863674879074097
1741033395660964000,190.49596411132814,2.798677444458008,2.9027957916259766,1.8870376348495483
1741033395671065600,190.50606567382812,3.1642608642578125,2.5904645919799805,2.5077004432678223
1741033395681166800,190.51616674804689,3.042954921722412,1.803025245666504,2.132399082183838
1741033395691268600,190.5262685546875,2.4502580165863037,0.7758007049560547,1.3141804933547974
1741033395701369900,190.53636987304688,1.8422443866729736,-0.15828323364257812,0.5443037748336792
1741033395711471000,190.54647119140625,1.2858765125274658,-0.9496469497680664,0.007921040058135986
1741033395721572400,190.556572265625,0.7481064200401306,-1.5844154357910156,-0.37361764907836914
1741033395731673900,190.566673828125,0.36620092391967773,-2.339695453643799,-0.4771471619606018
1741033395741775400,190.576775390625,0.21740314364433289,-2.9759674072265625,-0.08093535900115967
1741033395751876600,190.58687670898436,-0.006364002823829651,-3.684370517730713,0.33898434042930603
1741033395761978000,190.59697802734374,-0.28900906443595886,-4.309280872344971,0.7181299924850464
1741033395772079000,190.6070791015625,-0.25637000799179077,-4.811164855957031,1.1146973371505737
1741033395782180600,190.6171806640625,-0.31990328431129456,-5.120314598083496,1.601814866065979
1741033395792281600,190.62728149414062,-0.2101258933544159,-5.32381534576416,2.065948963165283
1741033395802383400,190.63738330078124,-0.0913345217704773,-5.348695278167725,2.6640396118164062
1741033395812484900,190.64748486328125,-0.16882485151290894,-5.372942924499512,2.9337265491485596
1741033395822585900,190.6575859375,-0.2505451440811157,-5.386176586151123,2.7744131088256836
1741033395832687400,190.66768725585936,-0.2957497835159302,-5.382918357849121,2.734726905822754
1741033395842788400,190.67778833007813,0.04743993282318115,-5.377617835998535,2.8241827487945557
1741033395852890000,190.68789013671875,0.6220026016235352,-5.661794662475586,2.7740375995635986
1741033395862991600,190.69799169921876,0.9493182897567749,-6.098004341125488,2.7430715560913086
1741033395873092900,190.7080927734375,1.3635671138763428,-6.240838050842285,2.704202890396118
1741033395883194000,190.71819409179687,1.424709677696228,-5.821032524108887,2.547269582748413
1741033395893295400,190.72829541015625,1.4062610864639282,-5.231564521789551,2.3619577884674072
1741033395903396600,190.73839672851562,1.4498441219329834,-4.5030717849731445,2.3617053031921387
1741033395913498000,190.748498046875,1.6301372051239014,-3.5142745971679688,2.6221888065338135
1741033395923599600,190.758599609375,1.9454669952392578,-2.33599853515625,2.9770262241363525
1741033395933700600,190.76870068359375,2.0507655143737793,-0.9927139282226562,3.0087554454803467
1741033395943802400,190.77880224609376,1.5485906600952148,0.6593141555786133,2.8170785903930664
1741033395953903000,190.78890307617186,0.42165863513946533,2.6438093185424805,2.296661376953125
1741033395964004900,190.7990048828125,-0.9509649276733398,4.593598365783691,1.6581153869628906
1741033395974106600,190.80910668945313,-1.499776840209961,5.668837547302246,1.0781092643737793
1741033395984207600,190.81920751953126,-1.7173904180526733,5.47148323059082,-0.13977131247520447
1741033395994309000,190.82930908203124,-1.5205209255218506,4.316235542297363,-1.9436357021331787
1741033396004410000,190.83941015625,-2.763552665710449,3.3684282302856445,-4.251880645751953
1741033396014511600,190.84951171875,-4.316198348999023,2.787385940551758,-6.054093360900879
1741033396024612900,190.85961279296876,-5.338644981384277,2.2010107040405273,-7.46211576461792
1741033396034714400,190.86971435546874,-3.588423252105713,1.4761848449707031,-8.174152374267578
1741033396044815600,190.87981567382812,2.092682361602783,0.5071916580200195,-8.63507080078125
1741033396054917000,190.88991723632813,11.552694320678711,-0.050441741943359375,-8.97343635559082
1741033396065018000,190.90001806640626,18.328514099121094,1.507868766784668,-6.196240425109863
1741033396075119600,190.91011962890624,19.285512924194336,3.6247997283935547,-2.0592808723449707
1741033396085221400,190.92022143554686,13.502490043640137,5.196206092834473,-0.0790104866027832
1741033396095322400,190.930322265625,8.536288261413574,5.172360420227051,0.11602818965911865
1741033396105424000,190.940423828125,3.872797727584839,4.359617233276367,0.27169275283813477
1741033396115524900,190.95052490234374,0.9907581806182861,3.3349123001098633,0.2448025941848755
1741033396125626600,190.96062670898436,-0.9423189163208008,2.4771194458007812,0.13220202922821045
1741033396135728000,190.97072802734374,-1.6784802675247192,2.2069215774536133,0.7301797270774841
1741033396145829000,190.9808291015625,-1.5486345291137695,2.854222297668457,2.1047990322113037
1741033396155930600,190.9909306640625,-1.421702265739441,3.8453826904296875,3.6992225646972656
1741033396166032000,191.00103198242186,-1.7456963062286377,4.431744575500488,4.78431510925293
1741033396176133000,191.01113305664063,-2.2575862407684326,4.328435897827148,5.054279804229736
1741033396186234400,191.021234375,-2.571488380432129,3.9276952743530273,5.03237247467041
1741033396196336000,191.03133618164063,-2.5324995517730713,3.209406852722168,4.697241306304932
1741033396206437400,191.04143725585936,-2.3293874263763428,2.284041404724121,3.8575196266174316
1741033396216538600,191.05153857421874,-2.272101879119873,1.1507692337036133,2.965163230895996
1741033396226640000,191.0616398925781,-2.4248504638671875,-0.03583717346191406,2.3612759113311768
1741033396236741400,191.07174145507813,-2.9623608589172363,-1.0565109252929688,1.9699933528900146
1741033396246843100,191.08184301757814,-3.3005504608154297,-1.8976325988769531,1.7403521537780762
1741033396256944000,191.09194409179688,-3.36234712600708,-2.560481548309326,1.6985840797424316
1741033396267045600,191.1020456542969,-3.328852415084839,-3.1833815574645996,1.7266067266464233
1741033396277146600,191.11214672851563,-3.199080228805542,-3.746121406555176,1.7390520572662354
1741033396287248100,191.122248046875,-3.096050262451172,-4.183696746826172,1.7807114124298096
1741033396297349000,191.13234912109374,-3.0239272117614746,-4.468865394592285,1.8255259990692139
1741033396307451000,191.1424509277344,-2.9853572845458984,-4.653456687927246,1.8599852323532104
1741033396317552400,191.15255249023437,-2.900373935699463,-4.69367790222168,1.9487240314483643
1741033396327653400,191.1626533203125,-2.775444984436035,-4.6026129722595215,2.0676419734954834
1741033396337755000,191.1727548828125,-2.7233428955078125,-4.419166088104248,2.159705638885498
1741033396347856100,191.1828562011719,-2.4857378005981445,-4.078056812286377,2.2544078826904297
1741033396357958000,191.1929580078125,-0.9850746393203735,-3.5813937187194824,2.2370903491973877
1741033396368059100,191.20305908203125,3.3137006759643555,-2.9276628494262695,2.1774330139160156
1741033396378160400,191.21316040039062,5.841283798217773,-2.837679862976074,1.8477466106414795
1741033396388261600,191.22326171875,1.2171348333358765,-4.180685043334961,1.341252088546753
1741033396398363000,191.23336279296876,-2.8211820125579834,-5.065905570983887,0.26260215044021606
1741033396408464100,191.24346411132814,-3.886415958404541,-5.091743469238281,-0.7912185192108154
1741033396418565600,191.25356567382812,-4.340892314910889,-4.899775505065918,-1.4105457067489624
1741033396428667400,191.26366748046874,-6.011386871337891,-4.3572587966918945,-1.9636738300323486
1741033396438768000,191.27376806640626,-7.236126899719238,-3.5344324111938477,-2.153865337371826
1741033396448870000,191.28386987304688,-7.691254138946533,-2.590211868286133,-1.7407760620117188
1741033396458971000,191.29397094726562,-7.256721019744873,-1.6526594161987305,-1.1611274480819702
1741033396469072600,191.30407275390624,-6.5475263595581055,-0.7082796096801758,-0.3172202706336975
1741033396479174100,191.31417407226562,-5.839433670043945,0.2822885513305664,0.47207358479499817
1741033396489275100,191.32427514648438,-5.079568862915039,1.412531852722168,1.0348182916641235
1741033396499376600,191.33437670898437,-4.15046501159668,2.891063690185547,1.7645890712738037
1741033396509477600,191.3444775390625,-2.8993279933929443,4.489297866821289,2.450530529022217
1741033396519579100,191.3545791015625,-1.6957796812057495,5.859723091125488,2.9269402027130127
1741033396529680400,191.36468041992188,-0.0732039138674736,6.44185733795166,2.734144449234009
1741033396539782100,191.3747822265625,0.8111687898635864,6.256777763366699,1.9064106941223145
1741033396549883100,191.38488305664063,1.4870070219039917,5.289915084838867,0.674889862537384
1741033396559984600,191.39498461914062,3.8541274070739746,4.184771537780762,-0.6042036414146423
1741033396570085600,191.40508569335938,3.4322831630706787,3.6462135314941406,-1.291475534439087
1741033396580187400,191.4151875,2.048840045928955,4.100934028625488,-1.5072486400604248
1741033396590289000,191.42528881835938,0.9969411492347717,5.313961029052734,-1.5635035037994385
1741033396600390000,191.43538989257812,1.5606523752212524,5.4945783615112305,-2.646728038787842
1741033396610491600,191.44549169921876,3.4846255779266357,3.7528276443481445,-3.6656205654144287
1741033396620592400,191.45559228515626,4.581428527832031,1.5026206970214844,-3.432446002960205
1741033396630694100,191.46569409179688,4.69645357131958,-0.26717662811279297,-3.0844075679779053
1741033396640795100,191.47579516601562,4.611187934875488,-0.7243757247924805,-2.071089029312134
1741033396650897000,191.48589697265626,4.282866954803467,-0.17211341857910156,-1.5242201089859009
1741033396660998100,191.495998046875,3.894132137298584,0.8327302932739258,-1.331218957901001
1741033396671099400,191.50609936523438,2.697676181793213,2.3016719818115234,-1.0678832530975342
1741033396681200600,191.51620068359375,1.0840675830841064,3.655838966369629,-0.7400304079055786
1741033396691302000,191.52630200195313,0.9534109234809875,3.9558820724487305,-0.2939037084579468
1741033396701403600,191.53640356445314,2.1928529739379883,3.2237462997436523,0.3197328448295593
1741033396711505000,191.5465048828125,2.794121503829956,2.15091609954834,0.7737410068511963
1741033396721606400,191.5566064453125,2.72240948677063,1.1388225555419922,0.7868899703025818
1741033396731707400,191.56670727539063,2.6602418422698975,0.24872684478759766,0.5717313885688782
1741033396741809000,191.57680883789064,2.3382785320281982,-0.5564594268798828,0.3976743221282959
1741033396751910000,191.58690991210938,1.728764295578003,-1.239166259765625,0.36881619691848755
1741033396762011600,191.59701171875,0.9560179710388184,-1.6753273010253906,0.6207917332649231
1741033396772113200,191.60711303710937,0.4410954713821411,-2.0359625816345215,0.7180943489074707
1741033396782214100,191.61721411132814,-0.05795109272003174,-2.4234652519226074,0.87542724609375
1741033396792315600,191.62731567382812,-0.3079007565975189,-2.9209952354431152,1.1184968948364258
1741033396802416600,191.6374167480469,-0.3014180064201355,-3.347527027130127,1.588256597518921
1741033396812518400,191.64751831054687,-0.3743802011013031,-3.720968723297119,2.2472922801971436
1741033396822620000,191.65761987304688,-0.3709849715232849,-3.938624382019043,3.056480884552002
1741033396832721200,191.66772119140626,-0.2397107481956482,-4.2045159339904785,3.3941030502319336
1741033396842822400,191.67782250976563,-0.19942085444927216,-4.554058074951172,3.380945920944214
1741033396852923600,191.68792358398437,-0.3636104464530945,-4.8239336013793945,3.525501012802124
1741033396863025000,191.69802490234375,-0.5472897887229919,-4.998753547668457,3.6674938201904297
1741033396873126400,191.70812646484376,-0.4179946184158325,-5.0979743003845215,3.2970376014709473
1741033396883228000,191.71822778320313,-0.12513954937458038,-5.327308177947998,2.516202449798584
1741033396893329200,191.7283291015625,0.11601883172988892,-5.559955596923828,1.8463215827941895
1741033396903430700,191.7384306640625,0.3042929768562317,-5.720444679260254,1.3736848831176758
1741033396913531600,191.74853173828126,0.525198221206665,-5.80608606338501,0.889676570892334
1741033396923633200,191.75863305664063,0.5999749302864075,-5.798528671264648,0.43992477655410767
1741033396933735000,191.76873486328125,0.6774646043777466,-5.677397727966309,0.08056625723838806
1741033396943836000,191.7788359375,0.5686430931091309,-5.409717559814453,-0.08049449324607849
1741033396953937400,191.7889375,0.5616770386695862,-4.892884254455566,0.17499682307243347
1741033396964038400,191.79903833007813,0.6366480588912964,-4.151225566864014,0.5866389274597168
1741033396974140000,191.80913989257812,0.7516052722930908,-3.1960506439208984,0.9697317481040955
1741033396984241200,191.8192412109375,0.8585580587387085,-1.7351369857788086,1.4649262428283691
1741033396994342700,191.8293427734375,0.4997906982898712,0.19884204864501953,1.917415976524353
1741033397004444200,191.83944409179688,-0.010354846715927124,2.4132652282714844,2.353811025619507
1741033397014545400,191.84954541015625,-1.144229531288147,4.748079299926758,2.4450323581695557
1741033397024646700,191.85964672851563,-2.7995471954345703,6.438970565795898,1.4902602434158325
1741033397034748000,191.86974780273437,-1.909364938735962,6.13461971282959,-0.8832469582557678
1741033397044849700,191.879849609375,0.9372623562812805,4.590426445007324,-3.089146375656128
1741033397054950700,191.88995068359375,0.8525621891021729,3.064891815185547,-4.492123126983643
1741033397065052200,191.90005224609374,-1.3599636554718018,2.2349109649658203,-4.973657608032227
1741033397075153200,191.91015307617187,-2.0781002044677734,1.9572162628173828,-4.994385242462158
1741033397085255000,191.9202548828125,-0.7674615383148193,2.296666145324707,-4.35301399230957
1741033397095355600,191.93035571289062,5.085788726806641,2.942983627319336,-2.50618314743042
1741033397105457400,191.94045751953124,15.299674987792969,3.5711660385131836,0.24150371551513672
1741033397115559200,191.95055908203125,15.583114624023438,6.5400285720825195,1.1571044921875
1741033397125660200,191.96066015625,12.773613929748535,6.414769172668457,-0.07967960834503174
1741033397135761700,191.97076171875,8.751649856567383,3.159001350402832,-1.4113597869873047
1741033397145862700,191.98086254882813,4.46879768371582,1.0025091171264648,-1.016136646270752
1741033397155964200,191.9909641113281,1.9988572597503662,0.672083854675293,0.001962423324584961
1741033397166065400,192.0010654296875,1.1053071022033691,1.835291862487793,1.1230688095092773
1741033397176167000,192.0111669921875,0.7083995342254639,3.7086973190307617,2.4544625282287598
1741033397186268200,192.02126806640624,0.2507669925689697,5.449950218200684,3.9256551265716553
1741033397196369700,192.03136962890625,-0.5041801929473877,6.523268699645996,5.110743045806885
1741033397206470700,192.041470703125,-1.3152804374694824,6.689314842224121,5.62887716293335
1741033397216572200,192.051572265625,-2.053523302078247,6.078517913818359,5.532921314239502
1741033397226674000,192.061673828125,-2.3243677616119385,4.657784461975098,4.699742317199707
1741033397236775000,192.07177490234375,-2.2918529510498047,2.858365058898926,3.539395809173584
1741033397246876700,192.08187670898437,-2.124323606491089,1.338057518005371,2.6829657554626465
1741033397256977400,192.09197729492186,-2.0671133995056152,0.011807441711425781,2.3740954399108887
1741033397267079200,192.1020791015625,-2.4613142013549805,-1.425912857055664,2.0549778938293457
1741033397277180200,192.11218017578125,-2.913311004638672,-2.519564628601074,1.8432953357696533
1741033397287281700,192.12228173828126,-3.071472406387329,-3.223816394805908,1.7414119243621826
1741033397297383200,192.13238305664063,-3.1560940742492676,-3.734996795654297,1.6533594131469727
1741033397307484400,192.142484375,-3.0971217155456543,-4.029850959777832,1.6104298830032349
1741033397317585700,192.15258569335938,-3.1188716888427734,-4.163646221160889,1.6223828792572021
1741033397327687000,192.16268701171876,-3.1911487579345703,-4.227771759033203,1.631737470626831
1741033397337788700,192.17278857421874,-3.185534954071045,-4.259573936462402,1.6771939992904663
1741033397347890000,192.18288989257812,-3.1929640769958496,-4.288048267364502,1.7255152463912964
1741033397357991200,192.1929912109375,-2.99916410446167,-4.348999500274658,1.774452567100525
1741033397368092400,192.20309252929687,-2.7298855781555176,-4.368190288543701,1.830297589302063
1741033397378194000,192.21319384765624,-2.4373676776885986,-4.259261608123779,1.8603049516677856
1741033397388295000,192.223294921875,-2.3685901165008545,-4.1682329177856445,1.8649194240570068
1741033397398396400,192.233396484375,-1.6400513648986816,-4.0361833572387695,1.85289466381073
1741033397408498200,192.2434982910156,-0.8995388746261597,-3.927938938140869,1.6868209838867188
1741033397418599200,192.25359912109374,-1.066626787185669,-3.8356986045837402,1.4303628206253052
1741033397428700700,192.26370068359375,-2.341554641723633,-3.5851073265075684,0.987047553062439
1741033397438801700,192.2738017578125,-3.87673282623291,-3.223585605621338,0.25786852836608887
1741033397448903200,192.28390307617187,-4.710227966308594,-2.8533716201782227,-0.26667070388793945
1741033397459004400,192.29400439453124,-4.996875762939453,-2.417654514312744,-0.5029244422912598
1741033397469106000,192.30410595703125,-4.978974342346191,-1.6265530586242676,-0.4315769672393799
1741033397479207400,192.31420751953124,-4.632562160491943,-0.8881311416625977,-0.4447343349456787
1741033397489308700,192.32430859375,-4.098065376281738,-0.13364505767822266,-0.4190562963485718
1741033397499410000,192.33440991210938,-3.5481982231140137,0.6398334503173828,-0.33499300479888916
1741033397509511200,192.34451123046875,-3.063899040222168,1.502671241760254,-0.14716005325317383
1741033397519613000,192.35461303710937,-2.230970859527588,2.0554018020629883,-0.0131608247756958
1741033397529714000,192.3647138671875,-1.4893639087677002,2.4246206283569336,0.035632312297821045
1741033397539815700,192.37481567382812,-0.9728603363037109,2.859783172607422,0.036070823669433594
1741033397549916700,192.38491674804686,-0.6404390931129456,3.1736526489257812,-0.18032222986221313
1741033397560018200,192.39501806640624,-0.4370644986629486,3.3339786529541016,-0.6226671934127808
1741033397570119200,192.405119140625,-0.3002334237098694,3.406365394592285,-1.1355379819869995
1741033397580220700,192.415220703125,0.21172094345092773,3.636343002319336,-1.9076569080352783
1741033397590322400,192.42532250976564,1.413986086845398,4.940914154052734,-2.60837984085083
1741033397600423400,192.43542333984374,1.7759640216827393,7.159262657165527,-3.6840500831604004
1741033397610525000,192.44552490234375,1.2326370477676392,8.354188919067383,-5.041762351989746
1741033397620626000,192.4556259765625,1.1503984928131104,6.156177520751953,-5.365801811218262
1741033397630727400,192.4657275390625,1.8266938924789429,1.9277706146240234,-3.4184422492980957
1741033397640828700,192.47582861328124,2.3752076625823975,-0.9071722030639648,-1.595728874206543
1741033397650930200,192.48593017578125,2.7085866928100586,-1.7711501121520996,-1.2864155769348145
1741033397661031400,192.49603149414062,2.3823771476745605,-0.9070901870727539,-1.6392227411270142
1741033397671133000,192.5061328125,1.0041377544403076,1.0418176651000977,-1.7901599407196045
1741033397681234000,192.51623388671874,-0.6692976951599121,3.0718698501586914,-1.9159611463546753
1741033397691335400,192.52633544921875,-1.0333271026611328,4.594392776489258,-1.7608023881912231
1741033397701436700,192.53643676757812,-0.8736815452575684,4.921327590942383,-1.0351414680480957
1741033397711538200,192.5465380859375,-0.9247598648071289,3.6165771484375,-0.1712275743484497
1741033397721640000,192.55663989257812,-2.5884904861450195,1.6907472610473633,0.08624875545501709
1741033397731740700,192.56674072265625,-4.913567066192627,0.5363807678222656,-0.09446299076080322
1741033397741842400,192.57684252929687,-4.0051960945129395,0.06859207153320312,0.42082369327545166
1741033397751943400,192.586943359375,-1.5632237195968628,-0.866511344909668,0.9123262166976929
1741033397762045000,192.597044921875,-0.23162686824798584,-1.6424541473388672,0.8075518608093262
1741033397772146000,192.60714599609375,0.6599401235580444,-1.9980840682983398,0.5470507740974426
1741033397782247700,192.61724755859376,1.4748369455337524,-2.3822689056396484,0.3194933533668518
1741033397792349000,192.62734887695314,2.1392822265625,-2.817476749420166,0.28039687871932983
1741033397802450200,192.6374501953125,2.511276960372925,-3.3249001502990723,0.22692811489105225
1741033397812551400,192.64755151367189,2.4297382831573486,-3.796354293823242,0.19595712423324585
1741033397822653000,192.65765283203126,2.1946444511413574,-4.189143180847168,0.1894303560256958
1741033397832754700,192.66775463867188,2.134781837463379,-4.248808860778809,0.738118588924408
1741033397842855700,192.67785571289062,1.7890994548797607,-4.178942680358887,1.4144179821014404
1741033397852957200,192.68795727539063,1.536794900894165,-4.252601146697998,1.9724406003952026
1741033397863058200,192.69805810546876,1.5968434810638428,-4.337963581085205,2.4083669185638428
1741033397873159700,192.70815966796874,1.680586814880371,-4.318211555480957,2.8457157611846924
1741033397883260700,192.7182607421875,1.3918557167053223,-4.393884658813477,2.9773032665252686
1741033397893362400,192.72836254882813,0.9772472381591797,-4.640985488891602,2.9125523567199707
1741033397903464000,192.7384638671875,0.342879056930542,-5.020071029663086,2.615385055541992
1741033397913565000,192.74856494140624,-0.04145359992980957,-5.322930812835693,2.360384941101074
1741033397923666400,192.75866650390626,-0.026946306228637695,-5.408230781555176,2.2543792724609375
1741033397933767700,192.768767578125,0.1249837875366211,-5.279139995574951,2.262430429458618
1741033397943869000,192.77886889648437,0.20289015769958496,-4.879066467285156,2.3389291763305664
1741033397953970200,192.78897021484374,0.12621283531188965,-4.193783760070801,2.4255242347717285
1741033397964072000,192.79907202148436,-0.016188502311706543,-3.2370853424072266,2.5505504608154297
1741033397974173200,192.80917309570313,-0.0019835233688354492,-2.0938076972961426,2.6409504413604736
1741033397984274400,192.8192744140625,-0.15310335159301758,-0.8147096633911133,2.679434299468994
1741033397994375700,192.82937573242188,-0.3724716901779175,0.5107917785644531,2.6377065181732178
1741033398004477200,192.83947729492186,-0.6761160492897034,1.792994499206543,2.598173141479492
1741033398014578200,192.849578125,-0.7300122976303101,2.633157730102539,2.285214900970459
1741033398024679700,192.8596796875,-0.8849455118179321,2.8929758071899414,1.6520074605941772
1741033398034781400,192.86978149414062,-1.7137584686279297,2.611598014831543,0.2898889183998108
1741033398044882400,192.87988232421876,-2.993258476257324,2.467129707336426,-1.933973789215088
1741033398054984000,192.88998388671874,-3.760265588760376,2.077953338623047,-5.558433532714844
1741033398065085000,192.9000849609375,-2.0532279014587402,1.362492561340332,-8.419031143188477
1741033398075186400,192.9101865234375,0.36156296730041504,2.2179508209228516,-8.125481605529785
1741033398085287400,192.92028735351562,5.888092994689941,3.5656652450561523,-5.578060150146484
1741033398095389200,192.93038916015624,11.1367769241333,5.224822044372559,-2.972986936569214
1741033398105490700,192.94049072265625,8.16152572631836,8.3419189453125,-2.226402759552002
1741033398115592000,192.95059204101562,4.989253997802734,10.032209396362305,-2.4941253662109375
1741033398125693200,192.96069311523436,4.360212802886963,8.679888725280762,-2.0367560386657715
1741033398135794400,192.97079443359374,2.383174180984497,5.285434722900391,-1.2957656383514404
1741033398145895700,192.9808957519531,0.5326194763183594,2.4541702270507812,-0.8712565898895264
1741033398155997200,192.9909970703125,-0.4383103847503662,0.9725341796875,-0.46354877948760986
1741033398166098700,193.0010986328125,-1.0213226079940796,0.8721561431884766,0.22264564037322998
1741033398176200000,193.01119995117188,-1.3346881866455078,1.5937213897705078,1.2444665431976318
1741033398186301400,193.0213015136719,-1.4080266952514648,2.405149459838867,2.148481607437134
1741033398196402400,193.03140234375,-1.5970885753631592,2.9915828704833984,2.9651260375976562
1741033398206504000,193.04150390625,-1.9847326278686523,3.118131637573242,3.1585586071014404
1741033398216605000,193.05160498046874,-2.3358473777770996,2.7435779571533203,2.723369598388672
1741033398226706700,193.0617067871094,-2.5865843296051025,2.031923294067383,1.9699947834014893
1741033398236808200,193.07180810546876,-2.728754997253418,1.1353845596313477,1.3213706016540527
1741033398246909200,193.0819091796875,-2.9290854930877686,0.20592784881591797,0.9384726285934448
1741033398257010700,193.0920107421875,-3.1971006393432617,-0.6913061141967773,0.8110554814338684
1741033398267111700,193.1021115722656,-3.2989044189453125,-1.618748664855957,0.8027389049530029
1741033398277213200,193.11221313476562,-3.3836352825164795,-2.3308539390563965,0.8866803646087646
1741033398287314400,193.122314453125,-3.337888717651367,-2.871758460998535,1.029485821723938
1741033398297416200,193.13241625976562,-3.2442643642425537,-3.2146010398864746,1.20475435256958
1741033398307517400,193.1425173339844,-3.240481376647949,-3.2516651153564453,1.42742121219635
1741033398317618700,193.15261865234376,-3.264514446258545,-3.0624732971191406,1.7479705810546875
1741033398327720000,193.16271997070314,-3.324542760848999,-2.8326430320739746,2.0331063270568848
1741033398337821400,193.17282153320312,-3.3497653007507324,-2.6618032455444336,2.1998181343078613
1741033398347922400,193.18292236328125,-3.34891414642334,-2.658370018005371,2.251443862915039
1741033398358024000,193.19302392578126,-3.336408853530884,-2.7067527770996094,2.140812873840332
1741033398368125700,193.20312573242188,-3.3144445419311523,-2.780285358428955,1.93802809715271
1741033398378226400,193.21322631835938,-3.168642520904541,-2.737881660461426,1.7465624809265137
1741033398388328200,193.223328125,-3.052323341369629,-2.5239973068237305,1.6721255779266357
1741033398398429200,193.23342919921876,-3.023062229156494,-2.19039249420166,1.604027509689331
1741033398408531000,193.24353100585938,-3.139458656311035,-1.7165718078613281,1.5293844938278198
1741033398418632400,193.25363256835936,-3.227905750274658,-1.259364128112793,1.3479273319244385
1741033398428733400,193.2637333984375,-3.054455280303955,-0.8786792755126953,1.1540628671646118
1741033398438835000,193.2738349609375,-2.941413402557373,-0.3716602325439453,0.9516479969024658
1741033398448936200,193.28393627929688,-2.99580454826355,0.2123851776123047,0.5860337018966675
1741033398459037400,193.29403735351562,-3.044260025024414,0.7770576477050781,0.03911483287811279
1741033398469138700,193.304138671875,-2.8227546215057373,1.4205865859985352,-0.3836473226547241
1741033398479240400,193.31424047851561,-2.285360097885132,2.1877613067626953,-0.6797389984130859
1741033398489341400,193.32434155273438,-1.6518203020095825,2.8955326080322266,-0.961063027381897
1741033398499443000,193.33444287109376,-0.9950995445251465,3.3450679779052734,-1.322305679321289
1741033398509544000,193.3445439453125,-0.36232566833496094,3.2507429122924805,-1.6667439937591553
1741033398519645700,193.35464575195311,0.20193123817443848,2.5459680557250977,-1.9204771518707275
1741033398529746400,193.36474633789064,0.6821308135986328,1.7725610733032227,-2.027597665786743
1741033398539848200,193.37484814453126,0.9254775047302246,1.322829246520996,-2.087507963180542
1741033398549950000,193.38494995117188,1.1308209896087646,1.4106941223144531,-2.133150577545166
1741033398560051000,193.39505102539061,1.4778804779052734,1.9516792297363281,-2.127553939819336
1741033398570152400,193.40515234375,1.9244816303253174,2.61940860748291,-2.161376953125
1741033398580253400,193.41525341796876,2.2645978927612305,3.338165283203125,-2.450075626373291
1741033398590355000,193.42535498046874,2.503887176513672,4.498858451843262,-2.842632293701172
1741033398600456000,193.4354560546875,2.6061830520629883,5.511547088623047,-3.045426607131958
1741033398610557400,193.44555737304688,2.34128999710083,4.228017807006836,-2.7720143795013428
1741033398620658700,193.45565869140626,1.684739112854004,0.5884237289428711,-2.036823034286499
1741033398630760400,193.46576049804688,0.676804780960083,-2.085618495941162,-1.1447659730911255
1741033398640861400,193.475861328125,-0.44371235370635986,-3.4458861351013184,-0.7080261707305908
1741033398650963000,193.485962890625,-1.1975200176239014,-3.3471269607543945,-0.6484533548355103
1741033398661064000,193.49606396484376,-1.4166526794433594,-1.812201976776123,-0.8302361965179443
1741033398671165400,193.50616552734374,-1.428452491760254,0.5109052658081055,-1.227399468421936
1741033398681266400,193.51626635742187,-1.5829650163650513,2.7056264877319336,-1.6932703256607056
1741033398691368200,193.5263681640625,-1.3004155158996582,3.893122673034668,-1.7575969696044922
1741033398701470000,193.53646997070314,-1.3341188430786133,3.949801445007324,-1.1184654235839844
1741033398711570700,193.54657080078124,-0.9377515316009521,2.7643117904663086,-0.07378482818603516
1741033398721672400,193.55667236328125,-2.490062952041626,1.5916900634765625,0.415132999420166
1741033398731773400,193.5667734375,-5.900146484375,1.1748428344726562,0.3962225317955017
1741033398741875000,193.576875,-4.802335739135742,0.8820276260375977,1.4248402118682861
1741033398751976000,193.58697583007813,-1.1740728616714478,-0.10061073303222656,2.1905555725097656
1741033398762077700,193.59707763671875,1.1402130126953125,-0.6713905334472656,2.69799542427063
1741033398772179000,193.60717895507813,3.253473997116089,-0.8848991394042969,3.6155402660369873
1741033398782280200,193.6172802734375,5.585718154907227,-1.3265571594238281,4.16297721862793
1741033398792381400,193.62738134765624,6.521091938018799,-1.4362525939941406,4.273800849914551
1741033398802483000,193.63748291015625,5.7657880783081055,-1.6963915824890137,4.108717441558838
1741033398812584000,193.647583984375,3.3180298805236816,-2.462845802307129,3.5015227794647217
1741033398822685400,193.657685546875,1.9853980541229248,-3.1554503440856934,3.19589900970459
1741033398832787200,193.667787109375,1.1831855773925781,-3.673105239868164,2.7642483711242676
1741033398842888200,193.67788818359375,0.8288326263427734,-3.9416027069091797,2.6470582485198975
1741033398852990000,193.68798999023437,0.3087282180786133,-4.212123394012451,2.498265027999878
1741033398863090700,193.69809057617186,-0.4618682861328125,-4.618208408355713,2.254129648208618
1741033398873192400,193.7081923828125,-0.9342327117919922,-4.825550556182861,2.254305362701416
1741033398883293400,193.71829345703125,-1.5171740055084229,-4.948238849639893,2.424304485321045
1741033398893395000,193.72839501953126,-2.017683982849121,-4.933629989624023,2.522899866104126
1741033398903496400,193.73849633789064,-2.238623857498169,-4.841340065002441,2.4798221588134766
1741033398913597700,193.74859765625,-2.4097836017608643,-4.724759101867676,2.3786377906799316
1741033398923699000,193.7586989746094,-2.3000001907348633,-4.491855144500732,2.300215482711792
1741033398933800200,193.76880029296876,-1.7850127220153809,-4.1450514793396,2.2577874660491943
1741033398943901400,193.7789013671875,-0.9500472545623779,-3.7068920135498047,2.1244544982910156
1741033398954003000,193.7890029296875,-0.33980369567871094,-3.3143653869628906,1.9929524660110474
1741033398964104000,193.79910400390625,0.06339645385742188,-2.801870346069336,1.9623703956604004
1741033398974205400,193.80920532226563,-0.01583552360534668,-2.028282642364502,2.0847461223602295
1741033398984307200,193.81930712890625,0.5770633220672607,-0.6276798248291016,2.4321787357330322
1741033398994408200,193.829408203125,2.7685060501098633,1.3906917572021484,2.1643285751342773
1741033399004509700,193.839509765625,6.218996047973633,4.297187805175781,1.8889214992523193
1741033399014610700,193.84961059570313,9.927932739257812,7.088261604309082,0.8685137629508972
1741033399024712400,193.85971240234375,12.037513732910156,8.35667896270752,-1.270700454711914
1741033399034813200,193.86981323242188,11.659890174865723,6.437801361083984,-4.381581783294678
1741033399044915000,193.8799150390625,9.689096450805664,2.1920089721679688,-6.309797763824463
1741033399055016400,193.89001635742187,5.60136604309082,-0.8921318054199219,-6.662590026855469
1741033399065117700,193.90011767578125,3.0969107151031494,-1.0167732238769531,-4.6028289794921875
1741033399075219000,193.91021899414062,1.5045273303985596,2.0315704345703125,-2.321805953979492
1741033399085320200,193.9203203125,1.2407445907592773,5.76315975189209,-2.0729334354400635
1741033399095421400,193.93042138671876,5.722879409790039,7.673069000244141,-0.34195733070373535
1741033399105522700,193.94052270507814,4.9184441566467285,7.082828521728516,2.1670050621032715
1741033399115624400,193.95062451171876,3.215625524520874,4.465999603271484,4.435901165008545
1741033399125725700,193.9607255859375,1.128286600112915,2.1495361328125,4.982120990753174
1741033399135827200,193.9708271484375,-0.47006499767303467,0.7023420333862305,4.985990524291992
1741033399145928200,193.98092822265625,-1.607642412185669,0.18662738800048828,4.690197467803955
1741033399156029700,193.99102978515626,-2.3829715251922607,0.6605224609375,4.454318523406982
1741033399166130700,194.0011306152344,-2.8618602752685547,1.9139719009399414,4.694636821746826
1741033399176232400,194.011232421875,-3.047454357147217,3.311826705932617,4.881749629974365
1741033399186333200,194.02133325195314,-3.230264663696289,3.934267044067383,4.701033115386963
1741033399196435000,194.03143505859376,-2.998849868774414,3.6139650344848633,4.196420192718506
1741033399206536400,194.04153637695313,-2.541443109512329,2.4472475051879883,3.544733762741089
1741033399216637400,194.05163745117187,-2.0425808429718018,1.2057790756225586,3.2127482891082764
1741033399226739000,194.06173901367188,-1.8425710201263428,0.037499427795410156,3.058637857437134
1741033399236840200,194.07184008789062,-2.0040299892425537,-1.0064544677734375,3.0517072677612305
1741033399246941400,194.08194140625,-2.437617540359497,-1.8072023391723633,2.914405345916748
1741033399257042700,194.09204272460937,-2.844709873199463,-2.4382081031799316,2.6454994678497314
1741033399267144400,194.10214453125,-3.047572135925293,-2.9047255516052246,2.3198602199554443
1741033399277245700,194.11224560546876,-3.252157211303711,-3.0866684913635254,2.0007104873657227
1741033399287347000,194.12234692382813,-3.2689919471740723,-3.0580410957336426,1.7444343566894531
1741033399297448200,194.1324482421875,-3.1607770919799805,-2.8822669982910156,1.559128999710083
1741033399307549700,194.1425498046875,-2.988969326019287,-2.601768970489502,1.4257954359054565
1741033399317650700,194.15265063476562,-2.884632110595703,-2.378131866455078,1.2512775659561157
1741033399327752200,194.16275219726563,-2.84026837348938,-2.3333683013916016,1.0524053573608398
1741033399337854000,194.17285400390625,-2.725940704345703,-2.4928951263427734,0.8547414541244507
1741033399347955000,194.18295483398438,-2.600478410720825,-2.8109354972839355,0.6741042733192444
1741033399358056400,194.19305639648437,-2.522907257080078,-3.098909378051758,0.5274754762649536
1741033399368157400,194.20315747070313,-2.3741068840026855,-3.2806015014648438,0.4165075123310089
1741033399378259000,194.21325903320312,-2.212242841720581,-3.346108913421631,0.41681015491485596
1741033399388360200,194.22336010742188,-1.9995918273925781,-3.275463581085205,0.42520448565483093
1741033399398461400,194.23346142578126,-1.6981260776519775,-3.1226963996887207,0.5015066862106323
1741033399408562700,194.24356274414063,-1.3939919471740723,-3.031125068664551,0.5297195911407471
1741033399418664400,194.25366455078125,-1.2523504495620728,-3.0321202278137207,0.49813738465309143
1741033399428765700,194.263765625,-1.1074588298797607,-3.072537422180176,0.42066529393196106
1741033399438867000,194.27386694335937,-1.0315415859222412,-3.091827869415283,0.35090023279190063
1741033399448968200,194.28396826171874,-0.9186579585075378,-3.104584217071533,0.24146483838558197
1741033399459069700,194.29406958007812,-0.8164242506027222,-3.038013458251953,0.17578841745853424
1741033399469170700,194.30417065429688,-0.687175989151001,-2.740736961364746,0.11972522735595703
1741033399479272200,194.31427221679687,-0.6580977439880371,-2.023977756500244,0.09601151943206787
1741033399489374000,194.3243740234375,-0.671908974647522,-0.9072599411010742,0.1433190107345581
1741033399499475000,194.33447485351562,-0.4486572742462158,0.43138599395751953,-0.10745853185653687
1741033399509576400,194.34457641601563,-0.14476799964904785,1.9456110000610352,-0.3406308889389038
1741033399519677400,194.35467749023437,0.31032443046569824,3.305962562561035,-0.7597597241401672
1741033399529779000,194.36477905273438,1.0989100933074951,4.214829444885254,-1.4606696367263794
1741033399539880000,194.3748798828125,2.3257954120635986,4.556521415710449,-2.281898021697998
1741033399549981400,194.3849814453125,3.8630313873291016,4.073825836181641,-3.076422691345215
1741033399560082700,194.39508276367187,5.266968727111816,2.9437828063964844,-3.472583770751953
1741033399570184400,194.40518432617188,6.247678756713867,1.4589157104492188,-3.511889934539795
1741033399580285700,194.41528564453125,6.7949371337890625,-0.11876487731933594,-4.0479936599731445
1741033399590387000,194.42538696289063,7.599025726318359,-0.6970844268798828,-4.814020156860352
1741033399600488200,194.43548828125,6.908863067626953,0.8101835250854492,-3.620357036590576
1741033399610589400,194.44558935546874,5.482794761657715,3.1857242584228516,-1.484030842781067
1741033399620690700,194.45569067382812,3.723771095275879,4.679497718811035,-0.055002450942993164
1741033399630792200,194.46579223632813,1.9643336534500122,4.4549560546875,0.08382576704025269
1741033399640893200,194.47589306640626,1.27777099609375,2.8584060668945312,-0.7112621665000916
1741033399650994700,194.48599462890624,0.5428473949432373,0.5760059356689453,-1.4729145765304565
1741033399661096400,194.4960964355469,-0.5802413821220398,-1.4963922500610352,-1.312368392944336
1741033399671197400,194.50619750976563,-1.3900574445724487,-3.0589756965637207,-0.6242858171463013
1741033399681299000,194.516298828125,-1.7663851976394653,-4.221990585327148,-0.2652946710586548
1741033399691400000,194.52639990234374,-1.7956598997116089,-4.7995991706848145,-0.14568030834197998
1741033399701501400,194.53650146484375,-2.181673049926758,-4.711419105529785,-0.35617125034332275
1741033399711602700,194.54660278320313,-2.9673094749450684,-3.4264731407165527,-0.5889792442321777
1741033399721704200,194.5567041015625,-2.4882919788360596,-1.3352699279785156,-0.38510000705718994
1741033399731877400,194.56687744140626,-1.5445847511291504,0.9518022537231445,0.4699019193649292
1741033399742180900,194.57718090820313,-0.8576672077178955,2.9768218994140625,1.5406688451766968
1741033399752484000,194.58748413085937,-0.11453947424888611,4.088566780090332,2.571946144104004
1741033399762690600,194.5976906738281,1.1834065914154053,4.129446029663086,2.995941162109375
1741033399772804600,194.6078046875,2.651402235031128,3.415658950805664,2.7284975051879883
1741033399782906000,194.61790600585937,3.585214614868164,2.0211801528930664,2.0036864280700684
1741033399793007900,194.6280078125,3.570733070373535,0.461822509765625,1.339376449584961
1741033399803108900,194.63810888671875,3.2640271186828613,-0.6983327865600586,1.268608570098877
1741033399813210600,194.64821069335937,2.998232364654541,-1.3207311630249023,1.6553914546966553
1741033399823311400,194.65831127929687,2.707660436630249,-1.814579963684082,2.0983338356018066
1741033399833413000,194.6684130859375,2.7712292671203613,-2.3247151374816895,2.369018793106079
1741033399843514000,194.67851416015625,2.875555992126465,-2.72772216796875,2.470102071762085
1741033399853615600,194.68861572265624,2.555424213409424,-3.0594491958618164,2.447876453399658
1741033399863717000,194.6987170410156,2.1418328285217285,-3.385798931121826,2.360836982727051
1741033399873818400,194.708818359375,1.6035512685775757,-3.6893510818481445,2.102119207382202
1741033399883919600,194.71891967773436,0.8787848949432373,-4.031946659088135,1.7029672861099243
1741033399894020900,194.72902075195313,0.3290446996688843,-4.35597038269043,1.372175693511963
1741033399904122000,194.7391220703125,0.06952440738677979,-4.660893440246582,1.129967212677002
1741033399914223600,194.7492236328125,-0.05659782886505127,-4.983775615692139,0.9313378930091858
1741033399924324600,194.75932470703125,-0.17723119258880615,-5.373795032501221,0.8288812637329102
1741033399934426000,194.76942602539063,-0.09059548377990723,-5.795358180999756,0.7034845352172852
1741033399944528000,194.77952783203125,0.1161506175994873,-5.950119972229004,0.7630442380905151
1741033399954628900,194.78962890625,0.5292043685913086,-5.568182468414307,0.884558379650116
1741033399964730400,194.79973046875,0.8774814605712891,-4.980560779571533,0.9347347021102905
1741033399974831400,194.80983129882813,1.163354516029358,-4.287362098693848,0.9187166690826416
1741033399984933000,194.81993310546875,1.4978786706924438,-3.4522619247436523,0.905034065246582
1741033399995033900,194.83003393554688,1.806551456451416,-2.368452548980713,1.0431090593338013
1741033400005135600,194.84013549804686,2.1080050468444824,-1.022247314453125,1.3649858236312866
1741033400015236600,194.85023657226563,2.1423773765563965,0.3876667022705078,1.671581745147705
1741033400025338000,194.8603381347656,1.9413059949874878,1.5822296142578125,1.7221235036849976
1741033400035439000,194.87043920898438,1.6990689039230347,2.2153234481811523,1.2401180267333984
1741033400045540900,194.88054077148436,1.647942066192627,2.3640193939208984,0.3518812358379364
1741033400055642000,194.89064208984374,1.9543572664260864,1.9527654647827148,-0.9824123978614807
1741033400065743400,194.9007434082031,1.0801031589508057,1.8580865859985352,-2.0669307708740234
1741033400075844600,194.9108447265625,-0.3647881746292114,2.9237537384033203,-2.666738748550415
1741033400085946000,194.92094604492186,-0.26315808296203613,4.894052505493164,-2.7487711906433105
1741033400096047000,194.93104711914063,1.2422189712524414,6.242006301879883,-3.6102874279022217
1741033400106148600,194.9411486816406,2.158115863800049,6.992375373840332,-5.285140514373779
1741033400116249600,194.95124951171874,3.770754814147949,5.577108383178711,-5.776210784912109
1741033400126351400,194.96135131835936,3.37229585647583,3.23336124420166,-3.772730827331543
1741033400136453000,194.971453125,2.127108335494995,1.874373435974121,-1.3627407550811768
1741033400146553900,194.9815539550781,1.9798855781555176,2.3180017471313477,0.46025192737579346
1741033400156655600,194.99165551757812,1.5488519668579102,3.624053955078125,1.663743495941162
1741033400166756600,195.00175659179686,0.6651890277862549,5.020118713378906,2.2532782554626465
1741033400176858000,195.01185815429687,-0.32438135147094727,6.316184997558594,2.6802186965942383
1741033400186959000,195.021958984375,-0.8032511472702026,6.882719039916992,2.8967947959899902
1741033400197060600,195.032060546875,-1.1468909978866577,6.145169258117676,2.5389065742492676
1741033400207161600,195.04216162109375,-1.2461905479431152,4.5295610427856445,1.5462114810943604
1741033400217263400,195.05226342773437,-1.3812661170959473,3.160602569580078,0.550273597240448
1741033400227364600,195.0623645019531,-1.61162531375885,2.4755496978759766,0.17067158222198486
1741033400237466000,195.07246606445312,-1.986575722694397,2.01412296295166,0.33795058727264404
1741033400247567000,195.08256713867186,-2.201763868331909,1.2885026931762695,0.7170903086662292
1741033400257668600,195.09266870117187,-2.2648191452026367,0.320892333984375,1.134617567062378
1741033400267769600,195.10276953125,-2.372969150543213,-0.6924304962158203,1.404409408569336
1741033400277871400,195.11287133789062,-2.582158327102661,-1.6616559028625488,1.6382951736450195
1741033400287972000,195.12297216796875,-2.6674766540527344,-2.436586380004883,1.8343737125396729
1741033400298073900,195.13307397460937,-2.1995906829833984,-2.944674015045166,2.0152530670166016
1741033400308175600,195.14317553710939,-0.35188305377960205,-2.862351417541504,2.18662166595459
1741033400318276400,195.1532763671875,2.8146848678588867,-2.8246641159057617,1.8944296836853027
1741033400328378000,195.16337817382814,2.2352190017700195,-3.1902642250061035,1.460011601448059
1741033400338479000,195.17347900390624,-1.6912987232208252,-3.8394289016723633,1.3502522706985474
1741033400348580600,195.18358056640625,-3.7213008403778076,-4.399956226348877,0.9623889923095703
1741033400358681600,195.193681640625,-5.12313175201416,-4.94862699508667,0.2908132076263428
1741033400368783000,195.203783203125,-6.598689556121826,-5.313958168029785,-0.393285870552063
1741033400378884400,195.21388427734374,-6.248617172241211,-5.397732257843018,-0.38226354122161865
1741033400388985900,195.22398583984375,-6.343430995941162,-5.34771203994751,-0.47351062297821045
1741033400399087000,195.23408715820312,-6.188836574554443,-5.053671836853027,-0.40829145908355713
1741033400409188600,195.24418872070314,-5.762406349182129,-4.730822563171387,-0.46976912021636963
1741033400419289600,195.25428955078124,-4.674064636230469,-4.405704975128174,-0.42836570739746094
1741033400429391000,195.26439111328125,-3.6290745735168457,-3.9652485847473145,0.022019147872924805
1741033400439492000,195.2744921875,-3.119025230407715,-3.3533005714416504,0.6436333656311035
1741033400449593900,195.28459375,-2.606081962585449,-2.5518860816955566,1.274662971496582
1741033400459694800,195.29469482421874,-2.1173481941223145,-1.4682445526123047,1.887911319732666
1741033400469796400,195.30479638671875,-1.5438885688781738,-0.2517213821411133,2.201551675796509
1741033400479897300,195.3148974609375,-0.9693752527236938,0.8767004013061523,2.1634202003479004
1741033400489999000,195.3249990234375,-0.22514721751213074,1.823349952697754,1.8577896356582642
1741033400500100600,195.3351005859375,0.43084999918937683,2.519266128540039,1.6174018383026123
1741033400510201600,195.34520166015625,0.9266330003738403,2.7118120193481445,1.2665462493896484
1741033400520303000,195.35530322265626,0.9802398085594177,2.647533416748047,0.8031533360481262
1741033400530404000,195.36540405273436,0.8336074948310852,2.382126808166504,0.06987649202346802
1741033400540505600,195.37550561523437,0.5127897262573242,2.0650405883789062,-0.6921797394752502
1741033400550606800,195.38560693359375,0.1545235514640808,1.9076223373413086,-1.460797667503357
1741033400560708000,195.3957080078125,-0.38850137591362,1.8966617584228516,-2.4278931617736816
1741033400570809300,195.40580932617186,-0.6484072208404541,2.224996566772461,-3.139862060546875
1741033400580911000,195.4159111328125,-0.7589890956878662,2.561873435974121,-3.696650981903076
1741033400591012000,195.42601220703125,-0.5678781270980835,2.5346622467041016,-4.657708168029785
1741033400601113900,195.43611376953126,2.8927578926086426,2.509305000305176,-4.506067276000977
1741033400611214800,195.44621484375,5.609550476074219,3.089217185974121,-4.279674530029297
1741033400621316400,195.45631640625,3.377659559249878,4.515045166015625,-3.9084439277648926
1741033400631417300,195.4664172363281,2.2998850345611572,5.848484992980957,-3.196056842803955
1741033400641518800,195.47651879882812,2.7516915798187256,6.294460296630859,-2.505764961242676
1741033400651619800,195.48661987304686,3.235252857208252,4.488865852355957,-2.1424407958984375
1741033400661721300,195.49672143554687,1.531268835067749,1.1700143814086914,-2.090613603591919
1741033400671822300,195.506822265625,-0.2407543808221817,-1.4878854751586914,-1.806450366973877
1741033400681924000,195.51692407226562,-1.4212543964385986,-2.893282890319824,-1.3593664169311523
1741033400692025600,195.52702563476564,-1.5841312408447266,-2.860438823699951,-0.9866639375686646
1741033400702126800,195.537126953125,-1.1350867748260498,-1.740427017211914,-0.3263993263244629
1741033400712228000,195.54722802734375,-1.7579619884490967,0.2980690002441406,0.03254199028015137
1741033400722329300,195.55732934570312,-3.4414117336273193,2.755046844482422,-0.12490355968475342
1741033400732430600,195.5674306640625,-2.393599510192871,4.576982498168945,0.3176835775375366
1741033400742531800,195.57753173828124,-0.23618453741073608,5.074158668518066,1.0970327854156494
1741033400752633000,195.5876330566406,1.3901385068893433,4.359030723571777,1.3219207525253296
1741033400762734600,195.59773461914062,2.4552674293518066,3.059673309326172,1.00495445728302
1741033400772836400,195.60783642578124,2.7331058979034424,1.8450508117675781,0.40512704849243164
1741033400782937300,195.61793725585937,2.417288064956665,0.6845541000366211,-0.28868305683135986
1741033400793038800,195.62803881835939,1.7873574495315552,-0.18355369567871094,-0.9726401567459106
1741033400803139800,195.63813989257812,0.9028922915458679,-0.7723770141601562,-1.7757340669631958
1741033400813241300,195.64824145507814,0.01954713463783264,-1.2913808822631836,-2.4757180213928223
1741033400823342300,195.65834228515624,-0.14022397994995117,-1.8026695251464844,-1.9747923612594604
1741033400833443800,195.66844384765625,0.28343600034713745,-2.382172107696533,-0.8580588102340698
1741033400843545000,195.67854516601562,1.2784926891326904,-2.6901369094848633,0.7326281666755676
1741033400853646300,195.68864624023436,2.4252266883850098,-2.6253414154052734,2.683359146118164
1741033400863747600,195.69874755859374,2.3356266021728516,-2.4132213592529297,3.987961769104004
1741033400873849300,195.70884936523439,2.269573211669922,-2.127589225769043,4.829359531402588
1741033400883950600,195.71895068359376,1.2166343927383423,-1.9371237754821777,5.472139835357666
1741033400894051800,195.7290517578125,0.03171384334564209,-2.6211419105529785,5.839457035064697
1741033400904153000,195.73915307617187,0.3410600423812866,-3.646268367767334,5.230849742889404
1741033400914254600,195.74925463867189,-0.28396880626678467,-4.688746452331543,4.567782402038574
1741033400924355600,195.75935546875,-0.13280558586120605,-5.642492294311523,3.9389333724975586
1741033400934457000,195.76945703125,-0.2768113613128662,-6.386313438415527,3.359816789627075
1741033400944558000,195.77955810546874,-1.0290192365646362,-6.880976676940918,2.93801212310791
1741033400954659800,195.78965991210939,-1.4959986209869385,-7.2575483322143555,2.6315419673919678
1741033400964760600,195.79976049804688,-1.6538331508636475,-7.292647361755371,2.3138720989227295
1741033400974862300,195.8098623046875,-1.6388416290283203,-7.1036481857299805,1.8901818990707397
1741033400984963800,195.8199638671875,-1.401272177696228,-6.736289024353027,1.650316596031189
1741033400995064800,195.83006494140625,-0.9041652679443359,-6.20033073425293,1.6492745876312256
1741033401005166300,195.84016625976562,-0.4183887243270874,-5.442989349365234,1.7028539180755615
1741033401015267600,195.850267578125,0.0732564926147461,-4.4542436599731445,1.8924388885498047
1741033401025368800,195.86036889648437,0.7766454219818115,-3.211568832397461,2.3108882904052734
1741033401035470000,195.8704699707031,1.8050072193145752,-1.8318352699279785,2.677070140838623
1741033401045571300,195.8805712890625,3.3003146648406982,-0.2344646453857422,2.7635440826416016
1741033401055672800,195.8906728515625,4.330255508422852,1.8124675750732422,2.4544262886047363
1741033401065773800,195.90077392578124,5.5921406745910645,3.87174129486084,1.9184619188308716
1741033401075875300,195.9108752441406,6.378766059875488,5.432183265686035,0.7910807132720947
1741033401085977000,195.92097705078126,7.146092891693115,5.9620866775512695,-1.7272484302520752
1741033401096078000,195.931078125,7.98654842376709,5.424416542053223,-3.5168256759643555
1741033401106179600,195.9411796875,7.164433479309082,4.049187660217285,-4.286869049072266
1741033401116280600,195.9512805175781,5.343195915222168,2.1978559494018555,-4.814462661743164
1741033401126382300,195.96138232421876,4.354851722717285,0.3976726531982422,-5.14306116104126
1741033401136483000,195.97148315429686,4.246025085449219,-1.1158504486083984,-5.938451290130615
1741033401146584800,195.98158471679687,3.6451141834259033,-2.2307796478271484,-6.842598915100098
1741033401156685800,195.9916857910156,3.448857545852661,-2.7881264686584473,-7.75909423828125
1741033401166787300,196.00178735351562,3.5406155586242676,-1.072382926940918,-4.768190383911133
1741033401176888300,196.01188842773436,2.622310161590576,2.6629772186279297,0.5491290092468262
1741033401186990000,196.02198999023437,1.7627894878387451,5.6475677490234375,2.4637043476104736
1741033401197091300,196.03209130859375,1.9252382516860962,6.8249101638793945,2.9434685707092285
1741033401207192600,196.04219262695312,1.5841871500015259,7.092649459838867,3.913313627243042
1741033401217293800,196.0522939453125,0.8429833650588989,6.328778266906738,4.364048957824707
1741033401227395300,196.06239526367187,-0.5806063413619995,5.641748428344727,3.889958381652832
1741033401237496300,196.0724963378906,-1.827688455581665,5.3482818603515625,2.575620651245117
1741033401247597800,196.08259790039062,-2.8776519298553467,5.358384132385254,1.3104397058486938
1741033401257698800,196.09269873046875,-2.508439064025879,5.802528381347656,1.4943312406539917
1741033401267800600,196.10280053710937,-2.126861810684204,6.604077339172363,3.1399269104003906
1741033401277901300,196.1129013671875,-1.8182979822158813,7.1049699783325195,5.476639747619629
1741033401288003000,196.12300317382812,-1.9016103744506836,6.3492326736450195,6.9777750968933105
1741033401298104000,196.13310400390625,-2.2684504985809326,4.381524085998535,7.360454559326172
1741033401308205800,196.14320581054687,-2.0880095958709717,1.8281869888305664,6.6330156326293945
1741033401318307300,196.15330737304689,-1.8569884300231934,-0.31787681579589844,5.32774543762207
1741033401328408300,196.163408203125,-1.6654751300811768,-1.7036314010620117,4.047580242156982
1741033401338509800,196.173509765625,-1.5422999858856201,-2.495327949523926,3.080430507659912
1741033401348610800,196.18361083984374,-1.7067111730575562,-2.8310465812683105,2.3985767364501953
1741033401358712300,196.19371240234375,-1.8792240619659424,-2.9696946144104004,1.9349493980407715
1741033401368813600,196.2038134765625,-1.9835867881774902,-3.0126900672912598,1.6901832818984985
1741033401378914800,196.21391479492186,-2.185304641723633,-3.0400848388671875,1.7229163646697998
1741033401389016000,196.22401611328124,-2.354097843170166,-3.153186798095703,1.8243204355239868
1741033401399117300,196.2341174316406,-2.4971866607666016,-3.3326168060302734,1.9281866550445557
1741033401409218800,196.24421875,-2.5068933963775635,-3.643796920776367,1.967867136001587
1741033401419320600,196.25432055664064,-2.3740336894989014,-4.007377624511719,1.870121717453003
1741033401429421300,196.26442138671874,-2.174346923828125,-4.429022312164307,1.7016249895095825
1741033401439523000,196.27452319335939,-1.96763014793396,-4.727994918823242,1.5640990734100342
1741033401449624000,196.2846240234375,-1.7544350624084473,-4.919669151306152,1.438525676727295
1741033401459725600,196.2947255859375,-1.5201152563095093,-4.905724048614502,1.3695034980773926
1741033401469826600,196.30482666015624,-1.262153148651123,-4.724871635437012,1.3464263677597046
1741033401479928000,196.3149279785156,-0.9811078906059265,-4.387123107910156,1.3864338397979736
1741033401490029000,196.32502905273438,-0.6305647492408752,-3.9772238731384277,1.4690278768539429
1741033401500130600,196.33513061523436,-0.37122800946235657,-3.497572898864746,1.4872198104858398
1741033401510231800,196.34523168945313,-0.17540761828422546,-2.9676733016967773,1.4898467063903809
1741033401520333600,196.35533349609375,-0.0876041054725647,-2.4492835998535156,1.4992185831069946
1741033401530434800,196.36543481445312,-0.027145981788635254,-1.7639737129211426,1.5822396278381348
1741033401540536000,196.3755361328125,-0.02635955810546875,-1.0662002563476562,1.6387946605682373
1741033401550637300,196.38563720703124,-0.03269737958908081,-0.4036893844604492,1.6217541694641113
1741033401560738600,196.3957385253906,-0.03533667325973511,0.29333019256591797,1.5922729969024658
1741033401570839800,196.40583984375,-0.05786311626434326,0.8792266845703125,1.493495225906372
1741033401580941300,196.41594140625,-0.021375060081481934,1.3616514205932617,1.406096339225769
1741033401591042300,196.42604223632813,-0.135908305644989,1.8183555603027344,1.3961749076843262
1741033401601143800,196.4361437988281,-0.05008041858673096,2.074687957763672,1.309281587600708
1741033401611244800,196.44624487304688,-0.09563291072845459,2.2366199493408203,1.0820505619049072
1741033401621346300,196.45634619140625,0.24786841869354248,2.2492284774780273,0.5325822234153748
1741033401631447300,196.466447265625,1.1569690704345703,2.254561424255371,-0.3158637285232544
1741033401641549000,196.4765490722656,2.524045467376709,1.9112701416015625,-2.2518184185028076
1741033401651650600,196.48665063476562,4.135074615478516,1.1283483505249023,-5.068475246429443
1741033401661751800,196.49675170898436,9.250444412231445,-1.262526512145996,-11.374415397644043
1741033401671853000,196.50685302734374,10.75374984741211,0.3334531784057617,-9.525679588317871
1741033401681954300,196.5169543457031,8.966802597045898,3.706362724304199,-3.8302767276763916
1741033401692055600,196.5270556640625,7.381712913513184,4.637059211730957,-1.1919339895248413
1741033401702156800,196.53715673828125,5.2450337409973145,4.290124893188477,0.2301163226366043
1741033401712258000,196.54725805664063,3.198882818222046,3.393301010131836,-0.2101532518863678
1741033401722359600,196.5573596191406,2.126009702682495,3.166560173034668,-1.2935481071472168
1741033401732460500,196.56746044921874,1.1242806911468506,3.024232864379883,-2.1472411155700684
1741033401742562000,196.57756201171875,-0.21030288934707642,2.6859970092773438,-2.6506433486938477
1741033401752663000,196.5876630859375,-2.1481423377990723,2.1639089584350586,-2.72696590423584
1741033401762764800,196.5977648925781,-3.529637336730957,1.136423110961914,-1.9228951930999756
1741033401772866300,196.6078662109375,-3.1744425296783447,0.1575021743774414,-0.9961817264556885
1741033401782967300,196.61796728515625,-1.963442325592041,0.12004852294921875,-0.725369393825531
1741033401793068800,196.62806884765624,-0.9474256038665771,1.0852413177490234,-0.6710866689682007
1741033401803170000,196.6381701660156,-0.2006361484527588,2.3879451751708984,-0.2891002893447876
1741033401813271300,196.64827124023438,0.1205257773399353,3.5906076431274414,0.35907289385795593
1741033401823372500,196.65837255859375,0.21851849555969238,4.279725074768066,1.171407699584961
1741033401833473800,196.66847387695313,0.41109833121299744,3.9190893173217773,1.401435375213623
1741033401843575000,196.67857495117187,0.5065799951553345,3.1752967834472656,1.6035094261169434
1741033401853676300,196.68867626953124,0.24470117688179016,2.2162694931030273,1.8164169788360596
1741033401863777800,196.69877783203125,-0.1121063232421875,1.2401599884033203,2.2051429748535156
1741033401873878800,196.70887866210938,-0.34674564003944397,0.1598377227783203,2.5815367698669434
1741033401883980300,196.71898022460937,-0.3966682553291321,-0.9237070083618164,2.8194775581359863
1741033401894082000,196.72908203125,-0.254930317401886,-1.977630615234375,2.9263885021209717
1741033401904183000,196.73918310546875,0.3091288208961487,-2.6782522201538086,3.127382755279541
1741033401914284500,196.74928442382813,0.9336349964141846,-3.060248374938965,3.7905077934265137
1741033401924385500,196.75938549804687,1.3793554306030273,-3.2586212158203125,4.682470798492432
1741033401934487300,196.7694873046875,1.6803388595581055,-3.7683634757995605,5.07462215423584
1741033401944588300,196.77958837890625,1.6743030548095703,-4.349974632263184,5.11961030960083
1741033401954689800,196.78968969726563,1.5279667377471924,-5.050580978393555,4.846743106842041
1741033401964790800,196.79979077148437,1.3386104106903076,-5.685070991516113,4.374083995819092
1741033401974892300,196.80989233398438,1.1593490839004517,-6.141214370727539,3.8256380558013916
1741033401984993300,196.8199931640625,0.8590385317802429,-6.431312561035156,3.171142816543579
1741033401995094800,196.8300947265625,0.519801676273346,-6.572272300720215,2.4878768920898438
1741033402005196000,196.84019604492187,0.4214578866958618,-6.559647560119629,1.870341420173645
1741033402015297800,196.8502978515625,0.42207837104797363,-6.384377956390381,1.4505820274353027
1741033402025398800,196.86039868164062,0.5270473957061768,-6.012627601623535,1.161057710647583
1741033402035500300,196.87050024414063,0.6969515085220337,-5.384536266326904,1.0393331050872803
1741033402045601300,196.88060131835937,0.9585512280464172,-4.599869728088379,1.0571556091308594
1741033402055702800,196.89070288085938,1.1204736232757568,-3.803661346435547,0.963667631149292
1741033402065803800,196.9008037109375,0.8762791156768799,-2.8760476112365723,0.7509300708770752
1741033402075905500,196.91090551757813,0.5243391990661621,-1.9618215560913086,0.4003242552280426
1741033402086006300,196.92100634765626,0.2556053400039673,-1.1310014724731445,-0.04842878878116608
1741033402096108000,196.93110791015624,0.41812050342559814,-0.35931396484375,-0.47263655066490173
1741033402106209000,196.941208984375,1.3250197172164917,0.2124929428100586,-0.9471529126167297
1741033402116310500,196.951310546875,2.3479042053222656,0.6335220336914062,-1.3445419073104858
1741033402126411500,196.96141162109376,3.0350470542907715,1.0721511840820312,-1.742264747619629
1741033402136513000,196.97151293945313,3.349952220916748,1.5403108596801758,-1.5530884265899658
1741033402146614300,196.9816142578125,3.254910469055176,1.9583721160888672,-1.2184194326400757
1741033402156716000,196.99171606445313,2.854330062866211,2.2559804916381836,-0.9371106028556824
1741033402166817300,197.0018173828125,2.423325300216675,2.6804256439208984,-0.973118007183075
1741033402176918500,197.01191845703124,1.939815878868103,3.001479148864746,-1.698723554611206
1741033402187019800,197.02201977539062,1.8560537099838257,2.974071502685547,-2.9074113368988037
1741033402197121000,197.03212109375,2.3013806343078613,2.8070802688598633,-4.104012966156006
1741033402207222300,197.04222216796876,3.174771308898926,2.402315139770508,-4.841368675231934
1741033402217323800,197.05232373046874,5.812262058258057,1.4982242584228516,-4.947854042053223
1741033402227424800,197.0624248046875,9.572113037109375,1.3888168334960938,-3.480741500854492
1741033402237526300,197.0725263671875,9.921062469482422,2.7801694869995117,-1.3942984342575073
1741033402247627300,197.08262719726562,7.821526527404785,4.711670875549316,0.4284857213497162
1741033402257728800,197.09272875976563,5.978951454162598,6.223749160766602,2.100005626678467
1741033402267829800,197.10282983398437,4.789721488952637,5.916259765625,3.644709825515747
1741033402277931300,197.11293115234375,3.9244625568389893,3.9158449172973633,4.525351047515869
1741033402288032500,197.12303247070312,3.1462349891662598,2.2301549911499023,4.674809455871582
1741033402298134300,197.13313427734374,2.279942750930786,1.9021177291870117,4.601205348968506
1741033402308235500,197.14323559570312,1.4880603551864624,2.7243127822875977,4.548957824707031
1741033402318336800,197.15333666992188,0.5700626373291016,3.934432029724121,4.554952144622803
1741033402328438000,197.16343798828126,-0.17677128314971924,4.857702255249023,4.7833428382873535
1741033402338539300,197.17353930664063,-0.897482693195343,5.267523765563965,5.040109157562256
1741033402348640500,197.183640625,-1.6324487924575806,5.198362350463867,5.268600940704346
1741033402358742000,197.19374194335938,-2.3977115154266357,4.653853416442871,5.24814510345459
1741033402368843000,197.20384301757812,-2.442350387573242,3.346921920776367,4.588874816894531
1741033402378944500,197.21394458007813,-1.9729498624801636,1.5618982315063477,3.469717264175415
1741033402389045500,197.22404541015624,-1.748625636100769,-0.21847915649414062,2.5054330825805664
1741033402399147300,197.23414721679688,-2.283345937728882,-1.7646965980529785,1.8293051719665527
1741033402409248000,197.244248046875,-2.537182331085205,-2.7306580543518066,1.4273617267608643
1741033402419349800,197.25434985351563,-2.3086936473846436,-3.1438732147216797,1.3983346223831177
1741033402429296400,197.26429638671874,-2.134059190750122,-3.3643722534179688,1.6168982982635498
1741033402439600000,197.27460009765625,-2.248248338699341,-3.6949219703674316,1.8353674411773682
1741033402449903400,197.2849033203125,-1.8968958854675293,-3.8346362113952637,1.9970098733901978
1741033402460206000,197.2952060546875,-1.1021888256072998,-3.804208755493164,2.221092700958252
1741033402470436600,197.3054365234375,-0.15540218353271484,-3.8077707290649414,2.2484774589538574
1741033402480552000,197.31555200195314,1.29793119430542,-3.6541433334350586,2.1729655265808105
1741033402490653200,197.32565307617188,3.0039803981781006,-2.958353042602539,1.7568585872650146
1741033402500754400,197.33575439453125,3.7795095443725586,-2.8508405685424805,1.5530222654342651
1741033402510855700,197.34585571289062,1.1982879638671875,-3.383852958679199,1.5054081678390503
1741033402520957200,197.35595727539064,-0.7645411491394043,-3.9699244499206543,1.7444146871566772
1741033402531058200,197.36605810546874,-2.1766839027404785,-4.2634758949279785,1.9668996334075928
1741033402541159700,197.37615966796875,-3.0101447105407715,-4.299851417541504,2.074646472930908
1741033402551260700,197.3862607421875,-3.638788938522339,-4.105472087860107,2.1642906665802
1741033402561362400,197.39636254882814,-3.9694013595581055,-3.6062560081481934,2.126616954803467
1741033402571463200,197.40646313476563,-3.8705430030822754,-2.918703556060791,1.9194364547729492
1741033402581565000,197.41656494140625,-3.9661595821380615,-1.9938645362854004,1.8991413116455078
1741033402591666000,197.426666015625,-3.8293509483337402,-0.9839715957641602,2.040778398513794
1741033402601767400,197.43676733398436,-3.3285646438598633,-0.0703420639038086,2.1334481239318848
1741033402611868400,197.44686840820313,-2.980152130126953,0.7299680709838867,2.355485200881958
1741033402621970200,197.45697021484375,-2.521305561065674,1.2708406448364258,2.5385022163391113
1741033402632071400,197.46707153320312,-1.971386194229126,1.4275598526000977,2.4495599269866943
1741033402642172700,197.47717260742186,-3.239924192428589,1.637070655822754,2.3127281665802
1741033402652274000,197.48727392578124,-4.021956920623779,1.9515438079833984,2.3149662017822266
1741033402662375400,197.49737548828125,-5.175797462463379,2.333162307739258,2.2387423515319824
1741033402672607700,197.50760766601562,-6.02629280090332,2.7577991485595703,2.048957586288452
1741033402682911500,197.51791137695312,-6.439068794250488,3.0047006607055664,1.6002097129821777
1741033402693214200,197.5282141113281,-6.377182483673096,3.1590919494628906,1.1106696128845215
1741033402703372500,197.53837255859375,-6.03486967086792,3.102095603942871,0.7152681350708008
1741033402713476400,197.54847631835938,-5.585197925567627,3.0151214599609375,0.33710765838623047
1741033402723577300,197.55857739257812,-5.325020790100098,3.0947208404541016,0.1410071849822998
1741033402733678800,197.56867895507813,-5.160826683044434,3.279292106628418,0.09143638610839844
1741033402743779800,197.57877978515626,-5.054371356964111,3.357773780822754,0.025215864181518555
1741033402753929200,197.58892919921874,-5.13334846496582,3.547222137451172,0.08171772956848145
1741033402764232700,197.59923266601564,-5.184380054473877,3.98806095123291,0.1442432403564453
1741033402774536000,197.60953588867187,-4.758586406707764,4.405976295471191,0.12345123291015625
1741033402784761600,197.61976171875,-3.672853469848633,4.110124588012695,-0.06768631935119629
1741033402794880300,197.62988037109375,-2.5228536128997803,3.161876678466797,-0.271181583404541
1741033402804981800,197.63998168945312,-1.7234190702438354,1.782881736755371,-0.33775901794433594
1741033402815083500,197.65008349609374,-1.2136934995651245,0.40195560455322266,-0.491058349609375
1741033402825184500,197.6601845703125,-0.7305216789245605,-0.48970890045166016,-0.737262487411499
1741033402835286000,197.6702861328125,-0.1246187686920166,-0.605250358581543,-1.018386960029602
1741033402845387000,197.68038696289062,0.2847886085510254,0.14599990844726562,-0.8894819021224976
1741033402855488500,197.69048852539063,0.4140806198120117,1.1141242980957031,-0.36217761039733887
1741033402865589500,197.70058959960937,1.0349981784820557,2.2350826263427734,0.48701179027557373
1741033402875691300,197.71069116210938,1.8818817138671875,3.322556495666504,1.3121004104614258
1741033402885792000,197.7207919921875,3.137021780014038,3.595047950744629,1.3388932943344116
1741033402895893800,197.73089379882813,4.5121307373046875,3.1779651641845703,0.8138628602027893
1741033402905994800,197.74099487304687,5.43961238861084,2.5985641479492188,0.5769128203392029
1741033402916096300,197.75109619140625,6.329758644104004,1.9261627197265625,0.9299889206886292
1741033402926197200,197.761197265625,7.420373916625977,1.0143814086914062,2.0584983825683594
1741033402936298800,197.771298828125,7.714620113372803,-0.22421741485595703,3.164337635040283
1741033402946400000,197.78139990234374,6.8177313804626465,-1.6050529479980469,3.2049312591552734
1741033402956501200,197.7915012207031,7.763408660888672,-2.4281396865844727,1.6598622798919678
1741033402966602500,197.8016025390625,7.126862525939941,-4.022658348083496,0.3696097731590271
1741033402976704300,197.81170434570313,-1.430182695388794,-4.745086193084717,-0.9000998139381409
1741033402986805200,197.82180517578124,-2.648662567138672,-4.908034324645996,-0.440887451171875
1741033402996906800,197.83190673828125,2.081775665283203,-4.47786808013916,1.6881235837936401
1741033403007007700,197.8420078125,4.844979763031006,-4.928118705749512,2.6066713333129883
1741033403017109500,197.85210961914063,5.400257110595703,-5.599949359893799,2.8028268814086914
1741033403027210200,197.86221020507813,4.7404022216796875,-5.817688465118408,2.827934741973877
1741033403037312000,197.87231201171875,3.828537702560425,-5.913464546203613,2.6104416847229004
1741033403047413000,197.8824130859375,3.2724170684814453,-5.868916034698486,1.947365641593933
1741033403057514500,197.89251440429686,2.6880650520324707,-5.749748706817627,1.2384772300720215
1741033403067615500,197.90261547851563,1.8814301490783691,-5.745693206787109,0.8820995092391968
1741033403077717000,197.9127170410156,1.1870365142822266,-5.65753698348999,0.7976895570755005
1741033403087818200,197.922818359375,0.8287818431854248,-5.732202529907227,0.7282019853591919
1741033403097919500,197.93291943359375,0.5411581993103027,-5.6979289054870605,0.6219998598098755
1741033403108020700,197.94302075195313,0.5318078994750977,-5.657593727111816,0.474783331155777
1741033403118122000,197.9531220703125,0.7735552787780762,-5.419126510620117,0.3945680260658264
1741033403128223500,197.96322338867188,1.0414092540740967,-5.094796657562256,0.3674245774745941
1741033403138324500,197.97332446289062,1.0740318298339844,-4.684248924255371,0.32037198543548584
1741033403148426000,197.98342602539063,0.9816467761993408,-4.149770259857178,0.20773160457611084
1741033403158527700,197.99352783203125,1.0154659748077393,-3.4255876541137695,0.24657279253005981
1741033403168628700,198.00362866210938,1.203657627105713,-2.365593433380127,0.5726528167724609
1741033403178730200,198.01373022460936,1.0627822875976562,-1.0875215530395508,0.8450812101364136
1741033403188831200,198.02383129882813,0.9944548606872559,0.5923252105712891,0.8775273561477661
1741033403198932700,198.0339326171875,1.0130538940429688,2.9161596298217773,0.9892427325248718
1741033403209033700,198.04403369140624,1.0320818424224854,5.152828216552734,0.8485358953475952
1741033403219135200,198.05413525390625,1.1036505699157715,6.614107131958008,0.6671284437179565
1741033403229236500,198.06423657226563,1.2723169326782227,6.873339653015137,0.28420329093933105
1741033403239337700,198.07433764648437,3.0104451179504395,5.404007911682129,-1.5114209651947021
1741033403249439000,198.08443896484374,5.313571929931641,2.873636245727539,-5.86060905456543
1741033403259540200,198.09454028320312,7.305904388427734,1.2965545654296875,-8.171173095703125
1741033403269641500,198.10464135742188,7.703592300415039,2.535101890563965,-3.941201686859131
1741033403279743000,198.11474291992187,5.731511116027832,5.0191240310668945,0.7979357242584229
1741033403289844200,198.12484423828124,2.395958423614502,6.133903503417969,1.473334550857544
1741033403299945500,198.13494555664062,1.5305709838867188,5.767084121704102,0.1921226978302002
1741033403310046700,198.14504663085938,3.2203500270843506,5.203524589538574,0.853904128074646
1741033403320148000,198.15514794921876,4.310060977935791,5.316006660461426,2.4542651176452637
1741033403330249500,198.16524951171874,2.7222847938537598,5.879539489746094,2.940345525741577
1741033403340350500,198.1753505859375,1.4211010932922363,6.344972610473633,2.684915542602539
1741033403350452000,198.18545190429688,0.6626760959625244,6.755083084106445,2.162886381149292
1741033403360553700,198.1955537109375,0.14355802536010742,6.740575790405273,1.9073365926742554
1741033403370654700,198.20565478515624,-0.19429349899291992,6.651280403137207,2.5668797492980957
1741033403380756200,198.21575610351562,-0.621680736541748,6.5248260498046875,3.77308988571167
1741033403390857200,198.22585717773438,-1.1446335315704346,5.874680519104004,4.636895179748535
1741033403400958700,198.23595874023437,-1.5272778272628784,4.557443618774414,4.784389972686768
1741033403411059700,198.24605981445313,-1.7061285972595215,2.896346092224121,4.305822372436523
1741033403421161200,198.2561611328125,-1.9919612407684326,1.3387489318847656,3.720691680908203
1741033403431262500,198.26626245117188,-2.293140411376953,-0.06045055389404297,3.2695040702819824
1741033403441363700,198.27636376953126,-2.4947640895843506,-1.2031021118164062,3.010399580001831
1741033403451465000,198.28646484375,-2.6690337657928467,-2.090268611907959,2.887866973876953
1741033403461566200,198.29656616210937,-2.8491954803466797,-2.669461727142334,2.9251303672790527
1741033403471667700,198.30666772460938,-2.9816336631774902,-3.1098995208740234,2.9514107704162598
1741033403481768700,198.31676879882812,-3.0331156253814697,-3.4555578231811523,2.922921657562256
1741033403491870200,198.3268701171875,-2.9833626747131348,-3.8566689491271973,2.855473518371582
1741033403501971200,198.33697119140626,-3.0256495475769043,-4.315490245819092,2.6758313179016113
1741033403512073000,198.34707299804688,-3.0617828369140625,-4.7165303230285645,2.4966771602630615
1741033403522173700,198.35717358398438,-3.070143222808838,-5.016355037689209,2.4115357398986816
1741033403532275500,198.367275390625,-3.089834690093994,-5.2542877197265625,2.3464293479919434
1741033403542376400,198.37737646484376,-3.1658377647399902,-5.341854095458984,2.300445318222046
1741033403552478000,198.38747802734375,-3.099620819091797,-5.129542827606201,2.371701955795288
1741033403562579500,198.39757934570312,-2.562077283859253,-4.645872116088867,2.4259815216064453
1741033403572680700,198.4076806640625,-1.3953419923782349,-4.033758640289307,2.413784980773926
1741033403582782000,198.41778198242187,-0.1801053285598755,-3.243417263031006,2.3736729621887207
1741033403592883200,198.42788330078125,-0.6989556550979614,-3.096829414367676,1.9283878803253174
1741033403602984400,198.437984375,-2.1361944675445557,-3.216923713684082,1.2613773345947266
1741033403613086000,198.4480859375,-3.2228822708129883,-3.2381248474121094,0.3727959394454956
1741033403623187000,198.45818701171876,-3.821566104888916,-2.9813599586486816,-0.4917365312576294
1741033403633288400,198.46828833007814,-3.9961049556732178,-2.5228023529052734,-1.1661754846572876
1741033403643389400,198.47838940429688,-4.047396659851074,-1.93562650680542,-1.214835524559021
1741033403653491200,198.4884912109375,-4.450545310974121,-1.2645025253295898,-0.9137073755264282
1741033403663771100,198.49877124023436,-4.324630260467529,-0.3197603225708008,-0.26984190940856934
1741033403674074600,198.50907470703126,-4.3126654624938965,0.7470731735229492,0.35982584953308105
1741033403684358000,198.51935791015626,-4.14833927154541,1.5670242309570312,0.7429733872413635
1741033403694490400,198.5294904785156,-3.8871288299560547,2.2133407592773438,1.1052322387695312
1741033403704592000,198.539591796875,-3.531061887741089,2.799227714538574,1.4456522464752197
1741033403714692900,198.54969287109375,-2.9969980716705322,3.3388671875,1.5994373559951782
1741033403724794400,198.55979443359374,-2.492496967315674,3.8767824172973633,1.4536093473434448
1741033403734895600,198.5698955078125,-2.1397829055786133,4.096879959106445,0.9822202920913696
1741033403744996900,198.57999682617188,-2.066525459289551,3.98012638092041,0.2272593379020691
1741033403755098000,198.59009814453125,-2.015245199203491,3.6720848083496094,-0.4743553400039673
1741033403765199400,198.60019946289063,-2.0306568145751953,3.4571704864501953,-1.0242137908935547
1741033403775300900,198.61030078125,-1.8621642589569092,3.4819068908691406,-1.6216875314712524
1741033403785401900,198.62040185546874,-1.838342547416687,4.04238224029541,-2.037299871444702
1741033403795503400,198.63050341796875,-1.0544300079345703,4.831831932067871,-2.560234785079956
1741033403805604400,198.64060424804688,2.5519022941589355,5.716818809509277,-3.499187707901001
1741033403815705900,198.65070581054687,4.818552017211914,6.414917945861816,-4.806155204772949
1741033403825806800,198.66080688476563,4.114937782287598,5.490494728088379,-4.924680233001709
1741033403835908600,198.67090869140625,3.9907941818237305,2.767375946044922,-4.302302837371826
1741033403846009300,198.68100927734375,4.12971305847168,0.2657022476196289,-4.157947540283203
1741033403856111000,198.69111108398437,4.134299278259277,-0.2623119354248047,-2.4348762035369873
1741033403866212000,198.70121215820313,3.089235305786133,0.5883092880249023,-0.7623245716094971
1741033403876313600,198.71131372070312,1.8595916032791138,1.656580924987793,-0.18073707818984985
1741033403886414600,198.72141455078125,1.751642107963562,2.792665481567383,0.18900156021118164
1741033403896516400,198.73151635742187,1.7304201126098633,3.436020851135254,0.4687078297138214
1741033403906617600,198.74161767578124,1.5502797365188599,3.365724563598633,0.5339361429214478
1741033403916719000,198.75171899414062,1.9056905508041382,2.7873611450195312,0.5215742588043213
1741033403926820000,198.76182006835938,2.1467838287353516,1.9753179550170898,0.6361575126647949
1741033403936921600,198.77192163085937,2.3651061058044434,1.2952032089233398,0.510525643825531
1741033403947022600,198.78202270507813,2.2185676097869873,0.7654294967651367,0.35191231966018677
1741033403957124000,198.7921240234375,1.8803696632385254,0.08717060089111328,0.09215754270553589
1741033403967225000,198.80222509765625,1.2603113651275635,-0.7060642242431641,0.046781837940216064
1741033403977326800,198.81232690429687,0.5695304870605469,-1.4427270889282227,0.26932966709136963
1741033403987427600,198.82242749023436,0.22217410802841187,-2.189363479614258,0.7778342962265015
1741033403997529300,198.832529296875,0.23912405967712402,-2.9239234924316406,1.2374241352081299
1741033404007630300,198.84263037109375,0.47423338890075684,-3.4564313888549805,1.7642087936401367
1741033404017731800,198.85273193359376,0.8137509226799011,-3.5948352813720703,2.873457670211792
1741033404027832800,198.86283276367186,1.2202484607696533,-3.8167190551757812,3.7350053787231445
1741033404037934300,198.87293432617187,1.1257431507110596,-4.183742523193359,4.223559856414795
1741033404048035600,198.88303564453125,0.8330771923065186,-4.6549835205078125,4.2459001541137695
1741033404058136800,198.89313671875,0.5981879234313965,-4.925721645355225,4.412139892578125
1741033404068238000,198.90323803710936,0.5199450254440308,-5.276689529418945,4.412179946899414
1741033404078339300,198.91333935546874,0.5602748394012451,-5.636368751525879,4.217436790466309
1741033404088440800,198.92344091796875,0.46856582164764404,-5.945899963378906,3.9163999557495117
1741033404098541800,198.93354174804688,0.3755871057510376,-6.259760856628418,3.58144211769104
1741033404108643300,198.94364331054686,0.27185654640197754,-6.479206085205078,3.207580327987671
1741033404118744300,198.95374438476563,0.3309406042098999,-6.488143444061279,2.8399746417999268
1741033404128845800,198.963845703125,0.2984508275985718,-6.402176856994629,2.465395212173462
1741033404138946800,198.97394677734374,0.32311904430389404,-6.157191753387451,2.005983829498291
1741033404149048600,198.98404858398436,0.4685986042022705,-5.71034049987793,1.634976863861084
1741033404159150000,198.99415014648437,0.6392043828964233,-5.053560256958008,1.4993529319763184
1741033404169251000,199.0042509765625,0.6186723709106445,-4.317279815673828,1.4582545757293701
1741033404179352600,199.0143525390625,0.6131421327590942,-3.4700441360473633,1.4287238121032715
1741033404189453800,199.02445385742186,0.7041987180709839,-2.2674803733825684,1.4938843250274658
1741033404199555000,199.03455517578124,0.6347460746765137,-0.5052909851074219,1.777835726737976
1741033404209656300,199.04465625,0.3219637870788574,1.4073171615600586,2.0056402683258057
1741033404219757600,199.05475756835938,-0.4078744649887085,3.239856719970703,2.0152103900909424
1741033404229858800,199.06485888671875,-0.9158406257629395,4.340086936950684,1.9897695779800415
1741033404239960000,199.0749599609375,-0.9525526165962219,4.452635765075684,1.5699970722198486
1741033404250061600,199.0850615234375,-0.44281017780303955,3.636935234069824,0.4366573095321655
1741033404260162800,199.09516284179688,-0.24185574054718018,2.8823490142822266,-1.761712908744812
1741033404270264000,199.10526416015625,-0.37769973278045654,2.5109663009643555,-4.704862594604492
1741033404280365300,199.115365234375,-0.09282934665679932,1.9475994110107422,-9.026582717895508
1741033404290466800,199.125466796875,3.196767568588257,0.39441585540771484,-12.662476539611816
1741033404300567800,199.13556787109374,6.45144510269165,0.19205951690673828,-12.52973461151123
1741033404310669300,199.14566943359375,7.994027137756348,2.3893566131591797,-7.477734088897705
1741033404320770300,199.15577026367188,7.251870155334473,5.649466514587402,-1.8546996116638184
1741033404330860000,199.16586010742188,3.389285087585449,8.13325023651123,0.21995699405670166
1741033404340830500,199.17583056640626,0.4455907344818115,8.64635944366455,-0.023501276969909668
1741033404351134200,199.18613427734374,-0.2393186092376709,6.721157073974609,-0.13081645965576172
1741033404361437400,199.1964375,0.0004515647888183594,4.26522159576416,0.1853867769241333
1741033404371740200,199.206740234375,0.2095050811767578,3.328742027282715,0.005247235298156738
1741033404381960200,199.21696020507812,-0.5691771507263184,3.860107421875,-0.29619526863098145
1741033404392073700,199.22707373046876,-0.9966168403625488,5.204231262207031,-0.23323655128479004
1741033404402175000,199.23717504882814,-1.2891499996185303,6.559778213500977,0.29110193252563477
1741033404412276200,199.24727612304687,-1.6235904693603516,7.483255386352539,0.8550238609313965
1741033404422377500,199.25737744140625,-1.6349072456359863,7.695035934448242,1.8010872602462769
1741033404432478700,199.26747875976562,-1.592544674873352,7.11611270904541,2.830687999725342
1741033404442580200,199.27758032226564,-1.6574230194091797,5.447013854980469,3.407475233078003
1741033404452681200,199.28768115234374,-1.8823580741882324,3.2397031784057617,3.331754684448242
1741033404462782700,199.29778271484375,-2.1538829803466797,1.304366111755371,3.1817455291748047
1741033404472883700,199.3078837890625,-2.3044049739837646,-0.09289360046386719,3.181241750717163
1741033404482985200,199.31798510742186,-2.369654417037964,-1.2142295837402344,3.25081205368042
1741033404493086200,199.32808618164063,-2.4008145332336426,-2.166774272918701,3.222651243209839
1741033404503187700,199.3381877441406,-2.3914175033569336,-3.075711250305176,2.9549341201782227
1741033404513289000,199.3482890625,-2.223198175430298,-3.6655750274658203,2.8274481296539307
1741033404523390700,199.358390625,-2.0883800983428955,-3.960904121398926,2.871114492416382
1741033404533492000,199.36849194335937,-2.1175293922424316,-4.36306095123291,2.854323387145996
1741033404543593200,199.37859326171875,-2.0352888107299805,-4.872829437255859,2.7969579696655273
1741033404553694500,199.38869458007812,-1.9586119651794434,-5.357007026672363,2.7301809787750244
1741033404563795700,199.39879565429686,-1.8856228590011597,-5.782602310180664,2.710334062576294
1741033404573897000,199.40889697265624,-1.8271281719207764,-6.095429420471191,2.7350034713745117
1741033404583998500,199.41899853515625,-1.9018957614898682,-6.335930824279785,2.7263875007629395
1741033404594099500,199.42909936523438,-1.9972056150436401,-6.4463934898376465,2.755854606628418
1741033404604201000,199.43920092773436,-2.0869617462158203,-6.2939863204956055,2.886500358581543
1741033404614302000,199.44930200195313,-2.165520191192627,-5.873543739318848,3.056887626647949
1741033404624403700,199.45940380859375,-2.257056713104248,-5.2384772300720215,3.24192476272583
1741033404634504400,199.46950439453124,-2.2521300315856934,-4.4815826416015625,3.284860610961914
1741033404644606200,199.47960620117186,-2.125859498977661,-3.6922607421875,3.1831865310668945
1741033404654707200,199.48970727539063,-1.981813669204712,-2.862900733947754,3.07645845413208
1741033404664808700,199.49980859375,-1.7103790044784546,-1.9711127281188965,2.91964054107666
1741033404674909700,199.50990966796874,-1.6631958484649658,-1.1139955520629883,2.71494722366333
1741033404685011200,199.52001123046875,-1.65339994430542,-0.3284482955932617,2.4479618072509766
1741033404695112400,199.53011254882813,-1.6714974641799927,0.3922138214111328,2.191807746887207
1741033404705213700,199.54021362304687,-1.7745132446289062,1.075906753540039,2.01077938079834
1741033404715315000,199.55031494140624,-1.8394838571548462,1.792994499206543,1.9338502883911133
1741033404725416200,199.56041625976562,-1.8789011240005493,2.5108137130737305,1.8437349796295166
1741033404735517400,199.57051733398438,-1.9196696281433105,3.2577219009399414,1.5283209085464478
1741033404745618700,199.58061865234376,-2.013918399810791,3.9034652709960938,0.942129373550415
1741033404755720200,199.59072021484374,-1.958899736404419,4.6613874435424805,0.25566184520721436
1741033404765821200,199.6008212890625,-1.6896573305130005,5.362875938415527,-0.7063353061676025
1741033404775922700,199.61092260742188,-1.283545970916748,5.788138389587402,-1.8365412950515747
1741033404786023700,199.62102368164062,-0.8734365701675415,5.923225402832031,-3.2565155029296875
1741033404796125200,199.63112524414063,-0.4553767442703247,5.825654029846191,-4.423605442047119
1741033404806226200,199.64122607421876,-0.06345224380493164,5.448887825012207,-5.550722599029541
1741033404816327700,199.65132763671875,0.3707568645477295,4.784036636352539,-5.994152069091797
1741033404826429000,199.66142895507812,0.832810640335083,4.419465065002441,-5.576167106628418
1741033404836530200,199.6715302734375,2.1118669509887695,4.611011505126953,-5.404880523681641
1741033404846631400,199.68163134765626,5.514028072357178,4.07513427734375,-7.377891540527344
1741033404856733200,199.69173315429688,6.422822952270508,4.469734191894531,-6.823451042175293
1741033404866834400,199.70183447265626,4.80441951751709,4.831507682800293,-3.779066562652588
1741033404876935700,199.71193579101563,2.601574420928955,2.2085256576538086,-1.7390074729919434
1741033404887037000,199.72203686523437,0.996994137763977,-0.9415645599365234,-1.5447733402252197
1741033404897138400,199.73213842773438,-0.09945321083068848,-2.540440082550049,-1.8722562789916992
1741033404907239400,199.74223950195312,-1.1493395566940308,-2.6346287727355957,-2.196221113204956
1741033404917341000,199.7523408203125,-1.5192452669143677,-0.955047607421875,-2.08817458152771
1741033404927442000,199.76244189453126,-1.099546194076538,1.691274642944336,-1.6165943145751953
1741033404937543700,199.77254370117188,-0.26111850142478943,3.755094528198242,-1.0937035083770752
1741033404947644400,199.78264453125,1.253493309020996,4.153053283691406,-0.3682594895362854
1741033404957746200,199.79274609375,2.503648281097412,3.1128292083740234,0.11574172973632812
1741033404967847200,199.80284716796876,2.805084705352783,1.7983026504516602,0.38703596591949463
1741033404977948700,199.81294873046875,2.526451826095581,0.911015510559082,0.5307832956314087
1741033404988049700,199.82304956054688,1.3925307989120483,0.26897335052490234,0.01577460765838623
1741033404998151200,199.8331511230469,0.6834133863449097,-0.2960643768310547,-0.3604651689529419
1741033405008252200,199.84325219726563,0.15775400400161743,-0.9288005828857422,-0.7915750741958618
1741033405018353700,199.85335375976564,-0.11044031381607056,-1.6142282485961914,-0.785346269607544
1741033405028455000,199.86345483398438,-0.24640727043151855,-2.2445921897888184,-0.5076874494552612
1741033405038556200,199.87355615234375,-0.3896404504776001,-2.8506579399108887,-0.06048452854156494
1741033405048657400,199.88365747070313,-0.026533007621765137,-3.3586983680725098,0.7020373344421387
1741033405058758700,199.89375854492187,0.3273857831954956,-3.972288131713867,1.5467071533203125
1741033405068860200,199.90386010742188,0.9283572435379028,-4.428208351135254,2.7449393272399902
1741033405078961200,199.91396118164062,1.1097490787506104,-4.83567476272583,3.7008912563323975
1741033405089062700,199.92406274414063,0.9772325754165649,-5.360086441040039,4.094318389892578
1741033405099163600,199.93416357421876,1.0321955680847168,-5.656656742095947,4.578230381011963
1741033405109265400,199.94426538085938,0.6484975814819336,-6.02962589263916,4.58937931060791
1741033405119366100,199.9543662109375,0.12549877166748047,-6.466312408447266,4.2599968910217285
1741033405129468000,199.96446801757813,-0.31797248125076294,-6.6974053382873535,3.929438829421997
1741033405139569000,199.97456884765626,-0.18308067321777344,-6.663299560546875,3.8202290534973145
1741033405149670400,199.98467041015624,-0.2802295684814453,-6.391721725463867,3.7900123596191406
1741033405159771400,199.994771484375,-0.27357184886932373,-5.966335296630859,3.675903081893921
1741033405169873000,200.00487280273438,-0.21834421157836914,-5.339296817779541,3.4635181427001953
1741033405179974000,200.01497387695312,0.014705538749694824,-4.713235855102539,3.148045301437378
1741033405190075400,200.02507543945313,0.32821667194366455,-4.178014755249023,2.716233253479004
1741033405200176600,200.0351767578125,0.554302453994751,-3.5695548057556152,2.3382177352905273
1741033405210278000,200.04527783203125,0.7395306825637817,-2.7503128051757812,2.099112033843994
1741033405220379100,200.05537915039062,0.9575300216674805,-1.686532974243164,1.9264466762542725
1741033405230480400,200.06548046875,0.9801187515258789,-0.3723917007446289,1.8640692234039307
1741033405240582000,200.07558178710937,0.6123826503753662,1.1035470962524414,1.9052717685699463
1741033405250683000,200.08568286132814,-0.0334165096282959,2.7550878524780273,1.9104138612747192
1741033405260784400,200.09578442382812,-0.7383387088775635,4.295122146606445,1.90089750289917
1741033405270885400,200.1058854980469,-2.4505796432495117,5.408517837524414,1.3158066272735596
1741033405280987000,200.11598681640626,-3.3187575340270996,5.732208251953125,0.03116297721862793
1741033405291088000,200.126087890625,-1.139373779296875,5.1505632400512695,-2.634577989578247
1741033405301189400,200.136189453125,-0.6148649454116821,4.150338172912598,-4.528890609741211
1741033405311290600,200.14629052734375,-1.1340492963790894,3.5243349075317383,-5.670955181121826
1741033405321391900,200.15639184570313,-0.6212565898895264,2.6636428833007812,-6.965899467468262
1741033405331493000,200.1664931640625,2.6916821002960205,1.0132522583007812,-7.372158527374268
1741033405341594400,200.17659448242188,6.912559509277344,-0.9159326553344727,-7.802359580993652
1741033405351695600,200.18669555664061,12.874613761901855,-2.6878652572631836,-7.348891258239746
1741033405361796900,200.196796875,14.971763610839844,-1.725712776184082,-4.500785827636719
1741033405371898400,200.2068984375,10.272830963134766,1.5743131637573242,-1.9986069202423096
1741033405381999400,200.21699926757813,7.572748184204102,3.9613542556762695,-0.06382286548614502
1741033405392100900,200.22710083007811,5.3119049072265625,5.370326995849609,1.0961037874221802
1741033405402202600,200.23720263671876,2.6522579193115234,5.93515682220459,1.8317900896072388
1741033405412303600,200.2473037109375,0.7981164455413818,5.442138671875,1.659866213798523
1741033405422405000,200.25740502929688,0.2695600986480713,4.755694389343262,1.5303207635879517
1741033405432506000,200.26750610351561,0.08209466934204102,4.857978820800781,1.8733283281326294
1741033405442607900,200.27760791015626,-0.14044880867004395,5.828585624694824,2.8917088508605957
1741033405452708600,200.28770849609376,-0.3277602195739746,6.970917701721191,4.535161018371582
1741033405462810400,200.29781030273438,-0.6958596706390381,7.636074066162109,6.077798366546631
1741033405472911400,200.30791137695311,-1.6291906833648682,7.198006629943848,6.787471294403076
1741033405483012900,200.31801293945313,-3.1786012649536133,5.395769119262695,6.516088962554932
1741033405493113900,200.32811376953126,-3.792147159576416,2.871760368347168,5.39881706237793
1741033405503215400,200.33821533203124,-3.896636486053467,0.643742561340332,3.9910640716552734
1741033405513316600,200.34831665039061,-3.5610766410827637,-0.9206228256225586,2.9091765880584717
1741033405523418400,200.35841845703126,-3.0175328254699707,-1.943312644958496,2.0812766551971436
1741033405533639000,200.3686389160156,-2.8208870887756348,-2.7428150177001953,1.5798920392990112
1741033405543942400,200.3789423828125,-3.035722255706787,-3.500814437866211,1.4063026905059814
1741033405554245400,200.38924536132814,-3.118046998977661,-4.100265979766846,1.4097720384597778
1741033405564412400,200.39941235351563,-2.9813599586486816,-4.598050117492676,1.5466389656066895
1741033405574518500,200.4095185546875,-2.8596556186676025,-4.976912498474121,1.7737544775009155
1741033405584619300,200.41961938476564,-2.8180432319641113,-5.238577842712402,1.9807612895965576
1741033405594721000,200.42972094726562,-2.657499074935913,-5.381691932678223,2.141524314880371
1741033405604822000,200.4398220214844,-2.6167116165161133,-5.458887100219727,2.2790720462799072
1741033405614923500,200.44992358398437,-2.5314228534698486,-5.459580898284912,2.4091436862945557
1741033405625024500,200.4600244140625,-2.4817562103271484,-5.4679274559021,2.45387864112854
1741033405635126000,200.4701259765625,-2.3174240589141846,-5.359882831573486,2.4919610023498535
1741033405645227000,200.48022705078125,-2.261763095855713,-5.201930522918701,2.419607162475586
1741033405655328800,200.49032885742187,-2.1377205848693848,-4.941961288452148,2.2784552574157715
1741033405665525800,200.50052587890625,-2.0765202045440674,-4.472514629364014,2.1481990814208984
1741033405675829200,200.51082934570312,-2.0646378993988037,-3.918308734893799,2.069286346435547
1741033405686132200,200.52113232421874,-1.6949598789215088,-3.303744316101074,1.9955114126205444
1741033405696319200,200.5313193359375,-0.06115579605102539,-2.521688461303711,2.024179220199585
1741033405706429200,200.54142919921875,1.6443102359771729,-1.5107641220092773,2.085200786590576
1741033405716530700,200.55153076171874,0.24038922786712646,-0.8512096405029297,1.624152660369873
1741033405726632400,200.56163256835939,-2.4066851139068604,-0.4945869445800781,0.5709933042526245
1741033405736924200,200.57192407226563,-3.8416948318481445,0.30050086975097656,-0.5075546503067017
1741033405747227600,200.5822275390625,-4.238160133361816,1.1887168884277344,-1.398705244064331
1741033405757501400,200.59250146484376,-4.962635040283203,1.9995708465576172,-1.6881842613220215
1741033405767630800,200.602630859375,-5.231517314910889,3.0927085876464844,-1.7042908668518066
1741033405777732400,200.612732421875,-5.22747802734375,4.058965682983398,-1.288859248161316
1741033405787833600,200.62283349609376,-4.848834991455078,4.639978408813477,-0.8983578681945801
1741033405797934800,200.63293481445314,-4.237741947174072,4.956935882568359,-0.5284940004348755
1741033405808036000,200.6430361328125,-3.6411707401275635,5.192922592163086,-0.3564577102661133
1741033405818137300,200.6531374511719,-2.9977569580078125,5.251564979553223,-0.3737213611602783
1741033405828238600,200.66323852539062,-2.5436134338378906,4.911943435668945,-0.5956460237503052
1741033405838339800,200.67333984375,-2.1776161193847656,4.428811073303223,-1.151055932044983
1741033405848441300,200.68344140625,-1.770951509475708,4.297660827636719,-1.6737345457077026
1741033405858542300,200.6935422363281,0.6732393503189087,4.398150444030762,-2.3992044925689697
1741033405868643800,200.70364379882812,1.5227513313293457,5.4590606689453125,-2.6900739669799805
1741033405878744800,200.71374487304686,0.3293190002441406,6.577366828918457,-3.087177038192749
1741033405888846600,200.7238466796875,-0.12971818447113037,6.15748405456543,-3.232755184173584
1741033405898947300,200.733947265625,1.1035709381103516,3.264796257019043,-2.939117908477783
1741033405909049000,200.74404907226562,2.8420090675354004,-0.1530008316040039,-2.3813042640686035
1741033405919150000,200.75415014648436,3.1470203399658203,-1.974780559539795,-1.6891067028045654
1741033405929251600,200.76425146484374,1.958401083946228,-2.504284381866455,-1.49927818775177
1741033405939352600,200.7743525390625,1.319860816001892,-1.7028274536132812,-1.5348761081695557
1741033405949454000,200.7844541015625,0.6902271509170532,0.07842540740966797,-1.8915863037109375
1741033405959555000,200.79455517578126,0.43766850233078003,2.239004135131836,-1.7947218418121338
1741033405969656600,200.80465649414063,1.0324862003326416,4.503843307495117,-1.1495730876922607
1741033405979757800,200.8147578125,1.1518239974975586,5.775945663452148,-0.48145997524261475
1741033405989859000,200.82485913085938,1.1420180797576904,5.289006233215332,0.022544384002685547
1741033405999960300,200.83496020507812,2.446202039718628,3.597928047180176,0.4738818407058716
1741033406010061600,200.8450615234375,1.9230258464813232,1.792708396911621,0.5526491403579712
1741033406020163000,200.8551630859375,1.0067439079284668,0.3862323760986328,0.3008316159248352
1741033406030264000,200.86526416015624,0.3301655352115631,-0.7306003570556641,0.353648841381073
1741033406040365600,200.87536547851562,0.417646586894989,-1.7379112243652344,0.6616466045379639
1741033406050466600,200.88546655273439,0.44309377670288086,-2.410125732421875,1.017000436782837
1741033406060568000,200.89556811523437,0.31538379192352295,-2.9416322708129883,1.4027587175369263
1741033406070669000,200.9056689453125,0.29669976234436035,-3.3436059951782227,1.7143112421035767
1741033406080770600,200.9157705078125,0.3054802417755127,-3.7665348052978516,1.7739765644073486
1741033406090871800,200.92587182617189,0.6565425992012024,-4.09829044342041,1.9830584526062012
1741033406100973000,200.93597314453126,1.1391314268112183,-4.4918365478515625,2.319492816925049
1741033406111074300,200.94607421875,1.5658096075057983,-4.83261775970459,2.813112735748291
1741033406121175600,200.95617553710937,1.5040696859359741,-5.263395309448242,2.992762804031372
1741033406131276800,200.96627685546875,1.2112280130386353,-5.570180892944336,3.1799070835113525
1741033406141378000,200.9763779296875,0.8941682577133179,-5.776423931121826,3.310244560241699
1741033406151479600,200.9864794921875,0.46553075313568115,-5.981096267700195,3.311108350753784
1741033406161580500,200.99658056640624,-0.059543490409851074,-6.354317665100098,3.2510673999786377
1741033406171682000,201.00668212890625,-0.2558342218399048,-6.8465776443481445,3.113767623901367
1741033406181783000,201.01678295898438,-0.30918729305267334,-7.182952880859375,2.8998467922210693
1741033406191884800,201.026884765625,-0.3360801935195923,-7.385349750518799,2.607187032699585
1741033406201985500,201.03698559570313,-0.25094377994537354,-7.214176654815674,2.359895944595337
1741033406212087300,201.04708740234375,-0.0645136833190918,-6.775203704833984,2.1446759700775146
1741033406222188300,201.05718823242188,0.28386950492858887,-6.1456122398376465,2.021968364715576
1741033406232289800,201.06728979492186,0.7557857036590576,-5.354900360107422,1.9852524995803833
1741033406242390800,201.07739086914063,1.160975694656372,-4.6009321212768555,1.8736348152160645
1741033406252492300,201.0874921875,1.53725004196167,-3.7494163513183594,1.8231501579284668
1741033406262593500,201.09759350585938,1.9760441780090332,-2.657783031463623,1.7134385108947754
1741033406272694800,201.10769482421875,2.1984219551086426,-0.997039794921875,1.4491533041000366
1741033406282796000,201.11779614257813,2.579500913619995,1.734457015991211,1.4766857624053955
1741033406292897300,201.12789721679687,2.297767162322998,5.605561256408691,1.512115478515625
1741033406302998500,201.13799853515624,0.9205666780471802,9.5891695022583,1.4806811809539795
1741033406313099800,201.14809985351562,-0.8323379755020142,11.909589767456055,1.193442702293396
1741033406323201300,201.158201171875,-1.759416103363037,10.8251371383667,0.38198456168174744
1741033406333302300,201.16830224609376,0.10324668884277344,6.647274971008301,-1.3903861045837402
1741033406343403800,201.17840380859374,-0.1639108657836914,3.8781051635742188,-3.498903274536133
1741033406353504800,201.1885048828125,-1.574434757232666,3.354252815246582,-7.2616753578186035
1741033406363606500,201.1986064453125,1.7535748481750488,2.13535213470459,-11.145922660827637
1741033406373707300,201.20870727539062,5.58901834487915,-0.4821958541870117,-14.707380294799805
1741033406383809000,201.21880908203124,8.0087251663208,-0.902857780456543,-11.872438430786133
1741033406393910000,201.22890991210937,8.861405372619629,2.0483713150024414,-4.855696201324463
1741033406404011500,201.23901147460938,6.358962059020996,5.937146186828613,-1.7939845323562622
1741033406414112500,201.24911254882812,4.492845058441162,8.017963409423828,-0.8006910085678101
1741033406424214000,201.25921411132813,2.803907871246338,7.6077165603637695,-0.2370469570159912
1741033406434315300,201.26931518554687,1.528846263885498,4.272244453430176,0.20812809467315674
1741033406444416500,201.27941650390625,1.2917370796203613,1.0451383590698242,0.581681489944458
1741033406454517800,201.28951782226562,1.1512384414672852,-0.4072723388671875,0.9842622876167297
1741033406464619000,201.29961889648436,0.4500601291656494,-0.1363964080810547,1.2273882627487183
1741033406474720300,201.30972021484374,-0.09366321563720703,1.582350730895996,1.6871997117996216
1741033406484821500,201.3198215332031,-0.4486663341522217,3.8524837493896484,2.733433723449707
1741033406494923000,201.32992309570312,-0.7706270217895508,5.4902448654174805,4.1223602294921875
1741033406505024000,201.34002392578125,-1.5368071794509888,6.092074394226074,5.41994047164917
1741033406515125500,201.35012548828124,-2.4937281608581543,5.410801887512207,6.105318069458008
1741033406525226500,201.3602265625,-3.4012556076049805,3.716533660888672,5.889173984527588
1741033406535328300,201.37032836914062,-3.658912181854248,1.709218978881836,4.9951605796813965
1741033406545429000,201.38042895507812,-3.842205047607422,-0.031386375427246094,3.872325897216797
1741033406555530800,201.39053076171874,-3.8870277404785156,-1.3463726043701172,2.8559155464172363
1741033406565631700,201.4006318359375,-3.7002735137939453,-2.0412673950195312,2.3294243812561035
1741033406575733200,201.41073315429688,-3.305692195892334,-2.50119686126709,2.2053933143615723
1741033406585834200,201.42083422851562,-2.192031145095825,-2.8943753242492676,2.2871713638305664
1741033406595935700,201.43093579101563,-1.737400770187378,-3.411818027496338,2.281425714492798
1741033406606036700,201.44103662109376,-2.1422348022460938,-4.117894172668457,2.2080295085906982
1741033406616138200,201.45113818359374,-2.412137269973755,-4.644394874572754,2.2047555446624756
1741033406626239500,201.46123950195312,-2.3730475902557373,-5.019190311431885,2.231083393096924
1741033406636340700,201.4713408203125,-2.396599292755127,-5.256911754608154,2.195499897003174
1741033406646442000,201.48144189453126,-2.557077169418335,-5.385833263397217,2.1486318111419678
1741033406656543200,201.49154321289063,-2.636594533920288,-5.485466957092285,2.0991628170013428
1741033406666644700,201.50164477539062,-2.6961922645568848,-5.417600631713867,2.0801401138305664
1741033406676745700,201.51174584960938,-2.6835877895355225,-5.138504981994629,2.1155264377593994
1741033406686847200,201.52184716796876,-2.586303472518921,-4.7709245681762695,2.1218743324279785
1741033406696948200,201.5319482421875,-2.474970579147339,-4.324807643890381,2.1282577514648438
1741033406707049700,201.5420498046875,-2.490316390991211,-3.788421154022217,2.1231300830841064
1741033406717150700,201.55215063476564,-2.2709875106811523,-3.090273857116699,2.1202430725097656
1741033406727252200,201.56225219726562,-1.7652971744537354,-2.224637031555176,2.0446717739105225
1741033406737353500,201.572353515625,-1.8681764602661133,-1.3061513900756836,1.8671035766601562
1741033406747454700,201.58245483398437,-2.322735071182251,-0.49168968200683594,1.6698033809661865
1741033406757556000,201.59255590820314,-2.73567271232605,0.2653217315673828,1.4193933010101318
1741033406767657200,201.6026572265625,-3.262481212615967,0.7021999359130859,0.8937207460403442
1741033406777758500,201.6127585449219,-3.8703975677490234,0.9736251831054688,0.11907088756561279
1741033406787859700,201.62285961914063,-4.020092964172363,1.3294897079467773,-0.7327698469161987
1741033406797961200,201.63296118164064,-4.089646339416504,1.6809520721435547,-1.2509807348251343
1741033406808062200,201.64306225585938,-4.033530235290527,2.42095947265625,-1.2468341588974
1741033406818163700,201.6531638183594,-3.866814374923706,3.3257522583007812,-0.8016817569732666
1741033406828264700,201.6632646484375,-3.6489675045013428,4.3062286376953125,-0.14447271823883057
1741033406838366500,201.67336645507814,-3.3998780250549316,5.272310256958008,0.3728082776069641
1741033406848467200,201.68346728515624,-3.0307698249816895,5.966336250305176,0.5210681557655334
1741033406858569000,201.69356884765625,-2.4776105880737305,6.253359794616699,0.27683788537979126
1741033406868670000,201.703669921875,-1.71723210811615,6.272794723510742,-0.2594949007034302
1741033406878771500,201.713771484375,-0.9829776287078857,6.008769989013672,-1.1152688264846802
1741033406888872400,201.72387255859374,0.30237579345703125,5.896380424499512,-1.8527166843414307
1741033406898974000,201.73397387695312,2.7112793922424316,6.150566101074219,-2.9597060680389404
1741033406909075200,201.7440751953125,6.16819429397583,6.910961151123047,-3.784696102142334
1741033406919176400,201.75417651367187,6.95310115814209,7.1210737228393555,-3.6272590160369873
1741033406929277700,201.76427758789063,5.289604663848877,4.699460029602051,-2.8673205375671387
1741033406939379000,201.77437890625,3.279430389404297,1.3359270095825195,-2.139352321624756
1741033406949480200,201.78448022460938,2.4684736728668213,-0.6319398880004883,-1.7378449440002441
1741033406959581400,201.79458154296876,1.9580953121185303,-0.7111921310424805,-1.502269983291626
1741033406969683000,201.80468286132813,0.8416085243225098,0.7165040969848633,-1.079345941543579
1741033406979784000,201.81478393554687,0.22649240493774414,2.3159446716308594,-0.9005234241485596
1741033406989885400,201.82488549804688,0.5000393390655518,3.8007946014404297,-0.3973294496536255
1741033406999986400,201.834986328125,1.0490245819091797,4.628937721252441,0.05867612361907959
1741033407010088200,201.84508813476563,1.6057345867156982,4.230975151062012,0.24634966254234314
1741033407020189000,201.85518896484376,2.421219825744629,2.982457160949707,0.4141446053981781
1741033407030290700,201.86529077148438,3.5341856479644775,1.784226417541504,0.7960222959518433
1741033407040391700,201.8753916015625,3.0940589904785156,0.9285602569580078,1.2926025390625
1741033407050493200,201.8854931640625,2.0915257930755615,0.2351093292236328,1.0922276973724365
1741033407060594200,201.89559423828126,1.4365053176879883,-0.5802717208862305,0.4908415675163269
1741033407070695700,201.90569580078125,0.9381179213523865,-1.6076936721801758,-0.1389002799987793
1741033407080797000,201.915796875,1.305250644683838,-2.3306283950805664,0.21361488103866577
1741033407090898200,201.9258981933594,0.3419327139854431,-3.0826501846313477,1.0358703136444092
1741033407100999400,201.93599951171876,-1.6572998762130737,-3.4524178504943848,2.0746352672576904
1741033407111100700,201.9461005859375,-1.4777973890304565,-3.599313259124756,3.117199182510376
1741033407121202000,201.95620190429688,0.45423227548599243,-3.932828426361084,4.028059482574463
1741033407131303200,201.96630322265625,1.7969648838043213,-4.277767658233643,4.584593772888184
1741033407141404700,201.97640478515626,2.5043675899505615,-4.575695514678955,4.51448392868042
1741033407151505700,201.98650561523436,2.277207612991333,-5.110884189605713,3.948061466217041
1741033407161607200,201.99660717773438,1.9094204902648926,-5.513288974761963,3.36509108543396
1741033407171708200,202.0067082519531,1.8677974939346313,-5.780721664428711,2.7409300804138184
1741033407181810000,202.01680981445313,1.6599748134613037,-6.0319929122924805,2.11173152923584
1741033407191910700,202.02691064453126,1.4915430545806885,-6.368355751037598,1.5046278238296509
1741033407202012400,202.03701245117188,1.2409378290176392,-6.655259132385254,1.164177656173706
1741033407212113400,202.0471135253906,0.937850832939148,-6.873095512390137,1.0736424922943115
1741033407222215000,202.05721484375,0.6353204846382141,-7.0175018310546875,0.9874038696289062
1741033407232316000,202.06731591796876,0.17793774604797363,-7.148691177368164,0.9003371596336365
1741033407242417400,202.07741748046874,0.4240206480026245,-7.092268943786621,0.8012659549713135
1741033407252518400,202.08751831054687,0.2503405213356018,-6.803077697753906,0.812900722026825
1741033407262620000,202.09761987304688,0.5943553447723389,-6.184487342834473,1.082323431968689
1741033407272721200,202.10772119140626,0.9596430063247681,-5.49934196472168,1.342194676399231
1741033407282822400,202.11782250976563,1.2977956533432007,-4.696976184844971,1.416689157485962
1741033407292923600,202.12792358398437,1.4643350839614868,-3.5614466667175293,1.6148754358291626
1741033407303025000,202.13802490234374,1.5316716432571411,-1.9617819786071777,1.9010570049285889
1741033407313126400,202.14812646484376,1.6389520168304443,0.5470342636108398,2.147160768508911
1741033407323227400,202.1582272949219,1.776079535484314,4.335383415222168,2.2269413471221924
1741033407333329000,202.16832885742187,1.6381068229675293,9.501874923706055,2.2869033813476562
1741033407343430000,202.17842993164064,1.7013089656829834,13.241235733032227,0.8697608709335327
1741033407353531400,202.18853149414062,3.2891287803649902,12.567551612854004,-2.5333893299102783
1741033407363632400,202.19863232421875,4.007684230804443,8.849610328674316,-5.207297325134277
1741033407373734000,202.20873388671876,2.273878574371338,6.034611701965332,-5.624381065368652
1741033407383835000,202.2188349609375,1.5360512733459473,4.354541778564453,-5.923409461975098
1741033407393936000,202.22893579101563,4.465048313140869,2.809202194213867,-5.367690563201904
1741033407404037400,202.2390373535156,6.187394142150879,1.6922283172607422,-4.004958152770996
1741033407414138600,202.249138671875,8.468095779418945,1.2904481887817383,-2.8595104217529297
1741033407424239900,202.25923999023436,10.952269554138184,1.2375411987304688,-1.721782922744751
1741033407434341000,202.26934106445313,9.327678680419922,2.02349853515625,-1.4779318571090698
1741033407444442400,202.2794423828125,6.8148193359375,2.047337532043457,-1.9535466432571411
1741033407454543600,202.28954370117188,6.181375503540039,0.8800210952758789,-1.3963514566421509
1741033407464644900,202.29964477539062,3.801480531692505,-0.2576923370361328,-0.07335436344146729
1741033407474746400,202.30974633789063,1.4407989978790283,-0.7224245071411133,1.8954682350158691
1741033407484847400,202.31984741210937,1.341395616531372,-0.24355506896972656,3.8086769580841064
1741033407494948900,202.32994897460938,2.062918186187744,1.2517213821411133,5.538673400878906
1741033407505049900,202.3400498046875,2.633883476257324,3.233700752258301,6.983583450317383
1741033407515151600,202.35015161132813,2.1358120441436768,5.013812065124512,7.816286087036133
1741033407525252400,202.36025244140626,0.6993985176086426,5.629964828491211,7.765069961547852
1741033407535354000,202.37035400390624,-0.6570883989334106,5.2073774337768555,7.147418975830078
1741033407545455000,202.380455078125,-2.2935073375701904,4.092864990234375,6.158116817474365
1741033407555556600,202.390556640625,-2.884563446044922,2.4607620239257812,5.092177391052246
1741033407565657600,202.40065771484376,-3.4120659828186035,0.7897415161132812,4.143151760101318
1741033407575759000,202.41075903320314,-3.4503836631774902,-0.48167991638183594,3.5422377586364746
1741033407585860400,202.4208603515625,-3.240445137023926,-1.3961477279663086,3.2605793476104736
1741033407595961600,202.43096166992189,-2.738217353820801,-2.0825304985046387,3.1667003631591797
1741033407606062800,202.44106274414062,-2.4399027824401855,-2.570106029510498,3.135497808456421
1741033407616164000,202.4511640625,-2.761556386947632,-3.115647315979004,3.076730966567993
1741033407626265300,202.46126538085937,-3.1771702766418457,-3.7466883659362793,2.984699249267578
1741033407636366600,202.47136669921875,-3.316420555114746,-4.364059925079346,2.8527588844299316
1741033407646468000,202.48146801757812,-3.3797285556793213,-4.8065080642700195,2.7054123878479004
1741033407656569000,202.49156909179686,-3.316239356994629,-5.130782604217529,2.5928544998168945
1741033407666670600,202.50167065429687,-3.1071372032165527,-5.280685901641846,2.5138349533081055
1741033407676771600,202.511771484375,-2.863884925842285,-5.265569686889648,2.4909849166870117
1741033407686873000,202.521873046875,-2.7790608406066895,-5.095780372619629,2.504565715789795
1741033407696974000,202.53197412109375,-2.8957877159118652,-4.743805408477783,2.49537992477417
1741033407707075600,202.54207568359374,-3.005715847015381,-4.280875205993652,2.501347064971924
1741033407717176800,202.5521767578125,-3.0996084213256836,-3.792391777038574,2.41377592086792
1741033407727278000,202.56227807617188,-3.1468212604522705,-3.22622013092041,2.28670334815979
1741033407737379300,202.57237939453125,-2.969912052154541,-2.684915542602539,2.22527813911438
1741033407747480600,202.58248046875,-2.30720853805542,-1.9630107879638672,2.296424388885498
1741033407757582000,202.59258203125,0.7925567626953125,-0.5111865997314453,2.5768041610717773
1741033407767683000,202.60268310546874,8.805412292480469,2.281245231628418,2.4319868087768555
1741033407777784600,202.61278466796875,7.766782283782959,2.0999317169189453,2.6948580741882324
1741033407787885600,202.62288549804688,0.8857260942459106,0.18945026397705078,1.7889692783355713
1741033407797987000,202.63298706054687,-3.2546586990356445,-1.4616961479187012,0.18123579025268555
1741033407808088000,202.64308813476563,-4.670269966125488,-2.274841785430908,-1.1649277210235596
1741033407818189800,202.65318994140625,-6.850934028625488,-2.314553737640381,-2.491399049758911
1741033407828290600,202.66329052734375,-12.07323932647705,-1.2691106796264648,-3.3032381534576416
1741033407838391600,202.6733916015625,-13.630728721618652,0.008233070373535156,-3.034679412841797
1741033407848493000,202.6834931640625,-14.549074172973633,1.0482988357543945,-2.5949089527130127
1741033407858594000,202.69359399414063,-14.885382652282715,1.526021957397461,-2.3604955673217773
1741033407868695600,202.70369555664064,-13.876996040344238,1.6851940155029297,-2.035219192504883
1741033407878796800,202.713796875,-11.708142280578613,1.9448966979980469,-1.4446051120758057
1741033407888898000,202.72389794921875,-9.20226001739502,2.9102630615234375,-0.29198312759399414
1741033407898999300,202.73399926757813,-7.327452659606934,4.286844253540039,0.9724828004837036
1741033407909100500,202.7441005859375,-6.0252685546875,6.07347297668457,2.4527816772460938
1741033407919202000,202.7542021484375,-4.71523380279541,7.849743843078613,3.9480485916137695
1741033407929303000,202.76430297851562,-3.078190326690674,8.681742668151855,4.6303935050964355
1741033407939404500,202.77440454101563,-1.7328062057495117,8.507131576538086,3.940756320953369
1741033407949505500,202.78450561523437,-0.9797470569610596,7.1336822509765625,2.479217767715454
1741033407959607300,202.79460717773438,-0.5291576385498047,4.0957794189453125,1.1735167503356934
1741033407969708000,202.8047080078125,0.5133998394012451,0.8710126876831055,0.6338232755661011
1741033407979809800,202.81480981445313,0.9175286293029785,-0.8041725158691406,0.6889693737030029
1741033407989910800,202.82491088867187,2.83663010597229,-1.2765483856201172,-0.1034395694732666
1741033408000012300,202.83501220703124,5.405871391296387,-0.6967916488647461,-0.3338891267776489
1741033408010113300,202.84511328125,4.46822452545166,1.2603778839111328,-0.010060548782348633
1741033408020214800,202.85521484375,4.073051929473877,3.637826919555664,0.7769061326980591
1741033408030315800,202.86531567382812,4.392830848693848,5.250737190246582,1.480626106262207
1741033408040417300,202.87541723632813,4.81256103515625,5.404905319213867,2.084170341491699
1741033408050518500,202.8855185546875,4.6600189208984375,4.109086036682129,2.297764301300049
1741033408060619800,202.89561987304688,4.298571586608887,2.339907646179199,2.3604559898376465
1741033408070721000,202.90572094726562,4.260782718658447,0.8851451873779297,2.5664730072021484
1741033408080822300,202.915822265625,4.4464874267578125,-0.1153573989868164,2.921295166015625
1741033408090923800,202.925923828125,4.438784122467041,-0.9107599258422852,3.192969799041748
1741033408101024800,202.93602465820314,4.191035270690918,-1.7250261306762695,3.1765401363372803
1741033408111126300,202.94612622070312,3.4703168869018555,-2.6373848915100098,2.8131890296936035
1741033408121227300,202.9562272949219,2.2782490253448486,-3.583435535430908,2.3969829082489014
1741033408131328800,202.96632885742187,1.720695972442627,-4.1889872550964355,2.449599266052246
1741033408141429800,202.9764296875,1.309332013130188,-4.768203258514404,2.4874234199523926
1741033408151531500,202.98653149414062,-0.04527750611305237,-5.25386905670166,2.5529825687408447
1741033408161632300,202.99663232421875,-4.284852981567383,-5.366082668304443,1.7022759914398193
1741033408171734000,203.00673413085937,-5.590356826782227,-4.132187843322754,2.9010276794433594
1741033408181835000,203.0168349609375,-0.8177595138549805,-4.287246227264404,4.291118144989014
1741033408191936500,203.0269365234375,1.6594879627227783,-5.259891986846924,4.086598873138428
1741033408202037200,203.03703735351561,3.0250346660614014,-6.100812911987305,3.3126630783081055
1741033408212138500,203.04713842773438,3.781524181365967,-6.641895294189453,2.4579272270202637
1741033408222239700,203.05723974609376,3.7181785106658936,-7.0144853591918945,1.9014997482299805
1741033408232341000,203.06734106445313,3.3074960708618164,-7.2138671875,1.7236862182617188
1741033408242442200,203.07744213867187,3.1549324989318848,-7.248631477355957,1.635664939880371
1741033408252543700,203.08754370117188,3.332503318786621,-7.213811874389648,1.6978615522384644
1741033408262644700,203.09764477539062,3.2451138496398926,-7.018628120422363,1.8717288970947266
1741033408272746200,203.10774633789063,2.980386734008789,-6.749538898468018,2.0044116973876953
1741033408282847200,203.11784716796876,2.5332934856414795,-6.042644500732422,2.143343687057495
1741033408292949000,203.12794897460938,2.222630739212036,-5.2090163230896,2.058323860168457
1741033408303049700,203.1380498046875,1.8296996355056763,-4.369494438171387,1.767984390258789
1741033408313151500,203.1481513671875,1.7940690517425537,-3.384303092956543,1.5545512437820435
1741033408323252500,203.15825244140626,2.0485997200012207,-2.114828109741211,1.2309554815292358
1741033408333354000,203.16835400390624,2.5933241844177246,-0.2861452102661133,1.0117225646972656
1741033408343455000,203.178455078125,2.9982666969299316,2.213174819946289,0.4936130940914154
1741033408353556500,203.1885563964844,2.1144304275512695,5.357646942138672,-0.06155812740325928
1741033408363657500,203.19865747070313,0.10666954517364502,8.687186241149902,-1.0195677280426025
1741033408373759000,203.20875903320314,1.864999771118164,9.774408340454102,-3.2126619815826416
1741033408383860200,203.21886010742188,5.015444755554199,8.052895545959473,-5.2317399978637695
1741033408393961500,203.22896142578125,5.559386253356934,5.8520612716674805,-5.708774566650391
1741033408404062700,203.23906274414063,4.00095272064209,4.412267684936523,-5.63341760635376
1741033408414164000,203.2491640625,3.7059903144836426,3.1623783111572266,-5.197357654571533
1741033408424265500,203.25926538085938,6.107725143432617,1.2721614837646484,-4.014456748962402
1741033408434509800,203.269509765625,7.714288711547852,-0.4974632263183594,-2.910365104675293
1741033408444813300,203.27981323242187,9.016375541687012,-3.171675205230713,-2.099045753479004
1741033408455116000,203.29011596679686,8.177536964416504,-4.522711277008057,-0.7667933702468872
1741033408465264600,203.3002646484375,5.435459136962891,-3.681962490081787,1.0230803489685059
1741033408475365600,203.31036572265626,3.5153286457061768,-2.345094680786133,2.1654930114746094
1741033408485467100,203.32046704101563,2.449906826019287,-0.19385623931884766,2.919351816177368
1741033408495568100,203.33056811523437,2.1529691219329834,2.2615509033203125,3.443756103515625
1741033408505669600,203.34066967773438,2.232377052307129,4.655997276306152,3.974966049194336
1741033408515771000,203.35077099609376,2.034999132156372,6.781765937805176,4.565053939819336
1741033408525872000,203.3608720703125,1.7021257877349854,8.099750518798828,5.4198503494262695
1741033408535973400,203.37097338867187,1.2619553804397583,8.279577255249023,5.679577350616455
1741033408546074600,203.38107470703125,0.5491901636123657,7.957396507263184,5.319708824157715
1741033408556176000,203.39117578125,-0.2789977788925171,7.350546836853027,5.2305402755737305
1741033408566277000,203.4012770996094,-1.521187424659729,6.387213706970215,5.5432844161987305
1741033408576378600,203.41137866210937,-2.658578872680664,4.339385032653809,5.643991470336914
1741033408586479600,203.42147973632814,-2.9584925174713135,2.3121700286865234,5.378367900848389
1741033408596581000,203.4315810546875,-3.5694689750671387,0.9503250122070312,5.053682327270508
1741033408606682000,203.44168212890625,-4.182441711425781,0.04177093505859375,4.61398983001709
1741033408616784000,203.45178393554687,-4.439087390899658,-0.5775279998779297,4.156764030456543
1741033408626885600,203.4618857421875,-4.4256272315979,-1.1342153549194336,3.801146984100342
1741033408637189000,203.4721892089844,-4.077426433563232,-1.6727428436279297,3.509103298187256
1741033408647492600,203.48249267578126,-3.502595901489258,-2.2109150886535645,3.1744775772094727
1741033408657756700,203.49275659179688,-2.6174933910369873,-2.70345401763916,2.837864398956299
1741033408667884000,203.50288403320312,-1.9665825366973877,-3.230046272277832,2.569411516189575
1741033408677985300,203.5129853515625,-1.9457826614379883,-3.7358479499816895,2.411893129348755
1741033408688086500,203.52308642578126,-2.0668745040893555,-4.0214128494262695,2.313593864440918
1741033408698187800,203.53318774414063,-2.229034185409546,-4.218099117279053,2.3094730377197266
1741033408708289000,203.5432890625,-2.3484303951263428,-4.390736103057861,2.3030004501342773
1741033408718390300,203.55339038085938,-2.3507790565490723,-4.469481945037842,2.3732991218566895
1741033408728491800,203.56349169921876,-2.3275582790374756,-4.351945877075195,2.4721884727478027
1741033408738592800,203.5735927734375,-2.2983431816101074,-4.044114112854004,2.594883680343628
1741033408748694300,203.5836943359375,-2.263139247894287,-3.5916013717651367,2.730029344558716
1741033408758795300,203.59379516601564,-2.389118194580078,-3.1165027618408203,2.740630626678467
1741033408768896300,203.60389624023438,-2.4086599349975586,-2.658205032348633,2.6879501342773438
1741033408778997800,203.6139978027344,-2.3020591735839844,-2.1868252754211426,2.6325690746307373
1741033408789098800,203.6240986328125,-2.0888078212738037,-1.7394561767578125,2.6047775745391846
1741033408799200300,203.6342001953125,-0.8860649466514587,-1.0014400482177734,2.8483662605285645
1741033408809301200,203.64430126953124,2.676682472229004,0.1961498260498047,3.189690113067627
1741033408819402800,203.65440283203125,8.278206825256348,1.4219799041748047,3.290194511413574
1741033408829504000,203.66450390625,2.9725306034088135,0.4303855895996094,2.4760003089904785
1741033408839605200,203.67460522460937,-4.282924175262451,-0.5884284973144531,0.28628039360046387
1741033408849706500,203.68470654296874,-8.145587921142578,-0.1839752197265625,-2.2712275981903076
1741033408859807700,203.69480786132812,-10.624489784240723,0.583430290222168,-3.5675506591796875
1741033408869909200,203.7049091796875,-10.679019927978516,0.6636676788330078,-3.671647071838379
1741033408880010200,203.71501025390626,-10.260295867919922,0.4969358444213867,-3.4279191493988037
1741033408890111700,203.72511181640624,-9.694433212280273,0.32341861724853516,-3.1627471446990967
1741033408900212700,203.73521264648437,-8.45573616027832,0.3962278366088867,-2.4937267303466797
1741033408910314200,203.74531420898438,-6.965251922607422,0.7300481796264648,-1.4990437030792236
1741033408920415200,203.75541528320312,-5.537792682647705,1.2074289321899414,-0.5660479068756104
1741033408930517000,203.76551708984374,-4.290102481842041,1.8451519012451172,0.24713587760925293
1741033408940617700,203.77561767578126,-3.032499074935913,2.444472312927246,0.7798421382904053
1741033408950719500,203.78571948242188,-1.983333706855774,3.05635929107666,0.9663236141204834
1741033408960820500,203.79582055664062,-1.447767734527588,3.9960737228393555,0.7396707534790039
1741033408970922000,203.805921875,-1.1211206912994385,5.2061004638671875,0.16597461700439453
1741033408981023000,203.81602294921876,-0.561617910861969,5.723803520202637,-0.6803605556488037
1741033408991124500,203.82612451171875,0.4883840084075928,4.658315658569336,-1.3196229934692383
1741033409001225700,203.83622583007812,1.7414647340774536,2.7919187545776367,-1.2643072605133057
1741033409011327000,203.8463269042969,3.9298973083496094,1.0387153625488281,-1.3189761638641357
1741033409021428200,203.85642822265626,5.542665481567383,0.3131723403930664,-1.0520412921905518
1741033409031529500,203.86652954101564,3.9359445571899414,0.4613037109375,-0.48786818981170654
1741033409041631000,203.876630859375,2.3683295249938965,1.2897253036499023,-0.1585458517074585
1741033409051732000,203.88673193359375,1.875905156135559,2.426693916320801,-0.11824417114257812
1741033409061833500,203.89683349609376,1.7004690170288086,3.5085649490356445,-0.01880013942718506
1741033409071934500,203.9069345703125,1.4500174522399902,4.043338775634766,0.3481687307357788
1741033409082036000,203.91703588867188,2.3106698989868164,3.9487218856811523,0.8276877403259277
1741033409092316000,203.92731591796874,4.370418071746826,3.3460254669189453,0.8171912431716919
1741033409102619600,203.93761962890625,5.49988317489624,2.579965591430664,0.8592325448989868
1741033409112903000,203.94790283203125,4.608123302459717,1.8793487548828125,0.9793741106987
1741033409123035100,203.95803515625,3.410273551940918,0.9038763046264648,0.9244260787963867
1741033409133136100,203.96813623046876,2.359189987182617,-0.10381412506103516,1.1261413097381592
1741033409143237600,203.97823754882813,0.2552306056022644,-1.1363792419433594,1.1813238859176636
1741033409153339000,203.9883388671875,-2.4550344944000244,-1.8541135787963867,1.3387670516967773
1741033409163440000,203.99844018554688,-1.6334224939346313,-2.0117435455322266,2.2031049728393555
1741033409173541400,204.00854125976562,0.6907436847686768,-2.2901611328125,3.1758275032043457
1741033409183642600,204.018642578125,1.7446318864822388,-3.285586357116699,3.4569554328918457
1741033409193744100,204.028744140625,2.0363261699676514,-4.436169147491455,3.366415023803711
1741033409203845000,204.03884521484375,2.487656593322754,-5.314715385437012,3.3157100677490234
1741033409213946600,204.04894653320312,2.5017313957214355,-6.021876335144043,3.250210762023926
1741033409224047600,204.0590476074219,2.214348316192627,-6.582703113555908,3.1177148818969727
1741033409234148600,204.06914868164063,1.9587656259536743,-6.956908226013184,3.044438123703003
1741033409244250000,204.07925,1.382495403289795,-7.180440902709961,2.858189582824707
1741033409254351000,204.08935107421874,0.8366433382034302,-7.3019633293151855,2.6762495040893555
1741033409264452600,204.09945263671875,0.37082862854003906,-7.3261260986328125,2.615788459777832
1741033409274553600,204.1095537109375,0.05058109760284424,-7.188448905944824,2.554255962371826
1741033409284655000,204.11965502929687,-0.14577388763427734,-6.9112653732299805,2.3966615200042725
1741033409294756400,204.12975634765624,-0.11703014373779297,-6.404036521911621,2.21281099319458
1741033409304857600,204.13985766601562,0.15874934196472168,-5.769726753234863,2.070234775543213
1741033409314958800,204.14995874023438,0.42900192737579346,-4.992656230926514,1.9457213878631592
1741033409325060000,204.16006005859376,0.7485306262969971,-4.107198238372803,1.8449151515960693
1741033409335161300,204.17016137695313,0.8974779844284058,-3.1589202880859375,1.8044705390930176
1741033409345262600,204.1802626953125,1.0515755414962769,-2.095036029815674,1.8198189735412598
1741033409355364000,204.19036401367188,1.1061079502105713,-0.7430686950683594,1.9613869190216064
1741033409365465000,204.20046508789062,1.1272679567337036,0.6659755706787109,1.9489198923110962
1741033409375566600,204.21056665039063,1.2631947994232178,1.8902950286865234,1.799633502960205
1741033409385667600,204.22066748046876,1.2030353546142578,2.8555526733398438,1.2497227191925049
1741033409395769300,204.23076928710938,1.3748016357421875,3.5505294799804688,0.4394550919532776
1741033409405870000,204.2408701171875,1.5653913021087646,3.869236946105957,-0.8046705722808838
1741033409415971800,204.25097192382813,1.2337446212768555,4.054001808166504,-1.796769618988037
1741033409426072800,204.26107275390626,0.7637457847595215,3.9687767028808594,-2.728560447692871
1741033409436174300,204.27117431640625,0.5961744785308838,3.785846710205078,-3.4862122535705566
1741033409446275300,204.281275390625,0.497830867767334,3.4073925018310547,-4.398129940032959
1741033409456376800,204.291376953125,0.6700317859649658,3.0393428802490234,-5.373962879180908
1741033409466478000,204.30147802734376,1.1527445316314697,2.7243080139160156,-6.117270469665527
1741033409476579300,204.31157934570314,1.8010504245758057,2.290712356567383,-6.028492450714111
1741033409486680600,204.3216806640625,3.98484206199646,1.714491844177246,-4.719088554382324
1741033409496781800,204.33178173828125,7.469147682189941,1.3591184616088867,-3.019507884979248
1741033409506883000,204.34188305664063,9.071860313415527,1.9548845291137695,-1.5050920248031616
1741033409516984300,204.351984375,5.094803810119629,3.305600166320801,-0.6962040662765503
1741033409527085300,204.36208520507813,2.0655174255371094,3.6734495162963867,-0.6781904697418213
1741033409537186600,204.3721865234375,0.43867063522338867,2.7839136123657227,-0.46576833724975586
1741033409547287800,204.38228784179688,-0.20023274421691895,1.6274242401123047,-0.18479585647583008
1741033409557389300,204.39238940429686,-0.6209677457809448,2.0061702728271484,-0.16608428955078125
1741033409567490300,204.402490234375,-0.82270348072052,3.933012008666992,-0.28914380073547363
1741033409577591800,204.412591796875,-0.5999739170074463,6.390631675720215,-0.004414796829223633
1741033409587692800,204.42269287109374,-0.48485350608825684,8.260480880737305,0.38785552978515625
1741033409597794300,204.43279418945312,-0.6692838668823242,9.135557174682617,0.8169736862182617
1741033409607895300,204.4428952636719,-0.8692338466644287,8.681756019592285,1.5058642625808716
1741033409617996800,204.45299682617187,-0.7107405662536621,6.687743186950684,2.1683733463287354
1741033409628098000,204.46309814453124,-0.8019448518753052,4.283963203430176,2.421074151992798
1741033409638199300,204.47319921875,-0.9485114812850952,2.48388671875,2.4249069690704346
1741033409648300500,204.4833005371094,-1.0945804119110107,1.2655963897705078,2.447277069091797
1741033409658401800,204.49340185546876,-1.247198224067688,0.33191967010498047,2.5023064613342285
1741033409668503000,204.5035029296875,-1.4539158344268799,-0.5017452239990234,2.636998176574707
1741033409678604300,204.51360424804687,-1.5831012725830078,-1.292837142944336,2.7697789669036865
1741033409688705800,204.5237058105469,-1.6829986572265625,-2.0545268058776855,2.8636035919189453
1741033409698806800,204.53380688476562,-1.674458384513855,-2.831368923187256,2.8856911659240723
1741033409708908300,204.543908203125,-1.6455926895141602,-3.51739501953125,2.8977999687194824
1741033409719009300,204.55400927734374,-1.663861632347107,-4.166280269622803,2.873414993286133
1741033409729111000,204.5641110839844,-1.6913851499557495,-4.78400182723999,2.87288498878479
1741033409739211800,204.57421166992188,-1.8010843992233276,-5.3139262199401855,2.918848991394043
1741033409749313500,204.5843134765625,-1.8735709190368652,-5.706535339355469,2.982152223587036
1741033409759414500,204.59441455078124,-1.8346121311187744,-5.932506561279297,3.049370527267456
1741033409769516000,204.60451611328125,-1.1259318590164185,-5.834081172943115,3.192596912384033
1741033409779617000,204.61461694335938,0.621544361114502,-5.3691229820251465,3.193711042404175
1741033409789718500,204.62471850585936,1.2774221897125244,-4.856339931488037,3.137580156326294
1741033409799819300,204.6348193359375,0.8231201171875,-4.062698841094971,3.307939052581787
1741033409809920500,204.64492041015626,0.0652472972869873,-3.0076937675476074,3.1345484256744385
1741033409820021800,204.65502172851564,-1.0889265537261963,-2.828286647796631,2.3403754234313965
1741033409830123300,204.66512329101562,-2.147390365600586,-2.623586654663086,1.4524322748184204
1741033409840224300,204.67522436523439,-2.8601279258728027,-2.443817615509033,0.535085916519165
1741033409850325800,204.68532568359376,-2.8798046112060547,-2.4633636474609375,-0.22647309303283691
1741033409860426800,204.6954267578125,-2.984806537628174,-2.5108256340026855,-0.5836913585662842
1741033409870528300,204.7055283203125,-3.338256359100342,-2.608001708984375,-0.6427345275878906
1741033409880629200,204.7156291503906,-4.113226413726807,-2.575559139251709,-0.36690258979797363
1741033409890731000,204.72573095703126,-5.231837749481201,-2.148128032684326,0.05744504928588867
1741033409900831700,204.73583178710936,-6.0618743896484375,-1.5564861297607422,0.16486382484436035
1741033409910933500,204.74593359375,-7.43569803237915,-1.031599998474121,0.22608613967895508
1741033409921034500,204.7560344238281,-8.115690231323242,-0.522613525390625,0.4252159595489502
1741033409931136000,204.76613598632812,-7.9722676277160645,0.18054676055908203,0.8615735769271851
1741033409941237000,204.77623706054686,-7.4160380363464355,1.146336555480957,1.3670597076416016
1741033409951338500,204.78633837890624,-6.6446332931518555,2.2430295944213867,1.90084969997406
1741033409961439700,204.7964396972656,-5.539022922515869,3.4180526733398438,2.518977165222168
1741033409971541000,204.806541015625,-4.0757551193237305,4.635207176208496,3.4386701583862305
1741033409981642200,204.81664233398436,-2.700263738632202,5.760601043701172,4.277186393737793
1741033409991743500,204.82674340820313,-1.2354297637939453,6.18580436706543,4.3440961837768555
1741033410001845000,204.8368449707031,-0.23899179697036743,5.359378814697266,3.187899112701416
1741033410011946000,204.84694604492188,0.022866249084472656,3.6804866790771484,1.2894293069839478
1741033410022047500,204.85704760742186,-0.1496734619140625,3.0753097534179688,-0.19499540328979492
1741033410032148500,204.8671484375,-0.42295563220977783,3.921964645385742,-1.3980642557144165
1741033410042250000,204.87725,-0.35352492332458496,5.353306770324707,-3.0585641860961914
1741033410052351000,204.88735107421874,-0.12762904167175293,6.112610816955566,-5.089608192443848
1741033410062452700,204.89745263671875,1.4989749193191528,5.00822639465332,-6.130719184875488
1741033410072553500,204.90755346679688,3.390939712524414,2.6114463806152344,-4.609368801116943
1741033410082654500,204.91765454101562,5.570135593414307,0.22722244262695312,-2.5547664165496826
1741033410092756000,204.927755859375,7.835775375366211,-0.8265190124511719,-1.2217543125152588
1741033410102857000,204.93785693359376,6.054746150970459,-0.23834705352783203,0.35369038581848145
1741033410112958500,204.94795849609375,2.734797954559326,1.4037151336669922,0.6017239689826965
1741033410123059700,204.95805981445312,2.150679349899292,3.386786460876465,0.03317153453826904
1741033410133161000,204.9681608886719,3.9272446632385254,4.354824066162109,-0.36356544494628906
1741033410143262200,204.97826220703126,7.159798622131348,4.256879806518555,-0.03201436996459961
1741033410153363500,204.98836352539064,9.894577026367188,3.978428840637207,1.500374436378479
1741033410163465000,204.99846484375,3.9920880794525146,3.5832014083862305,1.671579122543335
1741033410173566000,205.00856591796875,-2.333584785461426,3.389754295349121,0.4925076961517334
1741033410183667500,205.01866748046876,1.959428071975708,2.6930742263793945,0.6926038861274719
1741033410193768400,205.0287685546875,3.958876371383667,0.9163942337036133,1.3009072542190552
1741033410203870200,205.0388701171875,2.809993267059326,-1.0656862258911133,1.378477692604065
1741033410213971000,205.04897094726562,2.8984923362731934,-2.4552788734436035,1.0332998037338257
1741033410224072700,205.05907275390626,2.646549940109253,-3.502072334289551,0.7183005809783936
1741033410234173700,205.06917358398437,2.1560237407684326,-4.102630615234375,0.4987279772758484
1741033410244275200,205.07927514648438,1.7093325853347778,-4.472049713134766,0.3839118480682373
1741033410254376200,205.08937622070312,1.5201505422592163,-4.705194473266602,0.29645901918411255
1741033410264477700,205.09947778320313,1.1033600568771362,-4.941199779510498,0.25031542778015137
1741033410274578700,205.10957861328126,0.5339235067367554,-5.116749286651611,0.30273735523223877
1741033410284680200,205.11968017578124,-0.002644181251525879,-5.291748046875,0.5490257740020752
1741033410294781400,205.12978149414062,-0.37592601776123047,-5.571685791015625,0.7989100813865662
1741033410304882700,205.13988256835938,-0.6103055477142334,-5.792953014373779,1.0337721109390259
1741033410314983400,205.1499833984375,-0.7804975509643555,-5.9523115158081055,1.3555078506469727
1741033410325085000,205.1600849609375,-0.9910718202590942,-6.097355842590332,1.8474242687225342
1741033410335186000,205.17018603515626,-1.0395121574401855,-6.0986008644104,2.367647647857666
1741033410345287400,205.18028735351564,-1.1126859188079834,-6.036838531494141,2.5517830848693848
1741033410355388400,205.19038842773438,-1.1044576168060303,-5.952662467956543,2.691105365753174
1741033410365490200,205.200490234375,-0.8696973323822021,-5.715022087097168,2.7159368991851807
1741033410375591000,205.2105908203125,-0.4666576385498047,-5.2582292556762695,2.7812423706054688
1741033410385692700,205.22069262695314,-0.0689382553100586,-4.726258754730225,2.8512043952941895
1741033410395793700,205.23079370117188,0.3198697566986084,-4.100762367248535,2.9020042419433594
1741033410405895200,205.2408952636719,0.5802500247955322,-3.389233112335205,2.9059066772460938
1741033410415996200,205.25099609375,0.8218851089477539,-2.6053004264831543,2.7959723472595215
1741033410426097700,205.26109765625,1.0095393657684326,-1.5823392868041992,2.70229172706604
1741033410436199000,205.27119897460938,1.0993585586547852,-0.3831510543823242,2.6499905586242676
1741033410446300200,205.28130004882811,0.9426920413970947,1.0113801956176758,2.524066925048828
1741033410456401400,205.2914013671875,0.6354591846466064,2.3441925048828125,2.293583393096924
1741033410466502700,205.30150268554686,0.3143641948699951,3.3144941329956055,1.8364698886871338
1741033410476604000,205.31160400390624,-0.001008749008178711,3.723508834838867,1.1408722400665283
1741033410486705200,205.321705078125,-0.07403850555419922,3.4024057388305664,0.2945781350135803
1741033410496806700,205.331806640625,0.7427771091461182,2.655747413635254,-1.0302178859710693
1741033410506907600,205.34190771484376,1.5762367248535156,2.085646629333496,-2.436305284500122
1741033410517009200,205.35200903320313,1.5048768520355225,1.8051958084106445,-4.024342060089111
1741033410527110100,205.36211010742187,-0.511149525642395,1.9333171844482422,-6.503276348114014
1741033410537212000,205.3722119140625,-1.3025102615356445,1.6675176620483398,-10.099273681640625
1741033410547312600,205.38231274414062,4.345883369445801,-1.19097900390625,-13.73486614227295
1741033410557413600,205.39241357421875,7.8967132568359375,-1.675581932067871,-11.732000350952148
1741033410567515100,205.40251513671876,8.310237884521484,1.744053840637207,-4.193934917449951
1741033410577616100,205.4126162109375,6.3923163414001465,6.117607116699219,0.46925264596939087
1741033410587717600,205.42271752929688,5.615577697753906,8.807782173156738,2.0383353233337402
1741033410597819000,205.43281884765625,4.62462043762207,9.532835960388184,2.2865042686462402
1741033410607920000,205.44292016601563,2.6537134647369385,8.149767875671387,2.7115468978881836
1741033410618021400,205.453021484375,1.2675116062164307,5.687743186950684,2.576016664505005
1741033410628122600,205.46312255859374,0.1768498420715332,3.9995765686035156,1.5291426181793213
1741033410638224000,205.4732238769531,-1.3341490030288696,3.5679569244384766,0.37088727951049805
1741033410648325000,205.4833251953125,-2.092085123062134,4.100252151489258,-0.2445213794708252
1741033410658426600,205.49342651367186,-2.024932622909546,5.073444366455078,-0.05504894256591797
1741033410668527600,205.50352758789063,-1.5009281635284424,5.9527788162231445,1.1316595077514648
1741033410678629000,205.5136291503906,-1.05816650390625,6.177407264709473,2.534630298614502
1741033410688730000,205.52373022460938,-0.8811485767364502,5.781074523925781,3.607774257659912
1741033410698832000,205.53383178710936,-0.9801657199859619,4.800806999206543,4.12973690032959
1741033410708932600,205.5439326171875,-1.1320881843566895,2.8969945907592773,3.7061972618103027
1741033410719034400,205.5540344238281,-1.2277508974075317,0.8936891555786133,2.9669480323791504
1741033410729135400,205.56413525390624,-1.1972954273223877,-0.6145524978637695,2.4967360496520996
1741033410739236900,205.57423681640626,-1.3106813430786133,-1.74275541305542,2.3111579418182373
1741033410749337600,205.58433764648439,-1.4649975299835205,-2.5918188095092773,2.339581251144409
1741033410759438800,205.59443896484376,-1.5877180099487305,-3.2521133422851562,2.44350528717041
1741033410769540000,205.6045400390625,-1.6486643552780151,-3.822211742401123,2.5663437843322754
1741033410779641300,205.61464135742187,-1.6764464378356934,-4.306992530822754,2.641059637069702
1741033410789742600,205.62474267578125,-1.6956794261932373,-4.739480495452881,2.7411043643951416
1741033410799844000,205.63484399414062,-1.665524959564209,-5.068748474121094,2.7884702682495117
1741033410809945000,205.64494506835936,-1.6322118043899536,-5.345320224761963,2.797427177429199
1741033410820046600,205.65504663085937,-1.6664360761642456,-5.491619110107422,2.80242919921875
1741033410830147600,205.6651477050781,-1.6976685523986816,-5.595947265625,2.8083481788635254
1741033410840249000,205.6752490234375,-1.729722023010254,-5.567055702209473,2.817884922027588
1741033410850350000,205.68535009765625,-1.7489389181137085,-5.422964096069336,2.8138797283172607
1741033410860451800,205.69545190429687,-1.8086938858032227,-5.092143535614014,2.8423593044281006
1741033410870552600,205.70555249023437,-1.7872035503387451,-4.649765491485596,2.637068033218384
1741033410880654300,205.715654296875,-1.7182296514511108,-4.098384380340576,2.4519224166870117
1741033410890755300,205.72575537109375,-1.7089805603027344,-3.438620090484619,2.3082947731018066
1741033410900856800,205.73585693359374,-1.4198479652404785,-2.7440013885498047,2.2415833473205566
1741033410910957800,205.74595776367187,-0.9996367692947388,-1.7590842247009277,2.2844409942626953
1741033410921059300,205.75605932617188,-1.0858124494552612,-0.8241500854492188,1.9360361099243164
1741033410931160600,205.76616064453125,-1.7146096229553223,-0.2554435729980469,1.263472557067871
1741033410941261800,205.77626171875,-2.302440881729126,-0.034798622131347656,0.4462171792984009
1741033410951362800,205.78636279296876,-3.036458730697632,0.4677619934082031,-0.35222184658050537
1741033410961464000,205.79646411132813,-3.5704588890075684,0.9929513931274414,-1.1803326606750488
1741033410971565300,205.8065654296875,-4.2088727951049805,1.7134170532226562,-1.7140071392059326
1741033410981666600,205.81666650390625,-4.712337970733643,2.597553253173828,-1.6515183448791504
1741033410991767800,205.82676782226562,-4.961853981018066,3.407785415649414,-1.1311018466949463
1741033411001869300,205.83686938476563,-4.786749839782715,4.066770553588867,-0.413077712059021
1741033411011970300,205.84697021484374,-4.4372711181640625,4.550809860229492,0.1636219024658203
1741033411022071800,205.85707177734375,-3.985621690750122,4.645561218261719,0.2875521183013916
1741033411032172800,205.8671728515625,-3.446894645690918,4.301148414611816,-0.08981060981750488
1741033411042274300,205.8772744140625,-3.0065436363220215,3.805666923522949,-0.7206176519393921
1741033411052375300,205.88737524414063,-2.4142086505889893,3.426224708557129,-1.5021363496780396
1741033411062476800,205.8974768066406,-1.4964944124221802,3.3453636169433594,-2.4843697547912598
1741033411072577800,205.90757788085938,-0.393141508102417,3.900676727294922,-3.4645566940307617
1741033411082679300,205.91767919921875,0.34096193313598633,5.351422309875488,-4.2984232902526855
1741033411092780500,205.92778051757813,1.4499092102050781,7.098714828491211,-4.603711128234863
1741033411102881800,205.9378818359375,3.379685163497925,7.784990310668945,-4.414760589599609
1741033411112983000,205.94798315429688,6.27508544921875,6.222888946533203,-3.8491013050079346
1741033411123084300,205.95808422851562,8.301308631896973,3.423211097717285,-3.163416862487793
1741033411133185800,205.96818579101563,7.986273765563965,0.7559213638305664,-2.19529390335083
1741033411143286800,205.97828686523437,4.911230564117432,-0.5114564895629883,-1.0771229267120361
1741033411153387800,205.9883876953125,2.0826849937438965,-0.6095657348632812,-0.5882207155227661
1741033411163489300,205.9984892578125,0.2892932891845703,-0.15136241912841797,-0.7648215889930725
1741033411173590300,206.00859033203125,-0.16338396072387695,0.6039953231811523,-0.6967594027519226
1741033411183691800,206.01869189453126,0.14892971515655518,1.4943523406982422,-0.4014033079147339
1741033411193792800,206.0287927246094,0.9793200492858887,2.1149282455444336,0.19953811168670654
1741033411203894300,206.03889428710937,2.0073156356811523,2.419370651245117,0.7344843149185181
1741033411213995300,206.04899536132814,2.5521750450134277,2.213613510131836,1.1433206796646118
1741033411224096800,206.0590966796875,3.1600565910339355,1.511794090270996,1.1641032695770264
1741033411234198000,206.0691979980469,2.384896755218506,0.5879573822021484,1.09164297580719
1741033411244299300,206.07929931640626,0.34141969680786133,-0.2750434875488281,0.41353169083595276
1741033411254400500,206.089400390625,-0.9174362421035767,-0.8758211135864258,0.046837955713272095
1741033411264501800,206.09950170898438,0.1925652027130127,-1.4649457931518555,0.6231549978256226
1741033411274603000,206.10960302734375,1.4395227432250977,-2.0939550399780273,1.7570780515670776
1741033411284704300,206.11970434570313,2.6920042037963867,-2.997426986694336,2.688789129257202
1741033411294805800,206.1298056640625,3.3746910095214844,-3.8832201957702637,2.9730043411254883
1741033411304906800,206.13990673828124,3.4792912006378174,-4.254782199859619,3.396789073944092
1741033411315008300,206.15000830078125,2.7332401275634766,-4.3324127197265625,3.608354091644287
1741033411325109200,206.16010913085938,1.9359411001205444,-4.453256607055664,3.4801971912384033
1741033411335210200,206.17021020507812,1.1438825130462646,-4.63516902923584,3.1167244911193848
1741033411345311700,206.18031176757813,0.4863605499267578,-4.7765045166015625,2.6598405838012695
1741033411355412700,206.19041284179687,0.14003849029541016,-4.841335296630859,2.4159843921661377
1741033411365514200,206.20051416015625,-0.1720191240310669,-5.005375862121582,2.156812906265259
1741033411375615200,206.210615234375,-0.5817661285400391,-5.196132183074951,1.7358629703521729
1741033411385716700,206.220716796875,-1.0603301525115967,-5.426148414611816,1.3040804862976074
1741033411395818000,206.23081787109376,-1.4626471996307373,-5.828437328338623,0.9689851403236389
1741033411405919200,206.24091918945314,-1.6206729412078857,-6.2874298095703125,0.8752107620239258
1741033411416020500,206.2510205078125,-1.65326726436615,-6.702015399932861,0.9757953882217407
1741033411426122000,206.2611220703125,-1.5623747110366821,-7.058976173400879,1.1618993282318115
1741033411436223200,206.27122314453126,-0.8010724782943726,-6.908191680908203,1.5305098295211792
1741033411446324500,206.28132446289064,-0.0719003677368164,-6.219150543212891,1.8455097675323486
1741033411456425700,206.29142578125,0.5494909286499023,-5.4191083908081055,2.2125840187072754
1741033411466527000,206.30152685546875,1.0063014030456543,-4.512698650360107,2.323493242263794
1741033411476628200,206.31162817382813,1.5193793773651123,-3.2711563110351562,2.241032600402832
1741033411486729500,206.3217294921875,1.9583582878112793,-1.435274600982666,2.0413990020751953
1741033411496830200,206.33183032226563,2.639554023742676,1.3786802291870117,1.9766051769256592
1741033411506931700,206.341931640625,3.2724452018737793,5.01165771484375,2.019768476486206
1741033411517032700,206.35203271484374,2.971013069152832,8.315046310424805,1.3681666851043701
1741033411527134500,206.36213452148436,2.2963755130767822,10.24952220916748,0.49838772416114807
1741033411537235200,206.3722351074219,2.341665267944336,9.278054237365723,-0.11493885517120361
1741033411547337000,206.3823369140625,2.0701210498809814,5.709982872009277,-1.559280514717102
1741033411557438000,206.39243798828124,1.555161952972412,2.437612533569336,-3.38322377204895
1741033411567539500,206.40253955078126,0.694072961807251,1.017730712890625,-5.151537895202637
1741033411577640400,206.4126403808594,1.1644222736358643,1.0106525421142578,-6.792135238647461
1741033411587742000,206.42274194335937,3.181734085083008,1.725149154663086,-7.532924175262451
1741033411597843200,206.43284326171874,5.414215087890625,3.2916154861450195,-6.71447229385376
1741033411607944400,206.4429443359375,6.861111640930176,4.996979713439941,-4.075876235961914
1741033411618045700,206.4530456542969,5.7432966232299805,5.997115135192871,-1.563845157623291
1741033411628147000,206.46314697265626,4.174444198608398,6.264812469482422,0.6558496952056885
1741033411638248200,206.47324829101564,1.6741933822631836,4.586187362670898,1.5799531936645508
1741033411648349400,206.48334936523437,0.5601761341094971,2.3786849975585938,2.222277879714966
1741033411658450200,206.4934501953125,0.3604395389556885,1.4664716720581055,2.4452037811279297
1741033411668551700,206.5035517578125,0.20143365859985352,1.969618797302246,2.393322467803955
1741033411678652700,206.51365258789062,-0.5187628269195557,3.2552614212036133,2.3954763412475586
1741033411688754400,206.52375439453124,-1.096573829650879,4.668872833251953,2.8632209300994873
1741033411698855400,206.53385546875,-1.438534140586853,5.443381309509277,3.523155689239502
1741033411708957000,206.54395703125,-1.6088265180587769,5.155006408691406,3.9077935218811035
1741033411719058000,206.55405786132812,-1.6644182205200195,3.84853458404541,3.714207649230957
1741033411729159400,206.56415942382813,-1.6762702465057373,2.2509965896606445,2.9577927589416504
1741033411739260400,206.57426049804687,-1.64508056640625,0.8533449172973633,2.209529399871826
1741033411749362000,206.58436181640624,-1.7428423166275024,-0.22594356536865234,1.8902473449707031
1741033411759463200,206.59446313476562,-2.250178098678589,-1.094034194946289,1.809952735900879
1741033411769564400,206.604564453125,-2.4736664295196533,-1.8335537910461426,1.8753849267959595
1741033411779665700,206.61466577148437,-2.469266414642334,-2.456054210662842,2.107313871383667
1741033411789767000,206.62476684570314,-2.4200685024261475,-3.0724945068359375,2.367859363555908
1741033411799867600,206.63486767578124,-2.2669146060943604,-3.624894142150879,2.5413477420806885
1741033411809969200,206.64496923828125,-2.2057762145996094,-4.077537536621094,2.637956142425537
1741033411820070100,206.65507006835938,-2.2684829235076904,-4.453044414520264,2.6808085441589355
1741033411830172000,206.665171875,-2.317760705947876,-4.736448287963867,2.7128381729125977
1741033411840272600,206.67527270507813,-2.3622450828552246,-4.846333026885986,2.7360377311706543
1741033411850374400,206.68537451171875,-2.387334108352661,-4.8646650314331055,2.772108554840088
1741033411860475400,206.69547534179688,-2.457695484161377,-4.853710174560547,2.815472364425659
1741033411870577000,206.70557690429686,-2.4979028701782227,-4.763092041015625,2.798337697982788
1741033411880678000,206.71567797851563,-2.495943784713745,-4.620569705963135,2.652545928955078
1741033411890779400,206.725779296875,-2.3862547874450684,-4.462039947509766,2.3433406352996826
1741033411900880400,206.73588037109374,-2.291923761367798,-4.178133010864258,2.0363855361938477
1741033411910982000,206.74598193359375,-2.265249490737915,-3.6762657165527344,1.8740339279174805
1741033411921083100,206.75608325195313,-2.213078260421753,-2.904667377471924,1.8180696964263916
1741033411931184400,206.76618432617187,-2.1697611808776855,-1.9395289421081543,1.8122527599334717
1741033411941285600,206.77628564453124,-2.1838889122009277,-0.8777065277099609,1.7867993116378784
1741033411951387000,206.78638696289062,-1.9565308094024658,0.24537944793701172,1.7689669132232666
1741033411961487600,206.7964875488281,-1.3477709293365479,1.4850788116455078,1.7839105129241943
1741033411971589000,206.80658911132812,-0.7259677648544312,2.894256591796875,1.864912509918213
1741033411981690000,206.81669018554686,-1.0603828430175781,4.116616249084473,1.6442265510559082
1741033411991791900,206.8267919921875,-2.32265043258667,4.956511497497559,1.1330580711364746
1741033412001892600,206.836892578125,-3.4947922229766846,5.673369407653809,0.2916771173477173
1741033412011994400,206.84699438476562,-3.862412929534912,6.087845802307129,-0.8405081033706665
1741033412022095400,206.85709545898436,-4.146792411804199,5.873543739318848,-1.5819721221923828
1741033412032196900,206.86719677734374,-4.179349899291992,5.49193000793457,-2.1420974731445312
1741033412042297900,206.8772978515625,-3.8397881984710693,5.173686981201172,-2.508653402328491
1741033412052399400,206.8873994140625,-2.911907196044922,4.946037292480469,-2.433837890625
1741033412062500600,206.89750048828125,-0.7082902193069458,4.73712158203125,-2.3426015377044678
1741033412072601900,206.90760180664063,1.3915929794311523,4.596117973327637,-2.6888935565948486
1741033412082703000,206.917703125,1.5943098068237305,4.46787166595459,-3.196110725402832
1741033412092804400,206.92780444335938,2.139566659927368,4.504668235778809,-3.501865863800049
1741033412102905000,206.93790502929687,3.554084300994873,4.261785507202148,-3.4842724800109863
1741033412113006600,206.94800659179688,5.525187969207764,3.654996871948242,-3.3205857276916504
1741033412123107600,206.95810766601562,6.36837100982666,3.1871910095214844,-2.9181437492370605
1741033412133209000,206.968208984375,5.581543922424316,3.1258296966552734,-2.5303759574890137
1741033412143310000,206.97831005859376,3.6873133182525635,2.920220375061035,-2.300363302230835
1741033412153411800,206.98841186523438,2.063554525375366,2.2217416763305664,-1.438589096069336
1741033412163512600,206.9985126953125,1.3681591749191284,1.624659538269043,-0.4422037601470947
1741033412173614300,207.0086142578125,1.6867256164550781,0.9395351409912109,-0.027649343013763428
1741033412183715300,207.01871533203126,2.1414942741394043,0.36882591247558594,0.19726470112800598
1741033412193816800,207.02881689453125,2.670078754425049,0.0032444000244140625,0.6405969858169556
1741033412203917800,207.03891772460938,3.2966549396514893,-0.09190559387207031,1.1832082271575928
1741033412214019300,207.0490192871094,3.880826473236084,-0.04511070251464844,1.3521384000778198
1741033412224120600,207.05912060546876,3.924297571182251,-0.02271747589111328,0.9135411977767944
1741033412234221800,207.06922192382814,3.1981565952301025,0.0032930374145507812,0.18956232070922852
1741033412244322800,207.07932275390624,1.5680890083312988,-0.31281185150146484,-0.4795166850090027
1741033412254424000,207.08942407226561,0.41640886664390564,-0.7731552124023438,-0.522243320941925
1741033412264525300,207.099525390625,0.1353391855955124,-1.1315231323242188,0.35397928953170776
1741033412274626600,207.10962646484376,0.0988863855600357,-1.4137001037597656,1.4211902618408203
1741033412284727800,207.11972778320313,-0.17989546060562134,-1.6256999969482422,2.5427207946777344
1741033412294829300,207.12982934570311,-0.08422499895095825,-2.060236930847168,3.453972578048706
1741033412304930300,207.13993041992188,-0.3186281621456146,-2.2809414863586426,4.84715461730957
1741033412315031800,207.15003173828126,-0.1673864722251892,-2.5903067588806152,6.009740352630615
1741033412325132800,207.1601328125,0.25083357095718384,-3.4415760040283203,6.06579065322876
1741033412335234300,207.170234375,0.3262990117073059,-4.342416763305664,5.616848468780518
1741033412345335300,207.18033520507814,0.07922065258026123,-5.281041622161865,4.758789539337158
1741033412355436800,207.19043676757812,0.05229631066322327,-5.9752912521362305,3.826190710067749
1741033412365537800,207.2005378417969,0.19803376495838165,-6.371214866638184,2.8892831802368164
1741033412375639300,207.21063940429687,0.4555402994155884,-6.607807159423828,2.0752384662628174
1741033412385740300,207.220740234375,0.8598839044570923,-6.619696617126465,1.5609632730484009
1741033412395841300,207.23084130859374,0.8036331534385681,-6.573246002197266,1.1866754293441772
1741033412405942800,207.24094287109375,0.7137787938117981,-6.353857040405273,1.0489296913146973
1741033412416044000,207.2510439453125,0.6105557680130005,-5.905308723449707,0.8787729144096375
1741033412426038300,207.26103833007812,0.46234461665153503,-5.6649169921875,0.5634644031524658
1741033412436199200,207.27119921875,0.4072241187095642,-5.468550682067871,0.25602319836616516
1741033412446503000,207.2815029296875,0.4755550026893616,-5.172049045562744,0.009510904550552368
1741033412456805600,207.2918056640625,0.6845095157623291,-4.939797878265381,-0.239437997341156
1741033412467108400,207.3021083984375,1.1317429542541504,-4.613191604614258,-0.3491224944591522
1741033412477222000,207.31222192382813,1.7564945220947266,-4.21281099319458,-0.2311546504497528
1741033412487156700,207.32215673828125,2.2992048263549805,-3.789144992828369,-0.09435689449310303
1741033412497437200,207.33243725585936,2.6598682403564453,-3.346193790435791,0.03353428095579147
1741033412507584800,207.34258471679686,2.8116908073425293,-2.365097999572754,0.23871120810508728
1741033412517888300,207.35288818359376,2.8232765197753906,-0.8949995040893555,0.2897582948207855
1741033412528191700,207.36319165039063,2.72355055809021,1.0846166610717773,0.2130626142024994
1741033412538427400,207.37342749023438,2.2940521240234375,3.902285575866699,0.028811156749725342
1741033412548548600,207.38354858398438,1.5175360441207886,6.799677848815918,-0.20298320055007935
1741033412558650000,207.39365014648436,1.4145551919937134,8.53555679321289,-0.6105338931083679
1741033412568751400,207.40375146484374,2.238234281539917,8.288850784301758,-2.050593614578247
1741033412578852000,207.41385205078126,2.8475472927093506,6.315281867980957,-3.8128650188446045
1741033412588953600,207.42395361328124,1.8065545558929443,4.545297622680664,-4.6776251792907715
1741033412599054600,207.4340546875,0.48153793811798096,3.8259010314941406,-5.334128379821777
1741033412609156000,207.44415600585938,0.8482505083084106,3.1644773483276367,-5.755640506744385
1741033412619257000,207.45425708007812,2.808389186859131,2.21108341217041,-5.94015645980835
1741033412629358800,207.46435888671874,5.032247543334961,1.5727405548095703,-4.731292247772217
1741033412639459600,207.47445947265626,8.229201316833496,1.8650808334350586,-2.231227397918701
1741033412649561300,207.48456127929688,10.087427139282227,3.1490955352783203,0.09389173984527588
1741033412659662300,207.49466235351562,9.363183975219727,4.510547637939453,1.948011875152588
1741033412669763800,207.50476391601563,8.289090156555176,4.024519920349121,2.9978346824645996
1741033412679864800,207.51486474609376,7.0365142822265625,2.266378402709961,3.826141119003296
1741033412689966300,207.52496630859375,4.900737762451172,0.7322988510131836,4.826357841491699
1741033412700067000,207.53506713867188,3.054577350616455,-0.11414623260498047,5.527055740356445
1741033412710168300,207.54516821289062,1.7935585975646973,0.031219482421875,6.266864776611328
1741033412720269600,207.55526953125,0.9885365962982178,1.1171236038208008,7.100681781768799
1741033412730370800,207.56537084960937,0.41403651237487793,2.6944990158081055,7.733215808868408
1741033412740472000,207.57547216796874,-0.43282783031463623,4.252070426940918,7.889648914337158
1741033412750573600,207.58557348632812,-1.5671401023864746,5.179980278015137,7.483790397644043
1741033412760674600,207.59567456054688,-2.6274118423461914,5.1357574462890625,6.8222737312316895
1741033412770776000,207.60577612304687,-3.1776490211486816,3.7778234481811523,5.60877799987793
1741033412780877000,207.615876953125,-2.1530354022979736,1.336648941040039,4.224937438964844
1741033412790978800,207.62597875976562,-1.2221262454986572,-0.37825584411621094,3.4744582176208496
1741033412801079600,207.63607958984375,-1.5148415565490723,-1.3217334747314453,3.0681779384613037
1741033412811181300,207.64618139648437,-2.1973977088928223,-2.074204921722412,2.8279876708984375
1741033412821282000,207.6562819824219,-2.739412784576416,-2.6216306686401367,2.639248847961426
1741033412831383000,207.66638305664063,-2.9630684852600098,-3.07698917388916,2.5045812129974365
1741033412841484500,207.67648461914064,-2.959007978439331,-3.5993714332580566,2.4284868240356445
1741033412851585800,207.68658569335938,-3.0577173233032227,-4.062363147735596,2.4238781929016113
1741033412861687000,207.69668701171875,-3.057255268096924,-4.420897960662842,2.4313254356384277
1741033412871788300,207.70678833007813,-2.9370243549346924,-4.611804485321045,2.4789302349090576
1741033412881889500,207.7168896484375,-2.7574071884155273,-4.674500465393066,2.5000269412994385
1741033412891991000,207.72699096679688,-2.6610991954803467,-4.764235973358154,2.482943534851074
1741033412902092000,207.73709204101561,-2.5285468101501465,-4.804166793823242,2.4042115211486816
1741033412912193500,207.74719360351563,-2.448826789855957,-4.673989295959473,2.3681585788726807
1741033412922294500,207.75729443359376,-2.424511671066284,-4.38595724105835,2.331064224243164
1741033412932395500,207.7673955078125,-2.207304000854492,-3.986863613128662,2.3811569213867188
1741033412942497000,207.7774970703125,-0.3293635845184326,-3.2733469009399414,2.531158208847046
1741033412952598000,207.78759790039064,4.689033508300781,-1.8561429977416992,2.72355318069458
1741033412962699500,207.79769946289062,9.231329917907715,-0.46586036682128906,3.0273563861846924
1741033412972800500,207.8078005371094,1.2865650653839111,-2.170252799987793,2.6064612865448
1741033412982902000,207.81790209960937,-3.9155898094177246,-3.019059658050537,1.54469633102417
1741033412993003300,207.82800317382814,-5.2926025390625,-2.7697744369506836,0.15095138549804688
1741033413003104500,207.8381044921875,-7.749961853027344,-2.2486281394958496,-0.5610926151275635
1741033413013205800,207.8482058105469,-10.846132278442383,-0.8596839904785156,-0.9213151931762695
1741033413023307500,207.8583076171875,-11.550554275512695,-0.06430816650390625,-1.3583056926727295
1741033413033504300,207.86850415039063,-10.520010948181152,-0.23084163665771484,-1.7426655292510986
1741033413043808000,207.87880810546875,-9.301631927490234,-0.5565738677978516,-1.4686377048492432
1741033413054111000,207.88911108398437,-8.439445495605469,-0.5917997360229492,-0.7079198360443115
1741033413064297500,207.89929736328125,-7.809803485870361,-0.18698787689208984,0.03444695472717285
1741033413074407700,207.90940771484375,-7.312925338745117,0.7417879104614258,0.757641077041626
1741033413084508700,207.9195087890625,-6.577668190002441,2.170473098754883,1.5157748460769653
1741033413094609400,207.929609375,-5.702345848083496,3.6428728103637695,2.26814603805542
1741033413104711200,207.93971118164063,-4.627562522888184,4.90225887298584,2.916020393371582
1741033413114812000,207.94981201171876,-3.1687021255493164,5.811639785766602,3.4148130416870117
1741033413124913700,207.95991357421875,-1.6039683818817139,6.251367568969727,3.505845785140991
1741033413135014700,207.9700146484375,-0.6423099040985107,5.835385322570801,2.802558183670044
1741033413145116200,207.9801162109375,0.3367851972579956,4.766544342041016,1.4332506656646729
1741033413155217200,207.99021704101563,1.5592055320739746,4.327492713928223,0.08735299110412598
1741033413165318700,208.00031860351564,0.9169847965240479,5.185890197753906,-0.8409261703491211
1741033413175420000,208.010419921875,-0.29880213737487793,5.990221977233887,-1.5296276807785034
1741033413185521200,208.0205212402344,-0.5458604097366333,5.612215995788574,-2.668386936187744
1741033413195622400,208.03062231445313,0.3404531478881836,3.9782285690307617,-3.346323013305664
1741033413205723600,208.0407236328125,1.4902734756469727,1.970376968383789,-2.4904065132141113
1741033413215824400,208.05082446289063,1.6963286399841309,0.23256206512451172,-1.4392921924591064
1741033413225926000,208.06092578125,1.8569791316986084,-0.9335298538208008,-0.9724291563034058
1741033413236027000,208.07102685546874,1.9880306720733643,-1.2519750595092773,-0.8561859130859375
1741033413246128600,208.08112866210936,1.9633448123931885,-0.5216541290283203,-0.6278915405273438
1741033413256229400,208.0912294921875,1.7392431497573853,0.8940277099609375,-0.24610722064971924
1741033413266331100,208.1013310546875,1.5730022192001343,2.1271581649780273,-0.051303863525390625
1741033413276432100,208.11143212890624,1.6485368013381958,2.7270450592041016,0.0201570987701416
1741033413286533600,208.12153369140626,0.8150479793548584,2.386197090148926,0.17341125011444092
1741033413296634600,208.1316345214844,0.7540161609649658,1.691274642944336,0.6956486701965332
1741033413306736000,208.14173608398437,1.4579265117645264,1.2072200775146484,1.361869215965271
1741033413316837000,208.15183715820314,3.441110134124756,0.6933679580688477,1.7008243799209595
1741033413326938600,208.16193872070312,8.358549118041992,0.5395231246948242,1.9726665019989014
1741033413337039400,208.1720393066406,8.449295997619629,-0.5345630645751953,1.995574712753296
1741033413347140600,208.182140625,3.025416374206543,-2.2060394287109375,1.2099034786224365
1741033413357241900,208.19224194335936,-3.310014486312866,-3.002161979675293,1.2920048236846924
1741033413367343400,208.20234326171874,-1.0378752946853638,-2.974595069885254,2.3029708862304688
1741033413377444400,208.2124443359375,1.5799305438995361,-3.5348334312438965,2.885563850402832
1741033413387545900,208.2225458984375,2.0586228370666504,-4.446127891540527,2.618788242340088
1741033413397646800,208.23264672851562,2.751049757003784,-5.0698137283325195,2.894594192504883
1741033413407748600,208.24274853515624,3.214186191558838,-5.223677635192871,3.8281378746032715
1741033413417849300,208.25284936523437,2.9319400787353516,-5.455323696136475,3.8329405784606934
1741033413427951000,208.262951171875,2.580124855041504,-5.771960258483887,3.429612398147583
1741033413438065000,208.27306494140626,2.160496950149536,-6.0845947265625,2.8294782638549805
1741033413448368400,208.28336840820313,1.2327072620391846,-6.367205619812012,2.4959728717803955
1741033413458671900,208.293671875,0.29341304302215576,-6.479488372802734,2.4121439456939697
1741033413468926000,208.30392602539064,-0.3865469694137573,-6.494304656982422,2.218930244445801
1741033413479051000,208.31405102539063,-1.1910874843597412,-6.605845928192139,1.9480993747711182
1741033413489152300,208.32415234375,-1.2149182558059692,-6.706512451171875,1.6913752555847168
1741033413499253500,208.33425341796874,-0.9351433515548706,-6.55316162109375,1.5036604404449463
1741033413509354800,208.3443547363281,-0.7855749130249023,-6.128196716308594,1.3735864162445068
1741033413519456000,208.3544560546875,-0.4358048439025879,-5.437051773071289,1.2834194898605347
1741033413529557500,208.3645576171875,0.18956303596496582,-4.629893779754639,1.2583355903625488
1741033413539659300,208.3746591796875,0.9080905914306641,-3.820497989654541,1.2742868661880493
1741033413549915400,208.38491528320313,1.33221435546875,-3.0123448371887207,1.408945918083191
1741033413560219000,208.39521899414063,1.9183955192565918,-2.0264806747436523,1.4802827835083008
1741033413570521600,208.405521484375,2.3691537380218506,-0.6676979064941406,1.5335032939910889
1741033413580657700,208.41565771484375,2.8775253295898438,1.2284326553344727,1.6572461128234863
1741033413590759200,208.42575927734376,3.5750298500061035,3.940196990966797,1.4414156675338745
1741033413600860200,208.4358601074219,3.5267515182495117,6.611316680908203,0.795011579990387
1741033413610961700,208.44596166992187,2.891089916229248,8.255960464477539,0.07952761650085449
1741033413621062700,208.45606274414064,2.6768171787261963,7.537491798400879,-0.9825036525726318
1741033413631163600,208.46616357421874,3.1849524974823,5.075754165649414,-2.6469550132751465
1741033413641265200,208.47626513671875,2.222503423690796,2.80020809173584,-4.58983039855957
1741033413651366400,208.48636645507813,1.8432793617248535,1.6310882568359375,-6.055429935455322
1741033413661467600,208.49646752929686,2.238495349884033,1.2302360534667969,-6.586807727813721
1741033413671569000,208.50656884765624,2.0966336727142334,1.732015609741211,-6.169586181640625
1741033413681670100,208.51667016601561,3.3897433280944824,1.4207944869995117,-5.039786338806152
1741033413691771400,208.526771484375,5.938190460205078,0.3401451110839844,-3.931126117706299
1741033413701872600,208.53687255859376,9.884979248046875,-0.1926898956298828,-1.9678096771240234
1741033413711974100,208.54697412109374,9.34400463104248,1.1906909942626953,0.015748977661132812
1741033413722075100,208.5570751953125,5.302414417266846,3.369081497192383,0.6205779314041138
1741033413732176000,208.56717578125,2.9117331504821777,4.607152938842773,0.36727845668792725
1741033413742277600,208.57727758789062,1.7194054126739502,4.891439437866211,0.1860795021057129
1741033413752378400,208.58737841796875,0.13059496879577637,3.985849380493164,0.49570906162261963
1741033413762480000,208.59748022460937,-0.0371546745300293,2.6137313842773438,1.2939682006835938
1741033413772581000,208.6075810546875,0.11633586883544922,1.5568771362304688,1.8182616233825684
1741033413782682600,208.6176826171875,-0.3489515781402588,1.2281990051269531,1.9325834512710571
1741033413792783600,208.62778369140625,-0.7272080183029175,2.032346725463867,2.143725872039795
1741033413802885000,208.63788500976563,-0.9596853256225586,3.9428882598876953,2.7886061668395996
1741033413813081300,208.64808129882812,-1.1889163255691528,5.920464515686035,3.757484197616577
1741033413823266300,208.65826635742187,-1.5017189979553223,7.170194625854492,4.810206413269043
1741033413833486600,208.66848657226564,-2.02860689163208,7.2547712326049805,5.614921569824219
1741033413843790300,208.6787902832031,-2.5605196952819824,6.057416915893555,5.79964017868042
1741033413853976800,208.68897680664062,-2.6877031326293945,3.8261098861694336,5.1763505935668945
1741033413864086300,208.69908618164064,-2.582531213760376,1.655991554260254,4.306742191314697
1741033413874188000,208.70918798828126,-2.563326358795166,0.19345474243164062,3.6934821605682373
1741033413884288800,208.7192888183594,-2.6980643272399902,-0.6198024749755859,3.498645782470703
1741033413894390500,208.729390625,-2.9029695987701416,-1.325432300567627,3.4062752723693848
1741033413904491500,208.73949145507814,-3.053306818008423,-2.0507287979125977,3.284482479095459
1741033413914593000,208.74959301757812,-3.0262179374694824,-2.7547264099121094,3.1194381713867188
1741033413924693800,208.75969384765625,-2.912627696990967,-3.390618324279785,2.972487449645996
1741033413934795000,208.769794921875,-2.824958562850952,-3.9350624084472656,2.8205788135528564
1741033413944896300,208.77989624023436,-2.8974719047546387,-4.379641532897949,2.68400502204895
1741033413954997500,208.78999755859374,-2.964773654937744,-4.773196220397949,2.552107572555542
1741033413965098800,208.8000986328125,-3.0475270748138428,-5.1022844314575195,2.4535024166107178
1741033413975200300,208.8102001953125,-3.077981472015381,-5.351119041442871,2.3460803031921387
1741033413985301200,208.82030126953126,-3.065788745880127,-5.526403427124023,2.2407751083374023
1741033413995402800,208.83040283203124,-2.9646642208099365,-5.518336296081543,2.155740261077881
1741033414005503700,208.84050366210937,-2.8112406730651855,-5.181248664855957,2.1904807090759277
1741033414015605200,208.85060522460938,-2.5254170894622803,-4.607960224151611,2.2963151931762695
1741033414025706200,208.86070629882812,-2.4266865253448486,-3.9479570388793945,2.3351337909698486
1741033414035807200,208.87080712890625,-2.2826080322265625,-3.321284294128418,2.3237648010253906
1741033414045908700,208.88090869140626,-1.5316530466079712,-2.760385036468506,2.1912615299224854
1741033414056009700,208.891009765625,-1.213868260383606,-2.2290000915527344,2.06681489944458
1741033414066111200,208.901111328125,-1.9003119468688965,-1.686169147491455,1.8230057954788208
1741033414076212200,208.9112121582031,-2.13222074508667,-1.2831220626831055,1.361290693283081
1741033414086313700,208.92131372070313,-2.7513794898986816,-0.8151187896728516,0.5843062400817871
1741033414096415000,208.9314150390625,-3.476337432861328,-0.031190872192382812,-0.028356313705444336
1741033414106516200,208.94151611328124,-4.22595739364624,0.844639778137207,-0.9292936325073242
1741033414116617200,208.9516171875,-4.940155029296875,1.6829233169555664,-1.772697925567627
1741033414126718500,208.96171850585938,-5.223383903503418,2.438173294067383,-2.235499858856201
1741033414136819700,208.97181982421876,-5.204853057861328,3.1825599670410156,-2.0366158485412598
1741033414146921000,208.9819208984375,-5.01448392868042,3.970081329345703,-1.5626482963562012
1741033414157022200,208.99202221679687,-4.4358906745910645,4.687450408935547,-1.1274394989013672
1741033414167123700,209.00212377929688,-3.736948013305664,5.508635520935059,-0.7294979095458984
1741033414177224700,209.012224609375,-2.5261549949645996,6.3455095291137695,-0.3308238983154297
1741033414187326200,209.022326171875,-1.2649590969085693,6.877381324768066,-0.3727750778198242
1741033414197427200,209.03242724609376,0.3303351402282715,6.972175598144531,-0.7911001443862915
1741033414207529000,209.04252905273438,2.243248701095581,6.460649490356445,-1.6415150165557861
1741033414217629700,209.05262963867187,4.537944316864014,5.73155403137207,-2.633876323699951
1741033414227730700,209.0627307128906,6.243244171142578,5.406769752502441,-3.288857936859131
1741033414237832200,209.07283227539062,7.535943984985352,5.556291580200195,-3.8205342292785645
1741033414247933200,209.08293310546875,6.725288391113281,5.528644561767578,-3.790729522705078
1741033414258034700,209.09303466796874,4.5280256271362305,4.2044878005981445,-3.3574376106262207
1741033414268136000,209.1031359863281,2.5586161613464355,1.9486398696899414,-2.7842912673950195
1741033414278237200,209.1132373046875,1.313244104385376,-0.2849998474121094,-2.1067609786987305
1741033414288338400,209.12333837890625,0.47510266304016113,-1.6459856033325195,-1.2864218950271606
1741033414298439700,209.13343969726563,-0.25091552734375,-2.1618542671203613,-0.611993670463562
1741033414308541000,209.143541015625,-1.181518793106079,-1.5499382019042969,-0.09731221199035645
1741033414318642200,209.15364208984374,-0.2016620635986328,-0.4921455383300781,0.4466652274131775
1741033414328743000,209.16374291992187,3.873368740081787,0.9681692123413086,0.22805088758468628
1741033414338844400,209.17384448242188,7.592954635620117,2.457066535949707,0.6923047304153442
1741033414348945400,209.1839453125,5.964434623718262,3.4047203063964844,1.5143224000930786
1741033414359047200,209.19404711914063,3.8879857063293457,3.18118953704834,2.006002902984619
1741033414369148000,209.20414794921874,2.3457469940185547,2.2719640731811523,1.5701360702514648
1741033414379249700,209.21424975585938,1.0246315002441406,1.0978384017944336,0.67143714427948
1741033414389350700,209.2243505859375,-0.5898119211196899,-0.002269744873046875,-0.12706458568572998
1741033414399452200,209.2344521484375,-3.399108409881592,-0.8225173950195312,-0.13634788990020752
1741033414409553000,209.24455297851563,-5.495121479034424,-1.2551593780517578,0.43706291913986206
1741033414419654100,209.25465405273437,-3.8081061840057373,-1.6439476013183594,1.3174781799316406
1741033414429756000,209.264755859375,-1.4425694942474365,-1.9968581199645996,2.1832737922668457
1741033414439940900,209.27494091796876,0.08999727666378021,-2.241136074066162,3.2167892456054688
1741033414450244400,209.28524438476563,1.0879411697387695,-2.499744415283203,3.939814329147339
1741033414460547600,209.29554760742187,1.9736157655715942,-2.8063831329345703,4.081763744354248
1741033414470850300,209.30585034179688,2.1929452419281006,-3.3320751190185547,3.7998316287994385
1741033414481153000,209.31615307617187,1.7476595640182495,-3.832742214202881,3.55433988571167
1741033414491455500,209.32645556640625,1.0971286296844482,-4.454452991485596,3.0437498092651367
1741033414501648100,209.33664819335937,0.43718552589416504,-4.8239240646362305,2.6688311100006104
1741033414511753500,209.34675341796876,-0.06354868412017822,-5.111011028289795,2.254653215408325
1741033414521855200,209.35685522460938,-0.29298585653305054,-5.303051948547363,1.8769538402557373
1741033414531956200,209.36695629882811,-0.15582358837127686,-5.569475173950195,1.4094840288162231
1741033414542057700,209.3770576171875,0.24892771244049072,-5.806408882141113,1.186377763748169
1741033414552158700,209.38715869140626,0.3747755289077759,-6.024442672729492,0.9371849298477173
1741033414562260200,209.39726025390624,0.19405031204223633,-6.187360763549805,0.6967332363128662
1741033414572361200,209.407361328125,0.13621914386749268,-6.273760795593262,0.6991136074066162
1741033414582462700,209.41746264648438,0.4621891975402832,-6.083789825439453,0.9180137515068054
1741033414592563500,209.4275634765625,0.8078973293304443,-5.703732490539551,1.078482747077942
1741033414602664700,209.4376647949219,1.1449154615402222,-5.134328842163086,1.2445347309112549
1741033414612766000,209.44776586914062,1.444723129272461,-4.587765216827393,1.2960718870162964
1741033414622867500,209.45786743164064,1.7361935377120972,-3.9070310592651367,1.2488046884536743
1741033414632968400,209.46796850585937,1.8795228004455566,-2.9560952186584473,1.2091631889343262
1741033414643070000,209.4780700683594,1.9971421957015991,-1.594895362854004,1.2205899953842163
1741033414653171000,209.4881708984375,2.167515277862549,0.2866525650024414,1.3415123224258423
1741033414663272700,209.49827270507814,1.4870736598968506,2.7216672897338867,1.4504601955413818
1741033414673373400,209.50837353515624,0.6387335062026978,5.384578704833984,1.6000580787658691
1741033414683474400,209.51847436523437,-1.1849513053894043,7.053696632385254,1.1490238904953003
1741033414693576000,209.52857592773438,-3.564047336578369,7.046399116516113,0.193131685256958
1741033414703677000,209.53867700195312,-3.8398470878601074,4.584897041320801,-1.6324692964553833
1741033414713778400,209.5487783203125,4.3342437744140625,1.7490463256835938,-3.751579761505127
1741033414723879700,209.55887963867187,3.9653029441833496,1.4282989501953125,-4.753044128417969
1741033414733981000,209.56898095703124,-0.5686758756637573,2.953399658203125,-5.059103488922119
1741033414744082200,209.57908227539062,-1.9801877737045288,3.0632667541503906,-5.517200946807861
1741033414754183400,209.58918334960939,1.494037389755249,1.8204574584960938,-5.479254722595215
1741033414764284400,209.59928442382812,4.320367813110352,0.58740234375,-4.658798694610596
1741033414774385700,209.6093857421875,9.00303840637207,-0.9788494110107422,-3.0733442306518555
1741033414784487000,209.61948681640624,11.208430290222168,-0.6342153549194336,-1.0002310276031494
1741033414794588400,209.62958837890625,8.874967575073242,1.7769813537597656,-0.27407586574554443
1741033414804689400,209.639689453125,6.339548587799072,4.479957580566406,-0.5656906366348267
1741033414814791000,209.649791015625,5.915896892547607,5.8446044921875,-0.06806790828704834
1741033414824892700,209.659892578125,3.3903861045837402,5.500358581542969,0.6624933481216431
1741033414835184400,209.67018432617186,0.849564790725708,3.288604736328125,1.0001728534698486
1741033414845487900,209.68048779296876,-0.16927599906921387,1.8599767684936523,1.2444028854370117
1741033414855761700,209.69076171875,-0.07719683647155762,2.0710134506225586,1.467766523361206
1741033414865891000,209.70089111328124,-0.08878207206726074,3.7052478790283203,1.961085557937622
1741033414875992600,209.71099267578126,-0.5461204051971436,5.805899620056152,2.8072967529296875
1741033414886093300,209.72109326171875,-1.0902912616729736,7.092296600341797,3.6679043769836426
1741033414896194600,209.73119458007812,-1.398500680923462,7.087006568908691,4.358715057373047
1741033414906295800,209.7412958984375,-1.6125633716583252,5.654309272766113,4.404682159423828
1741033414916397000,209.75139697265624,-2.0706188678741455,3.6091432571411133,3.895354986190796
1741033414926498300,209.7614982910156,-2.539747953414917,1.8830490112304688,3.247610569000244
1741033414936599800,209.77159985351562,-2.6206157207489014,0.4918251037597656,2.8605856895446777
1741033414946700800,209.78170068359375,-2.7322607040405273,-0.5941305160522461,2.729687213897705
1741033414956802300,209.79180224609374,-2.570611000061035,-1.5170402526855469,2.729914665222168
1741033414966903300,209.8019033203125,-2.452190399169922,-2.2695159912109375,2.748779773712158
1741033414977005000,209.81200512695312,-2.4820075035095215,-2.882641315460205,2.79103422164917
1741033414987105800,209.82210571289062,-2.5625486373901367,-3.4109926223754883,2.8062567710876465
1741033414997206800,209.83220678710939,-2.571908473968506,-3.8149795532226562,2.7593994140625
1741033415007308300,209.84230834960937,-2.635308027267456,-4.147871017456055,2.7170827388763428
1741033415017409300,209.8524091796875,-2.676071882247925,-4.424983024597168,2.704775094985962
1741033415027558700,209.86255859375,-2.6752729415893555,-4.6458845138549805,2.6911978721618652
1741033415037862400,209.8728623046875,-2.638089179992676,-4.814159870147705,2.677494525909424
1741033415048165400,209.8831652832031,-2.6141998767852783,-4.91058874130249,2.634061813354492
1741033415058391000,209.89339111328124,-2.615673780441284,-4.894065856933594,2.5282483100891113
1741033415068510000,209.90351000976563,-2.5928468704223633,-4.736689567565918,2.465301275253296
1741033415078611200,209.91361108398436,-2.491814136505127,-4.454385757446289,2.4585912227630615
1741033415088712400,209.92371240234374,-2.2422614097595215,-4.06078577041626,2.480333089828491
1741033415098813200,209.93381323242187,-0.7905536890029907,-3.4946703910827637,2.5807065963745117
1741033415108914700,209.94391479492188,2.2617530822753906,-2.56028413772583,2.6782009601593018
1741033415119015700,209.954015625,3.0207672119140625,-1.969282627105713,2.352681875228882
1741033415129117400,209.96411743164063,-0.48657453060150146,-2.7158994674682617,1.6294113397598267
1741033415139218200,209.97421826171876,-3.660409927368164,-3.127816677093506,0.5599920749664307
1741033415149320000,209.98431982421874,-4.11609411239624,-2.9559621810913086,-0.20550107955932617
1741033415159421000,209.9944208984375,-4.392179012298584,-2.4534316062927246,-0.6867332458496094
1741033415169522400,210.0045224609375,-5.620110988616943,-1.3859138488769531,-0.7202998399734497
1741033415179660000,210.01465991210938,-6.879881858825684,0.41807079315185547,-0.5262521505355835
1741033415189963500,210.0249636230469,-8.955339431762695,2.2341461181640625,-0.8069515228271484
1741033415200266800,210.03526684570312,-9.249170303344727,3.934054374694824,-0.326877236366272
1741033415210497800,210.0454978027344,-8.36931037902832,5.332460403442383,0.586539089679718
1741033415220622600,210.05562255859374,-6.880181789398193,6.339303970336914,1.6164747476577759
1741033415230723600,210.0657236328125,-5.630354404449463,7.151057243347168,2.189772367477417
1741033415240825000,210.0758251953125,-4.264304161071777,7.798480033874512,2.412661075592041
1741033415250926000,210.08592602539062,-2.322127103805542,7.944835662841797,2.002962350845337
1741033415261027600,210.09602758789063,-0.8265827894210815,7.878473281860352,0.95899498462677
1741033415271128600,210.10612866210937,2.286212682723999,7.866876602172852,-0.68815016746521
1741033415281229600,210.1162294921875,2.2835118770599365,8.448952674865723,-2.1050596237182617
1741033415291331000,210.1263310546875,0.17139756679534912,7.806530952453613,-3.415010929107666
1741033415301432000,210.13643212890625,-0.6960117816925049,5.411855697631836,-3.782519817352295
1741033415311533600,210.14653344726563,0.45817482471466064,2.384471893310547,-3.271726608276367
1741033415321634600,210.15663452148436,1.760388970375061,0.3425455093383789,-2.4968700408935547
1741033415331736000,210.16673608398438,1.8720316886901855,-0.7059469223022461,-1.9690427780151367
1741033415341837300,210.17683740234375,1.7516666650772095,-0.7847442626953125,-1.4370638132095337
1741033415351938600,210.1869384765625,1.524448037147522,0.004643440246582031,-0.861674964427948
1741033415362039600,210.19703955078126,1.07292640209198,1.3822717666625977,-0.4341447353363037
1741033415372140800,210.20714086914063,0.7117308378219604,2.761486053466797,-0.08822596073150635
1741033415382242000,210.21724194335937,0.640537440776825,3.4470510482788086,0.2943357825279236
1741033415392343300,210.22734326171874,1.7257428169250488,2.9100189208984375,0.3851679563522339
1741033415402444500,210.23744458007812,3.412489414215088,1.9241132736206055,0.24364519119262695
1741033415412546000,210.24754614257813,3.5366299152374268,1.1900558471679688,0.01798069477081299
1741033415422647000,210.25764697265626,3.3163998126983643,0.6909046173095703,-0.11026740074157715
1741033415432748500,210.26774853515624,2.8248369693756104,0.1853179931640625,-0.18262338638305664
1741033415442849500,210.277849609375,2.0540425777435303,-0.3610067367553711,-0.28784823417663574
1741033415452950300,210.2879501953125,0.40632364153862,-1.1161069869995117,-0.4058206081390381
1741033415463052000,210.29805200195312,-2.9704430103302,-1.6440315246582031,-0.147192120552063
1741033415473153000,210.30815307617186,-2.1714980602264404,-1.8309893608093262,1.3897950649261475
1741033415483254500,210.31825463867187,0.672737717628479,-2.1763253211975098,2.7955100536346436
1741033415493355500,210.32835546875,2.0899085998535156,-2.7110023498535156,3.648662805557251
1741033415503457000,210.33845703125,3.215707302093506,-3.4287309646606445,3.9638142585754395
1741033415513558300,210.34855834960936,3.7559289932250977,-4.149004936218262,4.097314834594727
1741033415523659500,210.35865942382813,3.7548203468322754,-4.88007116317749,4.2017822265625
1741033415533760300,210.36876025390626,3.1068296432495117,-5.417479515075684,3.5698087215423584
1741033415543861800,210.37886181640624,2.386782169342041,-5.760692119598389,2.7476296424865723
1741033415553962800,210.38896264648437,1.4103273153305054,-5.931809425354004,1.9667038917541504
1741033415564064300,210.39906420898438,0.5989104509353638,-6.039646148681641,1.359204888343811
1741033415574165200,210.40916528320312,0.019168376922607422,-6.065537929534912,1.0266122817993164
1741033415584266800,210.41926684570313,-0.40530842542648315,-5.991514682769775,0.701738715171814
1741033415594367700,210.42936767578124,-0.7500869035720825,-5.899810791015625,0.21754877269268036
1741033415604469500,210.43946948242188,-0.7725375890731812,-5.558498382568359,-0.008675672113895416
1741033415614570200,210.4495703125,-0.7458552718162537,-5.034195899963379,0.0009023458696901798
1741033415624671200,210.45967114257812,-0.5866714715957642,-4.399683952331543,0.17941419780254364
1741033415634772700,210.46977270507813,-0.5563424229621887,-3.790337085723877,0.5782338380813599
1741033415644873700,210.47987377929687,-0.01768362522125244,-3.550853729248047,0.7777794599533081
1741033415654975500,210.4899755859375,0.8154733180999756,-3.4045238494873047,0.9118725657463074
1741033415665136600,210.50013671875,1.512224793434143,-3.294804096221924,0.9053218364715576
1741033415675440400,210.5104404296875,1.7697334289550781,-3.1298093795776367,1.0285515785217285
1741033415685743600,210.52074365234375,1.9223982095718384,-2.9355478286743164,1.1915775537490845
1741033415695959000,210.530958984375,2.2073795795440674,-2.5869460105895996,1.4019193649291992
1741033415706075600,210.54107568359376,2.609415054321289,-1.960329532623291,1.5449178218841553
1741033415716177000,210.55117700195314,2.6534066200256348,-0.621159553527832,1.3233518600463867
1741033415726277600,210.56127758789063,2.4591355323791504,1.5405597686767578,0.8354073166847229
1741033415736379100,210.5713791503906,2.771820306777954,4.555936813354492,-0.009450584650039673
1741033415746480000,210.58148022460938,4.137639999389648,7.438899040222168,-1.1869115829467773
1741033415756582000,210.59158178710936,4.523228645324707,9.273064613342285,-2.3994717597961426
1741033415766682600,210.6016826171875,3.63094162940979,9.341926574707031,-3.667503833770752
1741033415776784400,210.6117844238281,2.19557523727417,7.97170352935791,-4.5114312171936035
1741033415786885400,210.62188549804688,1.4844062328338623,5.897170066833496,-4.75608491897583
1741033415796987000,210.63198681640625,2.4210026264190674,3.2967681884765625,-4.519002914428711
1741033415807087600,210.64208764648438,6.397361755371094,1.0349435806274414,-3.331667184829712
1741033415817188900,210.65218896484376,8.821478843688965,0.6855173110961914,-1.7693495750427246
1741033415827290000,210.6622900390625,8.12767219543457,2.7447938919067383,-0.7850440740585327
1741033415837391400,210.67239135742187,8.424266815185547,4.375175476074219,0.08768761157989502
1741033415847492600,210.68249267578125,6.0587053298950195,4.304751396179199,1.7910561561584473
1741033415857594000,210.69259399414062,3.4844748973846436,3.242063522338867,4.87506103515625
1741033415867695000,210.70269506835936,1.9598219394683838,2.3375930786132812,6.361324310302734
1741033415877796600,210.71279663085937,0.9752836227416992,2.127439498901367,6.6446428298950195
1741033415887897600,210.7228977050781,0.3563203811645508,2.375638961791992,6.384732246398926
1741033415897998600,210.73299853515624,-0.09081768989562988,3.1182241439819336,6.4953508377075195
1741033415908100000,210.74310009765625,-0.7389076948165894,4.034505844116211,6.542806148529053
1741033415918201000,210.753201171875,-1.2392199039459229,4.8558454513549805,6.219172477722168
1741033415928302600,210.76330249023437,-1.9347679615020752,5.532390594482422,5.70660924911499
1741033415938403600,210.77340356445313,-2.8717620372772217,5.0720977783203125,5.2238664627075195
1741033415948505000,210.78350512695312,-3.348283290863037,3.0413951873779297,4.289403438568115
1741033415958606000,210.79360620117188,-2.483555316925049,0.3913078308105469,3.334665298461914
1741033415968707600,210.80370751953126,-1.4250049591064453,-1.4150314331054688,2.9683127403259277
1741033415978808600,210.81380859375,-1.4212247133255005,-2.6263680458068848,2.7591967582702637
1741033415988909600,210.82390966796876,-2.1482174396514893,-3.539872169494629,2.5939626693725586
1741033415999011000,210.83401098632814,-2.5029830932617188,-4.163251876831055,2.4270291328430176
1741033416009112300,210.8441123046875,-2.5214107036590576,-4.6787919998168945,2.3015987873077393
1741033416019213600,210.8542136230469,-2.527810573577881,-5.033194541931152,2.332663059234619
1741033416029314800,210.86431469726563,-2.9225306510925293,-5.268628120422363,2.292832374572754
1741033416039416000,210.874416015625,-3.153780221939087,-5.370431900024414,2.28910493850708
1741033416049517600,210.884517578125,-3.371965169906616,-5.395471096038818,2.2456557750701904
1741033416059618600,210.89461865234375,-3.551617383956909,-5.425076961517334,2.1983816623687744
1741033416069719300,210.90471923828125,-3.4158880710601807,-5.491522312164307,2.1220083236694336
1741033416079821000,210.91482104492187,-3.1211438179016113,-5.572594165802002,2.0464425086975098
1741033416089921800,210.924921875,-2.8688032627105713,-5.623409271240234,1.9827266931533813
1741033416100023600,210.9350234375,-2.8268189430236816,-5.591677665710449,1.9023243188858032
1741033416110124500,210.94512451171875,-2.9314024448394775,-5.368677139282227,1.8837374448776245
1741033416120226000,210.95522607421876,-3.073678493499756,-4.902357578277588,1.8690165281295776
1741033416130326800,210.9653269042969,-3.265517234802246,-4.190331935882568,1.8877326250076294
1741033416140428000,210.97542797851563,-3.497387647628784,-3.2998547554016113,1.8790769577026367
1741033416150529300,210.985529296875,-3.8048243522644043,-2.265690803527832,1.7783336639404297
1741033416160630500,210.99563061523438,-4.064670562744141,-1.1361684799194336,1.6760149002075195
1741033416170731800,211.0057316894531,-4.111711502075195,-0.04262733459472656,1.5558545589447021
1741033416180833300,211.01583325195313,-4.1847758293151855,0.9593582153320312,1.4319956302642822
1741033416190934300,211.02593432617186,-4.14288330078125,1.8267889022827148,1.293964147567749
1741033416201035800,211.03603588867188,-4.0326056480407715,2.5317821502685547,1.2119462490081787
1741033416211136800,211.04613671875,-3.8804726600646973,3.0939035415649414,1.1815617084503174
1741033416221237800,211.05623779296874,-3.5553040504455566,3.6147375106811523,1.1173484325408936
1741033416231339300,211.06633935546876,-3.2031986713409424,4.222654342651367,0.901531457901001
1741033416241440300,211.0764401855469,-2.7318930625915527,4.605520248413086,0.5402145385742188
1741033416251542000,211.0865419921875,-2.5418243408203125,4.7834577560424805,-0.04917764663696289
1741033416261642800,211.09664282226564,-2.5128262042999268,4.74717903137207,-0.7234803438186646
1741033416271744500,211.10674462890626,-2.4336085319519043,4.444082260131836,-1.607958197593689
1741033416281845200,211.11684521484375,-2.2196884155273438,4.1580915451049805,-2.5333170890808105
1741033416291946200,211.1269462890625,-1.9135589599609375,3.9248733520507812,-3.255819320678711
1741033416302047700,211.1370478515625,-1.5682487487792969,3.7526559829711914,-3.7339863777160645
1741033416312149000,211.14714892578124,-1.1540096998214722,3.783935546875,-3.8907718658447266
1741033416322250200,211.1572502441406,-0.8767498731613159,4.185103416442871,-3.722842216491699
1741033416332351500,211.1673515625,-0.7010776996612549,4.975175857543945,-3.5295543670654297
1741033416342452700,211.17745263671875,-0.5676455497741699,5.627998352050781,-3.3675038814544678
1741033416352554000,211.18755395507813,-0.13597702980041504,5.221756935119629,-2.944735050201416
1741033416362655200,211.1976552734375,0.09051203727722168,3.5571727752685547,-2.2372236251831055
1741033416372756000,211.207755859375,0.15359115600585938,1.2773752212524414,-2.044569969177246
1741033416382857500,211.217857421875,0.011721372604370117,-0.6886539459228516,-1.9911853075027466
1741033416392958500,211.22795849609375,-0.5574400424957275,-2.0769872665405273,-2.062838077545166
1741033416403060200,211.23806030273437,-0.7736315727233887,-2.5901951789855957,-2.411269426345825
1741033416413161000,211.24816088867186,-0.7705280780792236,-1.8586254119873047,-2.3631274700164795
1741033416423262700,211.2582626953125,0.2238309383392334,-0.26213932037353516,-2.205096960067749
1741033416433363500,211.2683635253906,0.4305232763290405,1.6825532913208008,-1.6043639183044434
1741033416443464400,211.27846435546874,-0.3848412036895752,3.2436819076538086,-0.4076082706451416
1741033416453566000,211.28856591796875,-1.872939109802246,3.5925588607788086,0.5581473708152771
1741033416463667200,211.29866723632813,-1.0133274793624878,3.2146100997924805,1.46004056930542
1741033416473768700,211.3087687988281,1.1815136671066284,2.6174545288085938,2.2291107177734375
1741033416483869700,211.31886962890624,2.005777359008789,1.960444450378418,2.768763542175293
1741033416493971200,211.32897119140625,2.9684500694274902,1.5223932266235352,3.1974728107452393
1741033416504072400,211.33907250976563,3.651697874069214,0.9025192260742188,2.802616596221924
1741033416514173700,211.34917358398437,3.3400328159332275,-0.16074180603027344,2.1062800884246826
1741033416524274400,211.3592744140625,2.91196870803833,-1.507014274597168,1.2454031705856323
1741033416534376000,211.3693759765625,2.5357022285461426,-2.6899681091308594,0.40051108598709106
1741033416544477000,211.37947680664064,2.160156488418579,-3.451359748840332,-0.1768484115600586
1741033416554578400,211.38957836914062,1.5532565116882324,-3.967843532562256,-0.03391546010971069
1741033416564679400,211.3996794433594,0.7215800285339355,-4.305312633514404,0.4820643663406372
1741033416574781200,211.40978125,0.6224033832550049,-4.580371856689453,1.1191152334213257
1741033416584882000,211.4198818359375,1.1239889860153198,-4.58172082901001,1.9072494506835938
1741033416594983700,211.42998364257812,1.9046965837478638,-4.579743385314941,2.729078531265259
1741033416605084400,211.44008447265625,1.9344254732131958,-4.897611618041992,2.81912899017334
1741033416615185400,211.45018530273438,1.5544891357421875,-5.101248264312744,2.8633310794830322
1741033416625287000,211.46028686523437,0.8664286136627197,-5.354639053344727,2.9303085803985596
1741033416635388200,211.47038818359374,0.18901729583740234,-5.680119037628174,2.947626829147339
1741033416645489400,211.48048950195312,-0.3348945379257202,-6.023281097412109,2.8912503719329834
1741033416655590700,211.49059057617188,-0.6834995150566101,-6.3001508712768555,2.9233860969543457
1741033416665692000,211.50069189453126,-1.1490579843521118,-6.394345283508301,3.1971969604492188
1741033416675792600,211.5107927246094,-1.2703694105148315,-6.3571577072143555,3.3768787384033203
1741033416685894100,211.52089404296876,-1.223240852355957,-6.278491973876953,3.3221330642700195
1741033416695995100,211.5309951171875,-1.0140886306762695,-6.038431644439697,3.15678071975708
1741033416706096600,211.5410966796875,-0.41050446033477783,-5.458426475524902,3.080817461013794
1741033416716197600,211.55119775390625,0.44654905796051025,-4.694681167602539,2.955425262451172
1741033416726299400,211.56129931640626,1.1457374095916748,-3.7885260581970215,2.816558599472046
1741033416736400100,211.57140014648436,1.6132557392120361,-2.655156135559082,2.6564574241638184
1741033416746502000,211.581501953125,1.6742104291915894,-1.1603832244873047,2.492579221725464
1741033416756602600,211.5916025390625,1.316652774810791,1.0153589248657227,2.3391010761260986
1741033416766703600,211.60170361328124,1.0590137243270874,3.7196836471557617,2.10884690284729
1741033416776805000,211.61180517578126,0.386344313621521,6.504878044128418,1.7016041278839111
1741033416786906400,211.62190625,-0.26426398754119873,8.724138259887695,0.6549593210220337
1741033416797008000,211.6320078125,0.25501418113708496,8.969544410705566,-1.3632042407989502
1741033416807108900,211.64210888671874,0.4030708074569702,7.161757469177246,-3.736971616744995
1741033416817210400,211.65221044921876,0.9795386791229248,4.662651062011719,-5.636821746826172
1741033416827311600,211.6623115234375,1.924211025238037,2.6735382080078125,-6.48306941986084
1741033416837412900,211.67241284179687,3.334972381591797,0.9277410507202148,-6.961888790130615
1741033416847513600,211.682513671875,7.065460681915283,-0.9189300537109375,-6.866034030914307
1741033416857615000,211.69261499023438,12.014514923095703,-2.2382211685180664,-5.851983070373535
1741033416867716000,211.7027160644531,14.695923805236816,-1.2377185821533203,-3.0455126762390137
1741033416877817600,211.71281762695313,13.373739242553711,1.2272930145263672,-0.2151327133178711
1741033416887918600,211.72291870117186,9.805233001708984,3.5754594802856445,1.3989436626434326
1741033416898020400,211.73302026367188,6.639006614685059,5.36907958984375,1.9969677925109863
1741033416908121000,211.74312109375,1.9803376197814941,6.559629440307617,2.255307197570801
1741033416918222000,211.75322216796874,-0.7592766284942627,6.290322303771973,2.3302674293518066
1741033416928323800,211.76332373046876,-1.989600658416748,4.987627029418945,2.408799171447754
1741033416938473000,211.77347290039063,-2.039130210876465,3.593031883239746,2.928098201751709
1741033416948776700,211.78377661132814,-1.4560564756393433,3.2056140899658203,3.6378893852233887
1741033416959080000,211.79407983398437,-1.2680495977401733,4.043527603149414,4.289040565490723
1741033416969305000,211.80430517578125,-1.9478843212127686,5.430708885192871,4.855552673339844
1741033416979424000,211.81442407226564,-2.739894390106201,6.6642866134643555,5.488670825958252
1741033416989525000,211.82452490234374,-3.218533515930176,6.756555557250977,5.565781593322754
1741033416999626500,211.83462646484375,-3.583071231842041,5.287986755371094,4.804915428161621
1741033417009728300,211.84472827148437,-3.4398279190063477,2.9046335220336914,3.6234376430511475
1741033417019984400,211.854984375,-3.14292573928833,0.8827362060546875,2.650376319885254
1741033417030110000,211.86510986328125,-2.868164539337158,-0.6691951751708984,2.078451633453369
1741033417040389600,211.8753896484375,-2.9051029682159424,-1.6619210243225098,1.902666449546814
1741033417050684200,211.88568408203125,-2.9920544624328613,-2.4108753204345703,1.9502933025360107
1741033417060828200,211.895828125,-3.0315961837768555,-2.98380708694458,2.135026693344116
1741033417070929200,211.90592919921875,-3.018683910369873,-3.418835163116455,2.410078287124634
1741033417081030700,211.91603076171876,-2.939866065979004,-3.7833094596862793,2.635387897491455
1741033417091131400,211.92613134765625,-2.8746933937072754,-4.072914123535156,2.810586452484131
1741033417101232600,211.93623266601563,-2.8313961029052734,-4.318753719329834,2.9622507095336914
1741033417111334000,211.946333984375,-2.798921823501587,-4.586205959320068,3.012378692626953
1741033417121435100,211.95643505859374,-2.699012517929077,-4.866334438323975,2.9928693771362305
1741033417131536400,211.96653637695312,-2.5373880863189697,-5.082470893859863,2.951157808303833
1741033417141637600,211.9766376953125,-2.4351603984832764,-5.244658946990967,2.877614974975586
1741033417151739000,211.98673876953126,-2.0126280784606934,-5.173818111419678,2.796030044555664
1741033417161839600,211.9968395996094,0.014525413513183594,-4.604722499847412,2.7759475708007812
1741033417171941000,212.00694116210937,4.026123046875,-3.437872886657715,2.721450090408325
1741033417182042000,212.0170419921875,4.903013706207275,-2.949030876159668,2.6518423557281494
1741033417192144000,212.02714379882812,0.031536221504211426,-3.9952139854431152,2.303499221801758
1741033417202245600,212.03724560546874,-3.862942695617676,-4.520955562591553,1.3635742664337158
1741033417212537300,212.04753735351562,-4.170905590057373,-4.746638298034668,0.15947461128234863
1741033417222840800,212.0578408203125,-3.870884895324707,-4.577789306640625,-0.502521276473999
1741033417233107700,212.06810766601564,-3.8077480792999268,-4.2458086013793945,-0.8284094333648682
1741033417243243800,212.07824389648437,-4.67794942855835,-3.691500663757324,-0.7609517574310303
1741033417253345300,212.08834521484374,-6.966563701629639,-2.311553478240967,-0.7962429523468018
1741033417263446300,212.0984462890625,-8.600580215454102,-0.6261148452758789,-0.5943746566772461
1741033417273547800,212.1085478515625,-9.16981315612793,0.7661046981811523,-0.08197450637817383
1741033417283649000,212.11864892578126,-8.745195388793945,1.9734315872192383,0.7755982875823975
1741033417293750300,212.12875024414063,-8.017660140991211,3.0678482055664062,1.9221190214157104
1741033417303851000,212.13885107421876,-6.645709037780762,4.021385192871094,3.0177197456359863
1741033417313952500,212.14895239257814,-4.864743232727051,4.928738594055176,3.8764290809631348
1741033417324053500,212.15905346679688,-3.2936367988586426,5.939787864685059,4.519110679626465
1741033417334155000,212.1691550292969,-1.7769696712493896,6.457734107971191,4.503227710723877
1741033417344256000,212.17925610351563,-0.3633473515510559,6.142875671386719,3.643573760986328
1741033417354357800,212.18935766601564,-0.07602584362030029,5.47520637512207,2.114628553390503
1741033417364458500,212.19945849609374,-0.07546067237854004,4.868695259094238,0.47726142406463623
1741033417374560300,212.2095603027344,1.5342799425125122,4.530107498168945,-1.2132964134216309
1741033417384661000,212.21966088867188,2.02547025680542,4.737743377685547,-2.4488143920898438
1741033417394762000,212.22976196289062,0.9350072145462036,5.233438491821289,-3.5447399616241455
1741033417404863500,212.23986352539063,0.9756600856781006,5.805347442626953,-4.5567827224731445
1741033417414964700,212.24996484375,2.4694697856903076,5.692138671875,-5.033098220825195
1741033417425066000,212.26006591796875,4.5637431144714355,4.3448896408081055,-3.8932366371154785
1741033417435167200,212.27016723632812,5.43046760559082,2.42608642578125,-2.140153408050537
1741033417445268500,212.2802685546875,4.493713855743408,0.30670738220214844,-1.7732962369918823
1741033417455369500,212.29036938476563,3.7454710006713867,-1.552999496459961,-2.248385429382324
1741033417465470700,212.300470703125,2.847557783126831,-2.3632397651672363,-2.383458137512207
1741033417475572000,212.31057202148438,2.9889485836029053,-1.631965160369873,-1.7483971118927002
1741033417485673500,212.3206735839844,3.4954733848571777,0.07367992401123047,-1.3353726863861084
1741033417495774500,212.3307744140625,3.8709158897399902,2.022899627685547,-0.678214430809021
1741033417505876000,212.3408759765625,3.6929662227630615,3.1382789611816406,0.21761345863342285
1741033417515977000,212.35097705078124,2.0103883743286133,3.223297119140625,0.7778427600860596
1741033417526078500,212.3610783691406,1.096232533454895,2.459599494934082,0.7909765243530273
1741033417536179500,212.37117944335938,1.9784026145935059,1.4604721069335938,0.964205265045166
1741033417546280400,212.38128051757812,2.4787862300872803,0.7398710250854492,1.1264517307281494
1741033417556382000,212.3913818359375,2.0178282260894775,0.08121013641357422,1.2817256450653076
1741033417566483000,212.40148291015626,1.5275110006332397,-0.858851432800293,1.3644486665725708
1741033417576584400,212.41158447265624,1.5713579654693604,-1.770655632019043,1.3098952770233154
1741033417586685400,212.421685546875,1.2847172021865845,-2.536007881164551,1.2397847175598145
1741033417596787000,212.4317868652344,0.7582027912139893,-3.0876946449279785,1.1402450799942017
1741033417606887700,212.4418876953125,0.531011164188385,-3.5473523139953613,1.0429670810699463
1741033417616989000,212.45198901367186,0.5135169625282288,-3.841541290283203,0.8066174983978271
1741033417627090700,212.46209057617187,0.21318894624710083,-4.257293701171875,0.7402795553207397
1741033417637192000,212.47219189453125,-0.3325955867767334,-4.541070938110352,0.957149863243103
1741033417647447800,212.48244775390626,-0.4968620538711548,-4.76838493347168,1.4606921672821045
1741033417657751600,212.49275146484376,-0.34430140256881714,-4.991950511932373,2.0105834007263184
1741033417668054300,212.50305419921875,-0.2200993299484253,-5.159454345703125,2.5968215465545654
1741033417678190800,212.51319091796876,-0.4037588834762573,-5.420872211456299,2.917490005493164
1741033417688291800,212.5232917480469,-0.6190328598022461,-5.5791144371032715,3.1430680751800537
1741033417698393300,212.53339331054687,-0.7116351127624512,-5.826190948486328,3.221008062362671
1741033417708494000,212.543494140625,-0.5430614948272705,-6.034770965576172,3.378610134124756
1741033417718595300,212.55359521484374,-0.3353341817855835,-6.097810745239258,3.5517468452453613
1741033417728696600,212.5636965332031,-0.1893993616104126,-5.942461013793945,3.538304567337036
1741033417738797800,212.5737978515625,0.27600836753845215,-5.448671340942383,3.5712437629699707
1741033417748899300,212.5838994140625,0.8260077238082886,-4.637643337249756,3.6604440212249756
1741033417759000600,212.59400048828124,1.1893051862716675,-3.7043561935424805,3.6565792560577393
1741033417769101800,212.6041018066406,1.4686665534973145,-2.6516122817993164,3.607914924621582
1741033417779203000,212.614203125,1.621748447418213,-1.3254594802856445,3.6116044521331787
1741033417789304300,212.62430419921876,1.6838124990463257,0.2692413330078125,3.6358485221862793
1741033417799405000,212.6344050292969,1.4711213111877441,2.111234664916992,3.5224356651306152
1741033417809506600,212.64450659179687,0.7368037700653076,3.708303451538086,3.288088321685791
1741033417819607600,212.65460766601564,-0.4292525053024292,4.7208709716796875,2.676051616668701
1741033417829709300,212.66470922851562,-2.290602445602417,4.746759414672852,1.562134861946106
1741033417839810000,212.67481005859375,-2.9882874488830566,3.5683584213256836,-0.47592413425445557
1741033417849911800,212.68491186523437,-1.6053268909454346,2.064642906188965,-3.200451612472534
1741033417860012500,212.69501245117186,-0.19330012798309326,1.114579200744629,-5.18471622467041
1741033417870113500,212.70511352539063,0.04545331001281738,0.5984668731689453,-6.604502201080322
1741033417880215000,212.7152150878906,0.12800955772399902,0.41708850860595703,-7.582581043243408
1741033417890316300,212.72531640625,1.5186994075775146,0.6278476715087891,-8.231670379638672
1741033417900417500,212.73541748046875,4.1003522872924805,0.6292390823364258,-9.157526016235352
1741033417910518800,212.74551879882813,9.006237030029297,0.30199432373046875,-10.331987380981445
1741033417920620000,212.7556201171875,11.41505241394043,1.481318473815918,-6.931275367736816
1741033417930721300,212.76572119140624,10.873794555664062,3.9114065170288086,-1.4282546043395996
1741033417940822500,212.77582250976562,7.006539344787598,6.77426815032959,1.3263440132141113
1741033417950923300,212.78592333984375,3.6874094009399414,8.203450202941895,2.0295753479003906
1741033417961024800,212.79602465820312,1.1957025527954102,7.170327186584473,1.412238597869873
1741033417971125800,212.80612573242186,-0.06828188896179199,4.471883773803711,1.5975226163864136
1741033417981227500,212.8162275390625,-0.13863754272460938,2.0805625915527344,1.4815553426742554
1741033417991328300,212.8263283691406,-0.5567731857299805,0.8090181350708008,1.022650122642517
1741033418001430000,212.83642993164062,-1.2822984457015991,0.7012834548950195,0.8632081747055054
1741033418011530800,212.84653076171875,-1.713832974433899,1.5919361114501953,1.0692592859268188
1741033418021631700,212.8566318359375,-1.6981372833251953,3.266439437866211,1.5907599925994873
1741033418031698000,212.86669799804687,-1.552511215209961,5.202641487121582,2.384134292602539
1741033418041716000,212.87671606445312,-1.3485101461410522,6.388039588928223,3.1756882667541504
1741033418052019500,212.88701953125,-1.542116403579712,6.440011978149414,3.865445137023926
1741033418062228000,212.89722802734374,-1.8197048902511597,5.107601165771484,4.119394779205322
1741033418072424700,212.9074248046875,-2.0690906047821045,3.0567626953125,3.847841739654541
1741033418082728400,212.917728515625,-2.2366037368774414,1.3088436126708984,3.4149584770202637
1741033418092924200,212.92792407226563,-2.4736976623535156,0.15088748931884766,3.075252056121826
1741033418103035600,212.93803564453125,-2.583235263824463,-0.6506357192993164,2.9730849266052246
1741033418113137200,212.94813720703124,-2.6122326850891113,-1.3218107223510742,3.0205869674682617
1741033418123238100,212.95823803710937,-2.650101900100708,-1.9330859184265137,3.1593270301818848
1741033418133340000,212.96833984375,-2.5588135719299316,-2.5541224479675293,3.2468159198760986
1741033418143440600,212.97844067382812,-2.449826240539551,-3.139176368713379,3.26385235786438
1741033418153542400,212.98854248046874,-2.354245662689209,-3.693875789642334,3.216586112976074
1741033418163643400,212.99864331054687,-2.310549736022949,-4.2339301109313965,3.125826835632324
1741033418173745000,213.00874487304688,-2.170724868774414,-4.687014102935791,3.061335802078247
1741033418183846000,213.01884594726562,-2.1388919353485107,-5.088564872741699,3.0421786308288574
1741033418193947000,213.02894677734375,-2.1009204387664795,-5.405517578125,3.069415807723999
1741033418204048400,213.03904833984376,-2.03926944732666,-5.6493988037109375,3.0981082916259766
1741033418214149400,213.0491494140625,-2.0070278644561768,-5.662497520446777,3.167527675628662
1741033418224251000,213.0592509765625,-1.943475365638733,-5.384848594665527,3.2746078968048096
1741033418234352000,213.06935205078125,-1.2574635744094849,-4.909602642059326,3.4013829231262207
1741033418244453400,213.07945336914062,0.33899247646331787,-4.296175479888916,3.5026021003723145
1741033418254554000,213.08955419921875,1.7168097496032715,-3.6550445556640625,3.502804756164551
1741033418264655600,213.09965551757813,0.14675241708755493,-3.67073917388916,3.0113630294799805
1741033418274756600,213.10975659179687,-1.9168580770492554,-3.6622366905212402,1.8587965965270996
1741033418284858000,213.11985815429688,-2.8279922008514404,-3.0123581886291504,0.6393716335296631
1741033418294959000,213.129958984375,-3.117217540740967,-2.3041858673095703,-0.4550299644470215
1741033418305060900,213.14006079101563,-4.084972381591797,-1.5913348197937012,-1.2950043678283691
1741033418315161600,213.15016162109376,-4.886998176574707,-0.7566690444946289,-1.5373754501342773
1741033418325262600,213.1602626953125,-4.892435550689697,0.22124481201171875,-1.2077443599700928
1741033418335364000,213.17036401367187,-4.67030143737793,1.3075695037841797,-0.6636028289794922
1741033418345465000,213.18046508789064,-4.219046592712402,2.4064531326293945,0.05941319465637207
1741033418355566600,213.19056665039062,-3.4450104236602783,3.279158592224121,0.8199535608291626
1741033418365667800,213.2006677246094,-2.4652485847473145,3.8636627197265625,1.2521278858184814
1741033418375769000,213.21076904296876,-1.2576720714569092,3.795177459716797,0.9457962512969971
1741033418385870300,213.22087036132814,-0.5758079290390015,3.964529037475586,0.5262420177459717
1741033418395971600,213.2309716796875,-0.4447546899318695,4.37879753112793,-0.08675360679626465
1741033418406072300,213.241072265625,-0.5478499531745911,4.91180419921875,-1.0003342628479004
1741033418416173800,213.251173828125,-0.43910422921180725,5.160617828369141,-2.3825366497039795
1741033418426275600,213.26127563476564,-0.21566712856292725,5.1509504318237305,-4.263831615447998
1741033418436531700,213.27153173828125,0.8226227760314941,4.671015739440918,-6.232242584228516
1741033418446835500,213.28183544921876,3.39322566986084,3.67324161529541,-6.845832824707031
1741033418457138200,213.29213818359375,6.8823747634887695,3.866513252258301,-6.157316207885742
1741033418467274000,213.30227392578124,6.867926597595215,4.504746437072754,-6.613976955413818
1741033418477375500,213.31237548828125,8.28801441192627,4.013025283813477,-8.734734535217285
1741033418487476500,213.3224765625,9.699542999267578,3.3507442474365234,-8.798100471496582
1741033418497577500,213.33257739257812,9.025934219360352,2.298518180847168,-7.188172340393066
1741033418507679000,213.34267895507813,7.115792274475098,0.33617496490478516,-4.666163921356201
1741033418517780000,213.35278002929687,2.8942694664001465,-1.6905694007873535,-2.115053176879883
1741033418527881500,213.36288159179688,-1.945525884628296,-2.6684184074401855,-0.8455660343170166
1741033418537982700,213.37298266601562,-4.354443550109863,-2.610687732696533,-0.5987231731414795
1741033418548084000,213.383083984375,-4.657596111297607,-1.2056312561035156,-0.6347032785415649
1741033418558185200,213.39318530273437,-3.750579595565796,0.9428958892822266,-0.2744377851486206
1741033418568286500,213.40328637695313,-2.18155837059021,2.690216064453125,0.46485745906829834
1741033418578387200,213.41338720703126,-0.8405888676643372,3.1851072311401367,1.0884242057800293
1741033418588488700,213.42348876953125,0.5272789001464844,2.9570693969726562,1.2048935890197754
1741033418598589700,213.43358959960938,1.435692548751831,2.385560989379883,0.9149422645568848
1741033418608691500,213.44369140625,1.298098087310791,1.6895227432250977,0.6031816005706787
1741033418618792200,213.45379223632813,0.8954041600227356,1.0653905868530273,0.1317664384841919
1741033418628894000,213.46389404296875,0.590703010559082,0.36512279510498047,-0.32811975479125977
1741033418638994700,213.47399462890624,0.09211216866970062,-0.4102163314819336,-0.5973896980285645
1741033418649095700,213.484095703125,-0.4580671489238739,-1.0605144500732422,-0.595400333404541
1741033418659197200,213.494197265625,-0.6521878242492676,-1.7824616432189941,-0.37003183364868164
1741033418669298400,213.50429833984376,-1.1646744012832642,-2.4254298210144043,-0.13311457633972168
1741033418679399700,213.51439965820313,-1.5048309564590454,-3.1486573219299316,0.10649096965789795
1741033418689501000,213.5245009765625,-1.838144063949585,-3.7900567054748535,0.37649810314178467
1741033418699602200,213.53460229492188,-1.8802400827407837,-4.387630939483643,0.7453417778015137
1741033418709703200,213.544703125,-1.33446204662323,-4.801496505737305,1.3427724838256836
1741033418719804400,213.5548044433594,-0.8976259231567383,-5.055299282073975,2.076021671295166
1741033418729905700,213.56490576171876,-0.8335895538330078,-5.260207653045654,2.44032883644104
1741033418740007200,213.57500708007814,-0.5812294483184814,-5.416450023651123,2.6775002479553223
1741033418750108200,213.58510815429688,0.10500204563140869,-5.462643146514893,3.0396320819854736
1741033418760209700,213.5952097167969,0.581360936164856,-5.508049964904785,3.349964141845703
1741033418770310700,213.605310546875,0.6220419406890869,-5.640422344207764,3.4513213634490967
1741033418780412200,213.615412109375,0.6554219722747803,-5.804947376251221,3.4168224334716797
1741033418790513200,213.62551318359374,0.7756110429763794,-5.875253677368164,3.524507522583008
1741033418800614100,213.6356142578125,0.825158953666687,-5.901935577392578,3.733719825744629
1741033418810715600,213.64571557617188,1.1166067123413086,-5.592189311981201,4.210334777832031
1741033418820816600,213.65581665039062,0.9322139024734497,-5.014426231384277,4.337872505187988
1741033418830918100,213.66591821289063,0.6408916711807251,-4.410558700561523,4.2586846351623535
1741033418841019100,213.67601904296876,0.6282711029052734,-3.7559118270874023,4.133293151855469
1741033418851203300,213.68620336914063,0.915611982345581,-2.911055564880371,4.200620651245117
1741033418861507000,213.69650708007813,1.2610301971435547,-1.9392528533935547,4.36697244644165
1741033418871810000,213.70681005859376,1.531323790550232,-0.7570371627807617,4.5658416748046875
1741033418882006800,213.7170068359375,1.5095945596694946,0.6066360473632812,4.590176105499268
1741033418892119300,213.72711938476561,0.9990298748016357,2.0638608932495117,4.168459892272949
1741033418902220500,213.73722045898438,0.025425434112548828,3.7047157287597656,3.401139497756958
1741033418912322000,213.74732202148436,-0.8468583226203918,5.332090377807617,2.7467026710510254
1741033418922423000,213.75742309570313,-1.994579792022705,6.151782989501953,1.5009499788284302
1741033418932524500,213.76752465820311,-2.491281509399414,5.520275115966797,0.08636581897735596
1741033418942625500,213.77762548828125,-2.313477039337158,4.057758331298828,-2.1796910762786865
1741033418952726300,213.78772631835938,-3.480868101119995,2.9129228591918945,-4.835060119628906
1741033418962828000,213.797828125,-4.764948844909668,2.1034116744995117,-8.498941421508789
1741033418972929000,213.80792895507813,-4.337601661682129,0.8931159973144531,-12.157233238220215
1741033418983030500,213.81803051757814,0.7401180267333984,-0.94879150390625,-15.306187629699707
1741033418993131500,213.82813159179688,6.979803562164307,-1.3929944038391113,-14.033113479614258
1741033419003233000,213.83823291015625,11.063990592956543,1.268458366394043,-6.792740821838379
1741033419013334300,213.84833422851563,11.668255805969238,4.59633731842041,-0.6592411994934082
1741033419023435500,213.858435546875,8.153060913085938,7.404157638549805,1.0126640796661377
1741033419033536300,213.86853637695313,6.426797866821289,7.54017448425293,0.652629017829895
1741033419043637800,213.8786376953125,5.126434803009033,4.842253684997559,-0.01013803482055664
1741033419053739500,213.88873950195313,3.3223934173583984,2.1732006072998047,0.19534027576446533
1741033419063995600,213.89899560546874,1.2758886814117432,0.93682861328125,-0.07770514488220215
1741033419074299100,213.9092990722656,-0.32207632064819336,1.232583999633789,-0.8111977577209473
1741033419084601900,213.91960180664063,-1.3138984441757202,2.9557628631591797,-1.1299619674682617
1741033419094738000,213.9297380371094,-1.5764904022216797,5.267910957336426,-0.7326269149780273
1741033419104839400,213.93983935546876,-1.492788553237915,6.771767616271973,0.11852669715881348
1741033419114940400,213.9499404296875,-1.4484471082687378,6.93398380279541,1.1498141288757324
1741033419125041400,213.96004150390624,-1.4641079902648926,5.6366071701049805,2.066941022872925
1741033419135143000,213.97014282226561,-1.4434025287628174,3.3559865951538086,2.2229080200195312
1741033419145244000,213.98024389648438,-1.4152066707611084,1.4284439086914062,2.1204605102539062
1741033419155345400,213.99034545898436,-1.4729057550430298,0.005629539489746094,2.0752227306365967
1741033419165446700,214.00044677734374,-1.702824354171753,-1.1050329208374023,2.084702968597412
1741033419175548000,214.0105478515625,-2.0115530490875244,-1.9981012344360352,2.0801985263824463
1741033419185649200,214.02064916992188,-2.270850658416748,-2.697206497192383,2.234954595565796
1741033419195881500,214.03088159179688,-2.3885130882263184,-3.2676000595092773,2.482351064682007
1741033419206185200,214.04118530273436,-2.3653321266174316,-3.7668261528015137,2.7070722579956055
1741033419216488000,214.05148803710938,-2.2742669582366943,-4.13657808303833,2.899022102355957
1741033419226645500,214.0616455078125,-2.2070672512054443,-4.350467205047607,3.043752908706665
1741033419236749300,214.07174926757813,-2.094717264175415,-4.564042568206787,3.1208887100219727
1741033419246850300,214.08185034179687,-1.9540338516235352,-4.766800880432129,3.1483795642852783
1741033419256951800,214.09195190429688,-1.8758878707885742,-4.855832576751709,3.129361629486084
1741033419267052800,214.102052734375,-1.8236541748046875,-4.880659580230713,3.1356632709503174
1741033419277154300,214.112154296875,-1.6781620979309082,-4.774102687835693,3.158916473388672
1741033419287255000,214.12225512695312,-1.3734233379364014,-4.625594139099121,3.197056770324707
1741033419297356300,214.1323562011719,-0.6820944547653198,-4.405880928039551,3.152169942855835
1741033419307457500,214.14245751953126,0.04291737079620361,-4.196209907531738,2.995346784591675
1741033419317558800,214.15255883789064,0.021145939826965332,-4.1791229248046875,2.7276434898376465
1741033419327660000,214.16265991210938,-1.2527211904525757,-4.177340030670166,2.2720978260040283
1741033419337761500,214.1727614746094,-2.5966527462005615,-3.8727235794067383,1.78571355342865
1741033419347862500,214.18286254882813,-3.894516706466675,-3.2140140533447266,1.46181321144104
1741033419357963500,214.19296362304686,-5.284876346588135,-2.3408737182617188,1.3554437160491943
1741033419368065000,214.20306494140624,-5.646327972412109,-1.5498709678649902,1.47055983543396
1741033419378166000,214.213166015625,-5.227643966674805,-1.0300922393798828,1.6430269479751587
1741033419388267500,214.223267578125,-4.555402755737305,-0.6736974716186523,1.8170068264007568
1741033419398368500,214.23336840820312,-3.4275670051574707,-0.20536136627197266,1.905160903930664
1741033419408470000,214.24346997070313,-2.6463022232055664,0.5929393768310547,2.1522207260131836
1741033419418571000,214.25357104492187,-1.9603614807128906,1.7504072189331055,2.44325590133667
1741033419428672000,214.26367211914064,-1.3459725379943848,3.0190982818603516,2.67817759513855
1741033419438773500,214.2737734375,-0.9400873780250549,4.276362419128418,2.7958812713623047
1741033419448874500,214.28387451171875,-0.379008948802948,5.030352592468262,2.4747889041900635
1741033419458976000,214.29397607421876,-0.09035290777683258,5.411364555358887,1.722944736480713
1741033419469077200,214.3040771484375,-0.04023054242134094,5.864749908447266,0.4737517833709717
1741033419479178500,214.31417846679688,-0.549655020236969,6.103801727294922,-1.0492055416107178
1741033419489279200,214.324279296875,-0.8215761780738831,6.073966979980469,-2.791102409362793
1741033419499380700,214.33438061523438,3.604834794998169,5.7615251541137695,-4.578649520874023
1741033419509481700,214.34448168945312,3.622631072998047,5.8568620681762695,-6.369137763977051
1741033419519583200,214.35458325195313,3.137265205383301,5.336523056030273,-7.77327823638916
1741033419529684200,214.36468432617187,2.666282892227173,5.54494571685791,-7.0027570724487305
1741033419539786000,214.37478588867188,3.138740062713623,6.363969802856445,-5.559441089630127
1741033419549886700,214.38488671875,3.133211612701416,6.521509170532227,-4.774659633636475
1741033419559987700,214.39498779296875,3.392333984375,4.333657264709473,-4.95527458190918
1741033419570089200,214.40508911132812,3.2782819271087646,0.6833972930908203,-5.161108016967773
1741033419580190200,214.41519018554686,3.0793988704681396,-1.923797607421875,-4.396450042724609
1741033419590291700,214.42529174804687,1.8849284648895264,-2.6068477630615234,-2.7904696464538574
1741033419600393000,214.43539306640625,0.8523984551429749,-2.421443462371826,-1.5462003946304321
1741033419610494200,214.445494140625,-0.5940815210342407,-1.8372292518615723,-1.133269190788269
1741033419620595200,214.45559521484375,-1.6377400159835815,-0.6386795043945312,-1.383162260055542
1741033419630696400,214.46569653320313,-1.0400187969207764,1.418283462524414,-1.470154881477356
1741033419640797700,214.47579760742187,-0.37042272090911865,2.5905332565307617,-0.5444214344024658
1741033419650899000,214.48589892578124,0.2210644632577896,2.349919319152832,0.6258115768432617
1741033419661000200,214.49600024414062,1.522233009338379,1.4247875213623047,1.3708535432815552
1741033419671101400,214.50610131835938,2.5503718852996826,0.4451913833618164,1.498915672302246
1741033419681202700,214.51620263671876,2.7375006675720215,-0.36678123474121094,1.1011009216308594
1741033419691303400,214.52630346679686,2.3347649574279785,-0.8618612289428711,0.4366990327835083
1741033419701405000,214.53640502929687,1.6636470556259155,-1.160715103149414,-0.3347625732421875
1741033419711506000,214.546505859375,0.9776220917701721,-1.577012062072754,-0.8242530822753906
1741033419721607700,214.55660766601562,0.6186002492904663,-2.0721511840820312,-1.1520590782165527
1741033419731708400,214.56670849609375,0.4046143889427185,-2.699286937713623,-1.1728413105010986
1741033419741810200,214.57681005859374,0.08656245470046997,-3.321218967437744,-1.0646812915802002
1741033419751911000,214.58691088867187,-0.1750342845916748,-3.9971532821655273,-0.7886695861816406
1741033419762012000,214.59701196289063,-0.567927896976471,-4.523651123046875,-0.5884966850280762
1741033419772113400,214.60711352539062,-0.7564898729324341,-4.91264009475708,-0.3099827766418457
1741033419782214700,214.61721459960938,-0.985022783279419,-5.229641914367676,0.1461315155029297
1741033419792316000,214.62731591796876,-1.1312170028686523,-5.437791347503662,0.6124875545501709
1741033419802417200,214.63741723632813,-1.040649652481079,-5.571781635284424,1.0240577459335327
1741033419812518400,214.64751831054687,-0.858334481716156,-5.523106575012207,1.6324214935302734
1741033419822620000,214.65761987304688,-0.6909654140472412,-5.336239814758301,2.500065326690674
1741033419832721000,214.66772094726562,-0.15795767307281494,-5.191404819488525,3.331231117248535
1741033419842822000,214.67782177734375,0.22903358936309814,-5.0506768226623535,3.8796184062957764
1741033419852923400,214.68792333984376,0.5425171852111816,-4.716701984405518,4.634225845336914
1741033419863024400,214.6980244140625,0.961247444152832,-4.348408222198486,5.28834867477417
1741033419873126000,214.7081259765625,0.9116976261138916,-4.082422733306885,5.5496320724487305
1741033419883227000,214.71822680664062,1.0257620811462402,-3.875593662261963,5.7639479637146
1741033419893328400,214.72832836914063,1.390298843383789,-3.580233573913574,5.853814601898193
1741033419903429400,214.73842944335937,1.70000159740448,-3.3384838104248047,5.253138065338135
1741033419913530400,214.7485302734375,1.7818726301193237,-2.929011344909668,4.59504508972168
1741033419923631900,214.7586318359375,1.7157913446426392,-2.0091710090637207,4.463210105895996
1741033419933732900,214.76873291015625,1.7645663022994995,-0.8264055252075195,4.556343078613281
1741033419943834400,214.77883447265626,1.3781756162643433,0.7658376693725586,4.374200344085693
1741033419953935600,214.788935546875,0.508081316947937,2.797268867492676,3.916959762573242
1741033419964036900,214.79903686523437,-0.4796223044395447,5.196628570556641,3.688368797302246
1741033419974137600,214.8091376953125,-1.5999712944030762,7.099849700927734,3.1584935188293457
1741033419984239000,214.81923901367188,-3.393923282623291,7.326318740844727,1.4730106592178345
1741033419994340000,214.8293400878906,-4.284881591796875,5.904309272766113,-1.2407318353652954
1741033420004441600,214.83944165039063,-4.522347450256348,4.496063232421875,-4.178293704986572
1741033420014542600,214.84954248046876,-5.348841667175293,3.6077566146850586,-5.593482494354248
1741033420024644000,214.85964404296874,-5.461047172546387,1.8726177215576172,-6.714056968688965
1741033420034745000,214.8697451171875,-2.978522300720215,0.3596658706665039,-6.74884557723999
1741033420044846000,214.87984619140624,1.9718830585479736,-1.8450379371643066,-7.6834917068481445
1741033420054947600,214.88994750976562,9.565796852111816,-2.8421645164489746,-8.807572364807129
1741033420065048600,214.9000485839844,17.72106170654297,-1.851611614227295,-8.18297004699707
1741033420075150000,214.91015014648437,20.83890151977539,1.311671257019043,-4.5682220458984375
1741033420085251000,214.9202509765625,14.955944061279297,5.4658355712890625,-1.8959453105926514
1741033420095400400,214.930400390625,10.135992050170898,6.05368709564209,-1.209799885749817
1741033420105704200,214.9407041015625,4.711329460144043,4.180163383483887,-0.5555679798126221
1741033420116007200,214.9510070800781,0.5258922576904297,2.362316131591797,-0.33126401901245117
1741033420126203600,214.96120361328124,-1.4958969354629517,1.1866369247436523,-0.22275876998901367
1741033420136333000,214.9713330078125,-2.134657382965088,0.8035707473754883,0.009975194931030273
1741033420146452500,214.98145239257812,-1.9143459796905518,1.3672170639038086,0.6013973951339722
1741033420156554000,214.99155395507813,-1.5757315158843994,2.5189390182495117,1.3842803239822388
1741033420166655000,215.00165502929687,-1.4594290256500244,3.7143678665161133,2.1985325813293457
1741033420176756000,215.011755859375,-1.4576606750488281,4.458285331726074,2.9909167289733887
1741033420186857500,215.021857421875,-1.5655937194824219,4.408026695251465,3.590949535369873
1741033420196958500,215.03195849609375,-1.7117984294891357,3.4445362091064453,3.799675703048706
1741033420207072000,215.0420720214844,-1.839526891708374,1.951096534729004,3.599372386932373
1741033420217375700,215.05237573242186,-2.0333728790283203,0.40563488006591797,3.1425769329071045
1741033420227679000,215.06267895507813,-2.2361361980438232,-0.9258546829223633,2.7484164237976074
1741033420237933600,215.07293359375,-2.3427987098693848,-1.9763317108154297,2.528796911239624
1741033420248059100,215.08305908203124,-2.3974032402038574,-2.911040782928467,2.402061939239502
1741033420258160000,215.09316015625,-2.5184810161590576,-3.766458034515381,2.34009051322937
1741033420268261600,215.10326171875,-2.640045642852783,-4.510951995849609,2.3034632205963135
1741033420278362400,215.1133623046875,-2.6308722496032715,-5.083254814147949,2.341343402862549
1741033420288463600,215.1234636230469,-2.5847489833831787,-5.560575485229492,2.333405017852783
1741033420298564900,215.13356494140626,-2.5194244384765625,-5.89151668548584,2.4199931621551514
1741033420308666400,215.14366625976564,-2.400317668914795,-6.081191062927246,2.5250790119171143
1741033420318767400,215.15376733398438,-2.217301845550537,-6.056365966796875,2.7289814949035645
1741033420328868000,215.1638681640625,-2.0657262802124023,-5.715256690979004,3.018324851989746
1741033420338969900,215.17396997070313,-1.4418141841888428,-5.193010330200195,3.297717332839966
1741033420349070600,215.18407055664062,0.7226614952087402,-4.644041538238525,3.293393135070801
1741033420359172400,215.19417236328124,2.843416213989258,-3.8359789848327637,3.118783473968506
1741033420369273300,215.2042734375,1.166473627090454,-3.43595027923584,2.9233803749084473
1741033420379374800,215.21437475585938,-1.9235599040985107,-3.302720069885254,1.9900755882263184
1741033420389475800,215.22447583007812,-2.9277877807617188,-3.217200756072998,0.8499637842178345
1741033420399576800,215.2345769042969,-3.1266820430755615,-3.1128129959106445,0.10436761379241943
1741033420409678300,215.24467822265626,-3.1204991340637207,-3.039430618286133,-0.3612172603607178
1741033420419779300,215.254779296875,-2.581054925918579,-2.631357192993164,-0.6643040180206299
1741033420429880800,215.264880859375,-4.11243200302124,-1.7852120399475098,-0.8131091594696045
1741033420439982000,215.2749821777344,-7.243407249450684,0.2450857162475586,-1.215170979499817
1741033420450083300,215.28508325195313,-9.645462989807129,2.416553497314453,-0.9087488651275635
1741033420460184000,215.29518408203126,-9.44424057006836,3.8273191452026367,0.22790849208831787
1741033420470285600,215.30528564453124,-8.365333557128906,4.641078948974609,1.6743515729904175
1741033420480386600,215.31538647460937,-6.879986763000488,5.187137603759766,2.5980286598205566
1741033420490488000,215.32548803710938,-5.1092529296875,5.748483657836914,3.0915770530700684
1741033420500589000,215.33558911132812,-3.485985517501831,6.183667182922363,3.27738094329834
1741033420510690800,215.34569091796874,-1.8273646831512451,6.404151916503906,2.9253082275390625
1741033420520791600,215.35579150390626,-0.5447462797164917,6.302194595336914,1.9565013647079468
1741033420530892500,215.365892578125,0.08969682455062866,5.51652717590332,0.38672924041748047
1741033420540994000,215.375994140625,1.3173727989196777,4.838637351989746,-1.3143492937088013
1741033420551095000,215.3860949707031,1.805851697921753,4.7075958251953125,-2.71466064453125
1741033420561196500,215.39619653320312,0.45410650968551636,5.455905914306641,-3.724310874938965
1741033420571297800,215.4062978515625,-0.5618979930877686,6.562898635864258,-5.107246398925781
1741033420581399000,215.41639892578124,-0.5153077244758606,7.415305137634277,-6.168369293212891
1741033420591499800,215.42649975585937,0.814793586730957,7.207879066467285,-5.665765762329102
1741033420601601300,215.43660131835938,2.7138543128967285,5.287095069885254,-3.7775673866271973
1741033420611702300,215.44670239257812,3.2151429653167725,2.6153783798217773,-2.492826461791992
1741033420621803800,215.4568037109375,2.610901355743408,0.4401702880859375,-1.9353158473968506
1741033420631904800,215.46690478515626,1.5356786251068115,-0.77081298828125,-1.6916673183441162
1741033420642006300,215.47700634765624,0.8719406127929688,-1.1268014907836914,-1.737575650215149
1741033420652107300,215.48710717773437,0.6432427167892456,-0.7312135696411133,-1.6004067659378052
1741033420662208300,215.4972082519531,0.40535253286361694,-0.1993703842163086,-1.6016043424606323
1741033420672309800,215.50730981445312,0.1284874677658081,0.4050264358520508,-1.0738284587860107
1741033420682410800,215.51741064453125,0.19593605399131775,1.175088882446289,-0.44018125534057617
1741033420692512300,215.52751220703124,0.12570953369140625,1.4284753799438477,0.35014021396636963
1741033420702613200,215.53761328125,1.3054120540618896,1.0087881088256836,1.1190074682235718
1741033420712714800,215.54771484375,2.7957496643066406,0.26930999755859375,1.7972441911697388
1741033420722815700,215.55781567382812,3.6682991981506348,-0.467987060546875,2.425205707550049
1741033420732916700,215.56791674804688,4.349913597106934,-0.8527812957763672,3.0294394493103027
1741033420743018200,215.57801831054687,4.669543266296387,-1.2775192260742188,3.4958086013793945
1741033420753119500,215.58811938476563,4.496270656585693,-1.9806160926818848,3.4787588119506836
1741033420763220700,215.598220703125,3.9380695819854736,-2.719482421875,3.0739731788635254
1741033420773321500,215.60832153320314,3.3773767948150635,-3.477262020111084,2.4920129776000977
1741033420783423000,215.61842309570312,2.684157371520996,-4.001345157623291,1.981534481048584
1741033420793524000,215.62852392578125,1.9838814735412598,-4.395240783691406,1.3075881004333496
1741033420803625500,215.63862548828126,1.171887993812561,-4.684323787689209,0.7617236375808716
1741033420813726500,215.6487265625,0.6135866045951843,-4.901350498199463,0.532798171043396
1741033420823828200,215.658828125,0.15502718091011047,-5.158431529998779,0.6236498951911926
1741033420833929000,215.66892895507812,-0.24824118614196777,-5.5303192138671875,0.7185884714126587
1741033420844030000,215.67903002929688,-0.4694681465625763,-5.830796241760254,1.0593591928482056
1741033420854131500,215.68913134765626,-0.5266587138175964,-5.885807514190674,1.8533518314361572
1741033420864232400,215.699232421875,-0.3300715982913971,-5.712329864501953,2.8035144805908203
1741033420874334000,215.709333984375,-0.24733775854110718,-5.576308250427246,3.523324489593506
1741033420884435200,215.71943530273438,-0.019935131072998047,-5.3965325355529785,4.023728370666504
1741033420894536400,215.72953637695312,0.28261494636535645,-5.2387261390686035,4.256343841552734
1741033420904637400,215.7396374511719,0.6152404546737671,-5.155303001403809,4.287307262420654
1741033420914738700,215.74973876953126,0.9529924392700195,-4.995578289031982,4.18358850479126
1741033420924840000,215.75983984375,1.455034852027893,-4.647936820983887,3.9356234073638916
1741033420934941200,215.76994116210938,1.7895063161849976,-4.162182331085205,3.6472182273864746
1741033420945042400,215.78004248046875,2.0856778621673584,-3.380176067352295,3.5217740535736084
1741033420955144000,215.79014404296876,2.2343173027038574,-2.3380813598632812,3.477031707763672
1741033420965245000,215.80024487304686,2.343514919281006,-0.8411636352539062,3.7326855659484863
1741033420975345700,215.810345703125,2.30165433883667,0.9171962738037109,4.021249771118164
1741033420985447400,215.82044750976561,1.7069674730300903,3.029287338256836,4.128993511199951
1741033420995548200,215.83054809570314,1.1141026020050049,4.869277000427246,3.944824695587158
1741033421005650000,215.84064990234376,0.35739433765411377,6.087594032287598,2.999060869216919
1741033421015751000,215.8507509765625,-0.23368382453918457,6.134280204772949,1.732267141342163
1741033421025852400,215.86085229492187,-0.8782987594604492,5.491983413696289,0.24205434322357178
1741033421035953200,215.870953125,-1.5829005241394043,5.011824607849121,-1.6488046646118164
1741033421046054400,215.88105444335937,-1.6617523431777954,3.865464210510254,-5.010366439819336
1741033421056156200,215.89115625,-1.694155216217041,2.699904441833496,-7.459485054016113
1741033421066341000,215.90134106445313,-1.9038963317871094,1.8779573440551758,-8.953371047973633
1741033421076644600,215.91164453125,0.7260425090789795,0.9896183013916016,-9.435571670532227
1741033421086947600,215.92194750976563,3.231689691543579,0.30747127532958984,-9.881326675415039
1741033421097250300,215.93225024414062,6.21069860458374,0.015034675598144531,-8.746559143066406
1741033421107553000,215.94255297851564,10.87429141998291,1.8175725936889648,-3.2840511798858643
1741033421117855700,215.95285571289062,11.38564682006836,4.489468574523926,0.9592139720916748
1741033421127981000,215.96298095703125,8.23915958404541,5.986969947814941,1.2915129661560059
1741033421138154000,215.97315405273437,4.297554969787598,5.468660354614258,-0.17424821853637695
1741033421148255000,215.9832548828125,2.5955216884613037,3.0152320861816406,-0.8276081085205078
1741033421158356500,215.9933564453125,1.5227699279785156,0.8826751708984375,0.06903433799743652
1741033421168457500,216.00345751953125,0.38627028465270996,-0.6742982864379883,0.5936188697814941
1741033421178606800,216.01360693359376,-0.7059087753295898,-1.425140380859375,0.18736767768859863
1741033421188839200,216.02383911132813,-1.621456503868103,-1.0572614669799805,-0.2910618782043457
1741033421198873300,216.03387329101562,-2.013092279434204,0.6127347946166992,-0.3982064723968506
1741033421208945700,216.04394555664064,-1.8294445276260376,3.145437240600586,0.26959776878356934
1741033421219249400,216.05424951171875,-1.7718963623046875,5.364772796630859,1.3834466934204102
1741033421229552400,216.06455249023438,-1.9456138610839844,6.509544372558594,2.4623379707336426
1741033421239749000,216.0747490234375,-1.9650030136108398,6.060935974121094,3.180251121520996
1741033421249861600,216.08486157226562,-1.9249449968338013,4.157758712768555,3.5033671855926514
1741033421260118000,216.09511791992188,-1.9268709421157837,1.8863258361816406,3.35050892829895
1741033421270421500,216.10542138671875,-1.930698037147522,0.10240936279296875,3.100109577178955
1741033421280535000,216.11553515625,-1.89845871925354,-1.1001415252685547,2.963355779647827
1741033421290482000,216.12548193359376,-1.8570573329925537,-1.9291443824768066,2.9354054927825928
1741033421300785400,216.13578540039063,-1.7950459718704224,-2.5661115646362305,3.008997917175293
1741033421311041500,216.14604150390625,-1.7765675783157349,-3.222395896911621,3.070117473602295
1741033421321190700,216.15619067382812,-1.7495625019073486,-3.7863831520080566,3.1602752208709717
1741033421331494400,216.16649438476563,-1.7252891063690186,-4.246942520141602,3.3039040565490723
1741033421341797600,216.17679760742186,-1.7198748588562012,-4.6234941482543945,3.4193472862243652
1741033421352033500,216.18703344726563,-1.756665825843811,-4.874366760253906,3.525441884994507
1741033421362162700,216.19716259765624,-1.8333075046539307,-4.959224224090576,3.6671862602233887
1741033421372264200,216.20726416015626,-1.895264983177185,-4.893225193023682,3.788059949874878
1741033421382365200,216.217365234375,-2.086024045944214,-4.677651882171631,3.925449848175049
1741033421392466700,216.227466796875,-2.2931718826293945,-4.361939430236816,3.9757838249206543
1741033421402567700,216.23756762695314,-2.4906654357910156,-3.9502859115600586,3.9494552612304688
1741033421412668700,216.24766870117188,-2.5679869651794434,-3.4266819953918457,3.834972858428955
1741033421422770200,216.2577702636719,-2.5968949794769287,-2.799172878265381,3.670027494430542
1741033421432871200,216.26787109375,-2.2930355072021484,-2.0072455406188965,3.548933506011963
1741033421442972700,216.27797265625,-1.8099493980407715,-1.1836957931518555,3.3811910152435303
1741033421453073700,216.28807373046874,-0.9567335247993469,-0.5068626403808594,3.0757904052734375
1741033421463174700,216.29817456054687,0.596949577331543,0.07387161254882812,2.632835865020752
1741033421473276200,216.30827612304688,0.4289654493331909,0.6604328155517578,2.0422518253326416
1741033421483377200,216.31837719726562,-1.7482692003250122,0.9532136917114258,1.0020368099212646
1741033421493478700,216.32847875976563,-3.3098809719085693,1.3339271545410156,-0.38195228576660156
1741033421503580000,216.33857983398437,-4.302857398986816,1.659623146057129,-1.2813315391540527
1741033421513681200,216.34868115234374,-4.501003742218018,1.74652099609375,-1.6326863765716553
1741033421523782000,216.35878198242187,-4.1448140144348145,2.0349206924438477,-1.5377159118652344
1741033421533883400,216.36888330078125,-4.053920269012451,2.634500503540039,-1.504004716873169
1741033421543984400,216.378984375,-3.955084800720215,3.4418954849243164,-1.5348002910614014
1741033421554086000,216.3890859375,-3.957402467727661,4.2156524658203125,-1.6853456497192383
1741033421564187000,216.39918676757813,-3.734182834625244,4.845888137817383,-1.7964155673980713
1741033421574288600,216.40928857421875,-3.2595715522766113,5.147346496582031,-2.0741593837738037
1741033421584389400,216.41938940429688,-2.695613384246826,5.11354923248291,-2.5328938961029053
1741033421594490400,216.42949047851562,-1.7913954257965088,4.7697858810424805,-2.9689853191375732
1741033421604591900,216.439591796875,-0.1195598840713501,4.426332473754883,-2.9322104454040527
1741033421614692900,216.44969287109376,1.6512904167175293,4.095999717712402,-2.397684097290039
1741033421624794400,216.45979443359374,4.861403465270996,3.9796648025512695,-2.5235507488250732
1741033421634895400,216.46989526367187,5.3929619789123535,4.628873825073242,-3.279326915740967
1741033421644996400,216.4799963378906,3.864438056945801,5.454385757446289,-3.6854443550109863
1741033421655097900,216.49009790039062,2.687180519104004,4.877732276916504,-4.000897407531738
1741033421665199000,216.50019921875,3.5692505836486816,2.615950584411621,-4.933446407318115
1741033421675300400,216.51030029296874,6.20247745513916,-0.4372568130493164,-5.1528849601745605
1741033421685401600,216.5204016113281,6.807563304901123,-2.2175302505493164,-3.864171266555786
1741033421695502800,216.5305029296875,6.453299045562744,-2.1291708946228027,-2.0463216304779053
1741033421705603600,216.540603515625,5.463000297546387,-1.2171993255615234,-0.7881474494934082
1741033421715705000,216.550705078125,3.7176966667175293,-0.4158821105957031,-0.19117021560668945
1741033421725806000,216.56080615234376,1.4242843389511108,0.8493680953979492,-0.05955541133880615
1741033421735907600,216.57090747070313,-0.13598397374153137,2.3584470748901367,0.07210767269134521
1741033421746008600,216.58100854492187,0.16328856348991394,3.5174808502197266,0.5033508539199829
1741033421756109600,216.59110961914064,0.8234274983406067,3.461437225341797,1.2762739658355713
1741033421766211000,216.60121118164062,1.4337290525436401,2.511406898498535,2.0463829040527344
1741033421776312000,216.61131201171875,1.7453843355178833,1.2328681945800781,2.3430378437042236
1741033421786413600,216.62141357421876,1.7060256004333496,0.07953357696533203,2.3790700435638428
1741033421796514800,216.63151489257814,1.2500680685043335,-0.8369350433349609,2.134758949279785
1741033421806616300,216.6416162109375,0.5149254202842712,-1.5273151397705078,1.7101236581802368
1741033421816777700,216.65177783203126,0.1045055240392685,-2.0435376167297363,1.2811555862426758
1741033421827081200,216.66208129882813,0.16092553734779358,-2.567525863647461,0.5675133466720581
1741033421837384400,216.6723845214844,-0.06457282602787018,-3.011045455932617,-0.09309673309326172
1741033421847597600,216.68259765625,-0.733553409576416,-3.528311252593994,-0.2748126983642578
1741033421857715700,216.6927158203125,-1.4056103229522705,-3.899012565612793,0.14048278331756592
1741033421867817200,216.70281713867186,-1.62066650390625,-4.181875228881836,0.6135107278823853
1741033421877918200,216.71291821289063,-1.6571154594421387,-4.347148418426514,0.9720598459243774
1741033421888020000,216.72302001953125,-1.4744999408721924,-4.374445915222168,1.525731086730957
1741033421898120700,216.73312060546874,-1.1178867816925049,-4.6147637367248535,1.9522360563278198
1741033421908222500,216.74322241210936,-0.7969136238098145,-5.027514934539795,2.283639907836914
1741033421918323200,216.7533232421875,-0.654970109462738,-5.221096515655518,2.620168685913086
1741033421928424200,216.76342407226562,-0.3101757764816284,-5.297389030456543,2.904083251953125
1741033421938525700,216.77352563476563,-0.039043426513671875,-5.242807865142822,3.1875927448272705
1741033421948627000,216.783626953125,0.24767780303955078,-4.992133140563965,3.5268702507019043
1741033421958728200,216.79372827148438,0.5267541408538818,-4.591590404510498,3.8779141902923584
1741033421968829400,216.80382934570312,0.8582960367202759,-4.132260799407959,4.192098617553711
1741033421978931000,216.81393090820313,1.1303681135177612,-3.694035530090332,4.148744106292725
1741033421989031700,216.82403173828126,1.2975572347640991,-3.1858291625976562,3.958217144012451
1741033421999133000,216.8341328125,1.3272526264190674,-2.632779598236084,3.793142557144165
1741033422009234200,216.84423413085938,1.3693076372146606,-1.8802266120910645,3.6384243965148926
1741033422019335700,216.8543356933594,1.5123348236083984,-0.9526081085205078,3.600876808166504
1741033422029436700,216.86443676757813,1.5258145332336426,0.04788017272949219,3.629918098449707
1741033422039537400,216.87453735351562,1.374173879623413,0.8717069625854492,3.415254592895508
1741033422049639200,216.88463916015624,1.0512670278549194,1.3958454132080078,2.8447985649108887
1741033422059740000,216.89473999023437,0.5310665369033813,1.6961374282836914,2.13260817527771
1741033422069841700,216.90484155273438,0.11089444160461426,1.9473590850830078,1.2182447910308838
1741033422079955500,216.91495556640626,-0.23113107681274414,1.9040164947509766,-0.6477231979370117
1741033422090259000,216.92525903320313,-0.5714939832687378,2.1007156372070312,-2.468876600265503
1741033422100562400,216.9355625,0.1362762451171875,2.2953109741210938,-4.156368255615234
1741033422110816500,216.94581640625,0.36906421184539795,2.499696731567383,-5.558365345001221
1741033422120941600,216.95594165039063,0.1379185914993286,2.843446731567383,-6.657764434814453
1741033422131042800,216.96604272460937,0.11484861373901367,3.138662338256836,-6.748319149017334
1741033422141144000,216.97614404296874,0.5789134502410889,3.022623062133789,-6.115148544311523
1741033422151245300,216.98624536132812,3.199880361557007,2.2311906814575195,-5.646862030029297
1741033422161465900,216.9964658203125,6.107503890991211,1.8362903594970703,-4.773246765136719
1741033422171769300,217.00676928710936,8.696483612060547,2.676076889038086,-1.7194132804870605
1741033422182072300,217.017072265625,8.901802062988281,3.977961540222168,-0.7190062999725342
1741033422192239400,217.0272392578125,5.925928592681885,4.478974342346191,-2.1910483837127686
1741033422202345500,217.03734545898436,3.758197069168091,3.812358856201172,-3.3353769779205322
1741033422212446500,217.04744653320313,1.9838643074035645,2.5130090713500977,-2.151310682296753
1741033422222548000,217.0575478515625,0.8677406311035156,0.8216867446899414,-0.6517443656921387
1741033422232673500,217.06767358398437,-0.05633878707885742,-0.5323696136474609,-0.09420990943908691
1741033422242929700,217.0779296875,-1.0380502939224243,-0.8855094909667969,0.037474870681762695
1741033422253067000,217.08806689453124,-1.8790589570999146,0.10090160369873047,0.03742361068725586
1741033422263370800,217.09837084960938,-2.1971592903137207,2.267251968383789,0.33043646812438965
1741033422273591000,217.10859106445312,-1.8118218183517456,4.736753463745117,0.8154280185699463
1741033422283719200,217.11871923828124,-1.547607183456421,6.534147262573242,1.1793649196624756
1741033422293850400,217.12885034179686,-1.4511401653289795,6.895801544189453,1.1748692989349365
1741033422303951600,217.13895166015624,-1.1354331970214844,5.716838836669922,0.9405508041381836
1741033422314052900,217.1490529785156,-0.7003529071807861,3.8166685104370117,1.3493618965148926
1741033422324153600,217.15915356445313,-0.7670356035232544,2.095730781555176,2.08305025100708
1741033422334255000,217.16925512695312,-1.0042239427566528,0.7894201278686523,2.671875238418579
1741033422344356000,217.17935620117188,-1.2045202255249023,-0.10752582550048828,3.010641574859619
1741033422354457900,217.18945776367187,-1.3563709259033203,-0.8004856109619141,3.1070055961608887
1741033422364559600,217.1995595703125,-1.5155556201934814,-1.4372820854187012,3.0266284942626953
1741033422374671600,217.20967163085936,-1.5562975406646729,-2.1331586837768555,2.923734664916992
1741033422384975000,217.21997509765626,-1.535585641860962,-2.8619580268859863,2.8637144565582275
1741033422395278600,217.23027856445313,-1.4894344806671143,-3.5311760902404785,2.868852376937866
1741033422405533200,217.240533203125,-1.4648445844650269,-4.126687049865723,2.9594383239746094
1741033422415658800,217.25065869140624,-1.5016852617263794,-4.684078693389893,3.0770013332366943
1741033422425760300,217.26076025390626,-1.4985414743423462,-5.037655830383301,3.2268271446228027
1741033422435861500,217.27086157226563,-1.1337910890579224,-5.169007301330566,3.4383935928344727
1741033422445962800,217.28096264648437,0.8961777687072754,-4.766238689422607,3.588204860687256
1741033422456063500,217.2910634765625,5.962010383605957,-3.7215828895568848,3.641833782196045
1741033422466165000,217.3011650390625,7.995436191558838,-3.2266578674316406,3.8799872398376465
1741033422476266000,217.3112658691406,2.3901758193969727,-4.73018741607666,3.8592967987060547
1741033422486367500,217.32136743164062,-1.6197710037231445,-5.883575439453125,3.0552468299865723
1741033422496468500,217.33146850585936,-1.8159159421920776,-6.537742614746094,1.852651596069336
1741033422506570200,217.3415703125,-1.5945571660995483,-6.669095993041992,1.1366689205169678
1741033422516671000,217.3516708984375,-2.3348045349121094,-6.452208518981934,0.8620824813842773
1741033422526772000,217.36177197265624,-5.055008411407471,-5.65993595123291,0.24273371696472168
1741033422536873500,217.37187353515625,-8.544851303100586,-4.572908878326416,-1.2092719078063965
1741033422546974500,217.38197436523438,-9.752477645874023,-3.1434545516967773,-1.4895131587982178
1741033422557076000,217.39207592773437,-9.624537467956543,-2.4550437927246094,-1.2219452857971191
1741033422567177000,217.40217700195313,-8.607847213745117,-2.177377223968506,-0.2816333770751953
1741033422577278000,217.41227783203124,-7.464013576507568,-2.0370540618896484,0.7844692468643188
1741033422587379500,217.42237939453125,-6.383294582366943,-1.4588375091552734,1.377695918083191
1741033422597480700,217.43248071289062,-5.925627708435059,-0.36454010009765625,1.3920735120773315
1741033422607582000,217.44258203125,-5.81195068359375,1.2192516326904297,1.4847954511642456
1741033422617682700,217.4526826171875,-5.371597766876221,3.5455570220947266,2.214433193206787
1741033422627784200,217.4627841796875,-4.292341232299805,6.274664878845215,3.4289445877075195
1741033422637885200,217.47288525390624,-2.3875885009765625,8.795367240905762,4.766443729400635
1741033422647986700,217.48298657226562,0.6918646097183228,10.023743629455566,5.0239081382751465
1741033422658087700,217.49308764648438,2.2018635272979736,9.484108924865723,3.5465638637542725
1741033422668189200,217.50318920898437,4.62756872177124,7.515405654907227,0.6176085472106934
1741033422678290200,217.51329028320313,4.6682538986206055,5.712029457092285,-2.4741108417510986
1741033422688391200,217.52339111328126,2.682870388031006,5.018294334411621,-4.615015506744385
1741033422698492700,217.53349267578125,2.443000555038452,4.971747398376465,-6.526506423950195
1741033422708593700,217.54359375,3.6366868019104004,4.9597673416137695,-6.312101364135742
1741033422718695200,217.5536950683594,5.214853286743164,4.597731590270996,-4.592949867248535
1741033422728796000,217.5637958984375,6.331554412841797,3.7478628158569336,-3.709132194519043
1741033422738897200,217.57389721679687,6.621673583984375,2.058831214904785,-3.7464418411254883
1741033422748998400,217.58399829101563,5.7750396728515625,0.22183609008789062,-3.427644729614258
1741033422759099600,217.594099609375,4.25695276260376,-1.0258970260620117,-3.0271108150482178
1741033422769201200,217.604201171875,2.7947800159454346,-1.4630613327026367,-2.747903347015381
1741033422779302000,217.61430200195312,1.3496878147125244,-1.2917633056640625,-2.4061994552612305
1741033422789403400,217.6244033203125,-0.2597343325614929,-0.3633880615234375,-2.2744007110595703
1741033422799504400,217.63450439453126,-1.0572233200073242,1.3673076629638672,-2.0750436782836914
1741033422809606000,217.64460595703125,-0.9125882387161255,2.6084470748901367,-1.418868064880371
1741033422819862000,217.65486206054686,0.11740279197692871,2.6373682022094727,-0.6442720890045166
1741033422830165800,217.66516577148437,1.5400800704956055,1.8409080505371094,0.03013753890991211
1741033422840459500,217.67545947265626,2.2180802822113037,0.9195060729980469,0.29503679275512695
1741033422850604800,217.68560473632812,1.9048376083374023,0.1590423583984375,0.3682352304458618
1741033422860705800,217.69570581054688,1.3387892246246338,-0.6157093048095703,0.4497697353363037
1741033422870807300,217.70580737304687,0.9848111867904663,-1.4068851470947266,0.4705204963684082
1741033422880908300,217.715908203125,0.663192093372345,-2.1204233169555664,0.6105163097381592
1741033422891009300,217.72600927734376,0.5052127242088318,-2.788982391357422,0.6634345054626465
1741033422901110800,217.73611083984375,0.2754518389701843,-3.2752628326416016,0.7169486284255981
1741033422911212000,217.7462119140625,0.0940447449684143,-3.642709732055664,0.822540283203125
1741033422921313300,217.7563132324219,-0.06334145367145538,-4.066469192504883,0.8060528039932251
1741033422931414500,217.76641455078126,-0.3261983394622803,-4.3697123527526855,0.9522519111633301
1741033422941515800,217.77651586914064,-0.641089916229248,-4.56496524810791,1.1805346012115479
1741033422951616500,217.78661645507813,-0.6912175416946411,-4.785529613494873,1.4001572132110596
1741033422961718000,217.79671801757812,-0.5531206130981445,-5.0181074142456055,1.7438987493515015
1741033422971819000,217.80681909179688,-0.4491269886493683,-5.1730427742004395,2.162419319152832
1741033422981920500,217.81692041015626,-0.29724788665771484,-5.29694938659668,2.5049588680267334
1741033422992021500,217.827021484375,-0.20939141511917114,-5.426401615142822,2.628460645675659
1741033423002122500,217.83712255859376,-0.08242177963256836,-5.496153831481934,2.7214317321777344
1741033423012224000,217.84722412109375,0.14258623123168945,-5.4130778312683105,2.8474907875061035
1741033423022325000,217.85732495117188,0.3828315734863281,-4.993118762969971,3.071223258972168
1741033423032426500,217.8674265136719,0.6429197788238525,-4.3650288581848145,3.404587745666504
1741033423042527200,217.87752734375,0.7865030765533447,-3.699051856994629,3.6425881385803223
1741033423052628500,217.88762841796876,0.8764276504516602,-2.913785934448242,3.793469190597534
1741033423062729700,217.89772973632813,0.8652653694152832,-2.0411434173583984,3.934743642807007
1741033423072831000,217.9078310546875,1.0235337018966675,-1.210052490234375,4.089648723602295
1741033423082932200,217.91793212890624,1.3355181217193604,-0.4062070846557617,4.189101696014404
1741033423093033200,217.928033203125,1.590890884399414,0.5287418365478516,4.221529006958008
1741033423103134500,217.9381345214844,1.5716378688812256,1.582845687866211,4.097575664520264
1741033423113235700,217.94823559570312,1.3287887573242188,2.534695625305176,3.684248447418213
1741033423123337200,217.95833715820314,0.8592067956924438,3.27536678314209,3.0340094566345215
1741033423133605000,217.96860522460938,0.1774049997329712,3.6926145553588867,2.2841856479644775
1741033423143908900,217.97890893554688,-0.46060633659362793,3.8489084243774414,1.0864416360855103
1741033423154199800,217.98919970703125,-1.6991770267486572,3.778517723083496,-0.6696822643280029
1741033423164303600,217.9993037109375,-1.9297739267349243,3.8360071182250977,-2.2369463443756104
1741033423174437400,218.00943725585938,-1.0594402551651,3.708418846130371,-4.120141506195068
1741033423184538400,218.01953833007812,-1.0095884799957275,4.021251678466797,-5.54001522064209
1741033423194640100,218.02964013671874,-2.9371633529663086,4.873476982116699,-5.911384582519531
1741033423204741400,218.03974145507811,-3.377089500427246,4.3433427810668945,-6.273868560791016
1741033423214925300,218.04992529296874,0.007640838623046875,2.8578195571899414,-6.526798248291016
1741033423225228800,218.06022875976564,5.56307315826416,2.1526918411254883,-5.489564895629883
1741033423235413800,218.07041381835938,8.95142936706543,3.364511489868164,-2.9264421463012695
1741033423245634000,218.08063403320313,9.432878494262695,4.976902008056641,-1.4009850025177002
1741033423255829500,218.09082958984374,6.7513580322265625,4.426863670349121,-2.045375347137451
1741033423265942000,218.10094189453125,3.4755609035491943,2.0307979583740234,-2.6115095615386963
1741033423276043000,218.11104296875,1.5086371898651123,0.2817354202270508,-1.8833143711090088
1741033423286144500,218.12114453125,0.29822468757629395,-0.3566551208496094,-1.3980319499969482
1741033423296245500,218.13124560546876,-0.5872830152511597,0.27744007110595703,-1.5336737632751465
1741033423306347000,218.14134692382814,-0.8487588167190552,1.9496126174926758,-1.8327138423919678
1741033423316448000,218.15144799804688,-1.0089291334152222,3.9691295623779297,-1.9163081645965576
1741033423326549500,218.1615495605469,-1.2880470752716064,5.176408767700195,-1.8437178134918213
1741033423336650500,218.171650390625,-1.482954740524292,5.234732627868652,-1.5325453281402588
1741033423346751500,218.18175146484376,-1.5630463361740112,4.123461723327637,-0.9273643493652344
1741033423356853000,218.19185302734374,-1.6970860958099365,2.5322160720825195,-0.1493227481842041
1741033423366954200,218.20195434570311,-1.7405505180358887,1.054062843322754,0.3022639751434326
1741033423377139200,218.21213916015626,-1.4889209270477295,-0.04026985168457031,0.6794495582580566
1741033423387442700,218.22244262695312,-1.1052031517028809,-0.8823051452636719,0.9038088321685791
1741033423397745700,218.23274560546875,-1.0794110298156738,-1.6758885383605957,1.1435316801071167
1741033423407941600,218.24294165039063,-1.3449113368988037,-2.4333319664001465,1.4315049648284912
1741033423418054100,218.25305419921875,-1.559410572052002,-3.180187702178955,1.7554075717926025
1741033423428155100,218.26315502929688,-1.5409126281738281,-3.8095250129699707,2.17288875579834
1741033423438256600,218.27325659179687,-1.1413191556930542,-4.239584922790527,2.599278211593628
1741033423448357600,218.28335766601563,-1.0069023370742798,-4.500959396362305,2.906989097595215
1741033423458459100,218.29345922851562,-1.1770050525665283,-4.879983901977539,3.0755650997161865
1741033423468560100,218.30356005859375,-1.4803727865219116,-5.2264814376831055,3.0794851779937744
1741033423478661000,218.3136611328125,-1.6043572425842285,-5.47076416015625,2.991997003555298
1741033423488762600,218.3237626953125,-1.8840243816375732,-5.567012310028076,2.925184488296509
1741033423498863600,218.33386352539063,-2.0198540687561035,-5.604691505432129,2.788682222366333
1741033423508965000,218.34396508789064,-2.0183422565460205,-5.474952697753906,2.710862636566162
1741033423519065900,218.35406591796874,-1.9752594232559204,-5.320010185241699,2.5563056468963623
1741033423529167000,218.3641669921875,-2.0363144874572754,-4.828782558441162,2.507634162902832
1741033423539268400,218.37426831054688,-1.8936514854431152,-4.41146993637085,2.3041024208068848
1741033423549369900,218.38436987304686,-1.7290840148925781,-3.9818549156188965,2.0095720291137695
1741033423559470800,218.39447094726563,-1.7586970329284668,-3.378072738647461,1.8267256021499634
1741033423569571800,218.40457177734376,-1.6249618530273438,-2.7097764015197754,1.6729203462600708
1741033423579673300,218.41467333984374,-1.555213451385498,-2.076648235321045,1.5567879676818848
1741033423589774300,218.4247744140625,-1.7485729455947876,-1.2791481018066406,1.475844144821167
1741033423599875800,218.4348757324219,-2.5388293266296387,-0.2615547180175781,1.7731411457061768
1741033423609976800,218.44497680664062,-3.5783321857452393,1.0342121124267578,2.3131961822509766
1741033423620077600,218.45507763671876,-4.777904033660889,2.1941890716552734,2.8944430351257324
1741033423630179300,218.46517944335938,-5.770236492156982,3.0651540756225586,3.5912647247314453
1741033423640280300,218.4752802734375,-5.849003314971924,3.5575037002563477,3.910107135772705
1741033423650381800,218.4853818359375,-5.288271903991699,3.8651466369628906,3.8305916786193848
1741033423660482600,218.49548266601562,-4.483443737030029,4.300911903381348,3.672067880630493
1741033423670583800,218.50558374023439,-3.6335880756378174,4.997109413146973,3.7561721801757812
1741033423680685000,218.51568505859376,-3.1091909408569336,5.713587760925293,3.664426326751709
1741033423690786300,218.52578637695314,-2.277859687805176,5.97802734375,2.996962070465088
1741033423700887600,218.53588745117187,-1.403983235359192,5.702003479003906,1.6764198541641235
1741033423710988500,218.5459885253906,-1.096246600151062,5.143117904663086,-0.12006759643554688
1741033423721089800,218.55608984375,-1.0920374393463135,4.763075828552246,-1.5654053688049316
1741033423731191000,218.56619091796875,-1.2216837406158447,4.625903129577637,-2.6945676803588867
1741033423741292500,218.57629248046874,-1.5205434560775757,4.5782270431518555,-3.9784319400787354
1741033423751393500,218.5863935546875,-0.9196288585662842,4.444937705993652,-6.761544227600098
1741033423761494300,218.59649438476563,0.06740152835845947,4.688281059265137,-8.551376342773438
1741033423771596000,218.60659594726562,1.470299482345581,4.721469879150391,-7.080670356750488
1741033423781696800,218.61669677734375,2.9104695320129395,4.393606185913086,-3.962348461151123
1741033423791798500,218.62679858398437,3.964458465576172,3.1800451278686523,-1.9865714311599731
1741033423801899300,218.63689916992186,4.467447280883789,1.2390165328979492,-1.3034086227416992
1741033423812000300,218.64700024414063,4.219758987426758,-0.776158332824707,-1.3155864477157593
1741033423822102000,218.65710205078125,3.719665765762329,-2.224881649017334,-1.58372163772583
1741033423832275200,218.66727514648437,3.6507182121276855,-2.7060961723327637,-2.337691307067871
1741033423842578700,218.67757861328124,3.732159376144409,-2.087416648864746,-2.5731682777404785
1741033423852882000,218.6878818359375,3.3497543334960938,-0.7816076278686523,-2.2863125801086426
1741033423863087600,218.69808764648437,3.4160070419311523,0.49869823455810547,-2.6739444732666016
1741033423873201700,218.70820166015625,2.088958263397217,2.088886260986328,-2.889418363571167
1741033423883303200,218.71830322265626,0.19520659744739532,2.7808961868286133,-2.322763442993164
1741033423893404200,218.72840405273436,3.0359046459198,2.257889747619629,-0.9746870994567871
1741033423903505700,218.73850561523437,4.003359317779541,1.2390270233154297,0.5484781265258789
1741033423913606700,218.7486066894531,2.8020992279052734,0.5761594772338867,1.551343560218811
1741033423923708400,218.75870849609376,2.2157835960388184,-0.3493337631225586,1.7919855117797852
1741033423933809200,218.76880908203125,2.1137712001800537,-1.5201826095581055,1.4773473739624023
1741033423943910100,218.77891015625,1.8710187673568726,-2.5567703247070312,1.1273417472839355
1741033423954011600,218.78901171875,1.3365061283111572,-3.3397140502929688,0.895869255065918
1741033423964112600,218.79911254882813,1.089432716369629,-4.005666255950928,0.8573006987571716
1741033423974214100,218.80921411132812,0.9114000797271729,-4.504936218261719,0.9140341281890869
1741033423984315000,218.81931494140625,0.613915205001831,-4.8536787033081055,0.8503764867782593
1741033423994416000,218.829416015625,0.1888369917869568,-5.1221160888671875,0.7540512084960938
1741033424004517400,218.83951733398436,-0.21133437752723694,-5.302426815032959,0.7087604403495789
1741033424014619000,218.84961889648437,-0.5084537267684937,-5.422181606292725,0.7587593197822571
1741033424024720000,218.8597199707031,-0.7086385488510132,-5.519023418426514,0.796527624130249
1741033424034820900,218.86982080078124,-0.8361346125602722,-5.6245198249816895,0.8584035634994507
1741033424044922400,218.87992236328125,-0.8567078709602356,-5.6048383712768555,1.090906023979187
1741033424055023400,218.8900234375,-0.8807237148284912,-5.5726518630981445,1.3121562004089355
1741033424065124900,218.90012475585937,-0.9843311309814453,-5.53799295425415,1.4448115825653076
1741033424075225900,218.91022583007813,-0.8593010902404785,-5.46452522277832,1.6238524913787842
1741033424085326600,218.92032666015626,-0.8699237108230591,-5.280395984649658,1.8138720989227295
1741033424095428400,218.93042846679688,-0.7077633142471313,-4.962412357330322,2.0852367877960205
1741033424105529300,218.940529296875,-0.49180757999420166,-4.540238857269287,2.392620325088501
1741033424115630800,218.950630859375,-0.2799642086029053,-3.8398919105529785,2.7250940799713135
1741033424125731600,218.96073168945313,0.10094857215881348,-2.744307518005371,3.1614577770233154
1741033424135832800,218.97083276367186,0.6527361869812012,-1.3383874893188477,3.579151153564453
1741033424145934300,218.98093432617188,1.179431438446045,0.17664146423339844,3.823745012283325
1741033424156119300,218.99111938476562,1.54286789894104,1.6560649871826172,3.8509254455566406
1741033424166423000,219.00142309570313,1.4913039207458496,2.952448844909668,3.3625168800354004
1741033424176726000,219.01172607421876,1.727738380432129,3.8092756271362305,2.0931875705718994
1741033424186922200,219.0219221191406,1.9202921390533447,4.264554977416992,0.43802762031555176
1741033424197034000,219.03203393554688,1.7101171016693115,4.368271827697754,-1.36024808883667
1741033424207135500,219.0421354980469,1.4108376502990723,4.31660270690918,-3.1336135864257812
1741033424217236500,219.05223657226563,1.9604315757751465,4.074216842651367,-3.7378315925598145
1741033424227338000,219.062337890625,2.698214292526245,3.786846160888672,-3.745086193084717
1741033424237439000,219.07243896484374,2.082038402557373,3.8963136672973633,-3.512629985809326
1741033424247540000,219.0825400390625,0.5628244876861572,4.233159065246582,-3.532243013381958
1741033424257641500,219.09264135742188,-1.2635917663574219,4.191373825073242,-4.762340068817139
1741033424267742500,219.10274243164062,-0.8505918979644775,2.8507328033447266,-6.794693946838379
1741033424277844000,219.11284399414063,2.614659309387207,1.146317481994629,-6.599644184112549
1741033424287944700,219.12294482421876,7.146653175354004,0.11248207092285156,-5.083566188812256
1741033424298046000,219.1330458984375,10.865652084350586,1.2356157302856445,-1.7586948871612549
1741033424308147200,219.14314721679688,8.234760284423828,3.348724365234375,-0.4296455383300781
1741033424318248700,219.1532487792969,4.431408882141113,4.506529808044434,-1.050203561782837
1741033424328350000,219.16334985351563,2.2527425289154053,3.8221235275268555,-1.6963753700256348
1741033424338450700,219.17345068359376,0.659980297088623,1.6638212203979492,-1.5381581783294678
1741033424348552200,219.18355224609374,-0.1471245288848877,-0.21509838104248047,-0.9214801788330078
1741033424358653200,219.19365307617187,-0.7414803504943848,-0.9203033447265625,-0.7214696407318115
1741033424368754700,219.20375463867188,-1.20646333694458,-0.02393817901611328,-0.732480525970459
1741033424378855700,219.21385571289062,-0.9877785444259644,2.525552749633789,-0.43834710121154785
1741033424388956400,219.2239562988281,-0.602123498916626,5.8336687088012695,0.43688511848449707
1741033424399058200,219.23405810546876,-0.8963383436203003,8.179964065551758,1.4408957958221436
1741033424409159200,219.2441591796875,-1.3471217155456543,8.075139045715332,2.095372438430786
1741033424419260700,219.2542607421875,-1.1182454824447632,5.392999649047852,2.4045474529266357
1741033424429361400,219.264361328125,-1.0118467807769775,2.5288095474243164,2.459531784057617
1741033424439462700,219.27446264648438,-1.2718952894210815,0.6625289916992188,2.6208975315093994
1741033424449564000,219.28456396484376,-1.4709091186523438,-0.4648723602294922,2.769566535949707
1741033424459665200,219.2946650390625,-1.6673086881637573,-1.185929298400879,2.9261374473571777
1741033424469766400,219.30476635742187,-1.79995858669281,-1.7235736846923828,3.0196619033813477
1741033424479867400,219.31486743164064,-1.8005104064941406,-2.2569026947021484,3.0506579875946045
1741033424489968600,219.32496875,-1.7648988962173462,-2.939754009246826,3.0235891342163086
1741033424500070000,219.33506982421875,-1.6335289478302002,-3.590308666229248,2.9125232696533203
1741033424510171100,219.34517114257812,-1.6367989778518677,-4.207466125488281,2.8450968265533447
1741033424520272400,219.3552724609375,-1.671339988708496,-4.759098529815674,2.786161422729492
1741033424530373000,219.365373046875,-1.7118803262710571,-5.187219619750977,2.7299327850341797
1741033424540474600,219.375474609375,-1.587765097618103,-5.506102561950684,2.6847517490386963
1741033424550575600,219.38557568359374,-1.5745272636413574,-5.694741725921631,2.675151824951172
1741033424560677400,219.39567749023436,-1.5052976608276367,-5.597971439361572,2.8390941619873047
1741033424570778000,219.40577807617188,-1.58296537399292,-5.20502233505249,3.039684772491455
1741033424580879000,219.41587915039062,-1.67794930934906,-4.570006847381592,3.2445130348205566
1741033424590980600,219.42598071289063,-1.7445008754730225,-3.893795967102051,3.3431742191314697
1741033424601081600,219.43608154296874,-1.848116397857666,-3.224315643310547,3.3148579597473145
1741033424611183000,219.44618310546875,-1.9760874509811401,-2.684317111968994,3.198451042175293
1741033424621284400,219.45628442382812,-2.0328454971313477,-2.316882610321045,3.000056266784668
1741033424631469300,219.46646923828126,-2.1633412837982178,-2.031005859375,2.721999168395996
1741033424641772800,219.47677270507813,-2.1757445335388184,-1.7067818641662598,2.4538865089416504
1741033424652076000,219.48707592773437,-2.0623867511749268,-1.2408123016357422,2.2465553283691406
1741033424662272000,219.49727197265625,-1.9636530876159668,-0.4969902038574219,2.1031394004821777
1741033424672383700,219.5073837890625,-1.9292387962341309,0.4609870910644531,1.9863723516464233
1741033424682485200,219.5174853515625,-1.8443751335144043,1.6448907852172852,1.753096580505371
1741033424692586200,219.52758618164063,-1.9068516492843628,2.716390609741211,1.4140024185180664
1741033424702688000,219.53768798828125,-1.9229282140731812,3.6997060775756836,1.0189478397369385
1741033424712788700,219.54778881835938,-1.8432676792144775,4.251471519470215,0.3491690158843994
1741033424722889700,219.5578896484375,-1.6213750839233398,4.32056999206543,-0.4506007432937622
1741033424732991200,219.5679912109375,-1.0744110345840454,4.012624740600586,-1.2853840589523315
1741033424743092200,219.57809228515626,-0.7904475927352905,3.6722421646118164,-2.1633472442626953
1741033424753193700,219.58819384765624,-0.09558272361755371,3.544736862182617,-3.1556763648986816
1741033424763294700,219.59829467773437,0.7630316019058228,3.5496702194213867,-4.391383171081543
1741033424773395700,219.6083957519531,1.4984039068222046,3.565850257873535,-5.391506671905518
1741033424783497200,219.61849731445312,1.9187674522399902,3.7307844161987305,-5.268355369567871
1741033424793598500,219.62859838867186,2.852879524230957,3.8207244873046875,-4.180147171020508
1741033424803699700,219.63869970703124,3.7781834602355957,3.8906850814819336,-3.451111078262329
1741033424813800400,219.64880053710937,3.9989542961120605,4.391406059265137,-3.497994899749756
1741033424823902000,219.65890185546874,4.012420654296875,4.708612442016602,-4.109834671020508
1741033424834003000,219.6690029296875,4.5229597091674805,4.007086753845215,-4.960385322570801
1741033424844104400,219.6791044921875,5.184491157531738,2.210211753845215,-5.181026458740234
1741033424854205400,219.68920532226562,4.189756393432617,0.12723159790039062,-4.242785930633545
1741033424864306400,219.6993063964844,2.8843069076538086,-1.277205467224121,-2.938441753387451
1741033424874408000,219.70940795898437,1.943442940711975,-1.8076362609863281,-1.9960590600967407
1741033424884509000,219.71950903320314,0.8473650217056274,-1.9546756744384766,-1.5014623403549194
1741033424894610400,219.7296103515625,-0.42732465267181396,-1.4323348999023438,-1.4525901079177856
1741033424904711400,219.73971142578125,-1.095416784286499,0.3594551086425781,-1.3545892238616943
1741033424914812400,219.7498125,-2.3189444541931152,2.5499353408813477,-1.2775615453720093
1741033424924914000,219.75991381835937,-3.6960091590881348,4.208305358886719,-1.2197837829589844
1741033424935015000,219.77001489257813,-1.3839253187179565,4.555333137512207,-0.5244600772857666
1741033424945116400,219.78011645507812,0.4964563250541687,3.6601152420043945,0.5139255523681641
1741033424955217200,219.79021704101564,0.9234929084777832,2.483898162841797,1.6615245342254639
1741033424965318400,219.800318359375,1.4030077457427979,1.3768110275268555,1.936658263206482
1741033424975419600,219.8104196777344,1.4315814971923828,0.2986488342285156,1.2890543937683105
1741033424985521200,219.82052124023437,1.2445871829986572,-0.5419349670410156,0.6152561902999878
1741033424995622100,219.8306220703125,0.5444995164871216,-1.248002052307129,0.15272188186645508
1741033425005723000,219.84072290039063,-0.11241060495376587,-1.7975349426269531,-0.09932231903076172
1741033425015824600,219.85082470703125,-0.5977970361709595,-2.317699909210205,-0.3147388696670532
1741033425025925600,219.86092553710938,-0.7501416206359863,-3.016406536102295,-0.4319586753845215
1741033425036027100,219.87102709960936,-0.7480921745300293,-3.7053728103637695,-0.4245750904083252
1741033425046128000,219.88112817382813,-0.5028079748153687,-4.362002849578857,-0.10297763347625732
1741033425056228900,219.89122875976562,-0.4434868097305298,-4.893599033355713,0.2492387294769287
1741033425066330600,219.90133056640624,-0.721920371055603,-5.452122688293457,0.6228700280189514
1741033425076431400,219.91143139648437,-0.7397919297218323,-5.881094455718994,1.0522810220718384
1741033425086532400,219.9215324707031,-0.5277998447418213,-6.1424665451049805,1.5230427980422974
1741033425096633900,219.9316337890625,-0.22799170017242432,-6.119661331176758,2.409517765045166
1741033425106735000,219.94173510742186,0.46669936180114746,-5.856616020202637,3.6605265140533447
1741033425116836400,219.95183642578124,0.7581493854522705,-5.733104705810547,4.4783172607421875
1741033425126937000,219.96193701171876,0.852631688117981,-5.612539291381836,4.925358772277832
1741033425137038600,219.97203857421874,1.1763702630996704,-5.4934282302856445,5.251887321472168
1741033425147139600,219.9821396484375,1.419590711593628,-5.366949558258057,5.48151159286499
1741033425157241000,219.99224096679689,1.4470930099487305,-5.169426441192627,5.594638347625732
1741033425167342000,220.00234204101562,1.3967947959899902,-4.795845031738281,5.588660717010498
1741033425177443000,220.01244311523436,1.3557758331298828,-4.481264114379883,4.893779277801514
1741033425187544600,220.02254467773437,1.2811918258666992,-4.143595218658447,3.850463628768921
1741033425197645600,220.0326455078125,1.092995047569275,-3.473155975341797,3.3931615352630615
1741033425207747000,220.0427470703125,1.0043435096740723,-2.3403854370117188,3.4620206356048584
1741033425217848000,220.05284814453125,0.715514063835144,-0.9804353713989258,3.519711971282959
1741033425227949000,220.06294897460938,0.25133442878723145,0.7967128753662109,3.6189188957214355
1741033425238050600,220.07305053710937,-0.3696434497833252,2.840062141418457,3.6242833137512207
1741033425248151600,220.08315161132813,-1.386965036392212,4.57039737701416,2.883244514465332
1741033425258253000,220.09325317382812,-2.1906235218048096,5.420650482177734,1.3946378231048584
1741033425268353800,220.10335375976564,-2.429137945175171,5.156243324279785,-0.6008989810943604
1741033425278455000,220.113455078125,-2.1785125732421875,4.418026924133301,-3.7394070625305176
1741033425288556300,220.1235563964844,-2.0859732627868652,3.4463911056518555,-6.380573749542236
1741033425298657800,220.13365771484376,-2.577371835708618,2.5565738677978516,-7.484504699707031
1741033425308758800,220.1437587890625,-3.0816173553466797,1.8969144821166992,-8.058061599731445
1741033425318859800,220.15385986328124,-2.2244014739990234,1.5327463150024414,-8.419289588928223
1741033425328961300,220.16396118164062,2.0267932415008545,0.2203512191772461,-9.061920166015625
1741033425339062300,220.17406225585938,8.67750358581543,-0.8734607696533203,-8.325557708740234
1741033425349163000,220.1841630859375,13.904243469238281,-0.03819751739501953,-5.865719795227051
1741033425359264800,220.1942646484375,14.358490943908691,2.9906511306762695,-1.8567370176315308
1741033425369365500,220.20436547851563,10.671916007995605,5.918159484863281,-0.37021517753601074
1741033425379467300,220.21446728515625,7.907439231872559,6.962743759155273,-0.682515025138855
1741033425389568000,220.22456811523438,4.7442240715026855,6.166701316833496,-1.2647117376327515
1741033425399669000,220.2346689453125,2.106196165084839,4.0921783447265625,-1.5173898935317993
1741033425409770500,220.2447705078125,0.06454777717590332,1.7201852798461914,-1.5221645832061768
1741033425419871700,220.25487182617186,-1.1993604898452759,0.383514404296875,-1.3558332920074463
1741033425429973000,220.26497290039063,-1.7193883657455444,0.6379270553588867,-1.013507604598999
1741033425440073700,220.27507373046876,-1.3265717029571533,2.2276716232299805,-0.35648345947265625
1741033425450175200,220.28517529296874,-0.8236595392227173,4.243871688842773,0.615618109703064
1741033425460276200,220.29527612304688,-0.6193010807037354,5.74886417388916,1.9616680145263672
1741033425470377700,220.3053776855469,-0.9104866981506348,5.929295539855957,3.167771816253662
1741033425480478700,220.31547875976563,-1.1653988361358643,4.460115432739258,3.6492247581481934
1741033425490579700,220.32557983398436,-1.3550224304199219,2.3153915405273438,3.4848098754882812
1741033425500681200,220.33568115234374,-1.626711130142212,0.6047744750976562,3.097087860107422
1741033425510782200,220.3457822265625,-1.72628653049469,-0.49014759063720703,2.7540695667266846
1741033425520883000,220.35588305664064,-1.516933560371399,-1.1521902084350586,2.5203638076782227
1741033425530984700,220.36598461914062,-1.4817819595336914,-1.7150087356567383,2.41424560546875
1741033425541085700,220.37608569335939,-1.5169767141342163,-2.3346023559570312,2.475998878479004
1741033425551187200,220.38618725585937,-1.4925140142440796,-3.0601296424865723,2.5479674339294434
1741033425561288000,220.39628784179686,-1.4512139558792114,-3.804427146911621,2.6474525928497314
1741033425571389200,220.40638916015624,-1.358447790145874,-4.397787570953369,2.690425395965576
1741033425581490400,220.4164904785156,-1.3869168758392334,-4.802923679351807,2.7603797912597656
1741033425591591700,220.426591796875,-1.3588449954986572,-5.052145004272461,2.8262557983398438
1741033425601693000,220.43669287109375,-1.2724790573120117,-5.227847576141357,2.917278528213501
1741033425611794000,220.4467939453125,-1.223989486694336,-5.320108413696289,2.9388108253479004
1741033425621895200,220.45689526367187,-1.2118444442749023,-5.30027437210083,2.9541096687316895
1741033425631996400,220.46699633789063,-1.1978733539581299,-5.165187358856201,3.021740198135376
1741033425642098000,220.47709790039062,-1.1369659900665283,-4.944080829620361,3.0823118686676025
1741033425652199000,220.48719897460938,-1.0544908046722412,-4.620357513427734,3.144653081893921
1741033425662299600,220.49729956054688,-0.9476368427276611,-4.28376579284668,3.0936813354492188
1741033425672401400,220.5074013671875,-1.0118862390518188,-3.8622636795043945,3.0195565223693848
1741033425682502100,220.51750219726563,-1.016467571258545,-3.250166416168213,2.9546751976013184
1741033425692603100,220.52760302734376,-0.9965230226516724,-2.50137996673584,2.9063868522644043
1741033425702704600,220.53770458984374,-1.0506116151809692,-1.6561617851257324,2.878932476043701
1741033425712805600,220.5478056640625,-1.1137856245040894,-0.8316373825073242,2.7867965698242188
1741033425722907100,220.5579072265625,-1.1910676956176758,-0.12380504608154297,2.6095409393310547
1741033425733008100,220.56800805664062,-1.2175750732421875,0.6458024978637695,2.3640475273132324
1741033425743109000,220.5781091308594,-1.2061183452606201,1.453317642211914,2.086697816848755
1741033425753210600,220.58821069335937,-1.1909151077270508,2.2656307220458984,1.7601702213287354
1741033425763311900,220.59831176757814,-1.0656644105911255,3.055135726928711,1.320135474205017
1741033425773413000,220.6084130859375,-0.8985345959663391,3.594986915588379,0.5255718231201172
1741033425783513900,220.61851391601562,-0.7790575623512268,3.6652565002441406,-0.43832695484161377
1741033425793615400,220.62861547851563,-0.7929353713989258,3.6020612716674805,-1.3441662788391113
1741033425803716400,220.63871630859376,-0.821679949760437,3.6080121994018555,-2.345653533935547
1741033425813817000,220.6488171386719,-0.6840518712997437,3.6220808029174805,-3.487144708633423
1741033425823918800,220.6589189453125,-0.3130924105644226,3.8033275604248047,-4.234441757202148
1741033425834019600,220.66901953125,0.1537928581237793,3.990473747253418,-4.671705722808838
1741033425844121300,220.67912133789062,0.7577111721038818,3.9965057373046875,-4.586670875549316
1741033425854235100,220.68923510742187,1.4272327423095703,3.938185691833496,-4.058848857879639
1741033425864538600,220.69953857421876,1.9693952798843384,4.311617851257324,-3.5193891525268555
1741033425874842000,220.70984204101563,2.318100929260254,5.1948652267456055,-3.47109317779541
1741033425885096200,220.72009619140624,2.6217684745788574,6.139362335205078,-3.873844623565674
1741033425895221200,220.73022119140626,2.731888771057129,6.584141731262207,-3.794046401977539
1741033425905322500,220.74032250976563,2.898721218109131,5.121441841125488,-3.6047425270080566
1741033425915423700,220.750423828125,2.311188220977783,1.9667978286743164,-3.476278781890869
1741033425925525000,220.76052490234375,1.0777077674865723,-0.5428352355957031,-2.8815321922302246
1741033425935745500,220.77074560546876,0.19516396522521973,-1.8940024375915527,-2.2511610984802246
1741033425946049000,220.78104907226563,-0.10500609874725342,-2.3703908920288086,-1.7240756750106812
1741033425956352000,220.79135205078126,-0.2977221608161926,-1.7350664138793945,-1.7381258010864258
1741033425966519000,220.80151904296875,-0.45195215940475464,-0.1258382797241211,-1.827538013458252
1741033425976624400,220.8116242675781,-0.23272770643234253,1.7693653106689453,-1.6954874992370605
1741033425986726100,220.82172607421876,0.07889771461486816,2.7845630645751953,-1.4230519533157349
1741033425996827000,220.83182690429686,0.6305646300315857,2.24942684173584,-0.8255746364593506
1741033426006928600,220.8419287109375,1.2391042709350586,0.8820095062255859,-0.24450862407684326
1741033426017029400,220.852029296875,1.4938541650772095,-0.0797872543334961,0.20576488971710205
1741033426027130400,220.86213037109374,1.3186843395233154,-0.6787433624267578,0.38997018337249756
1741033426037231900,220.87223193359375,0.8905569911003113,-1.102473258972168,0.44629621505737305
1741033426047332600,220.88233251953125,0.6161985397338867,-1.574568748474121,0.4074745178222656
1741033426057433900,220.89243383789062,0.2172965407371521,-2.1218481063842773,0.3599419593811035
1741033426067535000,220.90253515625,-0.1972537636756897,-2.7358641624450684,0.4939032793045044
1741033426077636600,220.91263671875,-1.0099653005599976,-3.261991024017334,0.6349189281463623
1741033426087737600,220.92273754882814,-1.8704915046691895,-3.654478073120117,0.6801940202713013
1741033426097838600,220.93283862304688,-2.320291042327881,-3.977235794067383,0.7002995014190674
1741033426107940000,220.9429401855469,-1.9685782194137573,-4.2022247314453125,0.8837993741035461
1741033426118041000,220.953041015625,-1.16538405418396,-4.522781848907471,0.8920918703079224
1741033426128142600,220.963142578125,-0.8006054759025574,-4.783574104309082,1.025512456893921
1741033426138243600,220.97324365234374,-0.321191668510437,-5.142627239227295,1.4001590013504028
1741033426148344300,220.98334423828126,0.2969372272491455,-5.455660820007324,1.8791335821151733
1741033426158446000,220.99344604492188,1.2598581314086914,-5.399478435516357,2.876756429672241
1741033426168546800,221.003546875,1.5580315589904785,-5.415701389312744,3.4085638523101807
1741033426178647800,221.0136477050781,1.6020145416259766,-5.390470504760742,3.7638356685638428
1741033426188749300,221.02374926757813,1.5761007070541382,-5.179047584533691,3.9788880348205566
1741033426198850600,221.0338505859375,1.4559359550476074,-4.79353141784668,4.098060131072998
1741033426208951800,221.04395190429688,1.3195924758911133,-4.296872615814209,4.265557765960693
1741033426219052800,221.054052734375,1.260869026184082,-3.7909741401672363,4.335172176361084
1741033426229154000,221.06415405273438,1.141310453414917,-3.128264904022217,4.363522529602051
1741033426239255300,221.07425537109376,1.1552321910858154,-2.4286532402038574,4.343168258666992
1741033426249356000,221.08435595703125,1.239069938659668,-1.7490696907043457,4.130524635314941
1741033426259457500,221.09445751953126,1.3174445629119873,-1.1170654296875,3.9283547401428223
1741033426269558500,221.10455859375,1.3195431232452393,-0.2646951675415039,3.8299684524536133
1741033426279660000,221.11465991210937,0.9708818197250366,1.002680778503418,3.766145944595337
1741033426289761000,221.1247609863281,0.25154435634613037,2.6370849609375,3.6231632232666016
1741033426299861800,221.13486181640624,-0.21214473247528076,4.150036811828613,3.1482856273651123
1741033426309963500,221.14496362304686,-0.8929538726806641,4.9381561279296875,2.0507750511169434
1741033426320064500,221.155064453125,-1.84682297706604,4.810795783996582,0.22173523902893066
1741033426330166000,221.165166015625,-2.171858072280884,4.216507911682129,-3.0547404289245605
1741033426340266800,221.17526684570313,-1.4445239305496216,3.2283363342285156,-6.320003509521484
1741033426350368000,221.18536791992187,-0.35313546657562256,2.0854005813598633,-7.673501014709473
1741033426360469200,221.19546923828125,0.5889773368835449,1.5276165008544922,-7.171666622161865
1741033426370570200,221.2055703125,1.6802382469177246,1.5322589874267578,-6.256308555603027
1741033426380671500,221.21567138671875,4.076585292816162,1.2249393463134766,-5.397792816162109
1741033426390772700,221.22577270507813,7.43147087097168,1.4392948150634766,-4.625093460083008
1741033426400874000,221.2358740234375,14.469550132751465,1.4875411987304688,-3.5624091625213623
1741033426410975200,221.24597534179688,15.545920372009277,2.9256677627563477,-2.3185033798217773
1741033426421076000,221.25607592773437,8.98954963684082,5.018028259277344,-1.349761724472046
1741033426431177500,221.26617749023438,3.8718883991241455,5.475824356079102,-1.739337682723999
1741033426441278500,221.27627856445312,0.6163129806518555,4.220248222351074,-2.0922443866729736
1741033426451379500,221.28637939453125,-0.42389798164367676,2.2148494720458984,-1.4537568092346191
1741033426461481000,221.29648095703126,-0.5355302095413208,0.716792106628418,-0.8584003448486328
1741033426471582000,221.30658203125,-1.100911259651184,0.4459552764892578,-0.4550051689147949
1741033426481683500,221.31668334960938,-1.4548320770263672,1.3043556213378906,-0.12573957443237305
1741033426491784400,221.32678442382812,-1.4148765802383423,3.1350879669189453,0.3782329559326172
1741033426501885400,221.33688549804688,-1.1482468843460083,4.975822448730469,1.0785958766937256
1741033426511987000,221.34698706054687,-1.0510461330413818,5.918842315673828,1.9307801723480225
1741033426522087700,221.3570876464844,-1.2347362041473389,5.630607604980469,2.7762556076049805
1741033426532189000,221.36718896484376,-1.3652846813201904,3.989734649658203,3.2148549556732178
1741033426542290200,221.37729028320314,-1.6323424577713013,1.8851871490478516,3.0959038734436035
1741033426552391400,221.38739135742188,-1.819872260093689,0.29662227630615234,2.820669174194336
1741033426562492700,221.39749267578125,-1.9243232011795044,-0.6821918487548828,2.602487087249756
1741033426572593400,221.40759350585938,-1.8089582920074463,-1.4213523864746094,2.5709877014160156
1741033426582695000,221.41769482421876,-1.683627963066101,-2.0876855850219727,2.6456174850463867
1741033426592796000,221.4277958984375,-1.6618272066116333,-2.850058078765869,2.723695755004883
1741033426602897400,221.4378974609375,-1.6370816230773926,-3.6557273864746094,2.7858357429504395
1741033426612998400,221.44799829101564,-1.655940294265747,-4.400393009185791,2.835597515106201
1741033426623099400,221.45809936523438,-1.6032993793487549,-5.066028118133545,2.849198341369629
1741033426633201200,221.468201171875,-1.6192781925201416,-5.621983051300049,2.796099901199341
1741033426643302000,221.47830200195312,-1.7607700824737549,-6.012754440307617,2.8047330379486084
1741033426653403000,221.48840283203126,-1.835455298423767,-6.216370582580566,2.8346800804138184
1741033426663504400,221.49850439453124,-1.9385284185409546,-6.232876777648926,2.875934362411499
1741033426673605400,221.50860546875,-2.1456284523010254,-5.979714393615723,2.9366040229797363
1741033426683707000,221.51870678710938,-2.3491592407226562,-5.507735729217529,3.0146048069000244
1741033426693807600,221.5288076171875,-2.4136147499084473,-4.913834571838379,3.160196304321289
1741033426703908900,221.53890893554689,-2.33947491645813,-4.374755859375,3.3117804527282715
1741033426714010000,221.54901000976562,-2.189079999923706,-3.7199392318725586,3.214846134185791
1741033426724111000,221.55911108398436,-2.150111198425293,-2.962761402130127,3.0084187984466553
1741033426734212400,221.56921240234374,-2.131526231765747,-2.2143187522888184,2.664503812789917
1741033426744313600,221.5793137207031,-2.360534191131592,-1.4827733039855957,2.2431418895721436
1741033426754415000,221.5894150390625,-2.6564645767211914,-0.9189767837524414,1.6963170766830444
1741033426764516000,221.59951611328125,-2.7712559700012207,-0.3745918273925781,1.1424880027770996
1741033426774616800,221.60961694335938,-2.859841823577881,0.4336071014404297,0.7121365070343018
1741033426784718600,221.61971850585937,-2.686859369277954,1.1112699508666992,0.4951523542404175
1741033426794819300,221.6298193359375,-2.5136680603027344,1.8882455825805664,0.5024938583374023
1741033426804920300,221.63992041015624,-2.301201343536377,2.56856632232666,0.6676409840583801
1741033426815021800,221.6500217285156,-1.8394280672073364,3.161775588989258,0.7331792712211609
1741033426825122800,221.66012280273438,-1.4938039779663086,3.669483184814453,0.6070981025695801
1741033426835224300,221.67022436523436,-1.2775037288665771,4.0754899978637695,0.12716972827911377
1741033426845325300,221.6803251953125,-1.1592146158218384,4.334201812744141,-0.7396966218948364
1741033426855426300,221.69042626953126,-0.6608942747116089,4.540805816650391,-1.9701341390609741
1741033426865527800,221.70052783203124,0.07156562805175781,4.698210716247559,-3.5359420776367188
1741033426875628500,221.71062866210937,1.1286859512329102,4.7769012451171875,-5.659060955047607
1741033426885729800,221.72072973632814,3.015782594680786,4.748961448669434,-7.181755542755127
1741033426895831000,221.7308310546875,4.659626483917236,4.801177978515625,-6.74291467666626
1741033426905932500,221.7409326171875,5.502552032470703,4.827450752258301,-4.383705139160156
1741033426916033500,221.75103344726563,5.610017776489258,4.742568016052246,-2.693868398666382
1741033426926134300,221.76113427734376,5.102930068969727,4.802888870239258,-2.9600977897644043
1741033426936236000,221.77123608398438,4.220165252685547,4.86087703704834,-3.521334171295166
1741033426946336800,221.78133666992187,2.6449480056762695,4.120851516723633,-4.178291320800781
1741033426956437800,221.79143774414064,1.0328383445739746,2.6340999603271484,-4.474226951599121
1741033426966539300,221.80153930664062,0.32537126541137695,0.24158573150634766,-4.207899570465088
1741033426976640300,221.81164013671875,0.4922008514404297,-2.0263938903808594,-3.5732977390289307
1741033426986741800,221.82174169921876,3.4056272506713867,-3.263925075531006,-3.372863292694092
1741033426996842800,221.8318427734375,3.0052218437194824,-3.121922492980957,-2.394834041595459
1741033427006943700,221.84194384765624,1.2634928226470947,-2.610114097595215,-0.9400408267974854
1741033427017045200,221.8520451660156,-0.5520588755607605,-1.4135675430297852,0.03505349159240723
1741033427027146000,221.86214599609374,-0.04404038190841675,0.6694250106811523,-0.12489700317382812
1741033427037247200,221.87224731445312,0.1989160180091858,2.7425146102905273,-0.548588752746582
1741033427047348500,221.8823483886719,-0.23068737983703613,3.8435497283935547,-0.25377023220062256
1741033427057449500,221.89244946289062,-0.032462120056152344,3.8669729232788086,0.2966685891151428
1741033427067550700,221.90255078125,0.8593401908874512,2.873568534851074,0.8911538124084473
1741033427077652000,221.91265185546874,0.9479387998580933,1.434234619140625,1.0602538585662842
1741033427087753500,221.92275341796875,0.4798740744590759,0.1291942596435547,0.9135349988937378
1741033427097854500,221.9328544921875,0.09827059507369995,-0.9756269454956055,0.8332085609436035
1741033427107955200,221.942955078125,0.0895811915397644,-1.695204257965088,0.7976678609848022
1741033427118057000,221.95305688476563,0.18630564212799072,-2.2845497131347656,0.8146694302558899
1741033427128157700,221.96315771484376,-0.33803871273994446,-2.8713889122009277,0.7489369511604309
1741033427138283300,221.973283203125,-0.7294418215751648,-3.390502452850342,0.7774109840393066
1741033427148587000,221.9835869140625,-0.6278982162475586,-3.9109935760498047,0.7151601910591125
1741033427158890200,221.99389013671876,-0.3243059515953064,-4.336667060852051,0.703602135181427
1741033427169134800,222.004134765625,-0.07854247093200684,-4.696047306060791,0.8475554585456848
1741033427179257900,222.0142578125,0.1369459629058838,-4.96110725402832,1.0306931734085083
1741033427189359000,222.02435913085938,0.2622079849243164,-5.3565673828125,1.1018608808517456
1741033427199460000,222.03446020507812,0.2799093723297119,-5.7307047843933105,1.1564704179763794
1741033427209561300,222.0445612792969,0.27472758293151855,-5.967243194580078,1.4350366592407227
1741033427219662600,222.05466259765626,0.07501363754272461,-6.057129859924316,1.7891435623168945
1741033427229763300,222.06476342773436,0.32312965393066406,-6.124852657318115,2.2422115802764893
1741033427239864800,222.07486474609374,0.5942652225494385,-6.011213302612305,2.9093408584594727
1741033427249965800,222.0849658203125,0.7829000949859619,-5.856934547424316,3.6155359745025635
1741033427260067600,222.09506762695312,0.9085938930511475,-5.695625305175781,4.094559669494629
1741033427270168300,222.10516821289062,1.062462568283081,-5.440428733825684,4.375583171844482
1741033427280269300,222.11526928710938,1.3698976039886475,-5.121086597442627,4.419200897216797
1741033427290370800,222.12537084960937,1.779088020324707,-4.528759956359863,4.347898483276367
1741033427300471800,222.13547192382813,2.066662311553955,-3.6711626052856445,4.137498378753662
1741033427310572800,222.14557275390624,2.356508255004883,-2.576754093170166,3.9166100025177
1741033427320674300,222.15567431640625,2.593691349029541,-1.2642793655395508,3.804152727127075
1741033427330775000,222.16577514648438,2.5261964797973633,0.41759681701660156,3.523850917816162
1741033427340876300,222.17587622070312,2.031723976135254,2.487092971801758,2.9382500648498535
1741033427350977500,222.1859775390625,1.5659399032592773,4.469926834106445,2.1307477951049805
1741033427361078800,222.19607885742187,0.9961683750152588,5.871790885925293,1.2842990159988403
1741033427371180000,222.20617993164063,0.16641545295715332,6.07220458984375,-0.16368484497070312
1741033427381280800,222.21628076171876,-0.5905864238739014,5.093680381774902,-2.27577543258667
1741033427391382300,222.22638232421875,-0.025835514068603516,3.6899585723876953,-3.6246485710144043
1741033427401483300,222.23648315429688,0.4082469940185547,2.68509578704834,-4.082233428955078
1741033427411584300,222.24658422851562,-0.9325611591339111,2.9897689819335938,-4.189786911010742
1741033427421685800,222.25668579101563,-2.5449352264404297,3.7396011352539062,-4.591931343078613
1741033427431786800,222.26678686523437,-1.4538930654525757,3.5048341751098633,-4.98471212387085
1741033427441888300,222.27688818359374,2.587745428085327,2.2063894271850586,-4.99320125579834
1741033427451989200,222.2869892578125,6.588857650756836,1.9950065612792969,-4.806976795196533
1741033427462090200,222.29709033203125,8.140419006347656,3.3015947341918945,-3.1359121799468994
1741033427472191700,222.30719165039062,6.616529941558838,4.882676124572754,-2.369173049926758
1741033427482352400,222.31735229492188,4.894435882568359,4.4649200439453125,-2.9344968795776367
1741033427492655900,222.32765576171874,2.995321035385132,2.3650197982788086,-2.870007038116455
1741033427502959000,222.337958984375,1.8173236846923828,0.8630685806274414,-1.0522658824920654
1741033427513175000,222.34817504882812,0.7360410690307617,0.23312854766845703,0.40625596046447754
1741033427523291600,222.35829174804687,-0.5739624500274658,0.7750186920166016,0.714655876159668
1741033427533392400,222.3683923339844,-1.3815568685531616,2.2932796478271484,0.5970133543014526
1741033427543494000,222.37849389648437,-1.5944206714630127,4.305170059204102,0.7181206941604614
1741033427553595000,222.38859497070314,-1.2446106672286987,6.082441329956055,1.0408546924591064
1741033427563695900,222.39869580078124,-0.8011823892593384,7.00579833984375,1.3728604316711426
1741033427573797400,222.40879736328125,-0.6030232906341553,6.742944717407227,1.498773455619812
1741033427583898400,222.4188984375,-0.5289547443389893,5.615354537963867,1.6731252670288086
1741033427594000000,222.42899975585937,-0.6000819206237793,4.067875862121582,1.7594736814498901
1741033427604100900,222.43910083007813,-0.7340248823165894,2.693277359008789,1.7976100444793701
1741033427614202400,222.44920239257812,-0.8829896450042725,1.5816001892089844,1.9819176197052002
1741033427624302800,222.459302734375,-1.158367395401001,0.6343889236450195,2.3143463134765625
1741033427634463700,222.46946362304686,-1.496180772781372,-0.2933206558227539,2.6908299922943115
1741033427644767500,222.479767578125,-1.6786205768585205,-1.2611875534057617,2.9819653034210205
1741033427655070700,222.49007080078124,-1.7560631036758423,-2.2508139610290527,3.1010375022888184
1741033427665286700,222.50028662109375,-1.8388011455535889,-3.1043310165405273,3.143864154815674
1741033427675403000,222.51040307617188,-1.760581135749817,-3.711162567138672,3.2109320163726807
1741033427685504000,222.52050390625,-1.104081153869629,-4.094406604766846,3.1517765522003174
1741033427695605500,222.53060546875,-0.2954254150390625,-4.450079441070557,2.918637752532959
1741033427705706500,222.54070654296876,-0.13886666297912598,-4.7032999992370605,2.802328586578369
1741033427715808000,222.55080810546875,-0.6116729974746704,-4.689087390899658,2.8151774406433105
1741033427725909000,222.56090893554688,-1.5162386894226074,-4.908324241638184,2.5075600147247314
1741033427736009700,222.571009765625,-2.0749950408935547,-5.300433158874512,1.9801673889160156
1741033427746111500,222.58111157226563,-2.550098419189453,-5.582075119018555,1.520946741104126
1741033427756212200,222.59121215820312,-2.8637492656707764,-5.656919479370117,1.1631439924240112
1741033427766313200,222.6013132324219,-3.118072509765625,-5.642260551452637,0.9088892936706543
1741033427776414700,222.61141479492187,-3.1556100845336914,-5.547889709472656,0.6799628734588623
1741033427786515700,222.621515625,-3.0238046646118164,-5.491090297698975,0.45737457275390625
1741033427796616700,222.63161669921874,-2.839134693145752,-5.305265426635742,0.27639293670654297
1741033427806718200,222.64171826171875,-2.759364128112793,-5.066267013549805,0.11078381538391113
1741033427816819500,222.6518193359375,-2.522392749786377,-4.703785419464111,0.11044549942016602
1741033427826920700,222.66192065429686,-2.5572595596313477,-4.000355243682861,0.18593263626098633
1741033427837021400,222.672021484375,-2.808443069458008,-3.00101375579834,0.29444968700408936
1741033427847123000,222.682123046875,-3.002440929412842,-1.4839820861816406,0.6996040344238281
1741033427857224000,222.69222387695314,-3.221250534057617,0.41411590576171875,1.4375189542770386
1741033427867324700,222.70232470703124,-3.5273876190185547,2.5098791122436523,2.242548942565918
1741033427877426400,222.7124265136719,-3.6753015518188477,4.565085411071777,3.0691356658935547
1741033427887527200,222.72252709960938,-3.4718570709228516,6.204338073730469,3.709501266479492
1741033427897628200,222.73262817382812,-2.965759038925171,6.83384895324707,3.978365659713745
1741033427907729700,222.74272973632813,-2.2075729370117188,5.9492034912109375,3.2648987770080566
1741033427917830700,222.75283056640626,-1.614323616027832,4.532570838928223,1.8163596391677856
1741033427927932400,222.76293237304688,-1.6115520000457764,3.9339637756347656,0.3124363422393799
1741033427938069800,222.77306982421874,-1.9295848608016968,4.237083435058594,-0.9138321876525879
1741033427948373500,222.78337353515624,-2.052102565765381,4.621438026428223,-2.4360156059265137
1741033427958676700,222.7936767578125,-2.2073798179626465,5.248109817504883,-3.4210238456726074
1741033427968907800,222.80390771484375,-1.5358567237854004,5.376401901245117,-4.954645156860352
1741033427979031800,222.81403173828124,-0.05837512016296387,5.496665000915527,-6.644434928894043
1741033427989133300,222.82413330078126,1.7200212478637695,5.736079216003418,-6.773515224456787
1741033427999234300,222.834234375,5.635990619659424,5.6620893478393555,-5.34852409362793
1741033428009335300,222.84433520507812,8.556909561157227,5.443610191345215,-3.495878219604492
1741033428019436800,222.85443676757814,6.944043159484863,4.258418083190918,-2.157630443572998
1741033428029537800,222.86453784179687,4.583922863006592,1.5747413635253906,-1.5039266347885132
1741033428039638500,222.87463842773437,3.2074732780456543,-0.8008651733398438,-1.6455564498901367
1741033428049740300,222.884740234375,2.3126015663146973,-2.0506458282470703,-2.1117029190063477
1741033428059841000,222.89484106445312,2.146413803100586,-2.175605297088623,-2.0223007202148438
1741033428069942000,222.90494189453125,2.1936392784118652,-1.2707796096801758,-1.5487844944000244
1741033428080043500,222.91504345703126,2.1566572189331055,0.40729618072509766,-1.0389477014541626
1741033428090144500,222.92514453125,1.7101773023605347,2.3957748413085938,-1.0120759010314941
1741033428100246000,222.93524609375,1.564544916152954,3.325380325317383,-0.7831159830093384
1741033428110347000,222.9453469238281,1.7351653575897217,2.8277177810668945,-0.2799004316329956
1741033428120448000,222.95544799804688,1.4696917533874512,1.7334871292114258,0.11633956432342529
1741033428130549500,222.96554956054686,0.9396661520004272,0.731109619140625,0.12582123279571533
1741033428140650200,222.97565014648438,0.32752811908721924,-0.05715656280517578,0.028311491012573242
1741033428150751500,222.98575146484376,-0.002173095941543579,-0.8457403182983398,-0.11522150039672852
1741033428160852700,222.99585278320313,-0.5413178205490112,-1.5480594635009766,-0.18492579460144043
1741033428170953500,223.00595336914063,-0.7053007483482361,-2.2185912132263184,-0.14993643760681152
1741033428181055000,223.01605493164064,-0.23812370002269745,-2.842221260070801,0.12231779098510742
1741033428191156000,223.02615600585938,0.2195063829421997,-3.4604854583740234,0.5364534854888916
1741033428201257700,223.0362578125,0.39351707696914673,-3.925837993621826,0.8226367235183716
1741033428211358500,223.0463583984375,0.3468310236930847,-4.258674621582031,0.9156213998794556
1741033428221459500,223.05645947265626,0.38746899366378784,-4.474170207977295,0.8934268951416016
1741033428231561200,223.06656127929688,0.41554999351501465,-4.784109115600586,0.6231219172477722
1741033428241698600,223.07669848632813,0.371113657951355,-5.214382171630859,0.38957738876342773
1741033428252002300,223.08700219726563,0.09176826477050781,-5.657886028289795,0.3439418077468872
1741033428262305500,223.09730541992187,-0.3937675952911377,-6.06353759765625,0.5954949855804443
1741033428272540400,223.10754052734376,-0.23244071006774902,-6.204931259155273,1.2394261360168457
1741033428282660900,223.11766088867188,0.28201591968536377,-6.0777506828308105,2.0969009399414062
1741033428292761900,223.12776196289062,0.7150135040283203,-5.9459123611450195,2.835611343383789
1741033428302863000,223.13786303710938,1.0693144798278809,-5.834465026855469,3.5449633598327637
1741033428312964400,223.14796435546876,1.3892731666564941,-5.647498607635498,4.106354236602783
1741033428323065600,223.15806567382813,1.6074280738830566,-5.457345008850098,4.415153503417969
1741033428333322000,223.16832202148439,1.5647687911987305,-5.2087721824646,4.410980224609375
1741033428343625500,223.17862548828126,1.3973841667175293,-4.8295979499816895,4.074419975280762
1741033428353928200,223.18892822265624,1.3612544536590576,-4.262969493865967,3.6234097480773926
1741033428364064300,223.19906420898437,1.5836009979248047,-3.5764575004577637,3.3345909118652344
1741033428374165800,223.20916577148438,1.7063090801239014,-2.506775379180908,3.2791404724121094
1741033428384266500,223.2192666015625,1.6330490112304688,-0.8731250762939453,3.4522409439086914
1741033428394367700,223.22936767578125,1.0950345993041992,1.504058837890625,3.556886672973633
1741033428404469000,223.23946899414062,0.16401171684265137,4.141382217407227,3.1601336002349854
1741033428414570000,223.24957006835936,-0.6552673578262329,6.094443321228027,2.049929618835449
1741033428424671200,223.25967114257813,-1.0985922813415527,6.626547813415527,0.07304024696350098
1741033428434772500,223.2697724609375,-0.48535215854644775,5.531885147094727,-2.2489676475524902
1741033428444873200,223.27987329101563,0.18386507034301758,3.488311767578125,-4.392820835113525
1741033428454974700,223.289974609375,-0.04661750793457031,1.976400375366211,-5.153410911560059
1741033428465075700,223.30007568359375,-1.3549978733062744,1.5772123336791992,-5.460769176483154
1741033428475176700,223.3101767578125,-2.3862292766571045,2.2002058029174805,-5.789089202880859
1741033428485278200,223.3202783203125,-1.6963121891021729,2.406460762023926,-6.492366790771484
1741033428495379200,223.33037915039063,1.6458494663238525,1.7815876007080078,-7.082788944244385
1741033428505480700,223.34048071289064,5.703137397766113,1.4366636276245117,-7.026517868041992
1741033428515581700,223.35058178710938,9.104434967041016,2.574313163757324,-5.349322319030762
1741033428525682400,223.36068237304687,9.810995101928711,4.922055244445801,-1.7420430183410645
1741033428535784200,223.3707841796875,7.483814239501953,6.263960838317871,-1.1535121202468872
1741033428545885000,223.38088500976562,4.7575154304504395,6.002432823181152,-1.8523331880569458
1741033428555986000,223.39098583984375,2.742702007293701,4.565911293029785,-1.6734440326690674
1741033428566087400,223.40108740234376,1.285733699798584,2.578092575073242,-0.8821566104888916
1741033428576188200,223.41118823242186,0.06443071365356445,1.1565723419189453,-0.8735911846160889
1741033428586289400,223.42128930664063,-1.0960636138916016,0.9965572357177734,-1.0682907104492188
1741033428596390700,223.431390625,-1.7082223892211914,2.228146553039551,-0.7038402557373047
1741033428606492200,223.4414921875,-1.5242773294448853,4.163740158081055,0.27280354499816895
1741033428616593200,223.45159326171876,-0.885762095451355,5.898111343383789,1.4431679248809814
1741033428626694100,223.4616940917969,-0.4606654644012451,6.615614891052246,2.211688280105591
1741033428636795600,223.47179565429687,-0.3513164520263672,6.042454719543457,2.4875400066375732
1741033428646896600,223.48189672851564,-0.43560004234313965,4.423627853393555,2.2423255443573
1741033428656997400,223.49199731445313,-0.6298718452453613,2.5446529388427734,1.9599580764770508
1741033428667099100,223.50209912109375,-0.7560582160949707,0.9821071624755859,2.0992515087127686
1741033428677390800,223.51239086914063,-1.0360543727874756,0.001316070556640625,2.47666597366333
1741033428687694300,223.5226943359375,-1.3617280721664429,-0.7697019577026367,2.929089069366455
1741033428697968000,223.53296801757813,-1.615451455116272,-1.4294962882995605,3.1959714889526367
1741033428708097500,223.54309765625,-1.8579645156860352,-2.1088547706604004,3.2604005336761475
1741033428718199000,223.5531989746094,-2.000044345855713,-2.89044189453125,3.163060188293457
1741033428728299800,223.5632998046875,-2.063077449798584,-3.6864919662475586,3.0170958042144775
1741033428738401000,223.57340112304686,-2.0959994792938232,-4.362555980682373,2.8760287761688232
1741033428748502300,223.58350219726563,-2.003756046295166,-4.8629302978515625,2.8434438705444336
1741033428758603000,223.59360302734376,-1.831238031387329,-5.2169294357299805,2.8655588626861572
1741033428768704500,223.60370458984374,-1.8679720163345337,-5.443994522094727,2.893073797225952
1741033428778805500,223.61380541992187,-1.6030638217926025,-5.581356525421143,2.9453556537628174
1741033428788907000,223.6239069824219,-0.6036276817321777,-5.483180999755859,2.92156982421875
1741033428799008000,223.63400805664062,0.19699835777282715,-5.387781620025635,2.935291290283203
1741033428809109000,223.64410888671875,-0.11696624755859375,-5.096887588500977,2.92913556098938
1741033428819210500,223.65421044921874,-1.2615883350372314,-4.890481472015381,2.6894965171813965
1741033428829311500,223.6643115234375,-2.0600836277008057,-4.852330207824707,2.202739715576172
1741033428839412200,223.674412109375,-2.2587814331054688,-4.556612491607666,1.8128818273544312
1741033428849514000,223.68451391601562,-2.744955539703369,-4.367345809936523,1.0091348886489868
1741033428859614700,223.69461474609375,-2.9902615547180176,-4.254112243652344,0.1423168182373047
1741033428869715700,223.7047158203125,-3.0825700759887695,-3.946791648864746,-0.6195380687713623
1741033428879817200,223.71481713867186,-3.790494203567505,-3.272815704345703,-0.9997985363006592
1741033428889918500,223.72491845703124,-4.851836204528809,-2.2103099822998047,-0.9936738014221191
1741033428900019700,223.7350197753906,-5.451019287109375,-0.8977766036987305,-0.6129999160766602
1741033428910120700,223.74512060546874,-5.895678520202637,0.48307132720947266,0.04194045066833496
1741033428920222000,223.75522192382812,-5.840180397033691,1.855123519897461,0.7916338443756104
1741033428930323200,223.7653232421875,-5.204990863800049,3.2286806106567383,1.5428820848464966
1741033428940424000,223.775423828125,-4.203667163848877,4.362432479858398,2.317831516265869
1741033428950525400,223.785525390625,-3.133498191833496,5.469270706176758,3.343038558959961
1741033428960626400,223.79562646484376,-2.172569751739502,6.106287956237793,3.847066879272461
1741033428970727200,223.80572705078126,-1.3883731365203857,5.9464874267578125,3.287222146987915
1741033428980829000,223.81582885742188,-0.8961361646652222,5.37178897857666,1.966029405593872
1741033428991120600,223.82612060546876,-0.921899139881134,4.920422554016113,0.41866743564605713
1741033429001424100,223.83642407226563,-0.9735319018363953,4.867374420166016,-1.4318358898162842
1741033429011698000,223.84669799804686,-1.13728666305542,4.995123863220215,-2.8673484325408936
1741033429021827300,223.8568273925781,-0.3236945867538452,4.952526092529297,-4.684236526489258
1741033429031988500,223.86698852539064,0.9321993589401245,5.316364288330078,-6.64819860458374
1741033429042292200,223.87729223632812,2.641019344329834,5.704985618591309,-7.590634346008301
1741033429052595200,223.88759521484374,6.735103607177734,5.806608200073242,-6.40469217300415
1741033429062811000,223.89781079101562,7.267766952514648,6.347517967224121,-3.333254814147949
1741033429072927500,223.90792749023439,5.7677154541015625,4.888643264770508,-1.3273017406463623
1741033429083028700,223.91802880859376,4.308095932006836,1.5080595016479492,-0.9518947601318359
1741033429093129500,223.92812939453125,3.478517770767212,-0.9857053756713867,-1.0962097644805908
1741033429103231000,223.93823095703124,2.8849010467529297,-2.3068947792053223,-1.4728658199310303
1741033429113332000,223.94833203125,1.2593553066253662,-2.262901782989502,-1.4105333089828491
1741033429123432700,223.9584326171875,-0.11801379919052124,-1.2571945190429688,-0.8797454833984375
1741033429133534500,223.96853442382812,0.34705960750579834,0.21951007843017578,-0.6349480152130127
1741033429143635500,223.97863549804688,2.2643752098083496,1.5681829452514648,-0.9405522346496582
1741033429153737000,223.98873706054687,2.9482369422912598,2.8671464920043945,-0.5324701070785522
1741033429163837700,223.99883764648436,2.1069836616516113,3.1998443603515625,0.2930089235305786
1741033429173939000,224.00893896484374,1.3939286470413208,2.2292308807373047,0.5694400668144226
1741033429184040200,224.0190402832031,1.3597044944763184,1.0502023696899414,0.9417550563812256
1741033429194141200,224.02914111328124,0.9008769989013672,-0.09186267852783203,1.0690784454345703
1741033429204242400,224.03924243164062,1.2179831266403198,-1.168893814086914,1.002025842666626
1741033429214343700,224.04934375,1.7008391618728638,-2.0818777084350586,0.7557992935180664
1741033429224445000,224.05944482421876,1.5249537229537964,-2.9077463150024414,0.5852816700935364
1741033429234665500,224.06966552734374,0.8176045417785645,-3.645782470703125,0.6035379767417908
1741033429244969200,224.07996923828125,0.197323739528656,-4.205994129180908,0.5937974452972412
1741033429255272000,224.09027197265624,-0.13690805435180664,-4.510460376739502,0.6771836876869202
1741033429265439000,224.10043896484376,-0.20836496353149414,-4.701410293579102,0.7097874879837036
1741033429275544300,224.11054443359376,-0.24213743209838867,-4.803435325622559,0.5337885618209839
1741033429285646000,224.12064599609374,-0.1265001893043518,-4.906418800354004,0.5765969753265381
1741033429295746800,224.13074682617187,0.08159160614013672,-5.1837158203125,0.7461151480674744
1741033429305847800,224.1408479003906,-0.031712889671325684,-5.590334892272949,0.8800768852233887
1741033429315949300,224.15094921875,-0.005139470100402832,-5.972997188568115,1.1872892379760742
1741033429326050300,224.16105029296875,0.04010117053985596,-6.213653564453125,1.4257510900497437
1741033429336151800,224.17115185546874,0.1518392562866211,-6.337804794311523,1.7528319358825684
1741033429346252500,224.18125244140626,0.15806758403778076,-6.4191389083862305,2.109853982925415
1741033429356353800,224.19135375976563,0.09647774696350098,-6.463252067565918,2.4007973670959473
1741033429366455000,224.201455078125,-0.015158772468566895,-6.398813247680664,2.6855058670043945
1741033429376556000,224.21155615234375,-0.12947571277618408,-6.1303510665893555,2.9311697483062744
1741033429386657300,224.2216572265625,0.00674748420715332,-5.555059909820557,3.2135307788848877
1741033429396758500,224.2317585449219,0.22298836708068848,-4.622102737426758,3.483677864074707
1741033429406859300,224.241859375,0.7439594268798828,-3.5480051040649414,3.560781955718994
1741033429416960800,224.25196069335936,1.4444901943206787,-2.2675743103027344,3.5087270736694336
1741033429427061800,224.26206176757813,2.0446832180023193,-0.6885108947753906,3.4050562381744385
1741033429437162800,224.27216284179687,2.475074529647827,1.2065277099609375,3.2620468139648438
1741033429447264300,224.28226416015625,2.614774703979492,3.282083511352539,2.7945151329040527
1741033429457365200,224.292365234375,2.313403606414795,4.947574615478516,2.11043381690979
1741033429467466200,224.30246630859375,1.9330308437347412,5.616689682006836,0.833863377571106
1741033429477567700,224.31256762695313,1.2835495471954346,5.143919944763184,-0.9353060722351074
1741033429487668700,224.32266870117186,1.304009199142456,3.588520050048828,-2.7300705909729004
1741033429497770200,224.33277026367188,1.4035120010375977,2.134767532348633,-3.6847081184387207
1741033429507871000,224.34287109375,0.9932730197906494,1.7436485290527344,-4.146162033081055
1741033429517972200,224.35297216796874,-0.6634601354598999,2.645975112915039,-4.334051132202148
1741033429528073700,224.36307373046876,-2.570807933807373,3.78399658203125,-5.458528518676758
1741033429538282000,224.37328198242187,-1.2170369625091553,3.6178579330444336,-6.566012382507324
1741033429548585500,224.38358544921874,2.0460970401763916,2.5498008728027344,-6.364516258239746
1741033429558888400,224.39388842773437,6.67236328125,2.7269506454467773,-4.560783863067627
1741033429569037300,224.40403735351563,10.005545616149902,3.4826602935791016,-1.7793844938278198
1741033429578984200,224.41398413085938,10.626300811767578,4.5669097900390625,-0.9456741809844971
1741033429589240300,224.424240234375,6.612223148345947,5.402169227600098,-1.962308645248413
1741033429599543800,224.43454370117186,3.946131706237793,4.867426872253418,-2.5522170066833496
1741033429609846500,224.44484643554688,2.4483888149261475,3.960129737854004,-1.3345990180969238
1741033429620124700,224.45512475585937,1.0269606113433838,2.8892030715942383,-0.46447038650512695
1741033429630273800,224.46527368164064,-0.20677900314331055,2.475661277770996,-0.5998375415802002
1741033429640375000,224.475375,-1.0855859518051147,2.996612548828125,-0.6291589736938477
1741033429650547000,224.485546875,-1.3907581567764282,4.016781806945801,-0.02181839942932129
1741033429660755500,224.49575537109374,-1.125983715057373,5.2460784912109375,1.0852603912353516
1741033429670767000,224.50576708984374,-0.9049112796783447,5.964768409729004,1.969128131866455
1741033429680779000,224.5157790527344,-0.7726969718933105,5.547014236450195,2.2054977416992188
1741033429690999300,224.52599926757813,-0.7021336555480957,4.437260627746582,2.4196982383728027
1741033429701303000,224.53630297851564,-1.07759428024292,3.2242631912231445,2.4942750930786133
1741033429711605800,224.54660571289062,-1.4959949254989624,1.9457712173461914,2.5132172107696533
1741033429721773000,224.55677294921875,-1.7466261386871338,0.6982288360595703,2.5257232189178467
1741033429731879000,224.56687890625,-1.9544609785079956,-0.3660545349121094,2.657547950744629
1741033429741980000,224.57697998046876,-2.1123361587524414,-1.2413625717163086,2.787672281265259
1741033429752081400,224.58708129882814,-2.2297329902648926,-2.147477149963379,2.8539180755615234
1741033429762182400,224.59718237304688,-2.3436574935913086,-3.000176429748535,2.8419153690338135
1741033429772283400,224.60728344726562,-2.4275925159454346,-3.8132143020629883,2.848097562789917
1741033429782385000,224.61738500976563,-2.406099557876587,-4.561884880065918,2.8581981658935547
1741033429792485600,224.62748559570312,-2.2844948768615723,-5.194736480712891,2.8226966857910156
1741033429802587000,224.6375869140625,-2.2064034938812256,-5.68974494934082,2.792280673980713
1741033429812688100,224.64768823242187,-2.202784538269043,-6.042141914367676,2.812753200531006
1741033429822789000,224.6577890625,-2.2161004543304443,-6.245375633239746,2.838573932647705
1741033429832890400,224.66789038085938,-2.2510733604431152,-6.32625675201416,2.910700798034668
1741033429842991600,224.67799169921875,-2.326887845993042,-6.317007064819336,2.989189624786377
1741033429853092400,224.68809228515624,-2.4132511615753174,-6.085888385772705,3.1366195678710938
1741033429863193900,224.69819384765626,-2.4951300621032715,-5.742445945739746,3.2463154792785645
1741033429873294800,224.708294921875,-2.5137836933135986,-5.280368328094482,3.256537914276123
1741033429883395600,224.7183955078125,-2.1295664310455322,-4.839398384094238,3.1796302795410156
1741033429893497300,224.72849731445314,-1.811946153640747,-4.200054168701172,3.092911720275879
1741033429903598000,224.73859814453124,-1.884608268737793,-3.400664806365967,2.826047420501709
1741033429913699800,224.7486999511719,-2.356041431427002,-2.674468994140625,2.2722647190093994
1741033429923800600,224.75880053710938,-2.954655647277832,-1.9646735191345215,1.4995545148849487
1741033429933901600,224.76890161132812,-3.445359706878662,-1.119584083557129,0.6783498525619507
1741033429944051000,224.77905102539063,-3.371321201324463,0.016485214233398438,-0.08894658088684082
1741033429954354700,224.78935473632814,-3.258849859237671,1.1807880401611328,-0.6290472745895386
1741033429964658000,224.79965795898437,-2.972012519836426,2.4157638549804688,-0.602008581161499
1741033429974883000,224.80988305664061,-2.7420530319213867,3.4186649322509766,-0.15166902542114258
1741033429985001700,224.82000170898436,-2.514925241470337,4.243956565856934,0.5097557306289673
1741033429995103000,224.83010302734374,-2.5000622272491455,4.951835632324219,0.9867268204689026
1741033430005203700,224.84020361328126,-2.3990187644958496,5.288586616516113,0.9323445558547974
1741033430015305200,224.85030517578124,-2.384735345840454,5.259918212890625,0.31092309951782227
1741033430025406500,224.86040649414062,-2.4628565311431885,5.370695114135742,-0.6401138305664062
1741033430035507200,224.8705070800781,-2.2619543075561523,5.552822113037109,-1.9268953800201416
1741033430045608700,224.88060864257812,0.00003218650817871094,5.546662330627441,-3.4230785369873047
1741033430055709700,224.89070971679686,2.146045207977295,5.455036163330078,-4.948360443115234
1741033430065810400,224.900810546875,1.729583978652954,5.545126914978027,-5.8722686767578125
1741033430075912200,224.910912109375,1.4582197666168213,5.866003036499023,-5.604066848754883
1741033430086013200,224.92101318359374,3.2514164447784424,6.40390682220459,-4.377364158630371
1741033430096114700,224.93111474609375,5.557277679443359,6.828363418579102,-3.392906665802002
1741033430106275300,224.941275390625,5.751333236694336,6.569650650024414,-2.5995395183563232
1741033430116578800,224.95157885742188,4.190952301025391,4.280301094055176,-2.20685076713562
1741033430126787300,224.96178735351563,2.42685604095459,1.0139455795288086,-2.3037052154541016
1741033430136984000,224.97198413085937,1.0396738052368164,-1.3286561965942383,-2.5367465019226074
1741033430147197200,224.982197265625,0.27101922035217285,-2.4709181785583496,-2.4954893589019775
1741033430157315000,224.9923151855469,0.05692732334136963,-2.4568557739257812,-2.086251974105835
1741033430167416600,225.00241650390626,0.4374786615371704,-1.3006353378295898,-1.3656562566757202
1741033430177517600,225.012517578125,1.490723729133606,0.4985208511352539,-1.0379438400268555
1741033430187618600,225.02261865234374,1.8141164779663086,2.2239599227905273,-0.846808671951294
1741033430197720000,225.0327199707031,1.0833340883255005,3.1507129669189453,0.1093490719795227
1741033430207821000,225.04282104492188,0.49804067611694336,3.0203399658203125,0.9201547503471375
1741033430217921800,225.052921875,1.0281485319137573,2.236225128173828,1.619016170501709
1741033430228023600,225.0630234375,1.8749597072601318,1.4012517929077148,1.8245806694030762
1741033430238124300,225.07312426757812,2.4715516567230225,0.5850934982299805,1.893967628479004
1741033430248225300,225.08322534179686,2.905196189880371,-0.40928173065185547,1.573406457901001
1741033430258326800,225.09332690429687,2.892758369445801,-1.4883651733398438,1.1693464517593384
1741033430268427500,225.10342749023437,2.2644717693328857,-2.318239688873291,0.8572312593460083
1741033430278528800,225.11352880859374,1.3996702432632446,-2.8618955612182617,0.734464168548584
1741033430288630000,225.12363012695312,0.5480766296386719,-3.291382312774658,0.7131511569023132
1741033430298731500,225.1337314453125,0.12816566228866577,-3.675981044769287,0.7536411285400391
1741033430308832800,225.14383276367187,0.41177642345428467,-4.021589279174805,0.47969043254852295
1741033430318933500,225.15393359375,0.6554614901542664,-4.231400489807129,0.2342599630355835
1741033430329035000,225.16403491210937,0.9034421443939209,-4.570959568023682,0.15953755378723145
1741033430339136000,225.17413598632814,0.9770487546920776,-5.03559684753418,-0.061614155769348145
1741033430349236700,225.18423681640624,0.49094152450561523,-5.41799783706665,-0.12830054759979248
1741033430359338500,225.19433837890625,-0.24738633632659912,-5.653775691986084,0.17941242456436157
1741033430369439200,225.20443920898438,-0.5437569618225098,-5.906576156616211,0.7037087678909302
1741033430379540200,225.21454028320312,-0.4498293399810791,-5.939323425292969,1.2435177564620972
1741033430389641700,225.22464184570313,-0.23452138900756836,-5.8796586990356445,1.7455090284347534
1741033430399742700,225.23474267578126,-0.13974952697753906,-5.845325469970703,2.2176244258880615
1741033430409843700,225.24484375,-0.0780191421508789,-5.74565315246582,2.672492504119873
1741033430419945200,225.2549453125,0.1876204013824463,-5.5522003173828125,3.104949474334717
1741033430430046000,225.2650458984375,0.4051053524017334,-5.257159233093262,3.5501046180725098
1741033430440147200,225.27514721679688,0.9859087467193604,-4.866783618927002,3.8453550338745117
1741033430450248400,225.28524853515626,1.4483332633972168,-4.462821006774902,3.9753684997558594
1741033430460349700,225.295349609375,1.9913976192474365,-3.930367946624756,3.8969357013702393
1741033430470570200,225.3055703125,2.2153713703155518,-3.2321672439575195,3.7212789058685303
1741033430480874000,225.3158740234375,2.3778188228607178,-2.1102166175842285,3.629187822341919
1741033430491177000,225.3261770019531,2.595597505569458,-0.6599893569946289,3.712742805480957
1741033430501344000,225.33634399414063,2.5097007751464844,1.311492919921875,3.6439831256866455
1741033430511449000,225.3464489746094,1.8252975940704346,4.010107040405273,3.372945785522461
1741033430521550800,225.35655078125,0.9765589237213135,6.792585372924805,2.8576126098632812
1741033430531651600,225.36665161132814,-0.22707533836364746,8.27518367767334,1.653090476989746
1741033430541752600,225.37675268554688,-0.6719633340835571,6.9786224365234375,-0.7707606554031372
1741033430551854300,225.3868542480469,-0.9002118110656738,4.503350257873535,-3.7382874488830566
1741033430562003700,225.39700366210937,-1.324906587600708,2.788029670715332,-5.812976360321045
1741033430572307200,225.40730712890624,-1.2211182117462158,2.2450685501098633,-6.708823204040527
1741033430582610400,225.4176103515625,-0.12178230285644531,2.1927928924560547,-6.829208850860596
1741033430592835600,225.42783569335938,2.004272937774658,2.8942060470581055,-6.434392929077148
1741033430602954000,225.4379541015625,4.510188102722168,3.5363340377807617,-5.1691436767578125
1741033430613054700,225.4480546875,9.811869621276855,2.8762874603271484,-3.689840316772461
1741033430623156200,225.45815625,14.760013580322266,2.138458251953125,-2.805863380432129
1741033430633257200,225.46825732421874,10.95954704284668,3.299327850341797,-2.2915725708007812
1741033430643358200,225.47835815429687,6.801511764526367,3.75832462310791,-1.4719858169555664
1741033430653459700,225.48845971679688,4.110267639160156,2.8582077026367188,-0.5107407569885254
1741033430663560700,225.49856079101562,2.2634382247924805,2.089658737182617,0.5187282562255859
1741033430673661400,225.5086613769531,1.2007544040679932,2.107685089111328,1.1985511779785156
1741033430683763200,225.51876318359376,0.5375733375549316,2.8592348098754883,1.8199299573898315
1741033430693864000,225.52886401367186,-0.2691802978515625,4.080552101135254,2.6433000564575195
1741033430703965000,225.53896484375,-0.9738976955413818,5.412055015563965,3.5684916973114014
1741033430714066400,225.54906640625,-1.5668647289276123,6.381694793701172,4.492349624633789
1741033430724167400,225.55916748046874,-2.0833170413970947,6.227880477905273,4.975930213928223
1741033430734268400,225.56926831054687,-2.218466281890869,4.819417953491211,4.837746620178223
1741033430744370000,225.5793698730469,-2.3371894359588623,2.881625175476074,4.199059009552002
1741033430754471200,225.58947119140626,-2.5692176818847656,1.381753921508789,3.493983268737793
1741033430764572400,225.59957250976564,-2.797725200653076,0.3542938232421875,2.8905138969421387
1741033430774673200,225.60967309570313,-3.045360803604126,-0.3632545471191406,2.473055601119995
1741033430784774700,225.6197746582031,-3.3576717376708984,-1.0784378051757812,2.2484822273254395
1741033430794875600,225.62987573242188,-3.3548507690429688,-1.8803772926330566,2.1107070446014404
1741033430804976400,225.63997631835937,-3.3409066200256348,-2.7234129905700684,2.0308032035827637
1741033430815078100,225.650078125,-3.2163467407226562,-3.500405788421631,2.049987316131592
1741033430825179000,225.66017895507812,-3.095099925994873,-4.16218376159668,2.056870222091675
1741033430835280000,225.67027978515625,-2.976036548614502,-4.68170166015625,2.105499744415283
1741033430845381400,225.68038134765624,-2.837972402572632,-5.088882923126221,2.1378023624420166
1741033430855482400,225.690482421875,-2.727653980255127,-5.43372917175293,2.15889310836792
1741033430865583400,225.70058325195313,-2.5851082801818848,-5.633335590362549,2.241586923599243
1741033430875684900,225.71068481445312,-2.3997812271118164,-5.649371147155762,2.3402915000915527
1741033430885785600,225.72078564453125,-2.347156286239624,-5.443699836730957,2.45589017868042
1741033430895886800,225.73088696289062,-1.8348478078842163,-4.999727249145508,2.599353790283203
1741033430905988000,225.7409880371094,-0.44677734375,-4.235555171966553,2.64663028717041
1741033430916089000,225.75108911132813,1.9459172487258911,-3.3690080642700195,2.580051898956299
1741033430926190300,225.7611904296875,2.257880210876465,-2.872745990753174,2.4027788639068604
1741033430936291600,225.77129150390624,0.09791576862335205,-3.0367608070373535,2.0728859901428223
1741033430946392300,225.78139233398437,-2.1140780448913574,-3.107931613922119,1.3023104667663574
1741033430956493800,225.79149389648438,-3.020446300506592,-3.1894454956054688,0.38533079624176025
1741033430966594800,225.8015947265625,-3.111647129058838,-3.213080406188965,-0.3094921112060547
1741033430976695600,225.81169555664061,-3.1516222953796387,-3.1400561332702637,-0.7201385498046875
1741033430986797300,225.82179736328126,-3.8084542751312256,-2.864269256591797,-0.851233959197998
1741033430996898000,225.83189794921876,-4.782025337219238,-1.9656362533569336,-0.7039899826049805
1741033431006999000,225.8419990234375,-5.692566871643066,-0.6015815734863281,-0.3329756259918213
1741033431017100800,225.85210083007811,-6.5031609535217285,0.9447298049926758,0.1684129238128662
1741033431027238100,225.86223803710936,-6.743797302246094,2.512907028198242,0.7172292470932007
1741033431037542000,225.8725419921875,-6.4575653076171875,3.7245426177978516,1.1488444805145264
1741033431047845000,225.88284521484374,-5.497062683105469,4.403558731079102,1.3673396110534668
1741033431058065200,225.89306518554687,-4.131283283233643,5.131219863891602,2.0474376678466797
1741033431068095200,225.90309521484374,-2.8656039237976074,5.784582138061523,2.40022611618042
1741033431078208500,225.91320849609374,-1.8138524293899536,6.141646385192871,2.0119636058807373
1741033431088512000,225.92351196289061,-0.9872982501983643,6.059731483459473,0.9958456158638
1741033431098815700,225.93381567382812,-0.570228636264801,5.828166961669922,-0.18615520000457764
1741033431109118500,225.94411840820314,-0.5913458466529846,5.366128921508789,-1.3652222156524658
1741033431119294500,225.95429443359376,-0.6923882961273193,4.649707794189453,-2.4587368965148926
1741033431129401600,225.96440161132813,-0.23712092638015747,3.965730667114258,-3.5764126777648926
1741033431139502600,225.97450268554687,0.7619848251342773,3.803194999694824,-4.758164405822754
1741033431149603300,225.9846032714844,2.3326797485351562,3.851449966430664,-5.607573986053467
1741033431159705000,225.994705078125,5.074416160583496,3.361689567565918,-5.133376121520996
1741033431169805800,226.00480590820314,7.0461225509643555,2.355006217956543,-3.0762734413146973
1741033431179906800,226.01490673828124,4.774065017700195,1.0604915618896484,-1.7471991777420044
1741033431190008300,226.02500830078125,3.2420895099639893,-0.4825553894042969,-1.4961668252944946
1741033431200109300,226.035109375,3.5718398094177246,-1.4157276153564453,-1.4575001001358032
1741033431210210300,226.04521020507812,3.982572555541992,-0.9436483383178711,-1.3856334686279297
1741033431220312000,226.05531201171874,4.396255016326904,0.5733423233032227,-1.4070775508880615
1741033431230520800,226.06552075195313,4.368553161621094,2.1811208724975586,-0.7347990274429321
1741033431240824300,226.07582421875,3.6192519664764404,3.5644521713256836,-0.1856861114501953
1741033431251127300,226.08612719726563,1.4236652851104736,4.166170120239258,0.1422889232635498
1741033431261304000,226.09630395507813,-0.6293074488639832,3.5232152938842773,0.2898900508880615
1741033431271411500,226.10641137695313,0.6040876507759094,2.028776168823242,0.6753536462783813
1741033431281512400,226.11651245117187,2.232931137084961,0.9212102890014648,1.3377034664154053
1741033431291614000,226.12661401367188,2.5347964763641357,-0.04648590087890625,1.5055280923843384
1741033431301715000,226.13671484375,2.251575231552124,-1.2556438446044922,1.1850790977478027
1741033431311816000,226.14681591796875,1.7907623052597046,-2.195488929748535,0.907494306564331
1741033431321917400,226.15691748046876,1.19709312915802,-2.7402186393737793,0.7709156274795532
1741033431332066800,226.16706689453125,0.5526192784309387,-3.0531177520751953,0.7486509084701538
1741033431342370600,226.17737060546875,0.14583510160446167,-3.451417922973633,0.8161394596099854
1741033431352673800,226.187673828125,0.009123310446739197,-3.875631332397461,0.8009786009788513
1741033431362898400,226.1978984375,-0.1315760612487793,-4.269987106323242,0.7790375351905823
1741033431373016800,226.20801684570313,-0.165180504322052,-4.550612926483154,0.9322336912155151
1741033431383118000,226.2181181640625,-0.13029935956001282,-4.8932719230651855,1.0876466035842896
1741033431393218800,226.22821875,-0.24092957377433777,-5.076211929321289,1.3116202354431152
1741033431403320300,226.2383203125,-0.3897886872291565,-5.314539432525635,1.450102686882019
1741033431413422000,226.24842211914063,-0.5279763340950012,-5.567325592041016,1.5693039894104004
1741033431423678200,226.25867822265624,-0.5524135828018188,-5.792654037475586,1.654992938041687
1741033431433982000,226.26898193359375,-0.33758169412612915,-5.922780990600586,1.8015334606170654
1741033431444275700,226.2792756347656,-0.10677933692932129,-5.855069160461426,2.013205051422119
1741033431454420200,226.28942016601562,0.1801217794418335,-5.672000885009766,2.3336496353149414
1741033431464521200,226.29952124023438,0.5389523506164551,-5.342216968536377,2.615060567855835
1741033431474623000,226.309623046875,0.8368263244628906,-4.826823711395264,2.870952606201172
1741033431484724200,226.31972412109374,1.1130683422088623,-4.081382751464844,3.113809108734131
1741033431494896000,226.32989624023438,1.4136595726013184,-3.1781840324401855,3.2642440795898438
1741033431505199600,226.34019970703125,1.6674904823303223,-2.3139796257019043,3.3369436264038086
1741033431515502800,226.3505029296875,1.809134840965271,-1.430281639099121,3.353785514831543
1741033431525687300,226.36068725585938,1.848973274230957,-0.4485025405883789,3.351353168487549
1741033431535811800,226.37081176757812,1.6699789762496948,0.5906782150268555,3.3619656562805176
1741033431545924600,226.38092456054687,1.2649928331375122,1.62823486328125,3.296724557876587
1741033431556025300,226.391025390625,0.4944573640823364,2.5326147079467773,2.8285486698150635
1741033431566126800,226.401126953125,-0.4000180959701538,3.273951530456543,1.9594597816467285
1741033431576227800,226.41122778320312,-0.7483509182929993,3.920884132385254,1.0050077438354492
1741033431586328600,226.42132861328125,-2.004967451095581,4.4781999588012695,-0.26052403450012207
1741033431596430300,226.43143041992187,-3.1897902488708496,4.705156326293945,-3.1847589015960693
1741033431606531000,226.4415310058594,-3.2451536655426025,3.927109718322754,-6.0745415687561035
1741033431616632000,226.45163208007813,-3.0020499229431152,2.99172306060791,-6.8907790184021
1741033431626733600,226.46173364257814,-1.9559705257415771,2.0354785919189453,-7.10996675491333
1741033431636834600,226.47183447265624,1.1745426654815674,1.0330266952514648,-7.374657154083252
1741033431646935600,226.481935546875,5.084653854370117,0.42732715606689453,-7.227328300476074
1741033431657037000,226.492037109375,10.538604736328125,1.144679069519043,-5.182322025299072
1741033431667137800,226.5021376953125,14.192136764526367,3.548778533935547,-2.6940107345581055
1741033431677239000,226.5122390136719,11.436140060424805,6.349109649658203,-1.4713718891143799
1741033431687340300,226.52234033203126,7.573859214782715,7.508115768432617,-1.403123140335083
1741033431697441300,226.53244116210936,3.89697003364563,6.014776229858398,-0.9984347820281982
1741033431707542500,226.54254248046874,1.3618552684783936,3.233456611633301,-0.6241917610168457
1741033431717643800,226.55264379882811,-0.07810020446777344,1.8319311141967773,-0.9234609603881836
1741033431727745300,226.56274536132813,-0.7322051525115967,2.180715560913086,-1.2041206359863281
1741033431737846300,226.57284619140626,-0.7601313591003418,3.614138603210449,-0.8662939071655273
1741033431747947000,226.5829470214844,-0.6726633310317993,5.142848968505859,0.16868066787719727
1741033431758059800,226.5930598144531,-0.6971476078033447,5.653774261474609,1.3064582347869873
1741033431768363500,226.60336352539062,-0.6903891563415527,4.899518013000488,2.071141481399536
1741033431778666800,226.61366674804688,-0.7739338874816895,3.6030139923095703,2.4337830543518066
1741033431788921300,226.62392138671876,-1.2376283407211304,2.2290191650390625,2.4658939838409424
1741033431799047000,226.634046875,-1.6053013801574707,1.0023670196533203,2.3885228633880615
1741033431809148200,226.64414819335937,-1.814518690109253,0.09404563903808594,2.3412442207336426
1741033431819249400,226.65424951171875,-1.9545403718948364,-0.6021976470947266,2.411893844604492
1741033431829350100,226.66435009765624,-1.9455902576446533,-1.3467273712158203,2.4540042877197266
1741033431839451600,226.67445166015625,-1.967740535736084,-2.0656518936157227,2.487093687057495
1741033431849552600,226.684552734375,-1.9741491079330444,-2.7464585304260254,2.5343289375305176
1741033431859653600,226.69465356445312,-1.9720321893692017,-3.388077735900879,2.6029675006866455
1741033431869755100,226.70475512695313,-1.9616899490356445,-3.9428763389587402,2.6558966636657715
1741033431879856000,226.71485620117187,-1.9395265579223633,-4.437356948852539,2.725362539291382
1741033431889956900,226.72495678710936,-1.9147688150405884,-4.860285758972168,2.7688136100769043
1741033431900058600,226.73505859375,-1.9405198097229004,-5.236942768096924,2.7864973545074463
1741033431910159400,226.7451594238281,-1.9580492973327637,-5.542716979980469,2.8083510398864746
1741033431920260400,226.75526025390624,-1.8031399250030518,-5.755487442016602,2.851006269454956
1741033431930361900,226.76536181640626,-1.638535976409912,-5.7357635498046875,2.998525857925415
1741033431940462600,226.77546264648439,-1.4461784362792969,-5.540718078613281,3.214402198791504
1741033431950563800,226.78556372070312,-1.2480467557907104,-5.18159818649292,3.5481672286987305
1741033431960665000,226.7956650390625,-0.5735763907432556,-4.601870536804199,3.76174259185791
1741033431970766000,226.80576611328124,1.0018892288208008,-3.945499897003174,3.707756280899048
1741033431980867300,226.8158674316406,2.818122386932373,-3.366448402404785,3.73166823387146
1741033431990968600,226.82596850585938,1.5751008987426758,-3.2736563682556152,3.380695104598999
1741033432001069300,226.8360693359375,-1.128085970878601,-3.6794610023498535,2.4696714878082275
1741033432011170800,226.8461708984375,-2.2142674922943115,-3.525826930999756,1.3887616395950317
1741033432021271800,226.85627172851562,-3.386078119277954,-2.985311508178711,0.1974344253540039
1741033432031372800,226.86637280273436,-5.629568099975586,-1.874678134918213,-1.0296530723571777
1741033432041474300,226.87647436523437,-7.177684783935547,-0.4637422561645508,-1.4552810192108154
1741033432051575300,226.8865751953125,-7.844515800476074,0.7663402557373047,-1.0502599477767944
1741033432061676000,226.89667602539063,-7.7102155685424805,1.6251564025878906,-0.3088803291320801
1741033432071777800,226.90677783203125,-7.02944803237915,2.14479923248291,0.7440249919891357
1741033432081878500,226.91687841796875,-5.7846503257751465,2.7793493270874023,1.8153883218765259
1741033432091979500,226.9269794921875,-4.493744850158691,3.8416404724121094,2.6665894985198975
1741033432102081000,226.9370810546875,-3.5902178287506104,5.0513200759887695,3.125176429748535
1741033432112181800,226.947181640625,-2.4866836071014404,5.835457801818848,3.0179810523986816
1741033432122283000,226.95728295898436,-1.4505714178085327,6.118842124938965,2.0827388763427734
1741033432132384300,226.96738427734374,-0.9847276210784912,5.8541412353515625,0.6515042781829834
1741033432142485200,226.9774853515625,-0.9887455701828003,5.378676414489746,-0.7810388803482056
1741033432152586500,226.98758642578125,-1.198231816291809,4.8415117263793945,-2.1671037673950195
1741033432162687700,226.99768774414062,-0.15368282794952393,4.722259521484375,-3.9134774208068848
1741033432172788500,227.00778857421875,4.261207580566406,5.080426216125488,-6.150027275085449
1741033432182890000,227.01788989257813,4.255835056304932,6.122836112976074,-6.810948371887207
1741033432192991000,227.02799096679686,3.3063981533050537,6.630868911743164,-4.350883960723877
1741033432203092000,227.03809204101563,3.570526123046875,5.20389461517334,-2.1645114421844482
1741033432213193500,227.048193359375,3.925027370452881,2.558931350708008,-1.730150580406189
1741033432223294500,227.05829443359374,3.672118902206421,-0.015369415283203125,-1.6151401996612549
1741033432233395200,227.06839526367187,2.662367582321167,-1.7736430168151855,-1.395057201385498
1741033432243497000,227.0784970703125,1.865033507347107,-2.73030948638916,-1.2523939609527588
1741033432253597700,227.08859765625,1.4024527072906494,-2.1484737396240234,-1.1709996461868286
1741033432263698700,227.09869873046875,1.2116377353668213,-0.06313514709472656,-1.4475640058517456
1741033432273800200,227.10880029296874,0.8825651407241821,2.277484893798828,-1.788358449935913
1741033432283901000,227.11890087890626,0.840530276298523,3.7004785537719727,-1.8330345153808594
1741033432294002200,227.12900219726563,1.2623625993728638,3.6624670028686523,-1.434098720550537
1741033432304103400,227.139103515625,1.2235610485076904,2.4696731567382812,-0.5302339792251587
1741033432314204400,227.1492043457031,0.3858751952648163,1.2070798873901367,0.3357440233230591
1741033432324305700,227.1593056640625,-0.8241685032844543,0.3434305191040039,0.7615746259689331
1741033432334407400,227.16940747070313,-2.001321315765381,-0.35369300842285156,0.9942092299461365
1741033432344651800,227.17965185546876,-1.9900431632995605,-0.9343338012695312,1.4102978706359863
1741033432354955300,227.18995532226563,-0.44383859634399414,-1.6625056266784668,1.7574608325958252
1741033432365258200,227.20025830078126,0.7607921361923218,-2.4680886268615723,1.890629768371582
1741033432375405800,227.21040576171876,1.500468134880066,-3.3071651458740234,1.73725163936615
1741033432385506800,227.2205068359375,1.9027962684631348,-3.9405336380004883,1.2538182735443115
1741033432395607600,227.23060766601563,2.1614038944244385,-4.403873443603516,0.8238452076911926
1741033432405708500,227.24070849609376,2.3382301330566406,-4.441594123840332,0.6882702112197876
1741033432415810000,227.25081005859374,2.1979923248291016,-4.629216194152832,1.0048589706420898
1741033432425910800,227.26091088867187,2.0129127502441406,-4.9042277336120605,1.3807501792907715
1741033432436012000,227.2710119628906,1.7047243118286133,-5.336350917816162,1.4996360540390015
1741033432446197000,227.2811970214844,1.5212831497192383,-5.579129219055176,1.8535140752792358
1741033432456500500,227.29150048828126,1.5519486665725708,-5.656378746032715,2.3572683334350586
1741033432466803700,227.3018037109375,1.3050825595855713,-5.739119529724121,2.5814406871795654
1741033432476999700,227.31199975585938,0.952704668045044,-5.703249931335449,2.813671350479126
1741033432487112200,227.3221123046875,0.5385562181472778,-5.6024017333984375,3.110790729522705
1741033432497213200,227.33221313476562,0.18087530136108398,-5.449681282043457,3.389155149459839
1741033432507314000,227.34231396484375,0.32689499855041504,-4.961891174316406,3.650350570678711
1741033432517415700,227.35241577148437,0.41756677627563477,-4.33280086517334,3.9234843254089355
1741033432527516700,227.3625166015625,0.7532368898391724,-3.4435653686523438,4.377447605133057
1741033432537617400,227.37261743164063,1.2352699041366577,-2.4646458625793457,4.714483737945557
1741033432547719200,227.38271923828125,1.5174514055252075,-1.5002169609069824,4.858819961547852
1741033432557820000,227.39281982421875,1.781936526298523,-0.23175430297851562,5.118879318237305
1741033432567921000,227.4029208984375,2.495436429977417,1.5267400741577148,5.45477819442749
1741033432578022400,227.4130224609375,2.9505176544189453,3.411728858947754,5.251667022705078
1741033432588123100,227.423123046875,2.3231732845306396,4.867319107055664,4.006809711456299
1741033432598224400,227.43322436523437,0.9963232278823853,5.109527587890625,1.828463077545166
1741033432608325600,227.44332568359374,-0.41490936279296875,3.928363800048828,-0.7048636674880981
1741033432618426600,227.45342651367187,-1.4337183237075806,2.665165901184082,-2.6972336769104004
1741033432628527900,227.46352783203125,-2.6761374473571777,2.030238151550293,-4.453330039978027
1741033432638629000,227.47362915039062,-2.015336036682129,1.4179306030273438,-6.24488639831543
1741033432648729900,227.48372973632812,-1.2314329147338867,0.9348316192626953,-7.177351951599121
1741033432658831400,227.49383129882813,-0.8000360727310181,0.900456428527832,-6.864699363708496
1741033432668932400,227.50393237304687,-0.35846877098083496,1.203460693359375,-6.003933906555176
1741033432679033000,227.514033203125,1.2698183059692383,1.493194580078125,-5.290986061096191
1741033432689134800,227.524134765625,2.1664681434631348,1.4208097457885742,-4.224778175354004
1741033432699235800,227.53423583984375,5.329586982727051,0.8202619552612305,-2.875319004058838
1741033432709336600,227.54433666992188,12.214007377624512,-0.8286523818969727,-1.6903722286224365
1741033432719438300,227.5544382324219,13.42097282409668,-0.19288253784179688,-1.2621638774871826
1741033432729539000,227.5645390625,8.838242530822754,1.8550958633422852,-1.533205509185791
1741033432739640000,227.57464013671876,4.223335266113281,3.1575517654418945,-2.0923330783843994
1741033432749741600,227.58474145507813,2.0692310333251953,2.486241340637207,-1.9318947792053223
1741033432759842300,227.59484228515626,0.31645750999450684,1.3437433242797852,-1.2326750755310059
1741033432769943600,227.60494360351564,-0.7004460096359253,0.6995954513549805,-0.9319512844085693
1741033432780044800,227.615044921875,-1.0443079471588135,1.0148210525512695,-0.6684339046478271
1741033432790145800,227.6251457519531,-1.295032262802124,2.4409103393554688,-0.38323473930358887
1741033432800247000,227.6352470703125,-1.4547786712646484,4.625753402709961,0.27371644973754883
1741033432810348300,227.64534838867186,-1.5458614826202393,6.6583757400512695,1.2323087453842163
1741033432820449000,227.65544897460939,-1.2997636795043945,7.872434616088867,2.3902151584625244
1741033432830550500,227.66555053710937,-1.0979812145233154,7.924997329711914,3.557849407196045
1741033432840651500,227.67565161132814,-1.0805673599243164,6.221521377563477,4.110628128051758
1741033432850752300,227.68575219726563,-1.3538265228271484,3.8203535079956055,3.853013753890991
1741033432860853200,227.69585327148437,-1.5493279695510864,1.9117279052734375,3.390970230102539
1741033432870954800,227.70595483398438,-1.6432136297225952,0.537872314453125,3.164782762527466
1741033432881055700,227.7160556640625,-1.678278923034668,-0.5153207778930664,3.162874937057495
1741033432891156700,227.72615673828125,-1.6815189123153687,-1.423069953918457,3.282662868499756
1741033432901258200,227.73625830078126,-1.6421120166778564,-2.290112018585205,3.3825085163116455
1741033432911359000,227.74635888671875,-1.629217505455017,-3.158756732940674,3.414428472518921
1741033432921460200,227.75646020507813,-1.7635363340377808,-3.8704652786254883,3.3294990062713623
1741033432931657000,227.76665698242186,-1.8337795734405518,-4.533450126647949,3.2671432495117188
1741033432941960700,227.77696069335937,-1.8178609609603882,-5.115372180938721,3.20202898979187
1741033432952263700,227.787263671875,-1.8254280090332031,-5.554326057434082,3.101815700531006
1741033432962450200,227.7974501953125,-1.8690084218978882,-5.741532802581787,3.122910976409912
1741033432972560400,227.80756030273437,-1.8184893131256104,-5.775996208190918,3.235252857208252
1741033432982661400,227.8176613769531,-1.804628610610962,-5.645642280578613,3.3644723892211914
1741033432992762000,227.82776220703124,-1.8033850193023682,-5.2668070793151855,3.5899767875671387
1741033433002863900,227.83786376953125,-1.5661838054656982,-4.699554920196533,3.7515387535095215
1741033433012964600,227.84796459960938,-0.4576844573020935,-4.218837738037109,3.789515256881714
1741033433023065600,227.85806567382812,0.7422431707382202,-3.7242932319641113,3.7122983932495117
1741033433033167000,227.8681669921875,0.3111612796783447,-3.05690860748291,3.5197620391845703
1741033433043268000,227.87826806640626,-1.2722216844558716,-2.9635653495788574,2.6809983253479004
1741033433053369000,227.888369140625,-2.6229496002197266,-2.9877052307128906,1.485952615737915
1741033433063470600,227.898470703125,-3.042285680770874,-2.9884629249572754,0.47204673290252686
1741033433073571300,227.9085712890625,-3.4141321182250977,-2.714016914367676,-0.3283672332763672
1741033433083672300,227.91867236328125,-4.4450297355651855,-1.9361634254455566,-0.80063796043396
1741033433093773600,227.92877368164062,-4.960419178009033,-0.7860116958618164,-0.8825879096984863
1741033433103875300,227.93887524414063,-5.113895893096924,0.5461282730102539,-0.46921801567077637
1741033433114107600,227.94910766601564,-5.140872001647949,1.6193504333496094,-0.043855905532836914
1741033433124411400,227.9594113769531,-4.818020820617676,2.9193334579467773,0.6765861511230469
1741033433134714000,227.96971411132813,-4.315241813659668,4.334461212158203,1.4080270528793335
1741033433144871400,227.97987133789061,-3.4566407203674316,5.492595672607422,1.8572324514389038
1741033433154974500,227.9899743652344,-2.529235601425171,6.014141082763672,1.5718878507614136
1741033433165075500,228.00007543945313,-1.6850862503051758,5.907015800476074,0.7881369590759277
1741033433175177000,228.01017700195314,-1.318670392036438,5.65512752532959,-0.29463016986846924
1741033433185278000,228.02027783203124,-1.3690600395202637,5.305950164794922,-1.4932130575180054
1741033433195379000,228.03037890625,-1.36771559715271,4.788538932800293,-3.001164436340332
1741033433205480400,228.04048046875,-0.5808973908424377,4.180678367614746,-5.25726318359375
1741033433215581200,228.05058129882812,0.6766167879104614,3.436276435852051,-7.131566524505615
1741033433225682400,228.0606823730469,2.3637356758117676,2.885011672973633,-7.124139308929443
1741033433235783700,228.07078369140626,4.351943016052246,3.7742910385131836,-5.7783074378967285
1741033433245884700,228.080884765625,6.025259494781494,5.259123802185059,-4.126523494720459
1741033433255985400,228.0909853515625,5.970999717712402,6.175154685974121,-2.6639556884765625
1741033433266087000,228.1010869140625,4.446208953857422,5.157432556152344,-2.418910264968872
1741033433276188000,228.11118798828124,3.297025203704834,2.0313072204589844,-3.1366934776306152
1741033433286288600,228.12128857421874,3.139185905456543,-1.0118026733398438,-3.7306106090545654
1741033433296390400,228.1313903808594,3.341069221496582,-3.1080093383789062,-3.8388476371765137
1741033433306491100,228.1414912109375,2.491968870162964,-3.876878261566162,-3.3678970336914062
1741033433316592000,228.15159204101562,1.7323017120361328,-3.371377944946289,-2.5906989574432373
1741033433326693600,228.16169360351563,0.598045825958252,-1.889338493347168,-1.844966173171997
1741033433336794600,228.17179467773437,-0.3100895583629608,0.35275745391845703,-1.8019148111343384
1741033433346895600,228.1818955078125,-1.9017497301101685,2.8229990005493164,-1.8540678024291992
1741033433356997000,228.1919970703125,-0.8510174751281738,3.8601131439208984,-0.9103306531906128
1741033433367097900,228.2020979003906,1.894891619682312,3.4469823837280273,0.5517318844795227
1741033433377199000,228.21219921875,2.477496385574341,2.4510316848754883,1.7712910175323486
1741033433387300400,228.22230029296875,2.735389471054077,1.3352479934692383,2.381835460662842
1741033433397401300,228.2324013671875,3.0276474952697754,0.2000446319580078,2.1111576557159424
1741033433407502600,228.24250268554687,2.6656792163848877,-0.9344196319580078,1.4663695096969604
1741033433417603800,228.25260375976563,1.9193514585494995,-1.8471136093139648,0.8639286756515503
1741033433427704600,228.26270458984374,1.0638210773468018,-2.6144747734069824,0.5023490786552429
1741033433437806000,228.27280615234375,0.47060972452163696,-3.294908046722412,0.19642186164855957
1741033433447907000,228.28290698242188,-0.10172110795974731,-3.758906841278076,-0.11065816879272461
1741033433458007800,228.2930078125,-0.5966017842292786,-3.9444637298583984,-0.5225340127944946
1741033433468109600,228.30310961914063,-0.8646034002304077,-4.005831718444824,-0.844628095626831
1741033433478210300,228.31321020507812,-1.1177732944488525,-4.074896812438965,-0.9643987417221069
1741033433488311300,228.3233112792969,-1.0715034008026123,-4.251328468322754,-0.968840479850769
1741033433498412800,228.33341284179687,-0.6580072641372681,-4.614093780517578,-0.6478033065795898
1741033433508513800,228.343513671875,-0.503734827041626,-5.185935020446777,-0.1465320587158203
1741033433518614800,228.35361474609374,-0.5679627656936646,-5.627954006195068,0.5383786559104919
1741033433528716300,228.36371630859375,-0.6807564496994019,-5.874086380004883,1.1304779052734375
1741033433538817000,228.37381713867188,-0.8355900049209595,-5.905205249786377,1.666184902191162
1741033433548918000,228.38391796875,-0.873568058013916,-5.746646881103516,2.3233139514923096
1741033433559019300,228.3940192871094,-0.48808884620666504,-5.430478096008301,3.1209657192230225
1741033433569120500,228.40412060546876,0.016690731048583984,-5.1202239990234375,3.854149580001831
1741033433579221200,228.41422119140626,0.3428232669830322,-4.681232929229736,4.403924465179443
1741033433589322800,228.42432275390624,0.7017905712127686,-4.0584716796875,5.016755104064941
1741033433599423700,228.434423828125,1.0542693138122559,-3.366121768951416,5.3947343826293945
1741033433609524500,228.4445244140625,1.355743169784546,-2.839848518371582,5.237171649932861
1741033433619626200,228.45462622070312,1.7157177925109863,-2.4422659873962402,4.710635185241699
1741033433629727700,228.46472778320313,2.0610623359680176,-1.9996538162231445,3.9562644958496094
1741033433640019700,228.47501977539062,2.1839284896850586,-1.284998893737793,3.285916566848755
1741033433650323200,228.4853232421875,2.198732852935791,-0.14050865173339844,2.964552402496338
1741033433660596700,228.4955966796875,1.8530995845794678,1.200181007385254,2.754594087600708
1741033433670726100,228.50572607421876,1.1198508739471436,2.5431814193725586,2.5083415508270264
1741033433680827000,228.5158269042969,0.21582245826721191,3.5629043579101562,1.913381814956665
1741033433690928000,228.52592822265626,-0.7453498840332031,4.021051406860352,0.8776767253875732
1741033433701029400,228.536029296875,-1.8915451765060425,3.9114952087402344,-0.6120874881744385
1741033433711130400,228.54613037109374,-2.777125597000122,3.541379928588867,-3.0080676078796387
1741033433721231000,228.55623120117187,-1.9668188095092773,2.9904212951660156,-6.063488006591797
1741033433731332400,228.56633227539064,-0.21663320064544678,2.4852304458618164,-7.58626651763916
1741033433741433600,228.57643359375,1.540999412536621,2.3007450103759766,-8.00027847290039
1741033433751534300,228.5865344238281,3.457628011703491,2.3121137619018555,-7.658105850219727
1741033433761635800,228.5966357421875,6.539035797119141,3.4183998107910156,-5.256218433380127
1741033433771736800,228.60673681640625,12.089622497558594,4.72332763671875,-1.6647353172302246
1741033433781837800,228.616837890625,11.181386947631836,6.507608413696289,-0.49078476428985596
1741033433791939300,228.62693920898437,7.206616401672363,7.564959526062012,-0.9070291519165039
1741033433802040300,228.63704028320313,5.082064151763916,6.432467460632324,-1.2887765169143677
1741033433812141000,228.64714111328124,2.8873531818389893,4.019838333129883,-1.256873607635498
1741033433822242800,228.65724291992188,1.3781464099884033,2.4761667251586914,-1.0702823400497437
1741033433832343600,228.66734350585938,0.3964405059814453,2.3912811279296875,-0.9710532426834106
1741033433842444500,228.67744458007812,-0.1812889575958252,3.4535112380981445,-0.2711319923400879
1741033433852546000,228.68754614257813,-0.37026190757751465,5.199804306030273,0.9514790773391724
1741033433862646800,228.69764672851562,-0.8164381980895996,6.399279594421387,2.225956439971924
1741033433872748000,228.707748046875,-0.8694276809692383,6.437856674194336,3.1834936141967773
1741033433882849500,228.717849609375,-0.8026732206344604,5.137235641479492,3.505990505218506
1741033433892950300,228.7279501953125,-0.9799566268920898,2.8465003967285156,3.2091102600097656
1741033433903051800,228.7380517578125,-1.4856112003326416,0.8953933715820312,2.7782392501831055
1741033433913152800,228.74815283203125,-1.8670035600662231,-0.4460306167602539,2.4742794036865234
1741033433923253500,228.75825341796875,-2.0273125171661377,-1.3751497268676758,2.3202686309814453
1741033433933355300,228.76835522460937,-2.065044403076172,-2.05902099609375,2.386394500732422
1741033433943456000,228.7784560546875,-2.195132255554199,-2.501206398010254,2.6719844341278076
1741033433953557000,228.78855688476563,-2.2699358463287354,-2.8681693077087402,2.9298887252807617
1741033433963657700,228.79865771484376,-2.412691593170166,-3.2433199882507324,3.115335464477539
1741033433973759500,228.80875952148438,-2.45955753326416,-3.670694351196289,3.1375815868377686
1741033433983860200,228.81886010742187,-2.446882724761963,-4.131897449493408,3.0338871479034424
1741033433993961200,228.82896118164064,-2.3587918281555176,-4.55452823638916,2.9186551570892334
1741033434004062700,228.83906274414062,-2.246530294418335,-4.960285663604736,2.7547571659088135
1741033434014163500,228.84916357421875,-2.2426605224609375,-5.289567947387695,2.603307008743286
1741033434024264700,228.8592646484375,-2.1821017265319824,-5.454668998718262,2.413024425506592
1741033434034366000,228.86936596679686,-2.1964304447174072,-5.39961576461792,2.2718026638031006
1741033434044467000,228.87946704101563,-2.289943218231201,-5.169412612915039,2.133430242538452
1741033434054568200,228.88956811523437,-2.4009437561035156,-4.775356769561768,2.0336830615997314
1741033434064669400,228.89966943359374,-2.525554656982422,-4.314952373504639,2.0147457122802734
1741033434074770200,228.90977026367187,-2.4665093421936035,-3.9307756423950195,2.009422779083252
1741033434084871700,228.91987158203125,-2.1224260330200195,-3.514436721801758,1.9617400169372559
1741033434094972700,228.92997265625,-1.9001262187957764,-2.932003974914551,1.8803287744522095
1741033434105073700,228.94007373046875,-1.9281401634216309,-2.322883129119873,1.7573680877685547
1741033434115175200,228.95017504882813,-2.1324617862701416,-1.7018351554870605,1.605130910873413
1741033434125276200,228.96027612304687,-2.2178139686584473,-1.0169343948364258,1.428587555885315
1741033434135377000,228.970376953125,-2.133540153503418,-0.34870338439941406,1.1908825635910034
1741033434145478000,228.98047778320313,-1.9248607158660889,0.17476654052734375,0.7293797731399536
1741033434155579400,228.9905793457031,-1.7959738969802856,0.6274452209472656,0.2920190095901489
1741033434165680000,229.00068017578124,-1.6400400400161743,1.1626777648925781,-0.06645798683166504
1741033434175781400,229.01078149414062,-1.7400126457214355,1.8365440368652344,-0.43048107624053955
1741033434185882600,229.02088256835938,-1.764460802078247,2.487966537475586,-0.8705147504806519
1741033434195983600,229.03098364257812,-1.8266023397445679,3.0724105834960938,-1.4032409191131592
1741033434206084900,229.0410849609375,-1.6651694774627686,3.5973901748657227,-1.8660169839859009
1741033434216186000,229.05118603515626,-1.406603455543518,4.0762128829956055,-2.228738307952881
1741033434226287400,229.06128735351564,-0.8932621479034424,4.424590110778809,-2.622326374053955
1741033434236531700,229.07153173828124,-0.11853742599487305,4.551471710205078,-3.1800296306610107
1741033434246835500,229.08183544921874,0.9181129932403564,4.561748504638672,-3.7295949459075928
1741033434257138200,229.09213818359376,1.8221254348754883,4.3166704177856445,-3.869952917098999
1741033434267286000,229.1022861328125,2.7363193035125732,4.197948455810547,-3.68182635307312
1741033434277386800,229.11238671875,3.236537218093872,4.62617301940918,-3.566833972930908
1741033434287487700,229.12248779296874,3.7153358459472656,5.485540390014648,-3.623943328857422
1741033434297589200,229.13258935546875,4.628592491149902,5.827160835266113,-4.423070907592773
1741033434307690000,229.14268994140625,4.988821983337402,5.644752502441406,-4.619552135467529
1741033434317791200,229.15279125976562,4.0997114181518555,4.320948600769043,-3.5751214027404785
1741033434327892500,229.162892578125,2.590850591659546,1.7871837615966797,-2.6999998092651367
1741033434337993500,229.17299340820313,1.0648927688598633,-0.4098958969116211,-2.180478096008301
1741033434348094700,229.1830947265625,-0.014762938022613525,-1.739786148071289,-1.8091413974761963
1741033434358196000,229.19319604492188,-0.7822402715682983,-1.9594030380249023,-1.6745328903198242
1741033434368296700,229.20329663085937,-0.883827805519104,-1.158207893371582,-1.4605176448822021
1741033434378398200,229.21339819335938,-0.7679159045219421,0.29602909088134766,-1.269265055656433
1741033434388499200,229.22349926757812,-0.4933476150035858,2.0382461547851562,-0.9904440641403198
1741033434398600200,229.23360009765625,-0.2624253034591675,3.463595390319824,-0.4290921688079834
1741033434408701700,229.24370166015626,-0.13403630256652832,3.8422346115112305,0.2750195264816284
1741033434418802700,229.253802734375,0.3460894823074341,2.8851137161254883,0.9611607789993286
1741033434428904200,229.263904296875,1.241332769393921,1.638864517211914,1.5176770687103271
1741033434439196200,229.27419604492187,1.6407326459884644,0.7111854553222656,1.6444284915924072
1741033434449499400,229.28449951171876,1.6950405836105347,-0.11683940887451172,0.99666827917099
1741033434459766300,229.29476635742188,1.7043426036834717,-0.898402214050293,0.4165463447570801
1741033434469902300,229.30490234375,1.5556809902191162,-1.7004146575927734,0.2754770517349243
1741033434480003000,229.31500317382813,0.8935614228248596,-2.4853358268737793,0.41978251934051514
1741033434490104300,229.32510424804687,0.22822856903076172,-3.2266845703125,0.6054014563560486
1741033434500205600,229.33520556640624,-0.17862839996814728,-3.7274208068847656,1.0301934480667114
1741033434510306300,229.34530639648438,-0.408866286277771,-4.1858110427856445,1.37735915184021
1741033434520407800,229.35540771484375,-0.46867886185646057,-4.635959148406982,1.7534139156341553
1741033434530508800,229.3655087890625,-0.34332171082496643,-4.907078742980957,2.3512206077575684
1741033434540609800,229.37560986328126,0.26345041394233704,-5.130529880523682,3.108006000518799
1741033434550711300,229.38571118164063,0.975466251373291,-5.385904788970947,3.8804056644439697
1741033434560812300,229.39581225585937,0.916604220867157,-5.476894855499268,4.573399066925049
1741033434570913000,229.4059130859375,0.3954430818557739,-5.702171325683594,4.898248195648193
1741033434581014800,229.41601489257812,0.4274752736091614,-5.845263481140137,4.758001327514648
1741033434591318500,229.42631860351563,0.4831696152687073,-5.928579330444336,4.628512382507324
1741033434601621800,229.4366218261719,0.2774982750415802,-6.088006019592285,4.3589911460876465
1741033434611885800,229.4468857421875,0.24475505948066711,-6.169831275939941,3.970623254776001
1741033434622013000,229.45701293945314,0.1423712819814682,-6.150210380554199,3.5570857524871826
1741033434632114000,229.46711401367187,0.3957009017467499,-5.807097434997559,3.1728975772857666
1741033434642215400,229.47721533203125,0.9530103206634521,-5.13428258895874,2.818535804748535
1741033434652316200,229.48731616210938,1.3587379455566406,-4.287388324737549,2.586440324783325
1741033434662417400,229.49741748046876,1.7808396816253662,-3.111048698425293,2.5764963626861572
1741033434672518700,229.5075185546875,2.0128133296966553,-1.5895318984985352,2.664327383041382
1741033434682619600,229.51761962890626,1.9518486261367798,0.21409893035888672,2.6816248893737793
1741033434692721200,229.52772119140624,1.4535598754882812,2.4372072219848633,2.649528980255127
1741033434702822100,229.537822265625,1.0725665092468262,4.962674140930176,2.7375295162200928
1741033434712923000,229.5479228515625,0.6840816140174866,6.967616081237793,2.5348598957061768
1741033434723024600,229.55802465820312,0.28397229313850403,7.311725616455078,1.7635705471038818
1741033434733125400,229.56812548828125,-1.226470947265625,6.102669715881348,-0.003311753273010254
1741033434743226000,229.57822607421875,-1.8261024951934814,4.1906280517578125,-2.420900821685791
1741033434753327000,229.5883271484375,-0.9444204568862915,2.523008346557617,-5.202332496643066
1741033434763428600,229.5984287109375,-1.419205665588379,1.3389177322387695,-6.425385475158691
1741033434773529600,229.60852954101563,-2.012256622314453,0.9503107070922852,-6.579343795776367
1741033434783630600,229.61863061523437,-0.5650991201400757,1.1239862442016602,-6.74526834487915
1741033434793732400,229.628732421875,5.218180179595947,0.9714498519897461,-6.544314384460449
1741033434803917300,229.63891723632813,16.472017288208008,-0.008352279663085938,-6.051777362823486
1741033434814220800,229.649220703125,15.695446014404297,0.33580493927001953,-3.9842967987060547
1741033434824524000,229.65952392578126,12.407373428344727,1.2405500411987305,-2.9885857105255127
1741033434834719500,229.66971948242187,6.350862979888916,3.4555721282958984,-3.56697154045105
1741033434844831700,229.67983178710938,6.20832633972168,3.8261213302612305,-2.646632432937622
1741033434854932700,229.6899326171875,5.288019180297852,3.6124629974365234,-0.7575726509094238
1741033434865200600,229.70020068359375,3.1582889556884766,3.0331296920776367,0.31688737869262695
1741033434875504000,229.71050415039062,1.296621561050415,2.3766136169433594,1.0849329233169556
1741033434885795000,229.72079516601562,0.42757725715637207,2.2865123748779297,1.7858567237854004
1741033434895885000,229.73088500976561,0.5435364246368408,2.9438180923461914,3.0061726570129395
1741033434905855500,229.74085546875,0.860600471496582,4.205126762390137,4.6104865074157715
1741033434916159000,229.75115893554687,0.9273867607116699,5.6025848388671875,6.185727119445801
1741033434926462200,229.76146215820313,0.6597881317138672,6.4847002029418945,7.242047309875488
1741033434936765000,229.77176489257812,0.2501060962677002,6.1943511962890625,7.332141876220703
1741033434947001900,229.782001953125,-0.2524338960647583,4.548174858093262,6.478431224822998
1741033434957132300,229.79213232421876,-0.7927733063697815,2.641331672668457,5.346572399139404
1741033434967233500,229.80223364257813,-1.5294545888900757,1.1982917785644531,4.410914421081543
1741033434977334300,229.81233422851562,-2.0982308387756348,-0.3059215545654297,3.6765213012695312
1741033434987435800,229.82243579101564,-2.549427032470703,-1.7750439643859863,3.2249069213867188
1741033434997536800,229.83253686523437,-2.8509626388549805,-3.0394182205200195,2.9001035690307617
1741033435007637800,229.8426376953125,-2.9510223865509033,-3.933694362640381,2.71705961227417
1741033435017738500,229.85273852539063,-2.780416965484619,-4.5364274978637695,2.625567674636841
1741033435027840300,229.86284033203125,-2.551239490509033,-4.931817054748535,2.544579029083252
1741033435037941000,229.87294091796875,-2.365600824356079,-5.298110485076904,2.413860559463501
1741033435048042000,229.8830419921875,-2.1044654846191406,-5.559654235839844,2.3305277824401855
1741033435058143500,229.8931435546875,-1.7902228832244873,-5.7359490394592285,2.3067822456359863
1741033435068244500,229.90324438476563,-1.5208460092544556,-5.860857963562012,2.256074905395508
1741033435078345500,229.91334545898437,-1.5873711109161377,-5.922158241271973,2.2466952800750732
1741033435088447000,229.92344702148438,-1.7995084524154663,-5.932963848114014,2.245417356491089
1741033435098547700,229.93354760742187,-1.98393976688385,-5.7890825271606445,2.2689175605773926
1741033435108649000,229.94364892578125,-2.1504433155059814,-5.59123420715332,2.2382116317749023
1741033435118750200,229.95375024414062,-2.2376770973205566,-5.325691223144531,2.2217464447021484
1741033435128851000,229.96385083007812,-2.318190097808838,-4.940627098083496,2.180856466293335
1741033435138952000,229.97395190429688,-2.5153629779815674,-4.42828369140625,2.064894199371338
1741033435149053400,229.98405346679687,-2.731168031692505,-3.7831077575683594,1.8821816444396973
1741033435159154400,229.99415454101563,-2.924720048904419,-2.9857449531555176,1.660868763923645
1741033435169255200,230.00425512695313,-3.122836112976074,-2.0307345390319824,1.4274803400039673
1741033435179357000,230.01435693359375,-3.3114733695983887,-0.9667348861694336,1.1597003936767578
1741033435189457700,230.02445776367188,-3.635240077972412,0.18674850463867188,0.8631932735443115
1741033435199558700,230.03455859375,-3.9687390327453613,1.4500322341918945,0.4597954750061035
1741033435209660200,230.04466015625,-4.069281578063965,2.68764591217041,0.029755353927612305
1741033435219761200,230.05476123046876,-4.363109588623047,3.986185073852539,-0.25545430183410645
1741033435229862100,230.0648620605469,-4.4027533531188965,4.89982795715332,-0.40740489959716797
1741033435239964000,230.0749638671875,-4.0175299644470215,5.340620040893555,-0.6409069299697876
1741033435250065000,230.08506494140624,-3.4733004570007324,5.313229560852051,-0.9213851690292358
1741033435260248800,230.09524877929687,-2.8403749465942383,5.097412109375,-1.1719146966934204
1741033435270552300,230.10555224609374,-2.450836181640625,4.856441497802734,-1.7538981437683105
1741033435280855600,230.11585546875,-2.1033120155334473,4.819842338562012,-2.3841116428375244
1741033435291052300,230.12605224609376,-1.6421502828598022,4.938268661499023,-3.0235466957092285
1741033435301164300,230.13616430664064,-1.2113715410232544,5.0793046951293945,-3.8836190700531006
1741033435311265000,230.14626513671874,-0.8123305439949036,5.331740379333496,-4.624905109405518
1741033435321366500,230.1563664550781,-0.21250653266906738,5.925911903381348,-4.876436710357666
1741033435331467500,230.16646752929688,0.45786523818969727,6.559948921203613,-4.361745834350586
1741033435341568300,230.176568359375,1.2642419338226318,6.133840560913086,-3.258453845977783
1741033435351669200,230.1866691894531,1.9932174682617188,4.420689582824707,-2.2485785484313965
1741033435361770800,230.19677075195312,2.3821349143981934,1.9414796829223633,-1.7370179891586304
1741033435371871700,230.20687182617186,2.1058220863342285,-0.4366645812988281,-1.8987714052200317
1741033435381972700,230.21697265625,1.4144328832626343,-1.753605842590332,-2.0758161544799805
1741033435392074200,230.22707421875,1.0852546691894531,-1.8385095596313477,-1.7133501768112183
1741033435402175000,230.23717504882814,0.7017103433609009,-0.9794015884399414,-1.204602599143982
1741033435412276200,230.24727612304687,0.19733107089996338,0.16744327545166016,-1.1443594694137573
1741033435422377500,230.25737744140625,-0.49089378118515015,1.3558969497680664,-1.3573436737060547
1741033435432478500,230.267478515625,-0.83663010597229,2.3294029235839844,-1.4582301378250122
1741033435442579200,230.2775791015625,-0.28264108300209045,2.692599296569824,-1.1497039794921875
1741033435452680700,230.2876806640625,0.5865048170089722,2.275998115539551,-0.5608360767364502
1741033435462781700,230.29778173828126,0.8670521974563599,1.4495916366577148,0.10956180095672607
1741033435472882400,230.30788232421875,0.6116395592689514,0.6832256317138672,0.4931231737136841
1741033435482984200,230.31798413085937,0.303570955991745,-0.0024261474609375,0.7471771240234375
1741033435493085000,230.3280849609375,0.13076603412628174,-0.6392383575439453,0.8228662610054016
1741033435503186000,230.33818603515624,-0.4668806195259094,-1.3679676055908203,0.8012062907218933
1741033435513287400,230.34828735351562,-0.9319416284561157,-2.102113723754883,1.0286600589752197
1741033435523388400,230.35838842773438,0.10764683783054352,-2.6097750663757324,1.5535929203033447
1741033435533514000,230.36851391601562,1.4033541679382324,-3.0989575386047363,2.0679264068603516
1741033435543817700,230.37881762695312,1.9651908874511719,-3.668769359588623,2.2833824157714844
1741033435554121000,230.38912084960938,2.41103458404541,-4.288069725036621,2.1216518878936768
1741033435564361000,230.39936083984375,2.5056114196777344,-4.777029514312744,1.9834147691726685
1741033435574488000,230.40948803710938,2.3859455585479736,-5.064799785614014,2.2385506629943848
1741033435584589300,230.41958935546876,2.047820568084717,-5.448282241821289,2.57297945022583
1741033435594690600,230.42969067382813,1.8156628608703613,-5.607769966125488,3.0486602783203125
1741033435604791300,230.43979125976563,1.7515664100646973,-5.632016658782959,3.5509393215179443
1741033435614892300,230.44989233398437,1.1350462436676025,-5.762930393218994,3.551919460296631
1741033435624993800,230.45999389648438,0.4613829255104065,-5.885680198669434,3.4935474395751953
1741033435635094800,230.4700947265625,0.04925572872161865,-5.831445217132568,3.511120080947876
1741033435645195500,230.48019555664064,-0.2631652355194092,-5.794266700744629,3.46235728263855
1741033435655297300,230.49029736328126,-0.5413575768470764,-5.813691139221191,3.298470973968506
1741033435665398000,230.50039794921875,-0.7491382360458374,-5.779425621032715,2.9969727993011475
1741033435675499000,230.5104990234375,-0.5573644042015076,-5.510863304138184,2.727247476577759
1741033435685600500,230.5206005859375,-0.022070646286010742,-4.908043384552002,2.573692798614502
1741033435695701200,230.530701171875,0.6381205320358276,-3.9182615280151367,2.6315464973449707
1741033435705802500,230.54080249023437,1.333443284034729,-2.7105512619018555,3.0008108615875244
1741033435715904000,230.55090405273438,1.9911984205245972,-1.4421157836914062,3.427908420562744
1741033435726088200,230.5610881347656,2.484205484390259,0.027101516723632812,3.695218801498413
1741033435736392000,230.57139184570312,2.640632152557373,1.8845090866088867,3.9227640628814697
1741033435746695000,230.58169482421874,2.571340799331665,4.137801170349121,3.968442440032959
1741033435756891100,230.59189111328126,2.48388671875,6.044622421264648,3.5897929668426514
1741033435767003400,230.60200341796875,2.2493844032287598,6.6698503494262695,1.9550585746765137
1741033435777104600,230.61210473632812,0.365032434463501,5.850739479064941,-0.497073769569397
1741033435787206100,230.6222060546875,-0.8092528581619263,4.882375717163086,-3.2890803813934326
1741033435797486000,230.63248608398436,0.19942092895507812,4.223706245422363,-6.6827497482299805
1741033435807789600,230.64278955078126,1.8482658863067627,2.85231876373291,-8.761795997619629
1741033435818072800,230.65307275390626,3.922783613204956,1.060023307800293,-8.553459167480469
1741033435828204300,230.66320434570312,6.316558361053467,0.028507232666015625,-7.5835418701171875
1741033435838305300,230.67330517578125,6.842638969421387,0.7184963226318359,-5.671947956085205
1741033435848406000,230.68340600585938,8.21978759765625,2.276362419128418,-3.0160257816314697
1741033435858507300,230.69350732421876,11.782086372375488,1.9511442184448242,-1.3737879991531372
1741033435868608500,230.7036083984375,9.958573341369629,2.8889036178588867,-0.9178764820098877
1741033435878709200,230.71370922851563,5.32303524017334,3.8064098358154297,-1.2846055030822754
1741033435888810800,230.72381079101564,3.1787259578704834,2.608522415161133,-1.4388844966888428
1741033435898911700,230.73391186523438,1.3686614036560059,1.3579063415527344,-0.733466386795044
1741033435909012700,230.7440126953125,-0.00567936897277832,1.405782699584961,0.2803361415863037
1741033435919114200,230.7541142578125,-0.4092979431152344,2.448526382446289,1.2489638328552246
1741033435929215200,230.76421533203126,-0.42300963401794434,4.251426696777344,2.3776395320892334
1741033435939316000,230.77431591796875,-0.6550229787826538,6.0695343017578125,3.6194164752960205
1741033435949418500,230.78441845703125,-0.7869480848312378,7.406853675842285,4.975378036499023
1741033435959519500,230.79451953125,-1.1325666904449463,7.786368370056152,5.988615036010742
1741033435969620200,230.8046201171875,-1.6414198875427246,7.027369499206543,6.123508930206299
1741033435979721200,230.81472119140625,-2.058467149734497,5.353309631347656,5.4069318771362305
1741033435989822700,230.82482275390626,-2.1522934436798096,3.325803756713867,4.2304606437683105
1741033435999923500,230.83492333984375,-1.6647754907608032,1.5397653579711914,3.1868977546691895
1741033436010024700,230.84502465820313,-1.231278419494629,0.20690441131591797,2.7043519020080566
1741033436020126000,230.8551259765625,-1.2404547929763794,-0.9343738555908203,2.6313180923461914
1741033436030227000,230.86522705078124,-1.5748451948165894,-1.9523067474365234,2.770810604095459
1741033436040328200,230.875328125,-1.9871106147766113,-3.0473451614379883,2.760258436203003
1741033436050429400,230.88542944335939,-2.2441422939300537,-4.004125118255615,2.7348639965057373
1741033436060530200,230.8955302734375,-2.2260007858276367,-4.765674591064453,2.7222702503204346
1741033436070631200,230.90563110351562,-2.162670612335205,-5.364352703094482,2.724212408065796
1741033436080732400,230.915732421875,-2.0117242336273193,-5.822145938873291,2.7216835021972656
1741033436090833700,230.92583374023437,-1.909088134765625,-6.16285514831543,2.7094857692718506
1741033436100934400,230.9359343261719,-1.8213013410568237,-6.396186828613281,2.7006070613861084
1741033436111036000,230.94603588867187,-1.7663652896881104,-6.4982757568359375,2.6592297554016113
1741033436121137000,230.95613696289064,-1.7279572486877441,-6.493595600128174,2.621054172515869
1741033436131238000,230.96623779296874,-1.6737821102142334,-6.301047325134277,2.6365182399749756
1741033436141339400,230.97633935546875,-1.6919629573822021,-5.948355197906494,2.6584622859954834
1741033436151440100,230.98644018554688,-1.8113782405853271,-5.4617414474487305,2.709831953048706
1741033436161541000,230.996541015625,-2.0864784717559814,-4.899382591247559,2.7122838497161865
1741033436171642000,231.00664208984375,-2.1453349590301514,-4.260339736938477,2.6926934719085693
1741033436181743600,231.01674365234376,-2.2234714031219482,-3.5483946800231934,2.613107442855835
1741033436191844400,231.02684423828126,-2.066288471221924,-2.725698947906494,2.5283825397491455
1741033436201945600,231.03694555664063,-1.5382969379425049,-1.7304086685180664,2.5204334259033203
1741033436212046800,231.047046875,-1.2769724130630493,-0.5015707015991211,2.6070446968078613
1741033436222147800,231.05714794921874,-1.9007232189178467,0.8433904647827148,2.4046802520751953
1741033436232249000,231.0672490234375,-3.416778326034546,2.1722278594970703,1.5639355182647705
1741033436242350300,231.0773503417969,-4.711865425109863,3.0960693359375,0.27314281463623047
1741033436252451000,231.087451171875,-5.511481285095215,3.7457809448242188,-0.873103141784668
1741033436262551800,231.0975517578125,-5.591681480407715,4.266848564147949,-1.6820075511932373
1741033436272653600,231.10765356445313,-5.393829345703125,4.757859230041504,-1.948685646057129
1741033436282754300,231.11775439453126,-4.756582260131836,5.084851264953613,-1.8097127676010132
1741033436292855300,231.12785522460936,-3.772658586502075,5.279135704040527,-1.6652902364730835
1741033436302956800,231.13795678710937,-2.9260268211364746,5.478425025939941,-1.619917869567871
1741033436313057800,231.1480578613281,-2.1387507915496826,5.571841239929199,-1.8347264528274536
1741033436323158800,231.15815869140624,-1.6030807495117188,5.3169097900390625,-2.4377007484436035
1741033436333320000,231.16831982421874,-0.7986927032470703,4.596658706665039,-3.4441282749176025
1741033436343623700,231.17862377929688,0.7450324296951294,3.9655628204345703,-4.533506393432617
1741033436353926700,231.1889267578125,1.8220146894454956,4.4165802001953125,-5.016598701477051
1741033436364142300,231.19914233398438,2.163032054901123,5.297747611999512,-4.824990272521973
1741033436374258400,231.20925854492188,2.442232608795166,5.693380355834961,-3.9855947494506836
1741033436384359700,231.21935961914062,2.7187111377716064,5.116385459899902,-2.96378755569458
1741033436394461000,231.2294609375,3.1021766662597656,3.211907386779785,-2.249116897583008
1741033436404561700,231.23956176757812,3.200747489929199,0.3151092529296875,-2.212512969970703
1741033436414662700,231.24966259765625,2.793501853942871,-1.7713747024536133,-2.2285399436950684
1741033436424765000,231.25976489257812,1.7761332988739014,-2.375274658203125,-2.1681714057922363
1741033436434865700,231.26986572265625,0.42880144715309143,-1.8419098854064941,-1.9475234746932983
1741033436444966700,231.27996655273438,-0.40903085470199585,-1.0322484970092773,-1.9106817245483398
1741033436455068200,231.29006811523436,-0.5660843253135681,0.11109447479248047,-1.8453037738800049
1741033436465169000,231.3001689453125,-0.6023612022399902,1.6069116592407227,-1.6577844619750977
1741033436475270100,231.31027026367187,-0.8610261678695679,2.8334197998046875,-1.0300354957580566
1741033436485371600,231.32037158203124,-0.6606831550598145,3.0663251876831055,-0.1065436601638794
1741033436495472400,231.33047241210937,1.5792373418807983,2.500889778137207,1.0357407331466675
1741033436505573000,231.34057299804687,3.3105859756469727,1.816269874572754,1.9711122512817383
1741033436515674400,231.35067431640624,2.9163284301757812,1.1691980361938477,2.2301692962646484
1741033436525775600,231.36077563476562,2.7858376502990723,0.45953369140625,2.269125461578369
1741033436535877000,231.37087719726563,2.1931838989257812,-0.2795438766479492,2.04966139793396
1741033436545977600,231.3809775390625,1.5890932083129883,-1.0845947265625,1.9090757369995117
1741033436556221400,231.39122143554687,1.548442006111145,-1.920579433441162,1.6127619743347168
1741033436566525000,231.40152490234374,1.4029067754745483,-2.4195919036865234,1.4711288213729858
1741033436576828000,231.41182788085936,1.274369716644287,-2.8421335220336914,1.029977560043335
1741033436586976300,231.42197631835938,1.5600370168685913,-3.3611702919006348,0.23940730094909668
1741033436597077200,231.4320771484375,1.4529861211776733,-4.0501885414123535,0.00785207748413086
1741033436607178800,231.4421787109375,0.7437757849693298,-4.8630290031433105,0.21980875730514526
1741033436617279700,231.45227978515624,0.2913132309913635,-5.471858978271484,0.6507784128189087
1741033436627429000,231.46242919921875,0.16045880317687988,-5.71817684173584,1.4007275104522705
1741033436637732900,231.47273291015625,0.16491854190826416,-5.726228713989258,2.164670705795288
1741033436648036000,231.4830361328125,0.17461174726486206,-5.797333717346191,2.9653143882751465
1741033436658244000,231.493244140625,0.1642777919769287,-5.816844940185547,3.597059965133667
1741033436668363800,231.50336376953126,-0.009563565254211426,-5.759586334228516,4.154780387878418
1741033436678480600,231.5134807128906,0.16951000690460205,-5.849228858947754,4.4042463302612305
1741033436688582100,231.52358203125,0.33711159229278564,-6.081567287445068,4.308857440948486
1741033436698826200,231.533826171875,0.39974451065063477,-6.154818534851074,3.9743242263793945
1741033436709130000,231.5441298828125,0.5696475505828857,-5.978472709655762,3.5324950218200684
1741033436719432700,231.5544326171875,0.7394411563873291,-5.459677696228027,3.131517171859741
1741033436729580500,231.56458056640625,1.035352349281311,-4.842275142669678,2.7750279903411865
1741033436739694000,231.57469409179689,1.2503321170806885,-4.116942405700684,2.513185501098633
1741033436749997800,231.58499780273436,1.374223232269287,-3.2011184692382812,2.4185988903045654
1741033436760301000,231.59530102539063,1.4189696311950684,-1.9590611457824707,2.3508923053741455
1741033436770555100,231.60555517578126,1.333701252937317,-0.34930992126464844,2.3288516998291016
1741033436780679700,231.6156796875,1.2340437173843384,1.962784767150879,2.3083548545837402
1741033436790781200,231.62578125,0.575793981552124,5.21634578704834,2.1499133110046387
1741033436800882000,231.6358818359375,-0.37472003698349,8.57968521118164,1.3185760974884033
1741033436810983000,231.64598291015625,-1.0200666189193726,9.829566955566406,-0.8477661609649658
1741033436821084200,231.65608422851562,-1.111574411392212,8.14280891418457,-3.9040064811706543
1741033436831186000,231.66618603515624,-1.6722379922866821,5.799495697021484,-6.029170989990234
1741033436841430300,231.67643017578126,-2.5042660236358643,4.298463821411133,-7.036112308502197
1741033436851567600,231.68656762695312,-1.3951467275619507,2.9060897827148438,-6.829570770263672
1741033436861823700,231.69682373046874,3.1885976791381836,0.8917465209960938,-6.437713146209717
1741033436871937300,231.70693725585937,9.511190414428711,-0.21422576904296875,-4.936504364013672
1741033436882221300,231.71722119140625,14.51775074005127,0.019349098205566406,-2.93803071975708
1741033436892386300,231.72738623046874,14.692510604858398,1.4961824417114258,-1.238651156425476
1741033436902487000,231.73748706054687,11.179448127746582,3.6885223388671875,-0.7846188545227051
1741033436912588000,231.74758813476564,8.968504905700684,5.121981620788574,-0.1911677122116089
1741033436922689800,231.75768969726562,5.7285966873168945,4.655252456665039,0.6087017059326172
1741033436932863000,231.76786303710938,2.290639638900757,3.5404138565063477,0.8162142634391785
1741033436943166500,231.77816650390625,-0.25345420837402344,2.867152214050293,1.0675837993621826
1741033436953469700,231.7884697265625,-1.2600761651992798,2.6014842987060547,1.5559794902801514
1741033436963675000,231.7986748046875,-1.2154170274734497,3.013690948486328,2.543199062347412
1741033436973789200,231.8087890625,-1.2153078317642212,3.7158870697021484,3.5974948406219482
1741033436983890200,231.81889013671875,-1.1433109045028687,4.345022201538086,4.499333381652832
1741033436993991200,231.8289912109375,-0.9738256931304932,4.7231245040893555,5.1471848487854
1741033437004092700,231.8390927734375,-1.3224353790283203,4.639693260192871,5.224308967590332
1741033437014193700,231.84919360351563,-1.778954029083252,3.7605905532836914,4.744877815246582
1741033437024294400,231.85929443359376,-2.1276192665100098,2.4734888076782227,3.9168553352355957
1741033437034395400,231.8693955078125,-2.3148720264434814,0.9666614532470703,2.933012008666992
1741033437044497000,231.87949682617187,-2.4232771396636963,-0.39864063262939453,2.2417848110198975
1741033437054597600,231.88959765625,-2.454894781112671,-1.551236629486084,1.9469385147094727
1741033437064699000,231.89969897460938,-2.5106329917907715,-2.569571018218994,1.8488339185714722
1741033437074800000,231.90980004882812,-2.5919888019561768,-3.4097185134887695,1.8991507291793823
1741033437084901000,231.91990112304688,-2.6001410484313965,-3.9852962493896484,1.9971370697021484
1741033437095001900,231.930001953125,-2.614285945892334,-4.3314642906188965,2.1029763221740723
1741033437105103000,231.94010302734375,-2.618880271911621,-4.59950065612793,2.2134876251220703
1741033437115204400,231.95020434570313,-2.613696813583374,-4.7503461837768555,2.2973103523254395
1741033437125305900,231.9603059082031,-2.6346616744995117,-4.9052653312683105,2.3543500900268555
1741033437135406300,231.97040625,-2.5622215270996094,-5.030603408813477,2.3735363483428955
1741033437145650200,231.98065014648438,-2.3465006351470947,-5.184582233428955,2.3303580284118652
1741033437155953700,231.99095361328125,-1.9502739906311035,-5.286551475524902,2.2695631980895996
1741033437166256600,232.00125659179687,-1.729386329650879,-5.346618175506592,2.1963534355163574
1741033437176405000,232.01140502929687,-1.7186030149459839,-5.341841697692871,2.107463836669922
1741033437186506000,232.02150610351563,-1.7728586196899414,-5.247494220733643,2.052443504333496
1741033437196607700,232.03160766601562,-1.8682039976119995,-4.975690841674805,1.9731800556182861
1741033437206745000,232.0417451171875,-2.022714614868164,-4.626859188079834,1.8799660205841064
1741033437217048800,232.052048828125,-2.1805405616760254,-4.186168193817139,1.715353012084961
1741033437227352000,232.06235205078124,-2.2483041286468506,-3.666471004486084,1.5853327512741089
1741033437237586400,232.07258642578125,-2.4143118858337402,-3.2172927856445312,1.4151415824890137
1741033437247707000,232.08270678710937,-2.651576042175293,-2.7558531761169434,1.1837692260742188
1741033437257808100,232.09280810546875,-2.844305992126465,-2.1619677543640137,0.9368438720703125
1741033437267909000,232.1029091796875,-3.181649923324585,-1.3713207244873047,0.6868497729301453
1741033437278009900,232.113009765625,-3.4472837448120117,-0.3167228698730469,0.48612844944000244
1741033437288111400,232.123111328125,-3.804969310760498,0.9527769088745117,0.1682049036026001
1741033437298213000,232.1332131347656,-4.121694087982178,2.3932313919067383,-0.024338841438293457
1741033437308469200,232.14346923828126,-4.158188819885254,3.891573905944824,-0.19616401195526123
1741033437318773000,232.15377294921876,-3.8300867080688477,5.182405471801758,-0.3208484649658203
1741033437328874500,232.16387451171875,-3.1809074878692627,6.0339765548706055,-0.4789386987686157
1741033437338833200,232.1738332519531,-2.405097246170044,6.360922813415527,-0.6583383083343506
1741033437349089300,232.18408935546876,-1.3674237728118896,6.204782485961914,-0.8379858732223511
1741033437359238400,232.19423828125,-0.702203094959259,5.873241424560547,-1.1403406858444214
1741033437369542100,232.20454223632814,-0.424927294254303,5.711091041564941,-1.5299525260925293
1741033437379845400,232.21484545898437,-0.6384754180908203,5.563302993774414,-2.1012182235717773
1741033437390148000,232.2251481933594,-0.8096469044685364,5.375454902648926,-2.6993517875671387
1741033437400382200,232.23538232421876,-0.5137168765068054,5.466208457946777,-3.7476115226745605
1741033437410513200,232.24551318359374,-0.10571271181106567,6.103055000305176,-4.651650905609131
1741033437420614000,232.25561376953124,0.6999903321266174,6.5216875076293945,-4.892419815063477
1741033437430714600,232.26571459960937,1.8784008026123047,5.849953651428223,-4.210169792175293
1741033437440816000,232.27581616210938,2.701380729675293,3.93121337890625,-2.9994115829467773
1741033437450917000,232.28591723632812,3.0312604904174805,1.5812301635742188,-2.170863628387451
1741033437461018000,232.29601806640625,2.6845927238464355,-0.4985322952270508,-2.011831760406494
1741033437471119600,232.30611962890626,2.1929116249084473,-1.9069032669067383,-2.0714118480682373
1741033437481220600,232.316220703125,2.1621458530426025,-2.278238296508789,-1.8762755393981934
1741033437491321300,232.3263212890625,1.9104115962982178,-1.5756158828735352,-1.4379432201385498
1741033437501422300,232.33642236328126,1.4475913047790527,-0.5806951522827148,-1.2154114246368408
1741033437511523800,232.34652392578124,1.7937358617782593,0.52471923828125,-1.0174775123596191
1741033437521625000,232.356625,2.054579734802246,1.8371362686157227,-0.747093915939331
1741033437531798000,232.36679809570313,1.378159999847412,2.6857500076293945,-0.29498136043548584
1741033437542101500,232.3771015625,0.5386583209037781,2.4625024795532227,0.25000059604644775
1741033437552404700,232.38740478515626,1.546059489250183,1.4890222549438477,0.6181374788284302
1741033437562610700,232.39761059570313,2.291517972946167,0.44570446014404297,0.6652236580848694
1741033437572724500,232.40772436523437,2.9028244018554688,-0.5075702667236328,0.9773287177085876
1741033437582825500,232.4178254394531,2.796109437942505,-1.364858627319336,1.331685185432434
1741033437592927000,232.42792700195312,2.580756187438965,-1.8963613510131836,1.4067507982254028
1741033437603028000,232.43802807617186,2.4357430934906006,-2.3420324325561523,1.4337371587753296
1741033437613128700,232.44812866210938,1.9522067308425903,-2.7808051109313965,1.332699179649353
1741033437623229400,232.4582294921875,1.6549140214920044,-3.192293643951416,1.1257895231246948
1741033437633331200,232.46833129882813,1.266444444656372,-3.717078685760498,0.8807410001754761
1741033437643432000,232.47843188476563,0.7234359383583069,-4.2617902755737305,0.73923259973526
1741033437653533000,232.48853295898436,0.3333706855773926,-4.6890764236450195,0.8679890632629395
1741033437663634400,232.49863452148438,0.1664520651102066,-4.83990478515625,1.5443575382232666
1741033437673735400,232.5087353515625,-0.07928928732872009,-4.9857177734375,2.2581028938293457
1741033437683836200,232.51883618164064,-0.17448550462722778,-5.190705299377441,2.7486472129821777
1741033437693937400,232.5289375,-0.12284433841705322,-5.407607078552246,2.905712842941284
1741033437704039200,232.5390390625,0.059157609939575195,-5.572775363922119,2.721691131591797
1741033437714236000,232.54923583984376,0.13093340396881104,-5.566006183624268,2.7831294536590576
1741033437724408800,232.55940893554688,-0.0051950812339782715,-5.539455890655518,3.0213494300842285
1741033437734641200,232.56964111328125,0.002362489700317383,-5.587891578674316,3.0339205265045166
1741033437744945000,232.57994482421876,0.21626508235931396,-5.390103340148926,3.0595104694366455
1741033437755131100,232.59013110351563,0.5477478504180908,-5.042408466339111,3.013072967529297
1741033437765239000,232.60023901367188,1.0070621967315674,-4.563791751861572,2.890367031097412
1741033437775340500,232.61034057617186,1.3108606338500977,-4.036497592926025,2.674696922302246
1741033437785644300,232.62064428710937,1.5621751546859741,-3.623483180999756,2.4203543663024902
1741033437795947800,232.63094775390624,1.7735812664031982,-3.076526165008545,2.3264899253845215
1741033437806211800,232.6412119140625,1.8644317388534546,-2.384399890899658,2.471841335296631
1741033437816338700,232.65133862304688,1.7786967754364014,-1.3172454833984375,2.7342989444732666
1741033437826440000,232.66143994140626,1.7910284996032715,0.4397573471069336,3.100234270095825
1741033437836625000,232.671625,1.4152268171310425,2.9038267135620117,3.1932740211486816
1741033437846928400,232.68192846679688,0.7269214391708374,5.920558929443359,2.86799693107605
1741033437857231600,232.69223168945314,0.17854654788970947,8.18804931640625,1.7640416622161865
1741033437867427800,232.702427734375,-0.7345534563064575,8.136871337890625,-0.23376202583312988
1741033437877539600,232.71253955078126,-1.3822542428970337,6.1813764572143555,-3.4281210899353027
1741033437887641000,232.72264111328124,-2.7079453468322754,4.332476615905762,-6.257953643798828
1741033437897742000,232.7327421875,-3.843371629714966,3.255678176879883,-7.651832103729248
1741033437907843600,232.74284350585938,-2.8217947483062744,2.355560302734375,-7.576330661773682
1741033437918123500,232.75312353515625,0.34343624114990234,1.1733427047729492,-6.918776035308838
1741033437928427000,232.76342700195312,6.206804275512695,0.5215625762939453,-5.747365951538086
1741033437938702800,232.7737028808594,12.309349060058594,0.6282081604003906,-4.042851448059082
1741033437948841700,232.783841796875,13.887825012207031,3.2506561279296875,-2.0187559127807617
1741033437958942500,232.7939423828125,12.608331680297852,6.243915557861328,-1.068636178970337
1741033437969043700,232.80404370117188,10.400968551635742,6.938777923583984,-0.6517560482025146
1741033437979145000,232.81414501953125,5.383549690246582,5.59633731842041,0.2030036449432373
1741033437989341400,232.82434155273438,1.2776479721069336,3.9847164154052734,0.29757869243621826
1741033437999645000,232.83464501953125,-0.777997612953186,3.078028678894043,0.3960829973220825
1741033438009948000,232.84494799804688,-1.1475799083709717,2.8465051651000977,1.0284723043441772
1741033438020134400,232.8551345214844,-1.0551608800888062,3.0337228775024414,2.1229190826416016
1741033438030244600,232.86524462890625,-0.7840731143951416,3.339387893676758,3.367560386657715
1741033438040345600,232.875345703125,-0.891166090965271,3.4128875732421875,4.231407165527344
1741033438050446600,232.88544653320312,-1.0274807214736938,2.9057998657226562,4.499625205993652
1741033438060547300,232.89554736328125,-1.2813602685928345,2.0226516723632812,4.120463848114014
1741033438070649000,232.90564916992187,-1.4522373676300049,1.0701513290405273,3.3808083534240723
1741033438080749800,232.91574975585937,-1.4528436660766602,0.25554656982421875,2.750746726989746
1741033438090850800,232.92585083007813,-1.5105241537094116,-0.5867633819580078,2.4667460918426514
1741033438100952300,232.93595239257812,-1.7327516078948975,-1.5625572204589844,2.347097158432007
1741033438111053000,232.94605297851564,-2.060762643814087,-2.652541160583496,2.2919533252716064
1741033438121154000,232.95615405273438,-2.4136581420898438,-3.682011127471924,2.244293689727783
1741033438131255300,232.96625537109375,-2.53361439704895,-4.496947765350342,2.2601311206817627
1741033438141356500,232.9763564453125,-2.6616878509521484,-4.981357097625732,2.3008034229278564
1741033438151457300,232.98645727539062,-2.711517333984375,-5.269806861877441,2.3069944381713867
1741033438161558800,232.99655883789063,-2.739008903503418,-5.319987773895264,2.331599712371826
1741033438171659800,233.00665966796876,-2.8088927268981934,-5.241433143615723,2.370234489440918
1741033438181760500,233.01676049804686,-2.834693431854248,-5.048855781555176,2.447723865509033
1741033438191861500,233.02686157226563,-2.818793296813965,-4.717166900634766,2.5749621391296387
1741033438201963000,233.036962890625,-2.757927417755127,-4.341615676879883,2.6477928161621094
1741033438212064000,233.04706396484374,-2.6014857292175293,-3.9855332374572754,2.614844799041748
1741033438222164700,233.05716479492187,-2.1870670318603516,-3.720606803894043,2.543241024017334
1741033438232266500,233.0672666015625,-1.7978358268737793,-3.5716428756713867,2.3937811851501465
1741033438242367200,233.0773671875,-1.1807525157928467,-3.3180947303771973,2.2596945762634277
1741033438252468200,233.08746826171875,-1.0492057800292969,-2.9933719635009766,1.9544942378997803
1741033438262569200,233.0975693359375,-2.1959657669067383,-2.714801788330078,1.4776912927627563
1741033438272670700,233.10767065429687,-3.6407392024993896,-2.308350086212158,0.6860380172729492
1741033438282771500,233.117771484375,-4.906088352203369,-1.9231009483337402,-0.47640442848205566
1741033438292872700,233.12787280273437,-6.062539577484131,-1.327101707458496,-1.2893970012664795
1741033438302974000,233.1379738769531,-6.299518585205078,-0.6860265731811523,-1.5286439657211304
1741033438313074700,233.14807470703124,-6.085733890533447,0.00424957275390625,-1.1541084051132202
1741033438323176200,233.15817626953125,-5.6128621101379395,0.8168821334838867,-0.4083791971206665
1741033438333277200,233.16827709960938,-5.020007133483887,1.8491086959838867,0.35784459114074707
1741033438343378200,233.17837817382812,-4.383008003234863,3.213682174682617,1.0370664596557617
1741033438353479000,233.18847900390625,-3.648139476776123,4.567190170288086,1.602920651435852
1741033438363580400,233.19858032226563,-2.806783676147461,5.5497283935546875,1.8671079874038696
1741033438373681400,233.20868139648437,-1.7474946975708008,5.787416458129883,1.6118319034576416
1741033438383782400,233.21878247070313,-1.063973069190979,5.437267303466797,0.8388479351997375
1741033438393884000,233.2288837890625,-0.7052395343780518,4.78809928894043,-0.12772870063781738
1741033438403985000,233.23898486328125,0.08196139335632324,4.066025733947754,-1.3029118776321411
1741033438414085600,233.24908569335938,1.4259649515151978,3.6511363983154297,-2.369609832763672
1741033438424186600,233.2591865234375,0.9612916707992554,3.6888933181762695,-2.960481882095337
1741033438434288000,233.2692880859375,0.2932107448577881,3.6781978607177734,-3.7007627487182617
1741033438444388900,233.27938891601562,0.933801531791687,3.854074478149414,-4.538424968719482
1741033438454490000,233.2894899902344,1.9649248123168945,4.513431549072266,-4.313053607940674
1741033438464591400,233.29959130859376,2.6253104209899902,4.500093460083008,-3.188962697982788
1741033438474692400,233.3096923828125,2.5595107078552246,3.3750810623168945,-2.448132038116455
1741033438484793000,233.31979296875,2.108898162841797,1.5329761505126953,-1.5998940467834473
1741033438494894600,233.32989453125,1.7818694114685059,-0.4671440124511719,-1.329761028289795
1741033438504995600,233.33999560546874,1.0877556800842285,-1.8391757011413574,-1.4912290573120117
1741033438515096600,233.3500966796875,0.6994571089744568,-2.191171169281006,-1.5772721767425537
1741033438525197300,233.360197265625,0.9077130556106567,-1.1120328903198242,-1.6927813291549683
1741033438535298800,233.370298828125,0.20366334915161133,0.8019447326660156,-1.753914475440979
1741033438545399800,233.38039990234375,-0.23751991987228394,2.4757461547851562,-1.8718740940093994
1741033438555500800,233.39050073242188,0.3464084565639496,3.090775489807129,-1.7450134754180908
1741033438565602300,233.40060229492187,1.5371723175048828,2.5328550338745117,-0.9663335084915161
1741033438575703000,233.410703125,1.841149926185608,1.6378698348999023,0.13757967948913574
1741033438585804000,233.42080395507813,1.307160496711731,0.8832244873046875,0.7782032489776611
1741033438595905000,233.43090502929687,0.368986040353775,0.27918243408203125,1.0967144966125488
1741033438606006500,233.44100659179688,-1.522676706314087,-0.23157215118408203,1.1980494260787964
1741033438616107300,233.45110717773437,-0.6909069418907166,-0.806330680847168,1.6540268659591675
1741033438626208500,233.46120849609375,0.922724723815918,-1.5569000244140625,2.108135461807251
1741033438636417300,233.47141723632814,1.7957022190093994,-2.2502055168151855,2.216343402862549
1741033438646720800,233.481720703125,2.1293797492980957,-2.8902735710144043,2.0571341514587402
1741033438657023700,233.49202368164063,2.493295907974243,-3.3705248832702637,1.5596473217010498
1741033438667200500,233.50220043945313,2.85762882232666,-3.8461742401123047,0.9795396327972412
1741033438677308000,233.5123078613281,2.71109676361084,-4.314594268798828,1.014106273651123
1741033438687409700,233.52240966796876,1.8891284465789795,-4.82883882522583,1.0827360153198242
1741033438697510400,233.53251049804686,1.9098525047302246,-5.182617664337158,1.770146131515503
1741033438707612200,233.54261206054687,1.4040850400924683,-5.437679290771484,2.0456910133361816
1741033438717712400,233.55271240234376,1.1563973426818848,-5.442751407623291,2.440638542175293
1741033438727849000,233.56284887695313,0.6547733545303345,-5.408415794372559,2.531982183456421
1741033438738152400,233.57315234375,0.3144829273223877,-5.5811662673950195,2.4946889877319336
1741033438748385000,233.58338500976564,0.12463617324829102,-5.799546241760254,2.3600401878356934
1741033438758558000,233.59355786132812,-0.04379105567932129,-6.1067047119140625,2.2191410064697266
1741033438768789000,233.6037890625,-0.267561674118042,-6.430863380432129,2.4156360626220703
1741033438778913300,233.61391333007813,-0.3052276372909546,-6.578221797943115,2.6100404262542725
1741033438789014300,233.62401416015626,-0.13322925567626953,-6.300535202026367,2.9131486415863037
1741033438799115300,233.634115234375,0.12992513179779053,-5.737668991088867,3.115356922149658
1741033438809216800,233.644216796875,0.2989872694015503,-5.058596611022949,3.147038221359253
1741033438819317800,233.65431787109375,0.6083015203475952,-4.142354965209961,3.2022652626037598
1741033438829418500,233.66441845703125,1.0710417032241821,-2.5564041137695312,3.4070634841918945
1741033438839519500,233.67451953125,1.6609491109848022,-0.265289306640625,3.4553446769714355
1741033438849621000,233.68462109375,2.386631488800049,3.217609405517578,3.450150489807129
1741033438859722000,233.69472192382813,1.6317355632781982,8.099296569824219,3.266239643096924
1741033438869822700,233.70482275390626,1.1707433462142944,11.535148620605469,1.7922077178955078
1741033438879960300,233.7149602050781,1.168406367301941,10.890612602233887,-1.8377234935760498
1741033438890263800,233.72526391601562,2.2862954139709473,6.7666015625,-5.794023036956787
1741033438900567000,233.73556713867188,2.6287152767181396,3.7100181579589844,-7.550361633300781
1741033438910802000,233.74580200195314,2.476919651031494,1.9003429412841797,-7.796464443206787
1741033438920922600,233.75592260742187,4.885767936706543,-0.2763652801513672,-8.033285140991211
1741033438931023400,233.7660234375,5.046117782592773,-1.460615634918213,-6.918202877044678
1741033438941124900,233.77612475585937,7.878817558288574,-2.0156197547912598,-4.499973773956299
1741033438951225900,233.78622583007814,11.64832878112793,-1.1688275337219238,-1.5942219495773315
1741033438961326800,233.79632690429688,9.059371948242188,2.8226699829101562,-0.20611238479614258
1741033438971428400,233.8064284667969,5.7126874923706055,7.241077423095703,-0.27631545066833496
1741033438981529300,233.816529296875,4.108342170715332,9.814013481140137,-0.47756004333496094
1741033438991630000,233.82663012695312,1.5952043533325195,9.767354011535645,0.06592726707458496
1741033439001730800,233.8367307128906,0.06249713897705078,7.005819320678711,0.5336557626724243
1741033439011832600,233.84683251953126,-0.149871826171875,3.9546871185302734,0.8686549663543701
1741033439021933600,233.85693359375,-0.25150513648986816,2.6824159622192383,1.0173351764678955
1741033439032071000,233.86707080078125,-0.899235725402832,2.946566581726074,0.9509304761886597
1741033439042374700,233.87737475585936,-1.1821330785751343,4.215020179748535,1.5770561695098877
1741033439052678000,233.88767797851563,-1.3363418579101562,5.388318061828613,2.8072738647460938
1741033439062912800,233.89791284179688,-1.4235973358154297,5.444393157958984,3.967846393585205
1741033439073033200,233.908033203125,-1.634475588798523,4.50798225402832,4.626742362976074
1741033439083134000,233.91813403320313,-1.9361966848373413,3.045708656311035,4.687331676483154
1741033439093235000,233.92823486328126,-2.1106348037719727,1.4052724838256836,4.359456539154053
1741033439103336200,233.93833618164064,-1.933850646018982,0.0075206756591796875,3.903693199157715
1741033439113437400,233.9484375,-1.6836259365081787,-1.077132225036621,3.511556386947632
1741033439123538200,233.9585380859375,-1.567047119140625,-2.1486477851867676,3.2153244018554688
1741033439133639700,233.9686396484375,-1.6464202404022217,-3.2584662437438965,3.0370945930480957
1741033439143740700,233.97874072265626,-1.6709587574005127,-4.288238525390625,2.942997455596924
1741033439153841700,233.98884155273439,-1.6257071495056152,-5.159398555755615,2.8709490299224854
1741033439163942400,233.9989423828125,-1.5044152736663818,-5.828442573547363,2.802932024002075
1741033439174044200,234.00904418945314,-1.3673241138458252,-6.305185317993164,2.7510650157928467
1741033439184145000,234.01914477539063,-1.3054542541503906,-6.5934906005859375,2.7614388465881348
1741033439194245600,234.02924560546876,-1.4434465169906616,-6.730902194976807,2.8509867191314697
1741033439204347000,234.03934692382813,-1.524722695350647,-6.7285943031311035,2.9137463569641113
1741033439214448000,234.0494482421875,-1.5505231618881226,-6.5829010009765625,2.971822738647461
1741033439224549000,234.0595490722656,-1.6164618730545044,-6.3440728187561035,3.0612435340881348
1741033439234650400,234.069650390625,-1.7730395793914795,-5.99858283996582,3.1724202632904053
1741033439244751600,234.07975170898436,-1.7977864742279053,-5.469607353210449,3.3508081436157227
1741033439254852400,234.08985229492188,-1.7019779682159424,-4.842510223388672,3.570819616317749
1741033439264953300,234.09995336914062,-1.59716796875,-4.158198356628418,3.71571683883667
1741033439275054600,234.1100546875,-1.780961275100708,-3.528353691101074,3.706275224685669
1741033439285155800,234.12015576171876,-2.0181872844696045,-2.92105770111084,3.529715061187744
1741033439295256600,234.13025659179686,-2.1921486854553223,-2.2417945861816406,3.2704758644104004
1741033439305358000,234.14035815429688,-2.287750482559204,-1.4492225646972656,3.1132097244262695
1741033439315459000,234.150458984375,-2.402117967605591,-0.49047088623046875,3.023683547973633
1741033439325559800,234.16055981445314,-2.4278082847595215,0.6455459594726562,2.9538559913635254
1741033439335660800,234.17066088867188,-2.460627555847168,1.7927684783935547,2.9489665031433105
1741033439345762300,234.18076220703125,-2.384866952896118,2.9183664321899414,3.02018666267395
1741033439355863300,234.19086328125,-2.482261896133423,4.0594072341918945,2.940760612487793
1741033439365964300,234.20096435546876,-2.572011947631836,5.068333625793457,2.6902825832366943
1741033439376065800,234.21106567382813,-2.3967719078063965,5.746342658996582,2.048251152038574
1741033439386166500,234.22116650390626,-2.0113813877105713,6.041787147521973,0.6291790008544922
1741033439396267500,234.231267578125,-1.5436216592788696,5.675431251525879,-0.9362846612930298
1741033439406368800,234.24136865234374,-1.4941024780273438,5.566256523132324,-2.654989719390869
1741033439416470000,234.2514699707031,-2.0378880500793457,5.725155830383301,-3.9106860160827637
1741033439426570800,234.26157080078124,-2.2391743659973145,5.506804466247559,-5.790095329284668
1741033439436671500,234.27167138671874,-2.285065174102783,4.825831413269043,-7.93305778503418
1741033439446773000,234.28177294921875,-1.570847511291504,4.122832298278809,-7.898944854736328
1741033439456874000,234.2918740234375,-0.5659895539283752,4.039356231689453,-6.180668830871582
1741033439466975000,234.30197509765625,0.24346208572387695,4.847702980041504,-4.520167350769043
1741033439477076500,234.31207641601563,0.8462783098220825,6.030632972717285,-3.52461576461792
1741033439487177500,234.32217749023437,1.3834187984466553,5.973357200622559,-3.3893957138061523
1741033439497278200,234.3322783203125,1.6762354373931885,4.081256866455078,-3.907494068145752
1741033439507379200,234.34237915039063,1.510789394378662,0.9309787750244141,-4.593117713928223
1741033439517480700,234.35248071289064,1.6333372592926025,-1.7644190788269043,-4.835805892944336
1741033439527581700,234.36258178710938,2.0444302558898926,-3.071469783782959,-4.082250595092773
1741033439537682700,234.3726826171875,2.6819868087768555,-3.043914794921875,-3.2803876399993896
1741033439547784200,234.3827841796875,3.4053947925567627,-1.738515853881836,-2.7675628662109375
1741033439557885000,234.39288500976562,3.2146072387695312,0.20686054229736328,-2.3557543754577637
1741033439567985700,234.40298559570311,2.3645238876342773,2.1998586654663086,-1.8156737089157104
1741033439578087200,234.41308715820313,2.153902292251587,3.5396833419799805,-0.7046684622764587
1741033439588188200,234.42318823242186,3.2119853496551514,3.3484325408935547,0.5830771923065186
1741033439598289200,234.4332890625,4.0149245262146,1.814870834350586,1.412172555923462
1741033439608390000,234.44338989257812,3.548060178756714,0.4274921417236328,1.758055567741394
1741033439618491400,234.45349145507814,2.8072094917297363,-0.6570367813110352,1.567248821258545
1741033439628593200,234.46359326171876,2.1820199489593506,-1.5799617767333984,1.1380000114440918
1741033439638885000,234.47388500976564,1.4229987859725952,-2.246943473815918,0.47446751594543457
1741033439649188600,234.48418872070312,0.31772905588150024,-2.847175121307373,-0.22728371620178223
1741033439659462000,234.4944619140625,-0.4006442427635193,-3.106107234954834,-0.43767237663269043
1741033439669590800,234.5045908203125,-0.777998685836792,-3.417919635772705,-0.5628635883331299
1741033439679692500,234.51469262695312,-0.8992685079574585,-3.639660358428955,-0.9699138402938843
1741033439689865500,234.52486547851564,-0.7887523174285889,-3.801267147064209,-1.65618896484375
1741033439700169200,234.53516918945311,-0.8244526386260986,-4.029308319091797,-2.133293390274048
1741033439710472200,234.54547216796874,-0.7103273272514343,-4.15395975112915,-1.121367335319519
1741033439720677600,234.555677734375,-0.537220299243927,-4.606316566467285,-0.20231056213378906
1741033439730791200,234.56579125976563,-0.4479546844959259,-5.212158203125,0.15942305326461792
1741033439740892700,234.575892578125,-0.46386706829071045,-5.7317585945129395,0.5471184253692627
1741033439750993700,234.58599365234375,-0.5950750112533569,-5.914635181427002,0.9960677623748779
1741033439761094700,234.5960947265625,-0.5748745203018188,-5.879313945770264,1.778809905052185
1741033439771196200,234.6061960449219,-0.23510825634002686,-5.793944358825684,2.8767881393432617
1741033439781297200,234.61629711914063,0.17945098876953125,-5.663783073425293,3.913405179977417
1741033439791398000,234.62639794921876,0.4303025007247925,-5.567809104919434,4.739718914031982
1741033439801499000,234.6364987792969,0.4340413808822632,-5.159068584442139,5.730983257293701
1741033439811600400,234.64660034179687,0.787254810333252,-4.713252067565918,6.554771423339844
1741033439821701400,234.65670141601564,1.240011215209961,-4.2279558181762695,7.1516571044921875
1741033439831802000,234.66680200195313,1.4612213373184204,-3.9860339164733887,7.13250732421875
1741033439841903400,234.6769033203125,1.4571410417556763,-3.7604284286499023,6.64365291595459
1741033439852004600,234.68700463867188,1.547382116317749,-3.4602174758911133,6.012057304382324
1741033439862105300,234.69710522460937,1.8007891178131104,-2.8732705116271973,5.363828182220459
1741033439872206800,234.70720678710939,2.0863990783691406,-1.611032485961914,4.963460445404053
1741033439882307800,234.71730786132812,2.166106939315796,0.5507574081420898,4.833649635314941
1741033439892408800,234.72740893554686,1.1147911548614502,3.8382415771484375,4.493596076965332
1741033439902509600,234.73750952148438,-0.620448648929596,7.650020599365234,4.003398418426514
1741033439912611000,234.74761108398437,-1.8172016143798828,10.184958457946777,2.187556266784668
1741033439922712000,234.75771215820313,-1.7895257472991943,9.265069961547852,-1.8283778429031372
1741033439932813000,234.76781298828126,-1.9369289875030518,6.050929069519043,-6.012187957763672
1741033439942914600,234.77791455078125,-2.9929311275482178,3.435100555419922,-7.711592197418213
1741033439953015600,234.788015625,-1.8970489501953125,1.363443374633789,-7.7224225997924805
1741033439963116300,234.7981162109375,3.129807233810425,-0.6705703735351562,-8.04529857635498
1741033439973217300,234.80821728515625,7.639842987060547,-1.882380485534668,-8.330499649047852
1741033439983318800,234.81831884765626,13.547167778015137,-2.023712635040283,-6.67817497253418
1741033439993419500,234.82841943359375,18.522951126098633,-0.33560657501220703,-3.3467564582824707
1741033440003520500,234.8385205078125,14.865470886230469,3.409503936767578,-1.0011999607086182
1741033440013621500,234.84862158203126,9.546825408935547,5.842004776000977,-0.7322875261306763
1741033440023723000,234.85872290039063,6.097168922424316,5.544909477233887,-0.6628193855285645
1741033440033823700,234.86882373046876,1.7815871238708496,3.9888648986816406,-0.23104619979858398
1741033440043925000,234.87892504882814,-0.9270395040512085,2.563511848449707,-0.10968160629272461
1741033440054026200,234.88902612304688,-2.0104544162750244,1.8792495727539062,0.2322826385498047
1741033440064127000,234.899126953125,-2.076794147491455,2.1407947540283203,0.6599878072738647
1741033440074228000,234.90922802734374,-1.643338918685913,3.534247398376465,1.4744598865509033
1741033440084329500,234.91932958984376,-1.2640323638916016,5.392053604125977,2.7359061241149902
1741033440094430500,234.92943041992189,-1.2541393041610718,7.165538787841797,4.2196364402771
1741033440104531200,234.93953125,-1.6562590599060059,7.7779388427734375,5.173012733459473
1741033440114632200,234.94963208007812,-1.84284245967865,6.589319229125977,5.278414726257324
1741033440124733700,234.95973364257813,-1.7171368598937988,4.009126663208008,4.54683780670166
1741033440134834700,234.96983471679687,-1.6234066486358643,1.8743371963500977,3.585858106613159
1741033440144935700,234.97993579101563,-1.3428122997283936,0.5740385055541992,2.994220495223999
1741033440155037200,234.990037109375,-1.5043061971664429,-0.2774229049682617,2.8022243976593018
1741033440165138000,235.0001379394531,-2.055204391479492,-1.2087602615356445,2.726562023162842
1741033440175238700,235.01023876953124,-2.45300030708313,-2.1039438247680664,2.7081451416015625
1741033440185340000,235.02033984375,-2.5781068801879883,-2.840573787689209,2.757230043411255
1741033440195441200,235.03044116210938,-2.7543020248413086,-3.4784111976623535,2.807386636734009
1741033440205542100,235.04054223632812,-2.747204065322876,-4.005375385284424,2.8392117023468018
1741033440215643000,235.05064282226562,-2.6374478340148926,-4.407944202423096,2.8657310009002686
1741033440225744400,235.06074438476563,-2.5044233798980713,-4.722074508666992,2.813732147216797
1741033440235846100,235.07084619140625,-2.5185976028442383,-4.908839225769043,2.739665985107422
1741033440246114300,235.0811142578125,-2.461355209350586,-5.1348652839660645,2.5873637199401855
1741033440256417800,235.09141772460939,-2.2714829444885254,-5.356975555419922,2.478508949279785
1741033440266710800,235.10171069335937,-1.9746602773666382,-5.497150421142578,2.363915205001831
1741033440276843800,235.11184375,-1.6807267665863037,-5.644787788391113,2.241807699203491
1741033440286945300,235.1219453125,-1.0958033800125122,-5.69140625,2.1311116218566895
1741033440297046000,235.1320458984375,-0.7416223883628845,-5.595773696899414,2.027406930923462
1741033440307147000,235.14214697265626,-1.158130407333374,-5.386465549468994,1.885855793952942
1741033440317248000,235.152248046875,-2.238100051879883,-4.985655307769775,1.6433987617492676
1741033440327349500,235.162349609375,-2.9948363304138184,-4.366892337799072,1.3743665218353271
1741033440337450200,235.1724501953125,-3.5107507705688477,-3.7156286239624023,1.0656555891036987
1741033440347551200,235.18255126953125,-4.042559623718262,-2.9279041290283203,0.9024970531463623
1741033440357652500,235.19265258789062,-4.147529602050781,-2.1804065704345703,0.6932896375656128
1741033440367753700,235.2027536621094,-4.287272930145264,-1.3240022659301758,0.5335506200790405
1741033440377854500,235.2128544921875,-4.249749660491943,-0.28594112396240234,0.6067532300949097
1741033440387956000,235.2229560546875,-3.995361089706421,0.8613653182983398,0.8256029486656189
1741033440398057000,235.23305688476563,-3.6504154205322266,2.0485191345214844,1.09271240234375
1741033440408157700,235.24315771484376,-3.263787269592285,3.2967453002929688,1.436234474182129
1741033440418258700,235.2532587890625,-2.7353243827819824,4.377341270446777,1.6847245693206787
1741033440428360400,235.2633603515625,-2.01580810546875,5.045802116394043,1.6741242408752441
1741033440438474000,235.27347387695312,-1.3284173011779785,5.2412004470825195,1.3646256923675537
1741033440448777700,235.28377783203126,-0.9769596457481384,5.201098442077637,0.8667396306991577
1741033440459081000,235.2940810546875,-0.8031500577926636,5.135318756103516,0.10830700397491455
1741033440469329700,235.30432958984375,-0.9806623458862305,5.035067558288574,-0.9249048233032227
1741033440479459300,235.31445922851563,-0.9886366128921509,4.964763641357422,-2.4704201221466064
1741033440489560800,235.3245607910156,-1.0682058334350586,4.777681350708008,-3.9431309700012207
1741033440499661600,235.33466162109374,0.5471142530441284,4.026606559753418,-6.115199565887451
1741033440509762800,235.3447626953125,5.799675464630127,3.2956695556640625,-7.47236442565918
1741033440519864000,235.3548640136719,4.995602607727051,4.398756980895996,-6.792661666870117
1741033440529964800,235.36496484375,3.8318986892700195,5.672793388366699,-4.822834014892578
1741033440540065800,235.37506567382812,3.798941135406494,5.60496711730957,-3.1491332054138184
1741033440550167300,235.38516723632813,4.1905035972595215,3.9049291610717773,-2.479875087738037
1741033440560268300,235.39526831054687,4.574801445007324,0.784855842590332,-2.9907641410827637
1741033440570369000,235.405369140625,3.777081251144409,-1.6961379051208496,-3.211236000061035
1741033440580470000,235.41546997070313,2.4033446311950684,-2.816847324371338,-2.6133222579956055
1741033440590571500,235.4255715332031,1.2877644300460815,-2.7981133460998535,-2.008103609085083
1741033440600672500,235.43567260742188,0.30731329321861267,-1.7662696838378906,-1.7318059206008911
1741033440610773200,235.44577319335937,0.05769631266593933,0.40094757080078125,-1.460444688796997
1741033440620874200,235.45587426757814,0.026736900210380554,2.524258613586426,-1.109580159187317
1741033440630975700,235.46597583007812,-0.8977150321006775,3.79642391204834,-0.7415111064910889
1741033440641076500,235.47607641601562,-1.195092797279358,4.039916038513184,-0.06461453437805176
1741033440651177700,235.486177734375,0.15469901263713837,3.3619384765625,0.6223138570785522
1741033440661279000,235.49627905273437,1.9848146438598633,2.4599609375,1.2245572805404663
1741033440671380000,235.5063798828125,2.823526620864868,1.6819171905517578,1.4059374332427979
1741033440681480700,235.51648071289063,2.417191743850708,0.8661708831787109,1.2352473735809326
1741033440691582200,235.52658227539064,2.096083641052246,-0.16156005859375,0.5781211853027344
1741033440701683200,235.53668310546874,1.6161479949951172,-1.1524810791015625,0.12163019180297852
1741033440711784200,235.5467841796875,1.020967721939087,-1.9747943878173828,-0.27537810802459717
1741033440721885000,235.55688500976564,0.15329954028129578,-2.6533827781677246,-0.3783268928527832
1741033440731986700,235.56698657226562,-0.7000293135643005,-3.3187384605407715,-0.24864304065704346
1741033440742087400,235.57708740234375,-1.0286450386047363,-3.8223013877868652,-0.06264197826385498
1741033440752188400,235.5871884765625,-1.069288969039917,-4.132637977600098,0.23565739393234253
1741033440762290000,235.5972900390625,-1.0112955570220947,-4.467780113220215,0.46472471952438354
1741033440772390700,235.607390625,-0.804175853729248,-5.003087043762207,0.7724792957305908
1741033440782491600,235.61749169921876,-0.7756751179695129,-5.520275115966797,1.2345058917999268
1741033440792592600,235.62759252929686,-0.5891143679618835,-5.797375679016113,1.8495826721191406
1741033440802694100,235.63769409179687,-0.18873292207717896,-5.656731605529785,2.8263208866119385
1741033440812795000,235.647794921875,0.14799314737319946,-5.669183731079102,3.60768985748291
1741033440822896000,235.65789624023438,0.3175486922264099,-5.6032490730285645,4.317322731018066
1741033440833105000,235.66810498046874,0.5905514359474182,-5.685424327850342,4.47654390335083
1741033440843408400,235.67840844726564,0.739872395992279,-5.9202470779418945,4.316399097442627
1741033440853711400,235.68871142578126,0.8124916553497314,-6.045473098754883,4.177459239959717
1741033440863888600,235.698888671875,0.6850196719169617,-6.013096332550049,3.9955060482025146
1741033440873995300,235.70899536132814,0.488273024559021,-5.788858890533447,3.800255060195923
1741033440884096300,235.71909619140624,0.5844283103942871,-5.232334136962891,3.6725196838378906
1741033440894197800,235.72919775390625,0.8826205730438232,-4.513954162597656,3.488619327545166
1741033440904298800,235.739298828125,1.0764254331588745,-3.653383731842041,3.3344128131866455
1741033440914399700,235.74939965820312,1.2676169872283936,-2.63041353225708,3.186704635620117
1741033440924501200,235.75950122070313,1.3665459156036377,-1.2913579940795898,3.0445821285247803
1741033440934602000,235.76960205078126,1.269453525543213,0.48714542388916016,2.835118532180786
1741033440944703000,235.77970288085936,0.9419606328010559,2.865009307861328,2.6445491313934326
1741033440954804000,235.78980395507813,0.41882115602493286,5.410058975219727,2.6293833255767822
1741033440964905500,235.7999055175781,-0.47237661480903625,7.17848014831543,2.1281092166900635
1741033440975006200,235.81000610351563,-1.4224799871444702,7.01689338684082,0.9564758539199829
1741033440985107000,235.82010693359376,-1.5778648853302002,5.287472724914551,-0.8353159427642822
1741033440995208400,235.83020849609375,-0.8774868249893188,3.4949893951416016,-3.0923562049865723
1741033441005309400,235.84030932617188,-1.5521581172943115,2.757338523864746,-4.779900550842285
1741033441015410400,235.85041040039061,-3.640655994415283,2.9663686752319336,-6.287790775299072
1741033441025512000,235.86051196289063,-4.193021774291992,2.4114151000976562,-6.565620422363281
1741033441035613000,235.87061303710936,-0.4249330759048462,0.6273012161254883,-6.3178558349609375
1741033441045713700,235.8807136230469,5.267580986022949,-1.2520933151245117,-6.674503326416016
1741033441055814700,235.89081469726563,10.297741889953613,-2.0063252449035645,-6.677389144897461
1741033441065916200,235.90091625976564,15.980545043945312,-1.4702277183532715,-5.077666759490967
1741033441076017200,235.91101708984374,16.46404266357422,1.7308883666992188,-2.470963478088379
1741033441086118000,235.92111791992187,11.611906051635742,5.7536773681640625,-1.089389443397522
1741033441096219000,235.93121899414064,7.390056610107422,7.58158016204834,-0.6478333473205566
1741033441106320400,235.9413203125,3.7044734954833984,6.028839111328125,-0.6895432472229004
1741033441116421000,235.9514211425781,0.3196837902069092,3.169515609741211,-0.5470499992370605
1741033441126522400,235.9615224609375,-0.8358336687088013,0.8910083770751953,-0.5229356288909912
1741033441136623600,235.97162353515625,-1.1940124034881592,0.08428573608398438,-0.5179080963134766
1741033441146724600,235.981724609375,-1.4783167839050293,0.6498565673828125,-0.5835614204406738
1741033441156825300,235.99182543945312,-1.656722068786621,2.2567224502563477,-0.4640066623687744
1741033441166926800,236.0019267578125,-1.445913314819336,4.103209495544434,0.46193814277648926
1741033441177027800,236.01202783203124,-1.4549401998519897,5.385411262512207,1.7816112041473389
1741033441187128800,236.02212890625,-1.6118913888931274,5.3458967208862305,3.058283567428589
1741033441197229600,236.0322294921875,-1.4187737703323364,3.9751815795898438,3.8089730739593506
1741033441207331300,236.04233129882812,-1.2081944942474365,2.1590309143066406,3.8648297786712646
1741033441217432000,236.05243212890625,-1.2281581163406372,0.654510498046875,3.5885798931121826
1741033441227532800,236.06253271484374,-1.369664192199707,-0.41191577911376953,3.2942707538604736
1741033441237633800,236.0726337890625,-1.5345003604888916,-1.2535791397094727,3.202341318130493
1741033441247735300,236.0827353515625,-1.698089599609375,-1.9135417938232422,3.256321668624878
1741033441257836300,236.09283618164062,-1.9000062942504883,-2.5903000831604004,3.384922504425049
1741033441267937300,236.1029372558594,-1.9574134349822998,-3.202603340148926,3.492035388946533
1741033441278038800,236.11303881835937,-1.8479883670806885,-3.7477426528930664,3.4787867069244385
1741033441288139500,236.12313940429686,-1.6901938915252686,-4.2695393562316895,3.302725315093994
1741033441298240300,236.133240234375,-1.6264922618865967,-4.760812759399414,3.041815996170044
1741033441308341800,236.143341796875,-1.5573829412460327,-5.140136241912842,2.8311238288879395
1741033441318442800,236.15344287109374,-1.5025871992111206,-5.4774699211120605,2.6165223121643066
1741033441328543700,236.16354370117188,-1.5629260540008545,-5.685822010040283,2.4486637115478516
1741033441338644500,236.17364453125,-1.5263513326644897,-5.748457908630371,2.3646962642669678
1741033441348746000,236.18374609375,-1.4625650644302368,-5.698685646057129,2.331143617630005
1741033441358847000,236.19384692382812,-1.348233699798584,-5.475701332092285,2.432135581970215
1741033441368948000,236.20394799804689,-1.3519558906555176,-5.080531120300293,2.58181095123291
1741033441379049500,236.21404956054687,-1.5517933368682861,-4.568839073181152,2.7462611198425293
1741033441389150500,236.224150390625,-1.7310512065887451,-3.943035125732422,2.952878475189209
1741033441399251200,236.23425122070313,-1.9933757781982422,-3.325718879699707,3.067049026489258
1741033441409352200,236.24435229492187,-2.172632932662964,-2.694979667663574,3.0700666904449463
1741033441419453700,236.25445361328124,-2.318189859390259,-1.984567642211914,2.9428768157958984
1741033441429555000,236.26455493164062,-2.53070068359375,-1.1055192947387695,2.6922943592071533
1741033441439656000,236.27465600585938,-2.7190566062927246,-0.0966482162475586,2.3741869926452637
1741033441449756400,236.28475634765624,-2.8763179779052734,1.0793876647949219,2.0182600021362305
1741033441459964700,236.2949645996094,-2.8333048820495605,2.3827362060546875,1.8101609945297241
1741033441470268200,236.30526806640626,-2.8465325832366943,3.565585136413574,1.7398457527160645
1741033441480571100,236.31557104492188,-2.620281934738159,4.485983848571777,1.4282044172286987
1741033441490748700,236.32574877929687,-2.2791504859924316,4.833721160888672,0.8092862367630005
1741033441500856000,236.33585595703124,-2.0229313373565674,4.880744934082031,0.18422675132751465
1741033441510957000,236.34595703125,-1.478000521659851,4.910787582397461,-0.5060743093490601
1741033441521058600,236.35605859375,-0.9612647294998169,5.095518112182617,-1.4464499950408936
1741033441531159600,236.36615966796876,-0.9044212698936462,5.130919456481934,-2.826051712036133
1741033441541260300,236.37626025390625,-1.113192081451416,4.934415817260742,-4.241640567779541
1741033441551361300,236.386361328125,-1.0326979160308838,4.423453330993652,-5.912491798400879
1741033441561462800,236.396462890625,-0.1767582893371582,3.9152612686157227,-7.457676410675049
1741033441571563800,236.40656372070313,0.5132001638412476,4.070085525512695,-7.1094889640808105
1741033441581664800,236.41666479492187,0.624485969543457,5.30387020111084,-5.142847061157227
1741033441591766300,236.42676635742188,0.6167560815811157,6.82363224029541,-3.7870874404907227
1741033441601867000,236.43686694335938,1.203227162361145,7.319904327392578,-3.0318684577941895
1741033441611967700,236.4469677734375,2.0750925540924072,5.191946983337402,-2.901595115661621
1741033441622069200,236.4570693359375,1.9098541736602783,1.6354103088378906,-2.9578194618225098
1741033441632170200,236.46717016601562,0.9598255753517151,-1.1492652893066406,-2.829160690307617
1741033441642271200,236.4772712402344,0.2550439238548279,-2.5235543251037598,-2.312368392944336
1741033441652372000,236.4873720703125,0.13482362031936646,-2.5941028594970703,-1.9053728580474854
1741033441662473500,236.49747338867186,0.3727741241455078,-1.2727031707763672,-2.119593620300293
1741033441672574500,236.50757446289063,0.7507035732269287,0.521209716796875,-2.260977268218994
1741033441682675200,236.51767529296876,1.0367052555084229,2.3949804306030273,-1.7496297359466553
1741033441692776200,236.52777612304686,0.7051149010658264,3.394740104675293,-0.7184995412826538
1741033441702878000,236.5378779296875,1.201678991317749,2.684049606323242,0.39872390031814575
1741033441712978700,236.5479787597656,2.4447901248931885,1.1857995986938477,1.1889294385910034
1741033441723079700,236.55807958984374,3.134089231491089,0.21576595306396484,1.7049838304519653
1741033441733181200,236.56818115234375,3.267822027206421,-0.2616996765136719,2.009655475616455
1741033441743282000,236.57828198242188,3.5368213653564453,-0.8333530426025391,1.8760206699371338
1741033441753383000,236.5883828125,3.6072139739990234,-1.6141185760498047,1.5085656642913818
1741033441763484200,236.59848413085936,3.1180853843688965,-2.617429733276367,1.1177408695220947
1741033441773585400,236.60858544921874,2.032064914703369,-3.356973171234131,0.7108098864555359
1741033441783686100,236.61868603515626,1.4244186878204346,-3.99277400970459,0.3869825601577759
1741033441793787000,236.6287868652344,1.3665227890014648,-4.507534503936768,-0.12335264682769775
1741033441803888400,236.63888842773437,1.1171947717666626,-4.890346527099609,-0.684913158416748
1741033441813989400,236.6489892578125,0.7888841032981873,-5.121785640716553,-1.0710922479629517
1741033441824091100,236.65909106445312,0.07335817813873291,-5.29205846786499,-0.852100133895874
1741033441834371000,236.66937109375,-0.3531075119972229,-5.403087139129639,-0.33683931827545166
1741033441844674600,236.67967456054689,-0.6232106685638428,-5.541956424713135,0.1595742106437683
1741033441854957800,236.68995776367188,-0.6970146894454956,-5.631011009216309,0.5491951704025269
1741033441865088800,236.7000888671875,-0.44413381814956665,-5.494899272918701,1.3179874420166016
1741033441875190300,236.71019018554688,-0.19591832160949707,-5.296507358551025,2.2423057556152344
1741033441885291000,236.720291015625,-0.49315494298934937,-5.250840663909912,2.831676721572876
1741033441895392300,236.73039233398438,-0.5491446852684021,-5.159949779510498,3.4633052349090576
1741033441905493500,236.74049340820312,-0.3549342155456543,-4.767388820648193,4.2252397537231445
1741033441915594200,236.75059423828125,-0.10364925861358643,-4.338249683380127,4.824864864349365
1741033441925695700,236.76069580078126,0.18801915645599365,-4.007994651794434,5.198997974395752
1741033441935916300,236.7709162597656,0.5837217569351196,-3.700150489807129,5.388549327850342
1741033441946219800,236.7812197265625,1.0399479866027832,-3.342843532562256,5.312795639038086
1741033441956522800,236.79152270507814,1.4162392616271973,-2.815258502960205,5.179162502288818
1741033441966689800,236.80168969726563,1.729387879371643,-2.152705192565918,4.7627949714660645
1741033441976795100,236.81179516601563,2.1812801361083984,-1.0804548263549805,4.301368236541748
1741033441986896000,236.82189575195312,2.627851963043213,0.6910915374755859,4.056031703948975
1741033441996996600,236.83199658203125,2.628760814666748,3.044565200805664,3.7563860416412354
1741033442007098400,236.84209838867187,1.6665536165237427,5.3713788986206055,3.192882776260376
1741033442017199000,236.85219921875,0.24298691749572754,6.571645736694336,1.8200353384017944
1741033442027300000,236.86230004882813,-1.4423131942749023,6.503641128540039,-0.430833101272583
1741033442037401000,236.87240112304687,-2.514160394668579,5.415369033813477,-4.3542304039001465
1741033442047502600,236.88250268554688,-2.7556962966918945,4.013720512390137,-7.5681867599487305
1741033442057603300,236.89260327148438,-2.4169867038726807,3.018864631652832,-8.38107681274414
1741033442067704600,236.90270458984375,0.7942249774932861,1.827326774597168,-8.064026832580566
1741033442077805800,236.91280590820313,3.037644863128662,1.1254053115844727,-8.166658401489258
1741033442087907300,236.9229072265625,10.715049743652344,-0.9240951538085938,-6.687127113342285
1741033442098139600,236.9331396484375,16.98987579345703,-0.8674221038818359,-3.6832127571105957
1741033442108443100,236.94344311523437,14.687851905822754,2.407684326171875,-1.701284408569336
1741033442118580500,236.95358056640626,10.6922607421875,5.419928550720215,-1.163938045501709
1741033442128515300,236.96351538085938,6.820655822753906,6.457849502563477,-0.24385440349578857
1741033442138795300,236.97379516601563,1.7515099048614502,5.778970718383789,0.4210594892501831
1741033442149098800,236.9840986328125,-0.831183671951294,4.107056617736816,0.4335660934448242
1741033442159401500,236.9944013671875,-1.0572481155395508,3.1783828735351562,0.35127556324005127
1741033442169704200,237.0047041015625,-0.465686559677124,3.1889772415161133,0.4155864715576172
1741033442179965400,237.01496533203124,-0.523987889289856,4.089066505432129,0.8098582029342651
1741033442190105900,237.02510595703126,-0.9487344026565552,5.567882537841797,1.991759181022644
1741033442200206600,237.03520654296875,-1.0792194604873657,6.789982795715332,3.646918296813965
1741033442210307800,237.04530786132813,-1.1458560228347778,6.730207443237305,5.012467384338379
1741033442220409000,237.0554091796875,-1.5573973655700684,4.8795881271362305,5.328621864318848
1741033442230510000,237.06551000976563,-2.060438632965088,2.225924491882324,4.711880683898926
1741033442240610800,237.07561083984376,-2.344189405441284,-0.05282020568847656,3.9829344749450684
1741033442250712300,237.08571240234374,-2.347026824951172,-1.704380989074707,3.545795440673828
1741033442260813300,237.09581323242188,-2.250047445297241,-2.8743977546691895,3.3371763229370117
1741033442270914000,237.1059140625,-1.9987821578979492,-3.749579906463623,3.273618459701538
1741033442281015000,237.11601513671874,-1.8745427131652832,-4.463881015777588,3.2643632888793945
1741033442291116500,237.12611645507812,-1.9148906469345093,-5.090359210968018,3.2462687492370605
1741033442301217500,237.13621752929689,-1.9148390293121338,-5.5813140869140625,3.227562427520752
1741033442311318300,237.146318359375,-1.9481887817382812,-5.865166664123535,3.239612579345703
1741033442321420000,237.156419921875,-1.8941112756729126,-6.0517096519470215,3.219442367553711
1741033442331569400,237.1665693359375,-1.8897955417633057,-6.096063613891602,3.147216796875
1741033442341873200,237.176873046875,-1.8646351099014282,-6.070235252380371,3.0605413913726807
1741033442352176400,237.18717626953125,-1.9142615795135498,-6.054643630981445,2.8758578300476074
1741033442362401000,237.1974011230469,-2.013278007507324,-5.912846565246582,2.7210958003997803
1741033442372519000,237.20751879882812,-2.2044994831085205,-5.611545562744141,2.57604718208313
1741033442382620400,237.21762036132813,-2.2692410945892334,-5.039707183837891,2.468517780303955
1741033442392721400,237.22772143554687,-2.524970769882202,-4.3778815269470215,2.4152944087982178
1741033442402822400,237.23782250976564,-2.9506795406341553,-3.5763425827026367,2.5053062438964844
1741033442412923100,237.24792309570313,-3.75976300239563,-2.4522924423217773,2.554877519607544
1741033442423024600,237.2580246582031,-4.583881378173828,-1.2915315628051758,2.467132329940796
1741033442433125600,237.26812573242188,-4.651012420654297,-0.41328907012939453,2.399857521057129
1741033442443226400,237.27822631835937,-4.329118728637695,0.22423934936523438,2.176374912261963
1741033442453327400,237.2883273925781,-4.046316146850586,0.8958673477172852,1.9482744932174683
1741033442463428900,237.29842895507812,-3.925419330596924,1.4738330841064453,1.7222325801849365
1741033442473529900,237.30852978515625,-3.807265281677246,1.9852180480957031,1.5502965450286865
1741033442483630800,237.318630859375,-3.3683042526245117,2.4961719512939453,1.4466017484664917
1741033442493732400,237.328732421875,-2.6405439376831055,3.1068458557128906,1.3697731494903564
1741033442503833000,237.3388330078125,-1.7434535026550293,3.827322006225586,1.1700289249420166
1741033442513934000,237.34893408203126,-1.0369937419891357,4.57454776763916,0.7228635549545288
1741033442524035300,237.35903540039064,-1.1106858253479004,5.206676483154297,0.04683065414428711
1741033442534243800,237.36924389648436,-1.445328950881958,5.495852470397949,-0.7900420427322388
1741033442544547600,237.37954760742187,-1.8740679025650024,5.219394683837891,-1.9015995264053345
1741033442554850600,237.3898505859375,-1.907772183418274,4.585003852844238,-2.633405923843384
1741033442565027300,237.40002734375,-1.6101233959197998,3.725283622741699,-3.633754014968872
1741033442575134700,237.410134765625,-0.9041098356246948,3.073580741882324,-4.7583208084106445
1741033442585235500,237.4202353515625,-0.16630840301513672,3.2918434143066406,-4.895997524261475
1741033442595337200,237.43033715820312,0.4489173889160156,4.304330825805664,-4.3791351318359375
1741033442605438000,237.44043798828125,1.3864881992340088,5.520488739013672,-3.4857349395751953
1741033442615538700,237.45053857421874,1.931161880493164,6.233706474304199,-2.769496440887451
1741033442625639700,237.4606396484375,2.597550630569458,5.8162641525268555,-2.0201683044433594
1741033442635741400,237.47074145507813,2.7513723373413086,3.721041679382324,-1.6070740222930908
1741033442645842200,237.48084228515626,2.65791654586792,0.8323516845703125,-1.9091732501983643
1741033442655943000,237.49094287109375,1.9651399850845337,-1.040201187133789,-2.1880640983581543
1741033442666044200,237.50104418945313,1.3604093790054321,-1.6318674087524414,-2.2506508827209473
1741033442676145400,237.5111455078125,1.0741990804672241,-0.8123750686645508,-2.2086341381073
1741033442686246400,237.52124633789063,0.5358270406723022,0.8889999389648438,-2.0215492248535156
1741033442696347600,237.53134765625,0.30904096364974976,2.496964454650879,-2.082033157348633
1741033442706449000,237.54144897460938,1.2193299531936646,3.50815486907959,-1.9296170473098755
1741033442716549600,237.55154956054687,2.1834421157836914,3.7483396530151367,-1.1882518529891968
1741033442726650400,237.561650390625,2.619872808456421,2.9626340866088867,0.11340320110321045
1741033442736752000,237.57175219726562,2.350302219390869,1.7461366653442383,1.1123993396759033
1741033442746852900,237.58185278320312,2.7769792079925537,0.7957162857055664,1.6935272216796875
1741033442756953900,237.59195385742188,3.1496851444244385,-0.12766456604003906,1.7786457538604736
1741033442767054600,237.6020546875,3.255064010620117,-1.345677375793457,1.6473190784454346
1741033442777156400,237.61215625,2.409653663635254,-2.4358391761779785,1.2779513597488403
1741033442787257000,237.62225708007813,1.6148861646652222,-3.214076519012451,1.0079163312911987
1741033442797358000,237.63235815429687,1.3856489658355713,-3.68064022064209,1.1104871034622192
1741033442807459000,237.642458984375,0.9364636540412903,-4.107995510101318,0.9455035924911499
1741033442817560600,237.652560546875,0.48840877413749695,-4.344520568847656,0.9062602519989014
1741033442827661300,237.66266137695314,0.5064166784286499,-4.55633544921875,0.7907096147537231
1741033442837762000,237.67276196289063,0.8996769785881042,-4.715991497039795,0.5953891277313232
1741033442847863600,237.68286352539062,0.9595869779586792,-5.000520706176758,0.47809404134750366
1741033442858084000,237.693083984375,0.41145044565200806,-5.1756510734558105,0.7635771632194519
1741033442868387600,237.7033876953125,0.12936323881149292,-5.147541046142578,1.45021653175354
1741033442878690600,237.71369067382813,-0.2815767526626587,-5.284735679626465,2.02480411529541
1741033442888857600,237.72385766601562,-0.4763534665107727,-5.439258575439453,2.6954476833343506
1741033442898963700,237.73396362304686,-0.505969226360321,-5.48321533203125,3.344407320022583
1741033442909255400,237.74425537109374,-0.5775974988937378,-5.569610118865967,3.7416961193084717
1741033442919559000,237.7545588378906,-0.5426174402236938,-5.77586555480957,4.098548889160156
1741033442929832400,237.76483251953124,-0.5061706304550171,-5.962961196899414,4.32801628112793
1741033442939961000,237.77496118164063,-0.2795315384864807,-6.050574779510498,4.278081893920898
1741033442950062600,237.7850625,0.06537902355194092,-5.810219764709473,4.092443466186523
1741033442960163600,237.79516357421875,0.5003073215484619,-5.422812461853027,3.647897243499756
1741033442970264600,237.8052646484375,0.9584519863128662,-4.7428388595581055,3.389148235321045
1741033442980366000,237.81536596679686,1.2759994268417358,-3.830873489379883,3.223428964614868
1741033442990466800,237.825466796875,1.7381271123886108,-2.8134546279907227,3.109971761703491
1741033443000567600,237.83556762695312,2.2828454971313477,-1.611231803894043,2.955028533935547
1741033443010669000,237.8456689453125,2.4732532501220703,0.04312419891357422,2.7378146648406982
1741033443020770000,237.85577001953126,2.247836112976074,2.205817222595215,2.298388957977295
1741033443030871000,237.86587109375,1.2575360536575317,4.621423721313477,1.8955310583114624
1741033443040971800,237.8759716796875,-0.1534278392791748,6.3610944747924805,0.791192352771759
1741033443051073500,237.88607348632812,-1.5624496936798096,6.871354103088379,-1.2540054321289062
1741033443061174300,237.89617431640625,-1.5307432413101196,5.645602226257324,-3.41300630569458
1741033443071275300,237.90627514648438,-0.6665337681770325,3.666083335876465,-5.191515922546387
1741033443081376000,237.9163759765625,-0.688045859336853,2.1847076416015625,-5.749385356903076
1741033443091477800,237.92647778320313,-0.8594232797622681,1.3625564575195312,-5.523407936096191
1741033443101578500,237.93657861328126,1.4875619411468506,0.7145519256591797,-5.0215630531311035
1741033443111679200,237.94667919921875,5.178871154785156,0.49675464630126953,-4.734926700592041
1741033443121780500,237.95678051757812,10.746119499206543,-0.510157585144043,-4.508814334869385
1741033443131881700,237.9668818359375,15.23218822479248,-0.6074371337890625,-4.3947577476501465
1741033443141982700,237.97698266601563,16.948396682739258,0.8349418640136719,-2.6370348930358887
1741033443152084000,237.987083984375,12.12959098815918,3.524282455444336,-0.08342468738555908
1741033443162185200,237.99718530273438,7.994111061096191,5.773926734924316,0.761197030544281
1741033443172286000,238.00728588867187,5.147183418273926,7.129624366760254,0.9176527261734009
1741033443182387000,238.0173869628906,1.572120189666748,7.66977596282959,0.8354389667510986
1741033443192488400,238.02748852539062,-1.0376948118209839,6.415260314941406,0.4583916664123535
1741033443202589400,238.03758935546875,-2.082024574279785,4.5572919845581055,0.3737400770187378
1741033443212690200,238.04769018554688,-1.8488250970840454,2.9445276260375977,0.9268569946289062
1741033443222791000,238.057791015625,-1.2188993692398071,2.5489654541015625,1.8280736207962036
1741033443232892700,238.067892578125,-1.1701008081436157,3.498776435852051,2.69545841217041
1741033443242993400,238.07799340820313,-1.472303032875061,4.81307315826416,3.5436408519744873
1741033443253094400,238.08809448242187,-1.7162895202636719,5.323250770568848,4.330295085906982
1741033443263195400,238.0981953125,-2.23185396194458,4.8862409591674805,4.7065019607543945
1741033443273297000,238.108296875,-2.4830288887023926,3.451991081237793,4.595458984375
1741033443283397600,238.11839770507814,-2.182075262069702,1.6006622314453125,4.016590118408203
1741033443293498600,238.12849853515624,-1.6689115762710571,-0.08360099792480469,3.3514325618743896
1741033443303599900,238.13859985351561,-1.416406512260437,-1.3835935592651367,2.8851444721221924
1741033443313701000,238.148701171875,-1.603577971458435,-2.1484556198120117,2.7431602478027344
1741033443323801900,238.1588017578125,-1.8739219903945923,-2.7422995567321777,2.7135813236236572
1741033443333903400,238.1689033203125,-1.9843974113464355,-3.3512635231018066,2.629391670227051
1741033443344004400,238.17900439453126,-2.0811409950256348,-3.924622058868408,2.575638771057129
1741033443354105000,238.18910498046876,-2.111074447631836,-4.446652412414551,2.5185117721557617
1741033443364206000,238.1992060546875,-2.07129168510437,-4.9288482666015625,2.440521478652954
1741033443374307600,238.2093076171875,-1.9762825965881348,-5.296569347381592,2.373720169067383
1741033443384408600,238.21940869140624,-1.8491356372833252,-5.623727798461914,2.302839756011963
1741033443394509300,238.22950927734374,-1.677504301071167,-5.874944686889648,2.2422268390655518
1741033443404610300,238.2396103515625,-1.467148780822754,-6.04902458190918,2.2227554321289062
1741033443414711800,238.2497119140625,-1.409132957458496,-6.162067413330078,2.1752538681030273
1741033443424812500,238.2598125,-1.5707972049713135,-6.1483659744262695,2.213304042816162
1741033443434913500,238.26991357421875,-1.6211811304092407,-5.822215557098389,2.2911553382873535
1741033443445014500,238.2800146484375,-1.6698064804077148,-5.274832725524902,2.4466285705566406
1741033443455116000,238.29011596679686,-1.6902083158493042,-4.564462184906006,2.5182886123657227
1741033443465216800,238.300216796875,-1.6755750179290771,-3.7547616958618164,2.512814998626709
1741033443475317800,238.31031787109376,-1.6511043310165405,-2.855142593383789,2.4837265014648438
1741033443485419000,238.3204189453125,-1.593663215637207,-1.9233498573303223,2.400928020477295
1741033443495520300,238.33052026367187,-1.543789267539978,-1.0079402923583984,2.259868860244751
1741033443505621000,238.34062109375,-1.5533734560012817,-0.23158931732177734,2.1276967525482178
1741033443515722500,238.35072241210938,-1.5419366359710693,0.3351449966430664,1.9713584184646606
1741033443525823500,238.36082348632812,-1.5620108842849731,0.8436613082885742,1.8389588594436646
1741033443535924200,238.37092431640625,-1.671329140663147,1.397334098815918,1.6930553913116455
1741033443546025200,238.38102514648438,-1.8818609714508057,2.1110620498657227,1.5471887588500977
1741033443556126700,238.3911267089844,-2.035463809967041,2.9330263137817383,1.2971773147583008
1741033443566227700,238.40122778320313,-1.9533625841140747,3.7384843826293945,0.8582260608673096
1741033443576328400,238.41132836914062,-1.7879903316497803,4.4604082107543945,-0.03737068176269531
1741033443586429400,238.4214294433594,-1.6665700674057007,5.023080825805664,-1.1648283004760742
1741033443596531000,238.43153100585937,-1.7504305839538574,5.605381011962891,-2.223769187927246
1741033443606632000,238.4416318359375,-2.3709068298339844,5.99151611328125,-3.584336996078491
1741033443616732700,238.45173266601563,-2.4287211894989014,5.854120254516602,-4.776041030883789
1741033443626834000,238.461833984375,-1.8761942386627197,5.046501159667969,-5.8648881912231445
1741033443637042700,238.47204272460937,-1.2398384809494019,4.3024396896362305,-6.283815383911133
1741033443647346200,238.48234619140624,-0.4578521251678467,4.523288726806641,-5.756412506103516
1741033443657649200,238.49264916992186,0.36250877380371094,5.816685676574707,-5.055426597595215
1741033443667826000,238.50282592773436,1.5004973411560059,6.895630836486816,-4.546707630157471
1741033443677933300,238.51293334960937,3.1133267879486084,6.679196357727051,-3.8740506172180176
1741033443688034300,238.52303442382814,4.470587730407715,4.428605079650879,-4.005157470703125
1741033443698135800,238.5331357421875,4.047896385192871,1.1957740783691406,-4.026925086975098
1741033443708236800,238.54323681640625,2.7977170944213867,-1.0544891357421875,-3.5837597846984863
1741033443718337500,238.55333764648438,1.8378758430480957,-2.094576358795166,-2.822404146194458
1741033443728438500,238.5634384765625,1.212032437324524,-2.1413698196411133,-2.3218183517456055
1741033443738540000,238.5735400390625,0.6680683493614197,-1.011509895324707,-1.7868927717208862
1741033443748640800,238.58364086914062,0.7232914566993713,0.44600486755371094,-0.9915929436683655
1741033443758742000,238.59374194335936,0.8549249768257141,1.5842828750610352,-0.4631645679473877
1741033443768843300,238.60384326171874,0.6265271306037903,2.227313995361328,-0.11972302198410034
1741033443778944300,238.6139443359375,0.524406909942627,2.162755012512207,0.4291404187679291
1741033443789045000,238.624044921875,0.43574681878089905,1.4511833190917969,0.8008195161819458
1741033443799146200,238.63414624023437,0.8857651948928833,0.7000083923339844,0.8258786201477051
1741033443809247500,238.64424755859375,1.8554024696350098,0.11342620849609375,0.646337628364563
1741033443819348200,238.65434814453124,2.107637643814087,-0.3830423355102539,0.15800166130065918
1741033443829450000,238.6644499511719,1.7442158460617065,-0.9804792404174805,-0.26634907722473145
1741033443839718000,238.6747177734375,1.2398089170455933,-1.6751327514648438,-0.3814178705215454
1741033443850021600,238.68502172851564,0.4855581820011139,-2.399172306060791,-0.43184006214141846
1741033443860314600,238.69531469726562,-0.07691255211830139,-2.889620304107666,-0.6349130868911743
1741033443870448000,238.7054482421875,-0.20398986339569092,-3.3168458938598633,-0.6228843927383423
1741033443880549000,238.71554907226562,-0.3954259157180786,-3.682481288909912,-0.44599950313568115
1741033443890649900,238.72564990234375,-0.3058064877986908,-4.203613758087158,-0.2185853123664856
1741033443900750800,238.73575073242188,0.16832119226455688,-4.611169815063477,0.31821486353874207
1741033443910852400,238.7458522949219,0.7983916401863098,-4.866539001464844,1.158137559890747
1741033443920953000,238.755953125,1.3649563789367676,-4.848846435546875,2.363959789276123
1741033443931054300,238.76605444335937,1.191185474395752,-4.902097225189209,3.0058493614196777
1741033443941263000,238.77626318359376,0.6910443305969238,-4.916674613952637,3.3730857372283936
1741033443951566800,238.78656689453126,0.07207596302032471,-5.058343410491943,3.6050426959991455
1741033443961869800,238.7968698730469,-0.12828218936920166,-5.304666519165039,3.978428840637207
1741033443972046600,238.80704663085936,-0.03169989585876465,-5.5106987953186035,4.638915061950684
1741033443982154000,238.81715405273437,-0.05868053436279297,-5.855095386505127,4.776731967926025
1741033443992254700,238.8272546386719,0.2781999111175537,-6.156833171844482,4.418066501617432
1741033444002355500,238.83735546875,0.32666194438934326,-6.4144287109375,4.030618667602539
1741033444012457200,238.84745727539064,0.22630095481872559,-6.397586822509766,3.587284803390503
1741033444022558200,238.85755810546874,0.21152806282043457,-6.019833564758301,3.29514479637146
1741033444032695600,238.86769555664063,0.452212929725647,-5.100414752960205,3.445821523666382
1741033444042999300,238.87799926757813,0.7642694711685181,-3.99393892288208,3.575087070465088
1741033444053302500,238.88830249023437,1.1527228355407715,-2.767648220062256,3.4895505905151367
1741033444063537000,238.89853686523438,1.4410070180892944,-1.1919822692871094,3.322080373764038
1741033444073657300,238.9086572265625,1.0954043865203857,1.3439111709594727,3.1468043327331543
1741033444083758600,238.91875854492187,0.17284011840820312,4.87667179107666,2.9819183349609375
1741033444093859600,238.92885961914064,-1.4041297435760498,7.969912528991699,2.5975584983825684
1741033444103960800,238.9389609375,-2.3387606143951416,9.134618759155273,0.7696349024772644
1741033444114062000,238.94906201171875,-0.6279152035713196,7.013680458068848,-2.1667773723602295
1741033444124162800,238.95916284179688,0.5007238388061523,4.109050750732422,-4.458400726318359
1741033444134263800,238.96926391601562,-0.28733372688293457,2.236405372619629,-5.404886722564697
1741033444144365300,238.979365234375,-1.630774974822998,1.0291242599487305,-5.926516532897949
1741033444154466300,238.98946630859376,-1.0445082187652588,0.23627567291259766,-5.84624719619751
1741033444164567000,238.99956713867186,2.600321054458618,0.4457273483276367,-5.971351623535156
1741033444174668000,239.00966796875,8.464783668518066,0.7705812454223633,-5.635903358459473
1741033444184769500,239.01976953125,14.806510925292969,2.352410316467285,-4.721210479736328
1741033444194870300,239.02987036132814,18.754114151000977,4.584203720092773,-2.9725334644317627
1741033444204971300,239.03997119140624,15.516337394714355,6.466527938842773,-1.597273826599121
1741033444215072300,239.050072265625,9.829899787902832,7.498928070068359,-1.1316159963607788
1741033444225173800,239.060173828125,3.983842611312866,6.4529571533203125,-1.0322669744491577
1741033444235274500,239.0702744140625,-0.509016752243042,4.551711082458496,-0.9393258094787598
1741033444245375500,239.08037548828125,-2.226439952850342,2.458611488342285,-0.6940569877624512
1741033444255476700,239.09047680664062,-2.28691029548645,1.024949073791504,-0.017335176467895508
1741033444265578000,239.10057788085936,-1.7542377710342407,0.6920833587646484,0.7190395593643188
1741033444275678700,239.1106787109375,-1.5909090042114258,1.6861391067504883,1.458461880683899
1741033444285780200,239.1207802734375,-1.6577208042144775,3.5966415405273438,2.564382553100586
1741033444295881200,239.13088110351563,-1.724679946899414,5.213789939880371,3.729372501373291
1741033444305982000,239.14098193359376,-1.4104256629943848,5.5193023681640625,4.50813627243042
1741033444316083000,239.1510830078125,-1.302545189857483,4.397456169128418,4.5403523445129395
1741033444326184400,239.16118432617188,-1.4400248527526855,2.3452510833740234,3.8583078384399414
1741033444336285400,239.17128540039062,-1.5058947801589966,0.5876636505126953,3.121185302734375
1741033444346386200,239.18138623046875,-1.6352555751800537,-0.5823965072631836,2.689713954925537
1741033444356487200,239.19148706054688,-2.080270767211914,-1.497788906097412,2.484682083129883
1741033444366588700,239.2015886230469,-2.551882266998291,-2.237384796142578,2.4525985717773438
1741033444376689700,239.21168969726563,-2.755854368209839,-2.851985454559326,2.51381254196167
1741033444386790400,239.22179028320312,-2.930806875228882,-3.3957772254943848,2.5835037231445312
1741033444396891600,239.2318916015625,-2.910517930984497,-3.9831972122192383,2.5925562381744385
1741033444406993000,239.24199291992187,-2.792983055114746,-4.470884799957275,2.5835952758789062
1741033444417093600,239.25209375,-2.730567693710327,-4.8759894371032715,2.49074125289917
1741033444427195100,239.26219506835938,-2.742478370666504,-5.15915584564209,2.384643793106079
1741033444437439500,239.272439453125,-2.6801819801330566,-5.330916881561279,2.306896924972534
1741033444447743000,239.28274291992187,-2.367706775665283,-5.418277740478516,2.211500883102417
1741033444458046000,239.2930458984375,-2.145885944366455,-5.503506660461426,2.151474714279175
1741033444468193500,239.30319360351564,-1.926868200302124,-5.518730163574219,2.0893502235412598
1741033444478294300,239.31329418945313,-1.9589653015136719,-5.388272285461426,1.9908641576766968
1741033444488395300,239.32339526367187,-2.2214651107788086,-5.1456708908081055,1.813990831375122
1741033444498496300,239.33349633789064,-2.7001495361328125,-4.810239791870117,1.545270562171936
1741033444508597800,239.34359765625,-3.220949649810791,-4.314213275909424,1.230308175086975
1741033444518698500,239.3536984863281,-3.51171875,-3.7025232315063477,0.9005171656608582
1741033444528799700,239.3637998046875,-3.686185121536255,-2.9852094650268555,0.755605161190033
1741033444538901000,239.37390087890626,-3.719440221786499,-2.1502933502197266,0.5846138000488281
1741033444549002000,239.384001953125,-3.5504822731018066,-1.3431110382080078,0.6012586355209351
1741033444559102700,239.39410278320312,-3.3675317764282227,-0.6434526443481445,0.6862131953239441
1741033444569204000,239.40420385742186,-3.044037342071533,-0.14966773986816406,0.791185736656189
1741033444579305200,239.41430517578124,-2.6691322326660156,0.5194711685180664,1.0487631559371948
1741033444589406000,239.42440600585937,-2.408522605895996,1.459878921508789,1.3335845470428467
1741033444599507000,239.4345068359375,-2.180170774459839,2.643437385559082,1.5699844360351562
1741033444609608400,239.4446083984375,-1.9984357357025146,3.9862070083618164,1.7723798751831055
1741033444619709400,239.45470947265625,-1.7533224821090698,5.211559295654297,1.7356719970703125
1741033444629810200,239.46481005859374,-1.6304389238357544,5.90550422668457,1.2962367534637451
1741033444639911200,239.4749111328125,-1.571937918663025,5.944077491760254,0.550670325756073
1741033444650012700,239.4850126953125,-1.857393503189087,5.498638153076172,-0.35542428493499756
1741033444660113700,239.49511376953126,-1.557032823562622,4.739204406738281,-1.537841558456421
1741033444670214400,239.50521435546875,0.7917234897613525,3.8696460723876953,-2.817697525024414
1741033444680315400,239.5153154296875,0.8536617755889893,3.868565559387207,-3.93355655670166
1741033444690417000,239.5254169921875,0.0008440017700195312,4.353403091430664,-5.241785049438477
1741033444700517600,239.535517578125,-0.318805456161499,5.054680824279785,-6.275507926940918
1741033444710619000,239.54561889648437,0.8740077018737793,6.142900466918945,-6.060935020446777
1741033444720720100,239.55572021484375,2.683537006378174,6.646568298339844,-4.295544624328613
1741033444730821000,239.56582104492188,3.4402475357055664,5.764311790466309,-2.488297939300537
1741033444740921900,239.575921875,2.8650732040405273,3.677584648132324,-1.873416543006897
1741033444751023400,239.5860234375,2.3319754600524902,1.1605949401855469,-1.941333532333374
1741033444761124400,239.59612426757812,1.4807007312774658,-0.4047508239746094,-1.9378197193145752
1741033444771225300,239.6062253417969,0.5699334144592285,-0.40609169006347656,-1.8420826196670532
1741033444781326000,239.616326171875,0.24680864810943604,0.5301599502563477,-1.2970190048217773
1741033444791427800,239.626427734375,-0.023760437965393066,1.0627861022949219,-1.0650057792663574
1741033444801528600,239.63652856445313,0.6046916246414185,1.3148889541625977,-0.9067548513412476
1741033444811629300,239.64662939453126,1.2932231426239014,1.9164314270019531,-0.48895299434661865
1741033444821730300,239.65673022460936,1.6455328464508057,2.3419370651245117,0.21032041311264038
1741033444831879700,239.66687963867187,1.89093017578125,2.2027416229248047,0.841691255569458
1741033444842183200,239.67718310546874,2.095081090927124,1.4430456161499023,1.0907785892486572
1741033444852486400,239.687486328125,2.6149206161499023,0.4898967742919922,1.027329444885254
1741033444862711800,239.6977119140625,2.5941874980926514,-0.45894718170166016,0.5600442290306091
1741033444872830000,239.70782983398436,2.3520209789276123,-1.2815322875976562,-0.13109922409057617
1741033444882931000,239.71793090820313,1.8726584911346436,-1.9349923133850098,-0.3906136751174927
1741033444893032200,239.7280322265625,0.6186089515686035,-2.560459613800049,-0.27502894401550293
1741033444903133400,239.73813354492188,-0.24756529927253723,-2.9892630577087402,0.06663227081298828
1741033444913234200,239.74823413085937,-0.43338626623153687,-3.251643180847168,0.49145400524139404
1741033444923335200,239.7583352050781,-0.01427873969078064,-3.4721202850341797,0.9638257026672363
1741033444933436700,239.76843676757812,0.43775904178619385,-3.877363681793213,1.2437338829040527
1741033444943537700,239.77853759765625,1.3739526271820068,-4.180835247039795,1.7238357067108154
1741033444953638400,239.78863842773438,2.027388095855713,-4.515705108642578,2.55186128616333
1741033444963740200,239.798740234375,1.7589093446731567,-4.8731689453125,3.442547082901001
1741033444973841000,239.8088408203125,0.8145082592964172,-5.121891498565674,3.9839205741882324
1741033444983941600,239.81894165039063,-0.04490382969379425,-4.973208904266357,4.449132442474365
1741033444994043000,239.82904296875,-0.2918996512889862,-4.826821327209473,4.912833213806152
1741033445004144000,239.83914404296874,-0.08909915387630463,-4.9013872146606445,5.179903507232666
1741033445014245000,239.8492451171875,-0.3132581114768982,-5.300289154052734,4.852838039398193
1741033445024346400,239.85934643554688,-0.5371487736701965,-5.9842023849487305,4.092432022094727
1741033445034352600,239.8693525390625,-0.5269753336906433,-6.7686448097229,3.089691638946533
1741033445044489700,239.87948974609375,-0.2451201230287552,-7.439092636108398,2.1408469676971436
1741033445054793500,239.88979345703126,0.09028762578964233,-7.532977104187012,1.4665182828903198
1741033445065096200,239.90009619140625,0.46372005343437195,-6.993631362915039,1.3354195356369019
1741033445075399000,239.91039892578124,1.0802578926086426,-5.92803955078125,1.6352293491363525
1741033445085701600,239.92070166015625,1.3953382968902588,-4.925974369049072,1.6901775598526
1741033445096004400,239.93100439453124,1.7672669887542725,-3.77034330368042,1.7412333488464355
1741033445106291000,239.941291015625,2.241619110107422,-2.2747206687927246,1.8107104301452637
1741033445116444200,239.95144409179687,2.652341842651367,-0.2853069305419922,1.8506476879119873
1741033445126545000,239.961544921875,3.0534162521362305,2.097810745239258,1.9770917892456055
1741033445136646100,239.97164624023438,2.892716646194458,5.1397905349731445,2.1226253509521484
1741033445146747400,239.98174731445312,2.1163041591644287,8.371541976928711,2.042064666748047
1741033445156848400,239.99184838867188,0.47039198875427246,10.006790161132812,0.8131294250488281
1741033445166949000,240.00194921875,-0.8126102089881897,8.559293746948242,-1.4254263639450073
1741033445177050400,240.01205029296875,1.3344173431396484,5.167172431945801,-4.284576892852783
1741033445187151600,240.02215161132813,2.7073426246643066,2.7129592895507812,-6.716885566711426
1741033445197252600,240.03225268554687,1.984425663948059,1.0332393646240234,-6.849353790283203
1741033445207353300,240.0423532714844,1.7246758937835693,0.4484882354736328,-6.1926069259643555
1741033445217454800,240.05245483398437,3.633615493774414,0.8044757843017578,-5.975323677062988
1741033445227555800,240.06255590820314,6.368987083435059,1.413090705871582,-5.020014762878418
1741033445237656600,240.07265649414063,9.484310150146484,2.002614974975586,-4.056829929351807
1741033445247757600,240.08275756835937,11.533214569091797,2.7060556411743164,-3.0928707122802734
1741033445257859000,240.09285913085938,11.28473949432373,3.823533058166504,-2.8245153427124023
1741033445267960000,240.1029599609375,7.285053730010986,5.111671447753906,-2.7116103172302246
1741033445278060800,240.1130607910156,3.615206718444824,4.743518829345703,-2.0145184993743896
1741033445288161800,240.12316186523438,1.9608290195465088,3.4553709030151367,-0.5644670724868774
1741033445298263300,240.13326318359375,1.6400160789489746,2.692991256713867,0.9545959234237671
1741033445308364300,240.1433642578125,1.1808478832244873,2.3966140747070312,2.162364959716797
1741033445318465000,240.15346508789062,1.1177356243133545,2.831859588623047,3.4101061820983887
1741033445328566300,240.16356616210936,0.921095609664917,4.154670715332031,4.771713733673096
1741033445338667500,240.17366748046874,0.37665510177612305,5.683553695678711,5.916955947875977
1741033445348768300,240.18376831054687,-0.6312533617019653,6.544793128967285,6.65526008605957
1741033445358869800,240.19386987304688,-1.6615395545959473,6.094145774841309,6.622854709625244
1741033445368970800,240.203970703125,-2.4205334186553955,4.5146074295043945,5.943786144256592
1741033445379071700,240.21407177734375,-2.3298768997192383,2.494692802429199,4.9925642013549805
1741033445389172500,240.22417236328124,-2.07926082611084,0.9672098159790039,4.06870174407959
1741033445399274200,240.2342741699219,-1.9228484630584717,-0.02780914306640625,3.4180197715759277
1741033445409375000,240.244375,-1.89565110206604,-1.010401725769043,3.0322976112365723
1741033445419476000,240.25447607421876,-2.4549527168273926,-2.1357851028442383,2.701575517654419
1741033445429576700,240.26457666015625,-2.879202127456665,-3.2088866233825684,2.4934420585632324
1741033445439678500,240.27467846679687,-3.0360803604125977,-4.050469875335693,2.3427555561065674
1741033445449779200,240.284779296875,-3.055790424346924,-4.659669399261475,2.2710864543914795
1741033445459880000,240.2948798828125,-2.996255874633789,-5.150312900543213,2.2659034729003906
1741033445469981200,240.30498120117187,-2.9494571685791016,-5.537396430969238,2.2782089710235596
1741033445480082400,240.31508251953124,-2.866670608520508,-5.814688682556152,2.2712652683258057
1741033445490183400,240.32518334960938,-2.8661398887634277,-5.977205753326416,2.2861945629119873
1741033445500284200,240.3352841796875,-2.909102439880371,-6.111702919006348,2.2732486724853516
1741033445510385400,240.34538549804688,-2.8138365745544434,-6.134232044219971,2.2536325454711914
1741033445520486700,240.35548657226562,-2.7744617462158203,-6.009584426879883,2.152693510055542
1741033445530587400,240.36558740234375,-2.7179512977600098,-5.638861656188965,2.059041738510132
1741033445540689000,240.37568896484376,-2.5190939903259277,-5.0376505851745605,1.9988185167312622
1741033445550790000,240.38578979492186,-2.506734848022461,-4.425365447998047,1.8520631790161133
1741033445560891000,240.39589086914063,-2.4490320682525635,-3.859729766845703,1.6977484226226807
1741033445570991600,240.40599169921876,-2.331159830093384,-3.2656307220458984,1.4933714866638184
1741033445581093400,240.41609326171874,-2.2092018127441406,-2.698434352874756,1.2987463474273682
1741033445591194000,240.42619409179687,-2.610459804534912,-2.1501612663269043,0.9290168285369873
1741033445601295000,240.4362951660156,-3.242379665374756,-1.5554413795471191,0.46857213973999023
1741033445611396000,240.44639599609374,-4.284818649291992,-0.7941627502441406,0.019585132598876953
1741033445621497600,240.45649755859375,-4.944658279418945,0.024660110473632812,-0.12334012985229492
1741033445631598300,240.46659838867188,-5.186788082122803,0.9356622695922852,0.04474341869354248
1741033445641699000,240.47669897460938,-4.942939281463623,2.088327407836914,0.3016446828842163
1741033445651800300,240.48680029296875,-4.512465476989746,3.4983768463134766,0.5518923997879028
1741033445661901600,240.49690161132813,-4.008701324462891,4.921969413757324,0.7492210268974304
1741033445672002600,240.50700244140626,-3.2654800415039062,5.822232246398926,0.9799963235855103
1741033445682103300,240.5171032714844,-2.368375778198242,5.817784309387207,0.9147961139678955
1741033445692204800,240.52720483398437,-1.7554510831832886,5.2967023849487305,0.6570881605148315
1741033445702305800,240.53730590820314,-1.3902878761291504,4.692458152770996,0.2855069637298584
1741033445712406800,240.54740673828124,-1.4403538703918457,4.4332475662231445,-0.3557828664779663
1741033445722507500,240.55750756835937,-1.1853437423706055,4.582655906677246,-1.3428958654403687
1741033445732609300,240.567609375,-1.2381905317306519,5.333266258239746,-1.9811689853668213
1741033445742710000,240.5777099609375,0.4420400857925415,6.178535461425781,-3.4637022018432617
1741033445752811000,240.58781103515625,1.423494577407837,7.2244110107421875,-5.505331993103027
1741033445762912500,240.59791259765626,1.7911498546600342,7.740629196166992,-6.572594165802002
1741033445773013200,240.60801318359376,2.853630304336548,6.229950904846191,-5.12782096862793
1741033445783114200,240.6181142578125,3.8799197673797607,3.0326786041259766,-2.6776328086853027
1741033445793215200,240.62821533203126,4.091200828552246,0.16691017150878906,-1.3444329500198364
1741033445803316700,240.63831665039064,3.9253668785095215,-1.3883914947509766,-0.6077489852905273
1741033445813417500,240.64841748046874,2.575821876525879,-1.70670747756958,-0.46000075340270996
1741033445823518500,240.6585185546875,1.4575624465942383,-0.8994722366333008,-0.7239090204238892
1741033445833619700,240.66861962890624,0.6157804727554321,0.7208461761474609,-1.018746256828308
1741033445843721000,240.67872094726562,0.4160912036895752,2.680649757385254,-1.0739928483963013
1741033445853821700,240.68882177734375,0.9435723423957825,4.065040588378906,-0.8104817867279053
1741033445863922400,240.69892236328124,2.6765832901000977,4.259929656982422,-0.04506075382232666
1741033445874024200,240.70902416992186,4.293435096740723,3.530789375305176,0.8748559951782227
1741033445884125000,240.719125,4.895064353942871,2.434737205505371,1.5406986474990845
1741033445894226000,240.72922583007812,4.489504814147949,1.2538738250732422,1.4729570150375366
1741033445904326700,240.73932666015625,3.056699752807617,0.13426971435546875,0.5842455625534058
1741033445914428400,240.74942846679687,0.9758607149124146,-0.9570722579956055,-0.39128100872039795
1741033445924529200,240.75952905273436,-1.5118896961212158,-2.3218932151794434,-0.7916829586029053
1741033445934630000,240.7696298828125,-1.8664273023605347,-3.1677026748657227,-0.16929566860198975
1741033445944731100,240.77973120117187,0.042022645473480225,-3.5274667739868164,0.7328099012374878
1741033445954832600,240.78983251953125,1.1583843231201172,-3.674703598022461,1.6300530433654785
1741033445964933400,240.79993334960938,1.668236255645752,-3.816760540008545,2.3243260383605957
1741033445975034600,240.81003466796875,1.891029953956604,-4.1651997566223145,2.590974807739258
1741033445985135900,240.82013598632813,1.9046623706817627,-4.620955944061279,2.785647392272949
1741033445995236600,240.83023657226562,1.6840537786483765,-5.001614570617676,3.1580305099487305
1741033446005337600,240.8403376464844,1.3518908023834229,-5.366876602172852,3.6917409896850586
1741033446015438800,240.85043896484376,0.7468774318695068,-5.381541728973389,4.5656962394714355
1741033446025540000,240.8605400390625,0.04111982882022858,-5.232083797454834,4.980020999908447
1741033446035640800,240.87064086914063,-0.3742092251777649,-5.337323188781738,5.483686923980713
1741033446045741600,240.88074145507812,-0.10848726332187653,-5.757928848266602,5.36679220199585
1741033446055843300,240.89084326171874,-0.08567828685045242,-6.44582462310791,4.6832756996154785
1741033446065944000,240.90094409179687,-0.16253724694252014,-7.1668853759765625,3.6102383136749268
1741033446076045000,240.9110451660156,0.2501601576805115,-7.695977687835693,2.626805543899536
1741033446086146000,240.92114599609374,0.450476735830307,-7.780638694763184,1.9725098609924316
1741033446096247600,240.93124755859375,0.6838502883911133,-7.445984840393066,1.6491925716400146
1741033446106348300,240.94134838867188,0.8696139454841614,-6.617091178894043,1.6642998456954956
1741033446116449300,240.95144921875,1.1364362239837646,-5.4786810874938965,1.734085202217102
1741033446126550300,240.96155029296875,1.6394622325897217,-4.3203277587890625,1.572411298751831
1741033446136651800,240.97165185546876,2.2326507568359375,-2.965333938598633,1.4331319332122803
1741033446146752500,240.98175244140626,2.6709747314453125,-1.398294448852539,1.3270485401153564
1741033446156853200,240.9918532714844,2.8626554012298584,0.4882793426513672,1.0836504697799683
1741033446166954800,241.00195483398437,2.7132821083068848,2.966973304748535,1.0330597162246704
1741033446177055700,241.0120556640625,2.388791084289551,5.707089424133301,1.031688928604126
1741033446187156700,241.02215673828124,1.7286932468414307,7.964902877807617,0.3481173813343048
1741033446197257500,241.03225756835937,0.8860258460044861,8.926834106445312,-1.626206874847412
1741033446207359200,241.04235913085938,1.3773982524871826,7.876894950866699,-3.9702985286712646
1741033446217460000,241.0524599609375,1.4037787914276123,5.847612380981445,-5.284939289093018
1741033446227561000,241.06256103515625,0.27329814434051514,4.454470634460449,-5.764351844787598
1741033446237662500,241.07266235351562,-0.35954511165618896,3.9532241821289062,-5.534991264343262
1741033446247763500,241.08276342773436,1.308518886566162,3.2498998641967773,-4.7522478103637695
1741033446257912800,241.09291284179687,4.6239094734191895,2.657196044921875,-4.130053520202637
1741033446268145200,241.10314526367188,7.811166763305664,2.839604377746582,-3.5332016944885254
1741033446278318000,241.11331811523436,11.560460090637207,3.677809715270996,-2.300739288330078
1741033446288621800,241.12362182617187,13.723627090454102,4.2502241134643555,-1.1901448965072632
1741033446298843400,241.13384350585937,10.06119155883789,4.560340881347656,-0.690750241279602
1741033446308963800,241.1439638671875,6.1840105056762695,3.4280309677124023,-0.16783666610717773
1741033446319065300,241.1540654296875,3.352147340774536,2.118353843688965,0.7135118842124939
1741033446329165800,241.16416577148436,1.908719778060913,1.6036138534545898,2.06075119972229
1741033446339421700,241.17442163085937,1.4541358947753906,1.8937416076660156,3.5188398361206055
1741033446349725200,241.18472509765624,1.5897538661956787,3.0439767837524414,5.028453350067139
1741033446360028000,241.19502783203126,1.4004814624786377,4.454668998718262,6.176080703735352
1741033446370164500,241.20516455078126,0.6561999320983887,5.34453010559082,6.840670585632324
1741033446380265500,241.21526538085936,-0.5171245336532593,5.325789451599121,6.8314208984375
1741033446390366200,241.2253662109375,-1.4520952701568604,4.440053939819336,6.235784530639648
1741033446400467200,241.23546728515626,-1.8364731073379517,2.9052743911743164,5.259936332702637
1741033446410568700,241.24556860351564,-1.1421324014663696,1.1709041595458984,4.22458553314209
1741033446420669700,241.25566967773437,-1.039987564086914,0.06339550018310547,3.541741371154785
1741033446430770700,241.2657707519531,-1.2256540060043335,-0.8337259292602539,3.2197232246398926
1741033446440872200,241.2758720703125,-1.9311914443969727,-1.7293319702148438,2.8725714683532715
1741033446450973000,241.28597290039062,-2.5454635620117188,-2.5939269065856934,2.586721181869507
1741033446461073700,241.29607373046875,-2.816462755203247,-3.3605709075927734,2.347031354904175
1741033446471175200,241.30617504882812,-2.8467440605163574,-4.020016670227051,2.2504782676696777
1741033446481276200,241.31627612304686,-2.7532267570495605,-4.627762794494629,2.221405506134033
1741033446491377200,241.32637719726563,-2.6022562980651855,-5.127859115600586,2.271207809448242
1741033446501478000,241.33647778320312,-2.345541000366211,-5.561007499694824,2.2903783321380615
1741033446511579600,241.34657958984374,-2.055954933166504,-5.890860557556152,2.2992727756500244
1741033446521680400,241.35668041992187,-2.1255950927734375,-6.137744426727295,2.3030076026916504
1741033446531781400,241.36678149414064,-2.086385488510132,-6.180722236633301,2.3415186405181885
1741033446541882000,241.37688208007813,-1.9978693723678589,-6.10184383392334,2.37037992477417
1741033446551983900,241.38698388671875,-1.9896539449691772,-5.927601337432861,2.303779363632202
1741033446562084600,241.39708471679688,-1.9454503059387207,-5.584540367126465,2.2102127075195312
1741033446572185300,241.40718530273438,-1.987412452697754,-5.07670259475708,2.1298606395721436
1741033446582286600,241.41728662109375,-2.0629563331604004,-4.393550872802734,2.011098861694336
1741033446592387800,241.42738793945313,-2.613013505935669,-3.696943759918213,1.8189520835876465
1741033446602488800,241.43748876953126,-3.1773312091827393,-3.0133938789367676,1.5728379487991333
1741033446612589600,241.4475895996094,-3.5364186763763428,-2.223144054412842,1.345681071281433
1741033446622691000,241.45769116210937,-3.864126682281494,-1.377197265625,1.1068556308746338
1741033446632792000,241.4677919921875,-4.085388660430908,-0.5086565017700195,0.8500442504882812
1741033446642893000,241.47789306640624,-4.5840678215026855,0.23183631896972656,0.5162168741226196
1741033446652994600,241.48799462890625,-5.279275894165039,0.9321746826171875,0.16775333881378174
1741033446663096000,241.49809594726563,-5.693800926208496,1.5817623138427734,-0.09156692028045654
1741033446673364200,241.5083642578125,-5.548236846923828,2.120168685913086,-0.261566162109375
1741033446683667700,241.51866772460937,-5.3571977615356445,2.608226776123047,-0.218147873878479
1741033446693952500,241.52895239257813,-4.915726661682129,3.181293487548828,-0.011652112007141113
1741033446704093400,241.53909350585937,-4.115413665771484,3.8260602951049805,0.20934247970581055
1741033446714195000,241.54919482421874,-3.162649631500244,4.531381607055664,0.3875178098678589
1741033446724296000,241.5592958984375,-2.3060832023620605,5.167975425720215,0.25141382217407227
1741033446734396700,241.5693967285156,-1.7724659442901611,5.58624267578125,-0.2619589567184448
1741033446744498000,241.57949780273438,-1.3626211881637573,5.772905349731445,-0.900336742401123
1741033446754599200,241.58959912109376,-1.4771544933319092,5.547018051147461,-1.8167146444320679
1741033446764700200,241.5997001953125,-0.6223801970481873,5.039092063903809,-3.2730093002319336
1741033446774801000,241.60980078125,1.1060410737991333,4.694779396057129,-5.061269760131836
1741033446784902400,241.61990234375,1.4320814609527588,5.181110382080078,-5.76691198348999
1741033446795003400,241.63000341796874,1.6945650577545166,5.321581840515137,-4.920375823974609
1741033446805104000,241.64010424804687,2.7069642543792725,4.439239501953125,-2.817275047302246
1741033446815205000,241.650205078125,3.5085721015930176,2.6006555557250977,-1.4746659994125366
1741033446825306600,241.660306640625,3.5133261680603027,0.5125303268432617,-0.9034866094589233
1741033446835407600,241.67040771484375,3.0489158630371094,-1.2218704223632812,-0.7851506471633911
1741033446845508400,241.68050830078124,2.297436237335205,-2.233931064605713,-1.0481621026992798
1741033446855609300,241.690609375,1.7067605257034302,-2.1374406814575195,-1.2624017000198364
1741033446865710800,241.7007109375,0.9472567439079285,-0.7994298934936523,-1.360891580581665
1741033446875811800,241.71081176757812,0.5702678561210632,1.2441911697387695,-1.4221097230911255
1741033446885912600,241.72091259765625,0.799235463142395,3.124974250793457,-1.5369765758514404
1741033446896013800,241.73101391601563,1.6197737455368042,3.9125843048095703,-1.2053238153457642
1741033446906115000,241.74111499023437,2.1954286098480225,3.522519111633301,-0.3064218759536743
1741033446916215800,241.7512158203125,2.2330806255340576,2.4234981536865234,0.43566441535949707
1741033446926317300,241.7613173828125,2.8360371589660645,1.4363746643066406,0.890693724155426
1741033446936537900,241.77153784179689,2.6889610290527344,0.44436073303222656,0.8721317052841187
1741033446946841300,241.78184130859376,1.7662616968154907,-0.5092983245849609,0.5043708086013794
1741033446957144300,241.79214428710938,0.25915858149528503,-1.516824722290039,0.022758126258850098
1741033446967311400,241.80231127929687,-1.8904865980148315,-2.39633846282959,-0.1267378330230713
1741033446977416400,241.81241650390626,-1.8789254426956177,-2.936300754547119,0.5460613965988159
1741033446987517400,241.82251733398436,-0.30997294187545776,-3.1640138626098633,1.511017084121704
1741033446997619200,241.832619140625,0.7203499674797058,-3.4441003799438477,2.192650079727173
1741033447007720000,241.84271997070311,1.4681743383407593,-3.9153313636779785,2.516359806060791
1741033447017821000,241.85282104492188,1.819627046585083,-4.063185214996338,2.8510546684265137
1741033447027958300,241.86295825195313,1.8784987926483154,-4.352327346801758,3.4168291091918945
1741033447038262000,241.87326196289064,1.5308390855789185,-4.831815242767334,4.039813995361328
1741033447048565200,241.88356518554687,0.8176339864730835,-5.343574047088623,4.149283409118652
1741033447058796300,241.89379638671875,0.4052894711494446,-5.461751937866211,4.541385173797607
1741033447068920300,241.90392041015625,0.029484301805496216,-5.557361125946045,4.711620330810547
1741033447079021300,241.91402124023438,-0.04770943522453308,-5.840888023376465,4.65792179107666
1741033447089122600,241.92412255859375,0.18107181787490845,-6.102397441864014,4.479799747467041
1741033447099223800,241.93422387695313,0.25799667835235596,-6.413331985473633,4.016725540161133
1741033447109324500,241.94432446289062,-0.04864323139190674,-6.71812105178833,3.250727891921997
1741033447119426000,241.95442602539063,-0.1613905429840088,-6.764761924743652,2.674588918685913
1741033447129706000,241.9647060546875,0.15776491165161133,-6.539180755615234,2.1518397331237793
1741033447140009500,241.97500952148437,0.7919672131538391,-5.816793441772461,1.8818567991256714
1741033447150288600,241.98528857421874,1.1925311088562012,-4.98456335067749,1.9252111911773682
1741033447160378400,241.99537841796874,1.5059798955917358,-4.0080084800720215,1.8909332752227783
1741033447170372600,242.00537255859376,2.307861804962158,-2.8063316345214844,1.9155969619750977
1741033447180676400,242.01567626953124,2.614603281021118,-1.2389287948608398,1.9857792854309082
1741033447190979600,242.0259794921875,2.657285690307617,0.7996931076049805,2.217703104019165
1741033447201282300,242.0362822265625,2.7716705799102783,3.325014114379883,2.5073180198669434
1741033447211503900,242.04650390625,2.4348344802856445,6.015270233154297,2.3760030269622803
1741033447221624800,242.0566247558594,1.4379072189331055,8.544388771057129,1.4766396284103394
1741033447231725600,242.0667255859375,0.25585484504699707,9.405074119567871,-0.3976407051086426
1741033447241826300,242.07682641601562,0.6190633773803711,7.386495590209961,-3.9506778717041016
1741033447251927800,242.086927734375,2.5800352096557617,4.180485725402832,-7.31936502456665
1741033447262028800,242.09702880859376,2.1491036415100098,2.730402946472168,-8.767399787902832
1741033447272129800,242.1071298828125,1.5430911779403687,1.9334125518798828,-8.802886009216309
1741033447282230500,242.11723046875,3.7156081199645996,1.123164176940918,-7.3407135009765625
1741033447292332300,242.12733227539061,6.585577011108398,0.12479400634765625,-5.317293167114258
1741033447302433000,242.13743310546874,9.912962913513184,-0.6556921005249023,-2.655759811401367
1741033447312534000,242.14753393554687,10.893108367919922,0.034905433654785156,-0.979138970375061
1741033447322635500,242.1576354980469,6.740345001220703,2.537717819213867,-1.344803810119629
1741033447332736500,242.16773657226562,3.611266613006592,5.043346405029297,-2.594226837158203
1741033447342837200,242.17783715820312,4.742793083190918,5.516364097595215,-2.0280768871307373
1741033447352938500,242.1879384765625,4.774694442749023,4.690155029296875,-0.12769079208374023
1741033447363039700,242.19803979492187,2.1388204097747803,3.503265380859375,1.4379792213439941
1741033447373140500,242.20814038085936,0.5856437683105469,2.7164812088012695,2.537593364715576
1741033447383241500,242.21824145507813,0.2523965835571289,2.9010324478149414,3.4519996643066406
1741033447393342700,242.2283427734375,0.08471274375915527,4.075482368469238,4.238263130187988
1741033447403444000,242.23844384765624,-0.4022303819656372,5.444161415100098,4.86306619644165
1741033447413544700,242.24854467773437,-0.8717294931411743,6.236773490905762,5.371606349945068
1741033447423645700,242.2586457519531,-0.9749926328659058,5.674171447753906,5.485902309417725
1741033447433747200,242.26874731445312,-0.9556937217712402,3.879420280456543,5.071863174438477
1741033447443848200,242.27884814453125,-1.2107768058776855,2.1818532943725586,4.408022880554199
1741033447453949000,242.28894897460938,-1.5993680953979492,0.9227848052978516,3.828432083129883
1741033447464050000,242.2990498046875,-1.9438292980194092,-0.36225032806396484,3.326577663421631
1741033447474151400,242.3091513671875,-2.3252739906311035,-1.5877227783203125,2.922192335128784
1741033447484252200,242.31925219726563,-2.504808187484741,-2.6322622299194336,2.639707565307617
1741033447494353200,242.32935327148436,-2.5148606300354004,-3.449009418487549,2.5749011039733887
1741033447504454100,242.3394541015625,-2.3500146865844727,-4.118876934051514,2.5695555210113525
1741033447514555600,242.3495556640625,-2.3462469577789307,-4.651223659515381,2.596362829208374
1741033447524656400,242.35965649414064,-2.33534836769104,-5.1326117515563965,2.6372733116149902
1741033447534757400,242.36975732421874,-2.297719955444336,-5.472339630126953,2.6476552486419678
1741033447544858600,242.3798586425781,-2.255051612854004,-5.699325084686279,2.706561803817749
1741033447554960000,242.3899599609375,-2.1322073936462402,-5.860326766967773,2.749448537826538
1741033447565060600,242.400060546875,-2.031782388687134,-5.948556423187256,2.780566930770874
1741033447575162000,242.410162109375,-1.934370994567871,-5.894484996795654,2.8200223445892334
1741033447585263000,242.42026318359376,-1.8723623752593994,-5.641941547393799,2.7906622886657715
1741033447595363800,242.43036376953125,-1.8477941751480103,-5.208509922027588,2.76944637298584
1741033447605464800,242.44046484375,-1.8505606651306152,-4.627104759216309,2.759962558746338
1741033447615566300,242.45056640625,-1.8672358989715576,-4.000314712524414,2.69920015335083
1741033447625667300,242.46066723632813,-2.079996347427368,-3.3135080337524414,2.5590617656707764
1741033447635768000,242.47076806640624,-2.353970766067505,-2.5911993980407715,2.35026478767395
1741033447645869000,242.480869140625,-2.569657802581787,-1.7720403671264648,2.1410980224609375
1741033447655970600,242.49097045898438,-3.009186029434204,-0.8755626678466797,1.73650324344635
1741033447666071300,242.5010712890625,-4.31689453125,0.011158943176269531,1.1412016153335571
1741033447676172300,242.51117236328125,-5.898515224456787,0.9015598297119141,0.45008838176727295
1741033447686273500,242.5212734375,-7.135209083557129,1.669886589050293,-0.3037426471710205
1741033447696374800,242.5313747558594,-7.904525279998779,2.362333297729492,-0.906989574432373
1741033447706475500,242.5414755859375,-8.128841400146484,2.979757308959961,-1.2570888996124268
1741033447716576500,242.55157641601562,-7.588769912719727,3.494452476501465,-1.2738826274871826
1741033447726677800,242.561677734375,-6.8042755126953125,4.159091949462891,-0.9246295690536499
1741033447736779000,242.57177905273437,-5.7649641036987305,4.691682815551758,-0.3926267623901367
1741033447746879700,242.58187963867186,-4.551881790161133,4.913328170776367,0.10015499591827393
1741033447756980500,242.59198046875,-3.1637487411499023,4.984928131103516,0.17225968837738037
1741033447767082200,242.60208227539061,-2.0416252613067627,4.964921951293945,-0.23734796047210693
1741033447777183000,242.61218286132814,-1.3943349123001099,4.786890983581543,-0.9365553855895996
1741033447787284000,242.62228393554688,-1.1431238651275635,4.587337493896484,-1.6572362184524536
1741033447797385000,242.6323850097656,-1.0959552526474,4.63783073425293,-2.524808406829834
1741033447807486500,242.64248657226562,-0.9800317287445068,5.276034355163574,-3.6761770248413086
1741033447817587200,242.65258715820312,-0.231026291847229,5.9112548828125,-4.68210506439209
1741033447827688400,242.6626884765625,1.9416710138320923,5.42083740234375,-4.973978042602539
1741033447837789700,242.67278979492187,3.3033790588378906,3.6182641983032227,-3.535390615463257
1741033447847890700,242.682890625,3.157654285430908,1.2862520217895508,-1.9201102256774902
1741033447857991400,242.69299145507813,2.534649133682251,-0.5631084442138672,-1.2050387859344482
1741033447868092700,242.7030927734375,2.4280824661254883,-1.28192138671875,-0.9578200578689575
1741033447878194000,242.71319384765624,2.3566982746124268,-0.9248991012573242,-1.0031625032424927
1741033447888294700,242.72329467773437,1.7324365377426147,0.30068016052246094,-1.1760841608047485
1741033447898395600,242.7333957519531,0.898278534412384,1.9147977828979492,-1.2805633544921875
1741033447908497200,242.7434970703125,0.34915539622306824,3.151923179626465,-1.31684148311615
1741033447918598100,242.75359814453125,0.12779372930526733,3.6628332138061523,-1.33551824092865
1741033447928699600,242.76369970703124,0.663806676864624,3.21022891998291,-0.9853901863098145
1741033447939003400,242.77400341796874,0.7722740173339844,2.1281070709228516,-0.4574941396713257
1741033447949307000,242.7843068847656,0.8390020728111267,1.3697538375854492,0.2034224271774292
1741033447959570700,242.79457080078126,1.6433520317077637,0.803436279296875,0.6490947604179382
1741033447969697300,242.804697265625,1.408850908279419,0.3053007125854492,0.6785005927085876
1741033447979798800,242.814798828125,0.33055296540260315,-0.3598012924194336,0.4535815715789795
1741033447989900000,242.82490014648437,-0.7964418530464172,-1.216421127319336,0.8776049017906189
1741033448000085000,242.8350849609375,-0.7845269441604614,-2.0163755416870117,1.7346887588500977
1741033448010388500,242.84538842773438,0.7658606767654419,-2.479729175567627,2.567378282546997
1741033448020691500,242.85569140625,1.9876762628555298,-2.822197914123535,3.062908172607422
1741033448030886700,242.86588671875,2.7019078731536865,-3.143467903137207,3.191502571105957
1741033448041000000,242.876,3.215798854827881,-3.238393783569336,3.5793263912200928
1741033448051100200,242.88610009765625,3.5616486072540283,-3.4912662506103516,4.240375518798828
1741033448061201000,242.89620092773438,3.3607912063598633,-4.30708646774292,4.802056789398193
1741033448071302000,242.90630200195312,2.4970171451568604,-4.9965949058532715,4.924664497375488
1741033448081605400,242.91660546875,1.62958562374115,-5.386582851409912,4.947373867034912
1741033448091908900,242.92690893554686,0.7135134339332581,-5.737005710601807,4.863251686096191
1741033448102173000,242.9371728515625,0.5332033634185791,-6.13342809677124,4.62654447555542
1741033448112300800,242.94730078125,0.46195104718208313,-6.39193058013916,4.362915515899658
1741033448122401800,242.95740185546876,0.09439274668693542,-6.585993766784668,4.021337985992432
1741033448132503000,242.9675029296875,-0.45421382784843445,-6.712534427642822,3.522115468978882
1741033448142698800,242.97769873046875,-0.8010643720626831,-6.799323081970215,3.128591537475586
1741033448153002500,242.98800244140625,-0.4527208209037781,-6.804980278015137,2.6931560039520264
1741033448163305500,242.99830541992188,0.3894754648208618,-6.612742900848389,2.15583872795105
1741033448173492500,243.00849243164063,0.9134480953216553,-6.0831193923950195,1.7832133769989014
1741033448183602400,243.0186025390625,1.1728860139846802,-5.202757358551025,1.6614151000976562
1741033448193703200,243.028703125,1.3706060647964478,-4.276947021484375,1.4741400480270386
1741033448203804000,243.03880395507812,1.9154644012451172,-2.872743606567383,1.4561712741851807
1741033448213905700,243.04890576171874,2.1618006229400635,-0.8867168426513672,1.5180840492248535
1741033448224006400,243.05900634765624,1.8957427740097046,1.9237432479858398,1.5128612518310547
1741033448234107400,243.069107421875,0.8677271604537964,5.516778945922852,1.0657180547714233
1741033448244208400,243.07920849609374,-0.39952802658081055,9.075627326965332,-0.16780924797058105
1741033448254310000,243.08930981445312,1.529402732849121,10.619745254516602,-2.878922939300537
1741033448264410600,243.09941064453125,5.341808795928955,8.701159477233887,-6.1239423751831055
1741033448274512000,243.10951196289062,5.158644676208496,5.749940872192383,-7.681032180786133
1741033448284613000,243.1196130371094,3.9906251430511475,3.759969711303711,-6.90656042098999
1741033448294714000,243.12971411132813,5.815011978149414,1.941737174987793,-5.616237640380859
1741033448304814800,243.13981494140626,7.593478202819824,0.5488805770874023,-4.336745738983154
1741033448314916000,243.149916015625,9.347665786743164,-1.0978107452392578,-2.8826208114624023
1741033448325017300,243.16001733398437,9.678876876831055,-2.189448833465576,-1.0111854076385498
1741033448335118800,243.17011889648438,6.5616326332092285,-0.36740779876708984,-0.14512085914611816
1741033448345375000,243.180375,4.599806308746338,2.867079734802246,-0.8250131607055664
1741033448355678700,243.1906787109375,2.772481679916382,6.662261009216309,-1.8227431774139404
1741033448365981400,243.2009814453125,5.26347017288208,8.18310260772705,-0.2224588394165039
1741033448376116500,243.21111645507813,3.6015708446502686,8.656327247619629,2.0111489295959473
1741033448386218000,243.22121801757814,1.3801658153533936,6.460274696350098,3.349156379699707
1741033448396319000,243.23131909179688,0.23146820068359375,3.6430587768554688,3.7773184776306152
1741033448406419700,243.24141967773437,-0.49843311309814453,2.4905710220336914,3.8857765197753906
1741033448416520700,243.25152075195314,-0.9546025991439819,3.0327444076538086,3.8209009170532227
1741033448426622200,243.26162231445312,-0.8407847881317139,4.291952133178711,4.077897548675537
1741033448436723000,243.2717229003906,-0.8763511776924133,5.233485221862793,4.623741626739502
1741033448446824000,243.28182397460938,-1.2518366575241089,5.69415283203125,5.122649192810059
1741033448456925200,243.29192529296876,-1.8730812072753906,5.077045440673828,5.235366344451904
1741033448467026400,243.3020263671875,-2.4474844932556152,3.434755325317383,4.852880477905273
1741033448477127200,243.31212719726562,-2.695476531982422,1.4487972259521484,4.18958854675293
1741033448487228200,243.32222827148436,-2.610307455062866,-0.2887125015258789,3.7102770805358887
1741033448497329700,243.33232958984374,-2.4315953254699707,-1.6660056114196777,3.379812240600586
1741033448507430700,243.3424306640625,-2.3015758991241455,-2.711911678314209,3.0989274978637695
1741033448517531400,243.35253149414064,-2.0862538814544678,-3.533450126647949,2.914781332015991
1741033448527632100,243.36263208007813,-1.8783234357833862,-4.240642547607422,2.7636818885803223
1741033448537734000,243.37273388671875,-1.7300132513046265,-4.845823287963867,2.6543338298797607
1741033448547834600,243.38283471679688,-1.5609517097473145,-5.314029693603516,2.578129529953003
1741033448557935600,243.392935546875,-1.4294705390930176,-5.687102317810059,2.554905414581299
1741033448568036600,243.40303662109375,-1.5013389587402344,-6.033007621765137,2.5260486602783203
1741033448578138000,243.41313818359376,-1.5739978551864624,-6.2504730224609375,2.5528416633605957
1741033448588238800,243.42323876953125,-1.5679622888565063,-6.379127502441406,2.5728888511657715
1741033448598339600,243.43333959960938,-1.5410887002944946,-6.299283981323242,2.6217808723449707
1741033448608440800,243.44344091796876,-1.661367416381836,-6.045032978057861,2.663536787033081
1741033448618542000,243.4535419921875,-1.8539186716079712,-5.5047760009765625,2.656731128692627
1741033448628643000,243.46364306640626,-2.091580390930176,-4.814831733703613,2.562838554382324
1741033448638743800,243.47374389648436,-2.4379453659057617,-4.035043239593506,2.380648612976074
1741033448648845300,243.48384521484374,-2.8317644596099854,-3.2158560752868652,2.170778274536133
1741033448658946300,243.4939462890625,-3.0149877071380615,-2.446284294128418,2.049673318862915
1741033448669047300,243.50404736328124,-3.2029340267181396,-1.7788147926330566,2.0075008869171143
1741033448679148800,243.51414868164062,-3.3894143104553223,-1.1993951797485352,1.9290461540222168
1741033448689249800,243.5242497558594,-3.7347826957702637,-0.6621847152709961,1.8263745307922363
1741033448699350500,243.5343505859375,-4.03464412689209,-0.15191650390625,1.6898274421691895
1741033448709451500,243.54445141601562,-4.221491813659668,0.3806333541870117,1.5361220836639404
1741033448719553300,243.55455322265624,-4.386194229125977,1.080357551574707,1.4022717475891113
1741033448729690600,243.56469067382812,-4.515567302703857,1.9806232452392578,1.2713541984558105
1741033448739994000,243.574994140625,-4.447751998901367,3.0111703872680664,1.084091305732727
1741033448750297300,243.58529736328126,-4.341153144836426,4.216256141662598,0.9332444071769714
1741033448760528100,243.5955280761719,-4.124757289886475,5.246784210205078,0.6949024796485901
1741033448770652400,243.60565234375,-3.651644706726074,5.983914375305176,0.34251391887664795
1741033448780753400,243.61575341796876,-3.0659098625183105,6.165343284606934,-0.2465735673904419
1741033448790854400,243.6258544921875,-2.515702724456787,5.899715423583984,-1.0096503496170044
1741033448800955100,243.635955078125,-2.4695005416870117,5.4353437423706055,-2.0410842895507812
1741033448811056600,243.646056640625,-2.2783713340759277,4.847675323486328,-2.8472836017608643
1741033448821157600,243.65615771484374,-2.043037176132202,4.044407844543457,-4.43635368347168
1741033448831258600,243.66625854492187,-1.5378097295761108,3.09454345703125,-6.077455520629883
1741033448841359400,243.676359375,-0.9122508764266968,3.1275835037231445,-6.177183151245117
1741033448851461000,243.68646118164062,-0.1342942714691162,4.151449203491211,-4.710900783538818
1741033448861561900,243.69656176757812,0.5714880228042603,5.081704139709473,-2.818058967590332
1741033448871662600,243.70666259765625,1.377979040145874,4.768291473388672,-1.6952862739562988
1741033448881763600,243.716763671875,2.096601724624634,2.718350410461426,-1.8607146739959717
1741033448891865000,243.72686499023436,2.2399895191192627,0.0567779541015625,-2.361307144165039
1741033448901966000,243.73696606445313,2.1223578453063965,-1.874377727508545,-2.741502285003662
1741033448912066800,243.74706689453126,1.988102674484253,-2.670745372772217,-3.0423543453216553
1741033448922168000,243.75716796875,1.5326037406921387,-1.9637517929077148,-3.0856716632843018
1741033448932269300,243.76726928710937,1.5141156911849976,0.04738903045654297,-2.60782527923584
1741033448942370000,243.7773701171875,1.5525929927825928,2.0814809799194336,-2.3469908237457275
1741033448952471000,243.78747094726563,1.7328579425811768,3.6063671112060547,-1.7252185344696045
1741033448962572500,243.79757250976562,1.4308511018753052,4.180690765380859,-0.5852305889129639
1741033448972673500,243.80767358398438,0.3890349864959717,3.7539167404174805,0.15253698825836182
1741033448982774300,243.81777416992188,1.3748698234558105,2.936298370361328,0.8093336224555969
1741033448992875300,243.8278752441406,3.3977651596069336,2.0611724853515625,1.3511271476745605
1741033449002976800,243.83797680664063,4.191784858703613,1.2886009216308594,1.852956771850586
1741033449013077800,243.84807788085936,4.014476776123047,0.46435546875,1.9822486639022827
1741033449023178500,243.8581784667969,2.675964832305908,-0.5796947479248047,1.5350136756896973
1741033449033279500,243.86827954101562,1.9186474084854126,-1.6618270874023438,0.8746981620788574
1741033449043381000,243.87838110351564,2.189936876296997,-2.4278955459594727,0.3689248859882355
1741033449053481700,243.88848168945313,2.129969358444214,-2.842507839202881,-0.24378114938735962
1741033449063582700,243.89858276367187,1.9957284927368164,-3.058627128601074,-0.22342342138290405
1741033449073684000,243.90868408203124,1.4078171253204346,-3.538788318634033,0.008248686790466309
1741033449083785200,243.91878515625,0.7085838317871094,-3.9677071571350098,0.30665794014930725
1741033449093886000,243.9288859863281,0.7043152451515198,-4.540091514587402,0.26610907912254333
1741033449103987500,243.93898754882812,0.5958274602890015,-5.392970085144043,0.16071242094039917
1741033449114088400,243.94908837890625,0.16495531797409058,-5.96100378036499,0.5229833126068115
1741033449124189400,243.959189453125,-0.18148761987686157,-6.047511100769043,1.2914631366729736
1741033449134290200,243.96929028320312,-0.650696337223053,-5.876666069030762,2.5741567611694336
1741033449144391700,243.9793916015625,-0.6962662935256958,-6.017569541931152,3.4468207359313965
1741033449154492700,243.98949267578126,-0.5876063704490662,-6.08918571472168,4.036181449890137
1741033449164593400,243.99959350585937,-0.6705847978591919,-6.264042854309082,3.982905387878418
1741033449174694400,244.0096943359375,-0.4894225001335144,-6.283394813537598,4.098653793334961
1741033449184796000,244.0197958984375,-0.18182528018951416,-6.152179718017578,4.185112953186035
1741033449194897000,244.02989697265625,0.015979528427124023,-6.061254501342773,3.974184513092041
1741033449204997600,244.03999755859374,0.17159569263458252,-5.874361991882324,3.5964736938476562
1741033449215099000,244.05009887695311,0.5642110109329224,-5.546600818634033,3.347862720489502
1741033449225200000,244.0602001953125,0.9298303127288818,-4.947554588317871,3.184678077697754
1741033449235301000,244.07030102539062,1.3867305517196655,-4.283323287963867,3.113696575164795
1741033449245401900,244.08040185546875,1.8499484062194824,-3.4914374351501465,3.1086161136627197
1741033449255503000,244.09050317382813,2.32731032371521,-2.3633809089660645,3.333101749420166
1741033449265604400,244.10060424804686,2.4583139419555664,-0.6248493194580078,3.6968743801116943
1741033449275705000,244.110705078125,1.873466968536377,2.175015449523926,4.047039985656738
1741033449285806000,244.12080615234376,-0.08149182796478271,6.467987060546875,4.0751051902771
1741033449295907600,244.13090747070314,-2.1460869312286377,10.641371726989746,3.1537437438964844
1741033449306008600,244.14100854492187,-1.8907239437103271,11.820388793945312,0.12923312187194824
1741033449316109300,244.151109375,-1.8776013851165771,8.933237075805664,-3.29876446723938
1741033449326210000,244.1612099609375,-3.0835752487182617,5.479331970214844,-5.458790302276611
1741033449336311800,244.17131176757812,-4.032724380493164,3.6351680755615234,-6.617619037628174
1741033449346412500,244.18141259765625,-2.742690324783325,1.5941667556762695,-7.433423042297363
1741033449356513500,244.19151342773438,1.9766590595245361,-1.0354385375976562,-7.82635498046875
1741033449366614500,244.20161450195312,9.98836612701416,-2.724337100982666,-8.1318941116333
1741033449376716000,244.21171606445313,17.043729782104492,-2.2667388916015625,-6.409945964813232
1741033449386816800,244.22181665039062,19.257246017456055,-0.344940185546875,-3.4350178241729736
1741033449396917800,244.2319177246094,13.500447273254395,2.427267074584961,-1.2214025259017944
1741033449407019000,244.24201904296876,8.4579439163208,3.2667503356933594,-0.756392240524292
1741033449417120300,244.25212036132814,3.454700469970703,3.2114953994750977,0.188920259475708
1741033449427221000,244.26222094726563,0.1020970344543457,3.5022592544555664,1.2017992734909058
1741033449437321700,244.27232177734376,-1.2371691465377808,4.1257781982421875,1.1742162704467773
1741033449447423200,244.28242333984375,-1.8289275169372559,5.04814338684082,0.7814143896102905
1741033449457524200,244.29252416992188,-1.9133195877075195,5.974115371704102,0.6779451370239258
1741033449467625200,244.30262524414061,-1.8224036693572998,6.738898277282715,0.9755845069885254
1741033449477726000,244.31272583007814,-1.8560776710510254,7.1753387451171875,1.6657891273498535
1741033449487827700,244.32282763671876,-1.9387423992156982,6.807229995727539,2.4792277812957764
1741033449497928400,244.3329284667969,-1.7270698547363281,5.4642534255981445,3.0742063522338867
1741033449508029400,244.34302954101562,-1.7842140197753906,3.7182140350341797,3.0903282165527344
1741033449518130400,244.35313037109376,-2.08074951171875,2.035097122192383,2.7147018909454346
1741033449528232000,244.36323193359374,-2.246623992919922,0.8658351898193359,2.402590751647949
1741033449538332700,244.37333276367187,-2.1828229427337646,0.07953262329101562,2.245354652404785
1741033449548433400,244.38343334960936,-2.049801826477051,-0.5931129455566406,2.237175941467285
1741033449558534700,244.39353466796874,-1.925145149230957,-1.3409481048583984,2.318295955657959
1741033449568636000,244.4036359863281,-1.904408574104309,-2.209019184112549,2.415480852127075
1741033449578737000,244.41373681640624,-2.0137336254119873,-3.0465850830078125,2.464686393737793
1741033449588837600,244.42383764648437,-2.295074462890625,-3.8396520614624023,2.467449188232422
1741033449598939100,244.43393920898438,-2.3059678077697754,-4.550210952758789,2.4429681301116943
1741033449609040100,244.4440400390625,-2.3410794734954834,-5.148541450500488,2.455613851547241
1741033449619141000,244.45414111328125,-2.3931140899658203,-5.665482521057129,2.4660704135894775
1741033449629242600,244.46424267578124,-2.3268349170684814,-6.131656646728516,2.4426143169403076
1741033449639343600,244.47434350585937,-2.199309825897217,-6.505587577819824,2.382720708847046
1741033449649444400,244.4844443359375,-2.011371374130249,-6.797834396362305,2.313781499862671
1741033449659545300,244.49454541015626,-1.8799726963043213,-6.975346088409424,2.282458782196045
1741033449669646800,244.50464672851564,-1.8310390710830688,-6.930992126464844,2.280888080596924
1741033449679747600,244.51474755859374,-1.8208682537078857,-6.672642707824707,2.324883460998535
1741033449689848600,244.5248486328125,-1.8725919723510742,-6.127218246459961,2.399047374725342
1741033449699949600,244.53494946289064,-1.9261233806610107,-5.346607208251953,2.451995372772217
1741033449710051000,244.54505102539062,-2.0057554244995117,-4.420055389404297,2.4647817611694336
1741033449720151800,244.55515185546875,-2.0627336502075195,-3.3965463638305664,2.521428108215332
1741033449730252500,244.56525244140624,-2.1260766983032227,-2.339177131652832,2.509673833847046
1741033449740354000,244.57535400390626,-2.1906051635742188,-1.2344608306884766,2.4246537685394287
1741033449750455300,244.58545532226563,-2.39813232421875,-0.18620967864990234,2.2494583129882812
1741033449760556000,244.59555615234376,-2.59809947013855,0.8961095809936523,2.054790496826172
1741033449770656800,244.60565673828125,-2.594212532043457,1.9381351470947266,1.9044272899627686
1741033449780758300,244.61575830078124,-2.5664455890655518,3.0474090576171875,1.7750699520111084
1741033449790859300,244.625859375,-2.6102399826049805,4.120028495788574,1.7315824031829834
1741033449800960300,244.63596020507813,-2.6290524005889893,5.117859840393066,1.7156798839569092
1741033449811061000,244.64606103515624,-2.514388084411621,5.804917335510254,1.5080457925796509
1741033449821162800,244.65616284179688,-2.462315559387207,6.067849159240723,1.1878039836883545
1741033449831263500,244.66626342773438,-2.29276704788208,5.937589645385742,0.6061335802078247
1741033449841364200,244.6763642578125,-2.1570305824279785,5.454802513122559,-0.3948242664337158
1741033449851465500,244.68646557617188,-2.072906255722046,5.130168914794922,-1.5931116342544556
1741033449861566700,244.69656665039062,-0.5137028694152832,4.979162216186523,-3.020312786102295
1741033449871667700,244.7066677246094,0.6169931888580322,4.832004547119141,-4.554683685302734
1741033449881768400,244.7167685546875,1.410309076309204,4.652162551879883,-6.193593502044678
1741033449891869700,244.72686962890626,2.1353044509887695,5.076653480529785,-6.339057922363281
1741033449901971000,244.73697094726563,3.3949544429779053,5.94786262512207,-5.184267520904541
1741033449912072000,244.74707202148437,5.1204681396484375,6.33477783203125,-3.641726016998291
1741033449922172700,244.75717260742186,6.9228315353393555,5.388113021850586,-2.352212429046631
1741033449932274200,244.76727416992188,6.596163749694824,2.9452714920043945,-2.254009246826172
1741033449942375200,244.77737524414061,4.355017185211182,0.3392601013183594,-2.3029849529266357
1741033449952476000,244.78747583007814,2.341625213623047,-1.4307165145874023,-2.102215051651001
1741033449962577000,244.79757690429688,1.0579009056091309,-2.3663973808288574,-1.8609023094177246
1741033449972678400,244.8076784667969,0.37924230098724365,-2.2135581970214844,-1.3879952430725098
1741033449982779400,244.817779296875,0.8617173433303833,-0.7764358520507812,-1.1212410926818848
1741033449992880000,244.82788012695312,2.3833541870117188,0.9903936386108398,-0.749643087387085
1741033450002981000,244.83798120117189,4.273850917816162,2.2404260635375977,0.25788062810897827
1741033450013082600,244.84808251953126,5.140669345855713,2.3355932235717773,1.0763356685638428
1741033450023183600,244.85818359375,5.004330158233643,1.673192024230957,1.2928462028503418
1741033450033284400,244.86828442382813,3.56179141998291,0.9384422302246094,0.9909051656723022
1741033450043385600,244.87838549804687,1.4856170415878296,0.22836971282958984,-0.08144605159759521
1741033450053486800,244.88848681640624,0.5784103274345398,-0.5111913681030273,-0.7373946905136108
1741033450063587600,244.89858764648437,0.028794139623641968,-1.2615413665771484,-1.1207382678985596
1741033450073688600,244.9086884765625,-0.7902701497077942,-1.7519421577453613,-1.0423208475112915
1741033450083789800,244.91878979492188,-1.3587006330490112,-1.9299020767211914,-0.40541791915893555
1741033450093891000,244.92889111328125,-1.291140079498291,-1.9416451454162598,0.43073606491088867
1741033450103991800,244.93899169921875,-0.5448687076568604,-2.0744338035583496,1.1691912412643433
1741033450114092500,244.94909252929688,0.0254734568297863,-2.328355312347412,1.7060847282409668
1741033450124194300,244.9591943359375,0.6974897384643555,-2.7588400840759277,1.8829963207244873
1741033450134295300,244.96929541015626,0.9519704580307007,-3.4337806701660156,1.9022866487503052
1741033450144396000,244.97939599609376,0.8709017038345337,-4.229556083679199,2.005067825317383
1741033450154497000,244.9894970703125,0.706662654876709,-4.692846298217773,2.4031574726104736
1741033450164598500,244.9995986328125,0.5475590825080872,-4.933475017547607,3.0360019207000732
1741033450174699300,245.00969921875,0.4224727153778076,-5.161447525024414,3.3955414295196533
1741033450184800300,245.01980029296874,0.2364867925643921,-5.348190784454346,3.6749954223632812
1741033450194901200,245.0299013671875,0.1856241226196289,-5.558366775512695,3.9393255710601807
1741033450205002800,245.04000268554688,0.2397421896457672,-5.898227691650391,4.039454936981201
1741033450215103500,245.050103515625,0.19374734163284302,-6.355597496032715,3.9221341609954834
1741033450225204200,245.0602043457031,-0.09129145741462708,-6.606392860412598,3.8275158405303955
1741033450235305700,245.0703056640625,-0.25278720259666443,-6.593695640563965,3.739717960357666
1741033450245406700,245.08040673828125,-0.1558324694633484,-6.263750076293945,3.552462100982666
1741033450255507700,245.0905078125,0.3958233594894409,-5.542513370513916,3.3472769260406494
1741033450265608400,245.1006083984375,0.8963750004768372,-4.643204689025879,3.0842275619506836
1741033450275710000,245.1107099609375,1.3342959880828857,-3.772230625152588,2.737250328063965
1741033450285811000,245.12081103515624,1.5673788785934448,-2.61159086227417,2.519972562789917
1741033450295912000,245.13091186523437,1.7290544509887695,-1.234971046447754,2.308485507965088
1741033450306012700,245.1410126953125,1.6621439456939697,0.807856559753418,2.2352099418640137
1741033450316114400,245.15111450195312,1.146459937095642,3.530299186706543,2.1091339588165283
1741033450326215200,245.16121508789064,0.7725813388824463,6.242330551147461,1.7979090213775635
1741033450336316000,245.17131591796874,-0.17485898733139038,7.785553932189941,0.3901423215866089
1741033450346417200,245.18141723632812,-0.712389349937439,6.732995986938477,-1.9543826580047607
1741033450356518400,245.19151831054688,-0.1655895709991455,4.734838485717773,-4.4320831298828125
1741033450366619400,245.20161938476562,0.25653743743896484,3.483922004699707,-6.205944061279297
1741033450376720100,245.21172021484375,-0.3791038990020752,2.7186479568481445,-7.226841926574707
1741033450386821400,245.2218212890625,1.1718242168426514,1.537485122680664,-7.386633396148682
1741033450396922600,245.23192260742186,5.673276424407959,-0.0106964111328125,-6.718344211578369
1741033450407023600,245.24202368164063,10.1961669921875,-1.3487658500671387,-6.1970953941345215
1741033450417124400,245.25212426757813,14.580230712890625,-2.665632724761963,-4.248345851898193
1741033450427225900,245.26222583007814,11.224398612976074,-1.6831698417663574,-1.84675931930542
1741033450437326800,245.27232690429688,5.880814552307129,1.2698183059692383,-1.4770781993865967
1741033450447427600,245.28242749023437,4.333849906921387,3.90228271484375,-2.067650318145752
1741033450457528600,245.29252856445314,5.039310455322266,4.883538246154785,-1.4757506847381592
1741033450467629300,245.30262939453124,2.8454699516296387,5.259030342102051,-0.25594472885131836
1741033450477731000,245.31273095703125,1.3970518112182617,4.377507209777832,0.6019361019134521
1741033450487831800,245.32283178710938,0.9070682525634766,3.4006881713867188,1.187548041343689
1741033450497932500,245.3329326171875,0.6268973350524902,3.4223499298095703,1.8673088550567627
1741033450508033800,245.34303369140625,0.7289872169494629,4.143619537353516,2.799126625061035
1741033450518135300,245.35313525390626,0.5403811931610107,5.36073112487793,4.011507034301758
1741033450528236000,245.36323608398436,-0.10645008087158203,6.251068115234375,5.124412536621094
1741033450538336800,245.37333666992188,-0.5776311159133911,6.384261131286621,5.977823257446289
1741033450548438000,245.38343798828126,-0.9731987714767456,5.759736061096191,6.202935695648193
1741033450558539300,245.39353930664063,-1.3825660943984985,4.689666748046875,5.863641738891602
1741033450568640300,245.40364013671876,-2.0183768272399902,3.4902191162109375,4.963671684265137
1741033450578741000,245.41374096679687,-2.2854363918304443,2.1429901123046875,3.904917001724243
1741033450588842500,245.42384252929688,-2.4732441902160645,0.8529996871948242,2.931201219558716
1741033450598943500,245.43394360351562,-2.5911178588867188,-0.26117801666259766,2.4870364665985107
1741033450609044200,245.44404418945314,-2.6616170406341553,-1.2861566543579102,2.4262795448303223
1741033450619145200,245.45414526367188,-2.5280966758728027,-2.18033504486084,2.5626652240753174
1741033450629246700,245.4642468261719,-2.375608444213867,-2.9621524810791016,2.6604392528533936
1741033450639347700,245.47434765625,-2.4177980422973633,-3.6655874252319336,2.705801010131836
1741033450649448400,245.48444848632812,-2.4537289142608643,-4.2924675941467285,2.7343037128448486
1741033450659549400,245.4945495605469,-2.5042724609375,-4.829574108123779,2.7480368614196777
1741033450669651000,245.50465087890626,-2.475332736968994,-5.2762322425842285,2.754690408706665
1741033450679752000,245.514751953125,-2.3564558029174805,-5.651433944702148,2.7827556133270264
1741033450689852700,245.52485278320313,-2.1740007400512695,-5.937775611877441,2.8178794384002686
1741033450699954000,245.53495385742187,-1.9837076663970947,-6.1738128662109375,2.806520700454712
1741033450710055200,245.54505517578124,-1.8561017513275146,-6.240196228027344,2.807159900665283
1741033450720156000,245.55515600585937,-1.882617473602295,-6.062540054321289,2.7705602645874023
1741033450730257000,245.5652568359375,-1.7690303325653076,-5.640617370605469,2.7868106365203857
1741033450740358400,245.5753583984375,-1.1952698230743408,-5.107914447784424,2.795081615447998
1741033450750459400,245.58545947265625,-0.20466148853302002,-4.521052837371826,2.74662184715271
1741033450760560000,245.59556005859375,0.7022843956947327,-3.780299663543701,2.6680679321289062
1741033450770661000,245.6056611328125,-0.24421536922454834,-3.073270320892334,2.377758502960205
1741033450780762600,245.6157626953125,-2.533351421356201,-2.5043249130249023,1.4643406867980957
1741033450790863600,245.62586352539063,-4.299434185028076,-2.184720516204834,0.12196731567382812
1741033450800964400,245.63596435546876,-5.255415916442871,-1.807847023010254,-1.1393425464630127
1741033450811065300,245.6460654296875,-6.179046630859375,-1.3126029968261719,-1.7402679920196533
1741033450821166800,245.65616674804687,-6.527318477630615,-0.8019838333129883,-1.6182138919830322
1741033450831267600,245.666267578125,-6.328596591949463,-0.05209922790527344,-1.2035226821899414
1741033450841368600,245.67636865234374,-6.078339576721191,1.0683326721191406,-0.4793490171432495
1741033450851469800,245.6864697265625,-5.335902214050293,2.464693069458008,0.37647485733032227
1741033450861571000,245.69657104492188,-4.335129261016846,3.924551010131836,1.0957989692687988
1741033450871671800,245.706671875,-3.216496467590332,5.4163618087768555,1.6742503643035889
1741033450881772500,245.7167724609375,-2.1509504318237305,6.658726692199707,1.9402554035186768
1741033450891873500,245.72687353515624,-1.3447332382202148,7.623798370361328,1.8167932033538818
1741033450901975000,245.73697509765626,-0.7487245798110962,7.9689531326293945,1.14305579662323
1741033450912076000,245.7470759277344,-0.7303023338317871,7.577905654907227,-0.18200504779815674
1741033450922176800,245.7571767578125,-1.0289777517318726,6.935159683227539,-1.7387858629226685
1741033450932277800,245.76727783203125,-0.8497964143753052,6.559775352478027,-3.524506092071533
1741033450942379300,245.77737915039063,2.931234836578369,6.298711776733398,-6.052676677703857
1741033450952480300,245.78748022460937,4.211117744445801,6.766855239868164,-7.550969123840332
1741033450962581000,245.7975810546875,3.6624879837036133,6.685720443725586,-6.222357749938965
1741033450972682000,245.80768188476563,3.601036787033081,4.689440727233887,-3.437556266784668
1741033450982783500,245.8177834472656,3.7621097564697266,2.093613624572754,-1.5981553792953491
1741033450992884200,245.82788427734374,3.660783290863037,0.20929336547851562,-0.9538015127182007
1741033451002985200,245.83798510742187,2.480833053588867,-0.7528009414672852,-0.9715005159378052
1741033451013086500,245.84808642578125,1.0818549394607544,-1.0581493377685547,-1.1617233753204346
1741033451023187700,245.85818774414062,0.36475855112075806,-0.6348857879638672,-1.3362663984298706
1741033451033289000,245.8682890625,-0.17045477032661438,0.5349283218383789,-1.4498785734176636
1741033451043509500,245.87850952148438,-0.41872915625572205,1.778101921081543,-1.5934637784957886
1741033451053813200,245.88881323242188,0.547457218170166,2.526026725769043,-1.3170688152313232
1741033451063962400,245.89896240234376,1.4053469896316528,2.4591197967529297,-0.4851841926574707
1741033451074218500,245.90921850585937,1.1169205904006958,1.7970905303955078,0.4959443211555481
1741033451084385300,245.91938525390626,0.24460509419441223,1.3211078643798828,1.1217434406280518
1741033451094489000,245.92948901367188,-0.3467710316181183,0.869441032409668,1.550633430480957
1741033451104589800,245.93958984375,-0.09054826200008392,0.41402626037597656,2.3111212253570557
1741033451114691600,245.94969165039063,2.318302869796753,-0.23394298553466797,2.947016477584839
1741033451124792300,245.95979223632813,4.273403644561768,-1.0283565521240234,3.025136709213257
1741033451134893000,245.96989306640626,4.580188751220703,-1.9895925521850586,2.524574041366577
1741033451144994000,245.979994140625,4.406978607177734,-2.793062686920166,1.712648630142212
1741033451155095000,245.99009497070313,3.8546295166015625,-3.1154656410217285,1.5120779275894165
1741033451165196500,246.00019653320314,2.78684663772583,-3.4299097061157227,0.7829355597496033
1741033451175297300,246.01029736328124,1.6783742904663086,-4.016340255737305,0.2774355411529541
1741033451185398000,246.02039794921876,1.185415267944336,-4.640561580657959,0.4283520579338074
1741033451195499500,246.03049951171874,0.7015382051467896,-5.130615234375,0.9657063484191895
1741033451205600500,246.0406005859375,0.60106360912323,-5.267405033111572,1.691903829574585
1741033451215701500,246.0507014160156,0.38424408435821533,-5.260710716247559,2.13364577293396
1741033451225802200,246.06080224609374,0.0931694507598877,-5.430225849151611,2.248034954071045
1741033451235903700,246.07090380859376,-0.3699595332145691,-5.424849510192871,2.598212242126465
1741033451246004700,246.08100463867189,-0.8740809559822083,-5.409307479858398,3.0870425701141357
1741033451256105700,246.09110571289062,-1.0118589401245117,-5.493668079376221,3.5464634895324707
1741033451266206500,246.10120654296875,-0.9812444448471069,-5.750377655029297,3.8033320903778076
1741033451276308200,246.11130810546874,-1.0007691383361816,-6.022156238555908,4.127073764801025
1741033451286409000,246.12140893554687,-0.787440836429596,-6.1017985343933105,4.267800331115723
1741033451296509700,246.131509765625,-0.32559120655059814,-6.15933895111084,3.8213837146759033
1741033451306611000,246.14161083984374,0.2013167142868042,-5.836734294891357,3.219815731048584
1741033451316712200,246.1517121582031,0.8110897541046143,-5.1831440925598145,2.6602296829223633
1741033451326813200,246.16181323242188,1.1166448593139648,-4.366796970367432,2.3533010482788086
1741033451336914000,246.17191381835937,1.4418457746505737,-3.5041513442993164,2.2127761840820312
1741033451347015000,246.18201489257814,1.8886843919754028,-2.4244866371154785,2.1856558322906494
1741033451357116200,246.1921162109375,2.1267032623291016,-0.8721609115600586,2.2955591678619385
1741033451367217400,246.2022175292969,2.184652328491211,1.049142837524414,2.24727725982666
1741033451377318100,246.21231811523438,2.1773886680603027,3.6150636672973633,2.175490617752075
1741033451387419000,246.2224189453125,1.6696020364761353,6.650973320007324,1.5967148542404175
1741033451397520600,246.23252075195313,0.07834351062774658,8.89725399017334,0.368333637714386
1741033451407621400,246.24262133789063,-0.2597670555114746,8.557916641235352,-2.3542938232421875
1741033451417722400,246.25272241210936,1.1370980739593506,6.132367134094238,-5.7032341957092285
1741033451427836000,246.2628359375,1.1920281648635864,3.989975929260254,-7.583330154418945
1741033451438139600,246.2731396484375,1.0052893161773682,2.4977903366088867,-7.490605354309082
1741033451448443000,246.28344287109374,3.2277731895446777,1.0531997680664062,-6.774484634399414
1741033451458697200,246.293697265625,6.740435600280762,0.4831428527832031,-5.556145191192627
1741033451468822300,246.303822265625,9.711299896240234,0.5299882888793945,-4.304406642913818
1741033451478923000,246.31392309570313,13.47998046875,0.26483631134033203,-2.727041482925415
1741033451489023700,246.32402368164063,11.767199516296387,1.0604448318481445,-1.527928113937378
1741033451499124700,246.33412475585936,5.486198425292969,2.871278762817383,-2.327603578567505
1741033451509226000,246.34422607421874,3.5054116249084473,4.166614532470703,-2.6429879665374756
1741033451519327200,246.3543271484375,4.373871803283691,4.199176788330078,-0.9210958480834961
1741033451529428000,246.36442797851564,2.776036024093628,3.694530487060547,1.168492078781128
1741033451539528700,246.37452880859374,1.193070888519287,2.838085174560547,2.5695879459381104
1741033451549630500,246.38463037109375,0.5815331935882568,2.49556827545166,3.70829439163208
1741033451559731200,246.39473120117188,0.3818244934082031,3.0674142837524414,4.510455131530762
1741033451569832200,246.40483227539062,0.017556428909301758,4.307459831237793,5.136925220489502
1741033451579933000,246.4149328613281,-0.4537304639816284,5.663442611694336,5.722812175750732
1741033451590034700,246.42503466796876,-0.9129832983016968,6.42817497253418,6.119976997375488
1741033451600135400,246.43513549804686,-1.2415658235549927,6.139612197875977,5.974679946899414
1741033451610236400,246.445236328125,-1.2823760509490967,4.793402671813965,5.428587913513184
1741033451620337400,246.45533740234376,-1.1811482906341553,2.7817983627319336,4.736322402954102
1741033451630439000,246.46543896484374,-1.4994255304336548,1.2459354400634766,4.224384307861328
1741033451640539600,246.47553955078126,-1.877187967300415,-0.06549453735351562,3.8193161487579346
1741033451650640400,246.48564038085937,-2.1682043075561523,-1.2073163986206055,3.479696035385132
1741033451660741400,246.49574145507813,-2.400939702987671,-2.075317859649658,3.2493600845336914
1741033451670842600,246.50584252929687,-2.514211654663086,-2.7889657020568848,3.088747501373291
1741033451680943900,246.51594384765625,-2.47398042678833,-3.4124913215637207,2.9327476024627686
1741033451691044600,246.52604467773438,-2.487967014312744,-3.9164962768554688,2.7889106273651123
1741033451701145600,246.5361455078125,-2.469794273376465,-4.424874305725098,2.627480983734131
1741033451711247000,246.5462470703125,-2.4040138721466064,-4.842660903930664,2.474092721939087
1741033451721348000,246.55634814453126,-2.284315347671509,-5.197881698608398,2.381469488143921
1741033451731448800,246.56644873046875,-2.1946723461151123,-5.530398368835449,2.3245739936828613
1741033451741549800,246.5765498046875,-2.113731622695923,-5.786369800567627,2.260676145553589
1741033451751651300,246.5866513671875,-1.9570246934890747,-5.963115215301514,2.257946014404297
1741033451761752000,246.596751953125,-1.7132054567337036,-6.043447494506836,2.2595250606536865
1741033451771853000,246.60685302734376,-1.575760841369629,-5.9764227867126465,2.247420310974121
1741033451781954000,246.6169541015625,-1.6652705669403076,-5.740621566772461,2.2473959922790527
1741033451792055600,246.6270556640625,-1.7256805896759033,-5.305936813354492,2.243278741836548
1741033451802156300,246.63715625,-1.8574330806732178,-4.700198173522949,2.179396390914917
1741033451812257000,246.64725708007813,-2.051570415496826,-4.034551620483398,2.056663990020752
1741033451822358000,246.65735791015624,-2.3581950664520264,-3.3332414627075195,1.7889155149459839
1741033451832459300,246.6674592285156,-2.702143907546997,-2.5655508041381836,1.4579676389694214
1741033451842560500,246.677560546875,-3.1041622161865234,-1.7023324966430664,1.0973572731018066
1741033451852661200,246.6876611328125,-3.518333673477173,-0.9010238647460938,0.7178330421447754
1741033451862762200,246.69776220703125,-3.9340434074401855,-0.11983871459960938,0.4254899024963379
1741033451872863700,246.70786376953126,-4.170643329620361,0.7301225662231445,0.2595508098602295
1741033451882964700,246.71796484375,-4.260530471801758,1.5515594482421875,0.23317170143127441
1741033451893065500,246.7280654296875,-4.139739036560059,2.494199752807617,0.24645686149597168
1741033451903166500,246.73816650390626,-3.840890884399414,3.5240983963012695,0.30967628955841064
1741033451913268000,246.74826806640624,-2.969653367996216,4.504641532897949,0.27838563919067383
1741033451923368700,246.75836865234376,-1.8590164184570312,5.049790382385254,-0.12424397468566895
1741033451933469700,246.7684697265625,-1.414078950881958,5.225836753845215,-0.8925291299819946
1741033451943570700,246.77857080078124,-1.4313784837722778,5.3041887283325195,-1.8296775817871094
1741033451953672200,246.7886721191406,-1.6779533624649048,5.375946998596191,-2.6228857040405273
1741033451963773000,246.79877294921874,-1.8810368776321411,5.427177429199219,-3.6501660346984863
1741033451973874000,246.8088740234375,-1.7094898223876953,5.211043357849121,-4.89015007019043
1741033451983975200,246.81897509765625,-1.1969273090362549,4.775639533996582,-5.537060737609863
1741033451994076400,246.82907641601562,-0.5495743155479431,4.741228103637695,-4.972041130065918
1741033452004177200,246.83917724609375,0.3334946632385254,5.42983341217041,-3.782583713531494
1741033452014278000,246.84927783203125,1.1698733568191528,6.27314567565918,-3.2026185989379883
1741033452024379000,246.85937890625,1.8676748275756836,6.56350040435791,-2.797290325164795
1741033452034480400,246.86948046875,2.6703708171844482,5.445686340332031,-2.304365634918213
1741033452044581400,246.87958129882813,3.08158802986145,3.061105728149414,-2.4098386764526367
1741033452054682000,246.88968212890626,2.7627720832824707,0.2798738479614258,-2.9502968788146973
1741033452064783000,246.899783203125,2.140759229660034,-1.5601768493652344,-2.9869887828826904
1741033452074884600,246.90988452148437,1.5786024332046509,-2.5138087272644043,-2.6587371826171875
1741033452084985600,246.91998559570314,1.0582399368286133,-2.6632790565490723,-2.1480259895324707
1741033452095086300,246.93008642578124,1.0858912467956543,-1.7333402633666992,-1.4976712465286255
1741033452105187300,246.94018725585937,1.4242407083511353,-0.24074840545654297,-0.9834296703338623
1741033452115360500,246.95036059570313,1.7423419952392578,1.324930191040039,-0.47968506813049316
1741033452125569000,246.96056909179688,1.9793028831481934,2.079228401184082,-0.0501708984375
1741033452135765800,246.97076586914062,2.012129783630371,1.7819080352783203,0.4221121072769165
1741033452146069500,246.98106958007813,2.1441359519958496,0.8537006378173828,0.6818633079528809
1741033452156242400,246.99124243164061,2.2000033855438232,0.018568038940429688,0.7375283241271973
1741033452166376200,247.00137622070312,1.7343922853469849,-0.5762052536010742,0.7686262726783752
1741033452176489000,247.01148901367188,1.1772074699401855,-1.2462425231933594,0.5282596349716187
1741033452186589700,247.02158959960937,0.692395806312561,-1.9960780143737793,0.0998382568359375
1741033452196691200,247.03169116210938,0.24156683683395386,-2.762756824493408,-0.14787757396697998
1741033452206792200,247.04179223632812,-0.5342786312103271,-3.36332368850708,-0.2188432216644287
1741033452216893000,247.05189282226561,-0.6206637024879456,-3.9169116020202637,-0.1421194076538086
1741033452226994000,247.06199389648438,-0.43566232919692993,-4.485436916351318,-0.38837122917175293
1741033452237095400,247.07209545898436,-0.0766872763633728,-4.8512349128723145,-0.5893839597702026
1741033452247196400,247.08219653320313,0.18404322862625122,-5.056082725524902,-0.49092817306518555
1741033452257297200,247.09229711914062,0.1400783658027649,-5.254257678985596,-0.13173633813858032
1741033452267398100,247.10239819335936,-0.0054473876953125,-5.534939289093018,0.27938735485076904
1741033452277499100,247.1124990234375,-0.10177385807037354,-5.7277936935424805,0.7550100088119507
1741033452287696100,247.12269604492187,0.2182772159576416,-5.496140480041504,1.4568893909454346
1741033452297999600,247.13299951171874,0.32669830322265625,-5.300410747528076,2.2793142795562744
1741033452308302600,247.14330249023436,0.05381810665130615,-5.268791675567627,2.9189674854278564
1741033452318489000,247.15348901367187,-0.2765902280807495,-5.298757076263428,3.493401288986206
1741033452328598800,247.16359887695313,-0.30554771423339844,-5.177698135375977,4.059089183807373
1741033452338699500,247.17369946289062,-0.2539266347885132,-5.087965488433838,4.566507816314697
1741033452348801300,247.18380126953124,-0.24352633953094482,-4.984289169311523,4.947052955627441
1741033452358902000,247.19390209960937,-0.13408291339874268,-4.851284980773926,5.01646614074707
1741033452369002800,247.20400268554687,0.18895506858825684,-4.519183158874512,5.062689781188965
1741033452379103700,247.21410375976564,0.8128056526184082,-4.088695049285889,4.8244194984436035
1741033452389204700,247.22420483398437,1.5993845462799072,-3.51609468460083,4.3787384033203125
1741033452399306200,247.23430615234375,2.28017258644104,-2.6078267097473145,3.9389007091522217
1741033452409407000,247.24440698242188,2.788315773010254,-1.2501344680786133,3.7705531120300293
1741033452419508000,247.25450805664062,2.797123432159424,0.6949272155761719,3.656404972076416
1741033452429609000,247.26460888671875,2.569974899291992,3.168156623840332,3.641745090484619
1741033452439710500,247.27471044921876,1.4705109596252441,5.807408332824707,3.2611639499664307
1741033452449811200,247.2848112792969,-0.22238433361053467,7.946648597717285,2.027588129043579
1741033452459912000,247.29491186523438,-2.40791654586792,9.213499069213867,-1.2058641910552979
1741033452470013400,247.30501342773437,-3.3211185932159424,7.717104911804199,-5.160202503204346
1741033452480257800,247.3152578125,-3.1419904232025146,5.53598690032959,-7.405123233795166
1741033452490561300,247.32556127929686,-2.4174654483795166,3.667329788208008,-8.23685359954834
1741033452500864300,247.3358642578125,-0.19793987274169922,2.1837120056152344,-7.909165859222412
1741033452511011800,247.34601171875,3.9234955310821533,0.6253805160522461,-7.162398815155029
1741033452521112800,247.35611279296876,9.145645141601562,-0.6171045303344727,-6.26127815246582
1741033452531213600,247.3662136230469,13.540661811828613,-1.0337886810302734,-4.6117353439331055
1741033452541314600,247.376314453125,17.066991806030273,0.049324989318847656,-2.194809913635254
1741033452551416000,247.386416015625,12.790185928344727,2.301163673400879,-1.0700067281723022
1741033452561516800,247.39651684570313,7.274938106536865,3.850954055786133,-0.8170051574707031
1741033452571617800,247.40661767578126,4.16345739364624,3.922966957092285,-0.8628249168395996
1741033452581719000,247.41671899414064,1.2703142166137695,3.4441184997558594,0.010834217071533203
1741033452591820300,247.4268203125,-0.5001652240753174,3.0271987915039062,1.0483195781707764
1741033452601921000,247.43692114257811,-0.6361815929412842,3.037957191467285,1.7998262643814087
1741033452612021800,247.44702172851564,-0.3854379653930664,3.905118942260742,2.4583323001861572
1741033452622122800,247.45712280273438,-0.5032658576965332,5.3216753005981445,2.939897060394287
1741033452632224300,247.4672243652344,-0.7967407703399658,6.51601505279541,3.647934913635254
1741033452642325200,247.4773251953125,-1.4808082580566406,6.9718427658081055,4.354682922363281
1741033452652426000,247.48742602539062,-1.903648853302002,5.999789237976074,4.616573810577393
1741033452662527700,247.49752783203124,-1.9981954097747803,3.6662979125976562,4.302340030670166
1741033452672628000,247.5076279296875,-2.2389485836029053,1.4895009994506836,3.723020076751709
1741033452682931500,247.51793139648439,-2.233224868774414,-0.26328468322753906,3.208402633666992
1741033452693235000,247.52823486328126,-2.1805222034454346,-1.402181625366211,2.9292097091674805
1741033452703499000,247.5384990234375,-2.194030284881592,-2.138378143310547,2.761949300765991
1741033452713627000,247.548626953125,-2.574629783630371,-2.700329303741455,2.792092800140381
1741033452723727600,247.5587275390625,-2.738701343536377,-3.246854305267334,2.8786098957061768
1741033452733828600,247.56882861328126,-2.876873016357422,-3.7487125396728516,2.9580399990081787
1741033452743929900,247.57892993164063,-2.8699207305908203,-4.253503799438477,2.9754714965820312
1741033452754031000,247.58903100585937,-2.7423999309539795,-4.667429447174072,2.978604555130005
1741033452764131800,247.5991318359375,-2.6263890266418457,-5.047332286834717,2.8849644660949707
1741033452774232600,247.60923266601563,-2.4794483184814453,-5.407840728759766,2.745826244354248
1741033452784334000,247.619333984375,-2.3711438179016113,-5.748959541320801,2.6035940647125244
1741033452794435000,247.62943505859374,-2.260007381439209,-5.947415351867676,2.5197701454162598
1741033452804536000,247.6395361328125,-2.135158061981201,-6.029923439025879,2.430392026901245
1741033452814636800,247.64963671875,-2.095616340637207,-5.9612226486206055,2.376671075820923
1741033452824737800,247.65973779296874,-2.1789424419403076,-5.69072961807251,2.270073890686035
1741033452834839300,247.66983935546875,-2.2718846797943115,-5.238391876220703,2.199692487716675
1741033452844940300,247.67994018554688,-2.3753809928894043,-4.587795734405518,2.202183485031128
1741033452855041000,247.690041015625,-2.3845579624176025,-3.8094301223754883,2.1944162845611572
1741033452865142000,247.70014208984375,-2.413825273513794,-2.92203950881958,2.163367986679077
1741033452875243500,247.71024340820313,-2.5453922748565674,-1.9866766929626465,2.0852267742156982
1741033452885344300,247.72034423828126,-2.8441739082336426,-1.0651397705078125,1.93449068069458
1741033452895445200,247.7304453125,-3.0552420616149902,-0.30321216583251953,1.8016059398651123
1741033452905546500,247.74054638671876,-2.903987407684326,0.21298694610595703,1.7427477836608887
1741033452915647700,247.75064770507814,-2.4673001766204834,0.6083593368530273,1.6579275131225586
1741033452925748500,247.76074853515624,-1.8395881652832031,1.0845670700073242,1.386998176574707
1741033452935849200,247.77084912109376,-1.6050151586532593,1.696885108947754,1.0113486051559448
1741033452945950700,247.78095068359374,-1.9030144214630127,2.542679786682129,0.7459865212440491
1741033452956051700,247.7910517578125,-2.336317539215088,3.498453140258789,0.5911127328872681
1741033452966152700,247.8011525878906,-2.571787118911743,4.3756208419799805,0.21864211559295654
1741033452976253400,247.81125341796874,-2.5664467811584473,4.915993690490723,-0.3759779930114746
1741033452986354400,247.8213544921875,-2.483258008956909,5.065569877624512,-1.398176670074463
1741033452996456000,247.8314560546875,-2.405553102493286,4.988247871398926,-2.451718807220459
1741033453006557000,247.84155688476562,-2.306546688079834,4.726180076599121,-3.4656195640563965
1741033453016657700,247.85165771484375,-1.9537755250930786,4.123989105224609,-5.16593074798584
1741033453026758700,247.86175854492188,-1.3230862617492676,3.5088376998901367,-6.241222381591797
1741033453036860200,247.87186010742187,-0.6222535371780396,3.46533203125,-6.117857933044434
1741033453046961000,247.8819609375,0.20686960220336914,4.617608070373535,-4.612890243530273
1741033453057062000,247.89206176757813,0.9172046184539795,6.116277694702148,-3.8077118396759033
1741033453067163100,247.9021630859375,1.4897149801254272,7.470080375671387,-3.030064582824707
1741033453077264400,247.91226440429688,2.4233760833740234,7.353544235229492,-2.698622941970825
1741033453087365000,247.922365234375,3.1775572299957275,4.544388771057129,-3.1829891204833984
1741033453097466000,247.93246606445314,2.644960403442383,1.1125221252441406,-3.47048282623291
1741033453107567400,247.9425673828125,1.502478003501892,-1.2724809646606445,-3.2965877056121826
1741033453117668600,247.9526687011719,0.7944351434707642,-2.472133159637451,-2.5793297290802
1741033453127769300,247.96276928710938,0.40954816341400146,-2.2149887084960938,-1.7459813356399536
1741033453137870000,247.9728701171875,0.39585596323013306,-0.870819091796875,-1.2524009943008423
1741033453147971000,247.98297119140625,0.8501171469688416,1.012629508972168,-1.0659061670303345
1741033453158072800,247.99307275390626,1.2212646007537842,2.8276777267456055,-0.857180118560791
1741033453168198400,248.00319848632813,1.3535648584365845,3.609065055847168,-0.41090917587280273
1741033453178502000,248.013501953125,1.5353659391403198,2.9932050704956055,0.23097240924835205
1741033453188805000,248.02380517578126,1.7544598579406738,1.9330596923828125,0.7464695572853088
1741033453199049500,248.03404956054686,2.0250229835510254,1.1472625732421875,0.9846779704093933
1741033453209171700,248.04417163085938,1.665043592453003,0.5535001754760742,0.7199899554252625
1741033453219273000,248.05427294921876,1.6128697395324707,-0.08423805236816406,0.19033753871917725
1741033453229374200,248.06437426757813,1.2581686973571777,-0.8256006240844727,-0.003061532974243164
1741033453239475000,248.07447485351562,0.8633425831794739,-1.5484018325805664,-0.015612244606018066
1741033453249576000,248.08457592773436,0.8166763186454773,-2.1677446365356445,0.22601354122161865
1741033453259676700,248.0946767578125,0.6807979345321655,-2.6962013244628906,0.4597206115722656
1741033453269778200,248.10477807617187,0.5091841816902161,-3.1739063262939453,0.7536282539367676
1741033453279879200,248.11487915039064,0.5740389823913574,-3.6694140434265137,0.9958100318908691
1741033453289980000,248.12497998046874,1.0531381368637085,-4.148059844970703,1.3687509298324585
1741033453300081000,248.13508081054687,1.2257845401763916,-4.550339698791504,2.1288535594940186
1741033453310182400,248.14518237304688,1.2164772748947144,-4.59276819229126,3.460329294204712
1741033453320283400,248.15528344726562,0.8697284460067749,-4.6854352951049805,4.610188007354736
1741033453330384100,248.1653840332031,-0.012121587991714478,-4.952315330505371,5.159621715545654
1741033453340485000,248.17548510742188,-0.7404236793518066,-5.400729656219482,5.332942962646484
1741033453350646500,248.185646484375,-0.4494938850402832,-5.823396682739258,5.711348533630371
1741033453360950000,248.19594995117188,-0.13597112894058228,-6.284335613250732,5.709674835205078
1741033453371253200,248.20625317382812,-0.12427374720573425,-6.747522354125977,5.206514358520508
1741033453381468700,248.21646875,-0.27033331990242004,-7.101746559143066,4.490819931030273
1741033453391584800,248.22658471679688,-0.470420241355896,-7.177908897399902,3.713202953338623
1741033453401685800,248.23668579101562,-0.44098663330078125,-6.6135125160217285,3.196333169937134
1741033453411786500,248.24678637695314,0.1736220121383667,-5.499502182006836,3.070965051651001
1741033453421888000,248.25688793945312,0.7088388800621033,-4.381026744842529,2.899845600128174
1741033453431989000,248.2669890136719,1.3389723300933838,-3.206394672393799,2.7426042556762695
1741033453442090000,248.27709008789063,1.6744658946990967,-1.7648568153381348,2.5075526237487793
1741033453452190700,248.28719067382812,1.662813663482666,-0.1685943603515625,2.1625094413757324
1741033453462292500,248.29729248046874,1.1689096689224243,1.8837509155273438,1.8563783168792725
1741033453472393200,248.30739331054687,0.8243454694747925,4.514181137084961,1.8461782932281494
1741033453482494000,248.31749389648436,0.11574703454971313,7.028805732727051,1.5520133972167969
1741033453492595000,248.32759497070313,-0.7278392314910889,7.920945167541504,0.34612494707107544
1741033453502696700,248.33769677734375,-1.0934582948684692,6.72491455078125,-1.4885152578353882
1741033453512870000,248.34786987304688,-0.7239152193069458,4.551479339599609,-3.693747043609619
1741033453523173400,248.35817333984374,1.2274682521820068,2.4883909225463867,-6.276747226715088
1741033453533476600,248.3684765625,2.656738758087158,0.9227867126464844,-7.326168537139893
1741033453543681800,248.37868188476563,3.25144624710083,0.37467479705810547,-7.379619598388672
1741033453553795600,248.38879565429687,3.869540214538574,0.6619148254394531,-7.1476335525512695
1741033453563896300,248.39889624023436,6.121706962585449,1.260329246520996,-6.720411777496338
1741033453573997800,248.40899780273438,9.698797225952148,2.028994560241699,-5.188775062561035
1741033453584098800,248.41909887695311,11.643660545349121,2.9897565841674805,-3.2612056732177734
1741033453594199800,248.42919970703124,10.103107452392578,4.451240539550781,-2.5480570793151855
1741033453604300500,248.43930053710938,5.916477203369141,5.745309829711914,-2.7262725830078125
1741033453614402300,248.44940234375,3.559586524963379,4.8462629318237305,-2.2145819664001465
1741033453624503000,248.4595029296875,2.0565080642700195,2.6030168533325195,-0.7290425300598145
1741033453634603800,248.46960375976562,1.3094377517700195,1.1114311218261719,0.9417825937271118
1741033453644704800,248.47970483398439,0.8652310371398926,0.9921731948852539,2.4255545139312744
1741033453654805800,248.4898056640625,0.9893784523010254,1.7252693176269531,3.5111794471740723
1741033453664907300,248.4999072265625,0.9720640182495117,3.0259294509887695,4.343198776245117
1741033453675008000,248.51000805664063,0.630624532699585,4.589077949523926,5.121909141540527
1741033453685109000,248.52010888671876,-0.024716854095458984,5.824516296386719,5.745246887207031
1741033453695210200,248.53021020507813,-0.8366372585296631,5.685794830322266,5.8400468826293945
1741033453705311500,248.5403115234375,-1.273282766342163,4.096689224243164,5.261716365814209
1741033453715412200,248.550412109375,-0.9621021747589111,1.905369758605957,4.362835884094238
1741033453725513000,248.56051293945313,-0.7902966141700745,0.4769725799560547,3.66908597946167
1741033453735614500,248.57061450195312,-0.7367925643920898,-0.551304817199707,3.271596908569336
1741033453745715500,248.58071557617188,-1.1691855192184448,-1.3779335021972656,3.028421640396118
1741033453755816400,248.59081640625,-1.8845025300979614,-2.095506191253662,2.8963117599487305
1741033453765917200,248.60091723632812,-2.2872815132141113,-2.755208969116211,2.7593283653259277
1741033453776019000,248.61101904296876,-2.480900526046753,-3.352505683898926,2.6723761558532715
1741033453786119700,248.62111962890626,-2.4970993995666504,-3.9143285751342773,2.601592540740967
1741033453796220400,248.6312204589844,-2.4421777725219727,-4.450127601623535,2.5254526138305664
1741033453806321400,248.6413212890625,-2.2961843013763428,-4.882336139678955,2.5275466442108154
1741033453816422400,248.65142236328126,-2.156942367553711,-5.235991954803467,2.507248878479004
1741033453826524000,248.66152392578124,-2.0100808143615723,-5.509036064147949,2.4736220836639404
1741033453836624600,248.67162475585937,-1.8111459016799927,-5.706081390380859,2.440230131149292
1741033453846725600,248.6817255859375,-1.7489988803863525,-5.739948272705078,2.478426218032837
1741033453856827000,248.69182690429687,-1.6867324113845825,-5.655967712402344,2.529428005218506
1741033453866928000,248.70192822265625,-1.660318374633789,-5.274225234985352,2.5889923572540283
1741033453877028900,248.71202880859374,-1.7604783773422241,-4.6438093185424805,2.596564769744873
1741033453887129600,248.72212963867187,-1.3793025016784668,-3.9877820014953613,2.4900965690612793
1741033453897231000,248.73223120117189,-1.0059620141983032,-3.389678955078125,2.2764594554901123
1741033453907332000,248.74233203125,-0.013201475143432617,-2.8519983291625977,2.0541577339172363
1741033453917433000,248.75243310546875,-0.8505289554595947,-2.2030115127563477,1.8370884656906128
1741033453927534600,248.76253466796874,-4.607911109924316,-1.5305061340332031,1.0907114744186401
1741033453937838300,248.77283837890624,-7.416430950164795,-1.1621551513671875,-0.23444747924804688
1741033453948141800,248.7831418457031,-8.686511993408203,-0.871063232421875,-1.4189941883087158
1741033453958405600,248.79340551757812,-8.460758209228516,-0.965846061706543,-1.9140280485153198
1741033453968532200,248.8035322265625,-7.601184368133545,-1.0391178131103516,-1.8421835899353027
1741033453978633700,248.8136337890625,-6.620401859283447,-0.7866649627685547,-1.4534180164337158
1741033453988734500,248.823734375,-5.444211483001709,0.03043079376220703,-0.8880367279052734
1741033453998835500,248.83383544921875,-4.449586391448975,1.440363883972168,-0.2050788402557373
1741033454008936700,248.84393676757813,-3.672081708908081,3.1168012619018555,0.5202159881591797
1741033454019038000,248.85403784179687,-2.4860854148864746,4.6922760009765625,1.2574228048324585
1741033454029138700,248.864138671875,-1.2360082864761353,5.733384132385254,1.6066951751708984
1741033454039239400,248.87423950195313,-0.017893247306346893,6.168154716491699,1.5589039325714111
1741033454049341000,248.8843408203125,0.7844539880752563,5.959420204162598,0.974322497844696
1741033454059442000,248.89444189453124,0.974020779132843,5.349575042724609,-0.06278073787689209
1741033454069543000,248.90454296875,0.8220752477645874,4.630257606506348,-1.0422756671905518
1741033454079643600,248.9146435546875,1.1921648979187012,4.026447296142578,-2.1566905975341797
1741033454089745400,248.92474536132812,3.5408403873443604,4.049009323120117,-3.1574556827545166
1741033454099846100,248.93484619140625,5.253413200378418,5.022412300109863,-4.146387100219727
1741033454109947100,248.94494702148438,4.708376884460449,5.9815568923950195,-4.768252372741699
1741033454120047900,248.9550478515625,3.8270034790039062,5.767148017883301,-4.453227996826172
1741033454130148900,248.96514892578125,3.3722727298736572,4.248187065124512,-3.1157193183898926
1741033454140250400,248.97525048828126,3.5945751667022705,1.9412860870361328,-2.2896037101745605
1741033454150351000,248.98535107421876,3.5256991386413574,-0.06087207794189453,-1.9186148643493652
1741033454160452000,248.9954521484375,2.496080160140991,-1.217214584350586,-1.5502504110336304
1741033454170553300,249.00555322265626,1.3081823587417603,-1.4871301651000977,-1.2759959697723389
1741033454180654600,249.01565454101564,0.7772908210754395,-0.8079347610473633,-0.9986974000930786
1741033454190755300,249.02575537109374,0.7745212912559509,0.6837396621704102,-0.692534327507019
1741033454200856300,249.03585620117187,0.761044979095459,2.367734909057617,-0.44670021533966064
1741033454210957800,249.04595776367188,1.1680545806884766,3.361283302307129,-0.037184715270996094
1741033454221058800,249.05605883789062,1.4672513008117676,3.149932861328125,0.568526029586792
1741033454231159600,249.06615966796875,1.5903420448303223,2.1850109100341797,0.9320119619369507
1741033454241260300,249.07626025390624,1.621599555015564,1.3487796783447266,1.02706778049469
1741033454251362000,249.08636206054686,0.9708030223846436,0.5589466094970703,0.8721396923065186
1741033454261462800,249.096462890625,0.20556724071502686,-0.26429080963134766,0.838959813117981
1741033454271563800,249.10656372070312,-0.12177425622940063,-0.9138479232788086,0.9034005403518677
1741033454281664800,249.1166647949219,0.07532519102096558,-1.6774516105651855,1.0599620342254639
1741033454291766300,249.12676635742187,0.721813440322876,-2.3685059547424316,1.4292819499969482
1741033454301867000,249.13686694335937,1.1927666664123535,-3.065606117248535,1.7493187189102173
1741033454311968000,249.14696801757813,1.2051482200622559,-3.7121992111206055,2.0848851203918457
1741033454322068700,249.15706884765626,0.996802806854248,-4.14444637298584,2.4569578170776367
1741033454332170000,249.167169921875,0.9237260818481445,-4.61995267868042,2.7297210693359375
1741033454342271200,249.17727124023438,0.7811182737350464,-4.942737102508545,3.2462751865386963
1741033454352372000,249.1873720703125,0.6644681096076965,-5.246795654296875,3.8032829761505127
1741033454362473000,249.19747290039064,0.5300924777984619,-5.447720050811768,4.484107971191406
1741033454372574500,249.20757446289062,0.3480490744113922,-5.45668888092041,5.3356804847717285
1741033454382675500,249.2176755371094,0.07370848953723907,-5.6409807205200195,5.773763179779053
1741033454392776200,249.22777612304688,-0.09934893995523453,-6.043392181396484,5.545567512512207
1741033454402877000,249.237876953125,-0.02030503749847412,-6.539663314819336,4.966714859008789
1741033454412978700,249.24797875976563,0.10355103015899658,-7.065992832183838,4.045993328094482
1741033454423079400,249.25807934570312,0.3387020230293274,-7.526797771453857,3.0123887062072754
1741033454433180400,249.26818041992186,0.5434251427650452,-7.584729194641113,2.1860978603363037
1741033454443281400,249.27828149414063,0.7906070947647095,-7.14816951751709,1.6837663650512695
1741033454453383000,249.2883828125,1.120556116104126,-6.196961879730225,1.6343551874160767
1741033454463483600,249.29848364257813,1.4118810892105103,-5.0187811851501465,1.6998356580734253
1741033454473584600,249.30858471679687,1.7812702655792236,-3.648959159851074,1.7858860492706299
1741033454483685400,249.31868530273437,1.849015712738037,-1.7481179237365723,1.9962791204452515
1741033454493786600,249.32878662109374,1.8095189332962036,0.5222177505493164,2.2070651054382324
1741033454503888000,249.33888793945312,1.1389670372009277,3.2858095169067383,2.3389015197753906
1741033454513988600,249.34898852539064,0.5763044357299805,5.997494697570801,2.296525239944458
1741033454524089600,249.35908959960938,-0.43840038776397705,8.069330215454102,1.381716251373291
1741033454534191000,249.3691911621094,-0.10597425699234009,7.838605880737305,-0.7059738636016846
1741033454544292000,249.3792919921875,0.013416707515716553,5.618294715881348,-3.112356185913086
1741033454554393600,249.3893935546875,0.5092878341674805,3.7046260833740234,-5.0712666511535645
1741033454564685600,249.399685546875,-0.6350091099739075,2.558835983276367,-5.916072845458984
1741033454574989000,249.40998901367186,-2.3799374103546143,2.395787239074707,-5.988877773284912
1741033454585262300,249.42026245117188,-3.114109992980957,2.9523239135742188,-6.033867835998535
1741033454595391200,249.43039111328125,-0.9578237533569336,2.4684228897094727,-5.889667987823486
1741033454605492700,249.44049267578126,4.978019714355469,0.7741594314575195,-5.889718055725098
1741033454615593500,249.4505935058594,11.646944046020508,-0.19362258911132812,-5.638256072998047
1741033454625694500,249.46069458007813,17.611366271972656,-0.46408748626708984,-4.677693843841553
1741033454635795200,249.47079516601562,16.284271240234375,0.6152915954589844,-3.3404085636138916
1741033454645896400,249.480896484375,10.377782821655273,2.5467910766601562,-2.7235708236694336
1741033454655997700,249.49099780273437,6.542736053466797,3.654088020324707,-2.552849531173706
1741033454666098400,249.50109838867186,4.835727691650391,3.814682960510254,-1.568803071975708
1741033454676199400,249.51119946289063,2.159064531326294,3.416231155395508,-0.27257418632507324
1741033454686301000,249.5213010253906,0.289642333984375,2.2606287002563477,0.8851921558380127
1741033454696402000,249.53140185546874,-0.534407377243042,1.1768455505371094,1.7198755741119385
1741033454706502700,249.54150268554687,-0.4892350435256958,0.9971046447753906,2.373401403427124
1741033454716603600,249.5516037597656,-0.26143622398376465,1.8941383361816406,3.2084310054779053
1741033454726705200,249.561705078125,-0.09235477447509766,3.4662742614746094,4.128574371337891
1741033454736806100,249.57180615234375,-0.23262131214141846,4.974515914916992,5.01859188079834
1741033454746907000,249.58190698242188,-0.48450684547424316,5.806147575378418,5.791213035583496
1741033454757008000,249.5920078125,-0.49835801124572754,5.278861045837402,6.009651184082031
1741033454767109400,249.602109375,-0.2852276563644409,3.6919784545898438,5.762569427490234
1741033454777210000,249.61221020507813,-0.510759711265564,2.0221939086914062,5.176288604736328
1741033454787311000,249.62231103515626,-1.176074504852295,0.8410501480102539,4.5019850730896
1741033454797412400,249.63241235351563,-1.6129271984100342,-0.22409439086914062,3.908266544342041
1741033454807513600,249.642513671875,-2.1280980110168457,-1.2955818176269531,3.427060842514038
1741033454817614300,249.6526142578125,-2.500300884246826,-2.2958908081054688,3.07791805267334
1741033454827715300,249.66271533203124,-2.5614588260650635,-3.1066031455993652,2.832381248474121
1741033454837816000,249.67281616210937,-2.365936279296875,-3.7222366333007812,2.6792502403259277
1741033454847917600,249.68291748046875,-2.2061190605163574,-4.26643705368042,2.5138092041015625
1741033454858018600,249.6930185546875,-2.072171211242676,-4.7129387855529785,2.4116625785827637
1741033454868119300,249.7031193847656,-2.012402296066284,-5.044421672821045,2.3626134395599365
1741033454878220300,249.71322021484374,-1.9126275777816772,-5.317855358123779,2.302424192428589
1741033454888321800,249.72332177734376,-1.8089847564697266,-5.530404090881348,2.276710271835327
1741033454898422800,249.7334228515625,-1.704272985458374,-5.659442901611328,2.3021514415740967
1741033454908523500,249.7435234375,-1.6819919347763062,-5.684114456176758,2.3596060276031494
1741033454918624500,249.75362451171875,-1.7837717533111572,-5.520510673522949,2.442920207977295
1741033454928726000,249.76372607421874,-2.041195869445801,-5.1875104904174805,2.52587628364563
1741033454938827000,249.77382690429687,-2.0104215145111084,-4.682163715362549,2.5689265727996826
1741033454948927700,249.783927734375,-2.0588443279266357,-4.090383529663086,2.5029804706573486
1741033454959029000,249.79402905273437,-2.162445306777954,-3.354708671569824,2.3642613887786865
1741033454969130200,249.8041301269531,-2.307114362716675,-2.6286044120788574,2.138761281967163
1741033454979231000,249.81423095703124,-2.4239554405212402,-1.936662197113037,1.9279966354370117
1741033454989332000,249.82433203125,-2.4813623428344727,-1.2669248580932617,1.69700026512146
1741033454999433500,249.83443359375,-2.540860891342163,-0.637049674987793,1.5387189388275146
1741033455009534500,249.84453442382812,-2.640998363494873,0.03495025634765625,1.4041619300842285
1741033455019635200,249.85463525390625,-2.726628541946411,0.7774553298950195,1.3034725189208984
1741033455029737000,249.86473706054687,-2.661304235458374,1.6113767623901367,1.200592279434204
1741033455040028700,249.87502856445312,-2.536820411682129,2.6597471237182617,1.0229804515838623
1741033455050332200,249.88533227539062,-2.361191749572754,3.705028533935547,0.7513399124145508
1741033455060605700,249.8956057128906,-2.0287981033325195,4.55930233001709,0.4786660671234131
1741033455070734300,249.905734375,-1.8238661289215088,5.234316825866699,0.011322736740112305
1741033455080835800,249.9158359375,-1.7234866619110107,5.568532943725586,-0.6588879823684692
1741033455090936800,249.92593676757812,-1.7097676992416382,5.620976448059082,-1.6888947486877441
1741033455101037600,249.93603759765625,-1.802377700805664,5.616751670837402,-2.541930913925171
1741033455111138800,249.94613891601563,-1.8872032165527344,5.618457794189453,-3.3836469650268555
1741033455121240600,249.95624047851564,-1.724708080291748,5.318243026733398,-4.943671226501465
1741033455131461000,249.96646118164062,-1.1960408687591553,4.87141227722168,-6.048529624938965
1741033455141764600,249.9767646484375,-0.5033649802207947,5.128077507019043,-5.665745258331299
1741033455152067600,249.98706762695312,0.42977726459503174,5.920831680297852,-4.450676441192627
1741033455162233900,249.99723388671876,0.9749573469161987,6.475879669189453,-3.265782356262207
1741033455172339200,250.00733911132812,1.556043267250061,6.05792236328125,-2.2211461067199707
1741033455182440000,250.01743994140625,2.048353433609009,4.238175392150879,-1.9775919914245605
1741033455192541700,250.02754174804687,2.0983152389526367,1.4205427169799805,-2.254502773284912
1741033455202642400,250.03764233398437,1.719954252243042,-1.1489992141723633,-2.3805747032165527
1741033455212743200,250.0477431640625,1.2791773080825806,-2.8735814094543457,-2.2165355682373047
1741033455222844200,250.05784423828126,0.6637340188026428,-3.55911922454834,-1.8868584632873535
1741033455233005600,250.06800561523437,0.8546177744865417,-2.901024341583252,-1.6981449127197266
1741033455243309000,250.07830908203124,0.9539030194282532,-1.3292903900146484,-1.7410775423049927
1741033455253517600,250.088517578125,1.5972392559051514,0.5486078262329102,-1.5832101106643677
1741033455263535900,250.09853588867188,2.294032096862793,2.202747344970703,-1.278311014175415
1741033455273673000,250.1086728515625,2.69962739944458,2.8007545471191406,-0.4664032459259033
1741033455283976400,250.1189765625,2.642666816711426,2.0009279251098633,0.3847125768661499
1741033455294279400,250.12927954101562,2.7873647212982178,0.6264533996582031,0.820912778377533
1741033455304582100,250.13958203125,2.823312282562256,-0.5017642974853516,0.8928560018539429
1741033455314884900,250.149884765625,2.576559543609619,-1.3708457946777344,0.7398055195808411
1741033455325043500,250.16004345703124,1.6007107496261597,-2.2358694076538086,0.4356456995010376
1741033455335144400,250.17014453125,-0.034278348088264465,-3.053147792816162,0.05391275882720947
1741033455345246000,250.18024584960938,-0.8210575580596924,-3.4910740852355957,0.11574888229370117
1741033455355382000,250.19038208007814,-0.4907275140285492,-3.8463754653930664,0.4651755094528198
1741033455365685500,250.200685546875,0.36407846212387085,-4.300621032714844,0.8399577140808105
1741033455375988700,250.21098876953124,0.466154009103775,-4.737546920776367,0.6506257653236389
1741033455386224000,250.22122412109374,0.44971764087677,-4.990411281585693,0.4703547954559326
1741033455396345000,250.23134497070313,0.45988431572914124,-5.2651214599609375,0.43664634227752686
1741033455406445800,250.24144580078126,0.0032356977462768555,-5.471967697143555,0.3578282594680786
1741033455416546800,250.251546875,-0.4707132577896118,-5.782408714294434,0.5253476500511169
1741033455426647600,250.2616474609375,-0.5911959409713745,-5.813486576080322,0.8287994861602783
1741033455436749000,250.2717490234375,-0.651370644569397,-5.639392375946045,1.3151118755340576
1741033455446850000,250.28185009765625,-0.24931085109710693,-5.430429458618164,2.056028366088867
1741033455457118000,250.29211791992188,-0.02693760395050049,-5.3704514503479,2.7224390506744385
1741033455467421700,250.30242163085939,-0.09747087955474854,-5.392070293426514,3.299253463745117
1741033455477714700,250.31271459960936,0.31972479820251465,-5.32378625869751,3.7682957649230957
1741033455487848200,250.32284814453126,0.45406246185302734,-5.20009183883667,4.018184185028076
1741033455497949200,250.33294921875,0.5266251564025879,-4.920474529266357,4.056507587432861
1741033455508050700,250.34305078125,0.7545453310012817,-4.326496601104736,4.149930477142334
1741033455518151700,250.35315161132812,1.2192450761795044,-3.553281784057617,4.294464111328125
1741033455528252700,250.36325268554688,1.8789629936218262,-2.6607789993286133,4.439640522003174
1741033455538437600,250.37343774414063,2.338489055633545,-1.4796905517578125,4.638058185577393
1741033455548741400,250.38374145507814,2.7313175201416016,0.11346435546875,4.940177917480469
1741033455559044400,250.39404443359376,2.8202710151672363,2.0441389083862305,5.1452107429504395
1741033455569239800,250.40423974609374,2.5752124786376953,4.077177047729492,5.0538811683654785
1741033455579352000,250.41435205078125,1.974804401397705,5.939528465270996,4.616376876831055
1741033455589453000,250.424453125,1.0208616256713867,7.018031120300293,3.330437660217285
1741033455599553800,250.4345537109375,-1.1588544845581055,6.978437423706055,1.2039649486541748
1741033455609655600,250.44465551757813,-2.2588679790496826,5.994385719299316,-2.817056179046631
1741033455619947300,250.454947265625,-1.4188854694366455,4.47707462310791,-6.724196910858154
1741033455630250800,250.46525073242188,-1.0350399017333984,3.16934871673584,-9.339292526245117
1741033455640524300,250.47552416992187,-0.8402847051620483,2.0272750854492188,-9.586080551147461
1741033455650653200,250.48565307617187,2.381002426147461,0.7886600494384766,-9.280760765075684
1741033455660754700,250.49575463867188,7.159511566162109,-0.6023721694946289,-8.267239570617676
1741033455670855400,250.50585546875,11.342321395874023,-1.5719718933105469,-6.158968448638916
1741033455680956200,250.5159560546875,13.295422554016113,-0.9923486709594727,-2.745859146118164
1741033455691057400,250.52605737304688,12.148970603942871,1.0659265518188477,-0.4951517581939697
1741033455701158700,250.53615869140626,7.152433395385742,3.6606101989746094,-0.053931355476379395
1741033455711259600,250.546259765625,3.8670806884765625,4.414670944213867,-0.3416774272918701
1741033455721360400,250.5563603515625,1.81461763381958,4.076934814453125,0.03396916389465332
1741033455731462000,250.5664619140625,0.5604755878448486,3.4097862243652344,0.598536491394043
1741033455741563000,250.57656298828124,0.12049293518066406,3.0905752182006836,1.0877087116241455
1741033455751663900,250.58666381835937,-0.20707416534423828,3.2626953125,1.7027583122253418
1741033455761764600,250.5967646484375,-0.3311045169830322,3.9895477294921875,2.3866822719573975
1741033455771866400,250.60686645507812,-0.5628619194030762,5.064647674560547,3.0825610160827637
1741033455781967000,250.6169670410156,-1.1748771667480469,6.285378456115723,3.956390857696533
1741033455792067800,250.62706787109374,-1.9038710594177246,6.750269889831543,4.648439407348633
1741033455802168800,250.6371689453125,-2.3015499114990234,5.601838111877441,4.950773239135742
1741033455812270300,250.64727026367189,-2.367349863052368,3.364426612854004,4.597963809967041
1741033455822371600,250.65737158203126,-2.3313043117523193,1.3066387176513672,3.9702467918395996
1741033455832472800,250.66747290039064,-2.0462164878845215,-0.08588886260986328,3.3585045337677
1741033455842656500,250.67765649414062,-1.9029607772827148,-1.0970039367675781,2.93070912361145
1741033455852960300,250.68796020507813,-2.0352330207824707,-1.804438591003418,2.751492500305176
1741033455863263200,250.69826318359375,-2.44828462600708,-2.495044231414795,2.735290050506592
1741033455873459500,250.70845947265624,-2.6323609352111816,-3.2803826332092285,2.697333574295044
1741033455883571200,250.7185712890625,-2.5393073558807373,-3.939680576324463,2.7187163829803467
1741033455893672700,250.72867260742188,-2.4395065307617188,-4.4579596519470215,2.733981132507324
1741033455903773700,250.73877368164062,-2.3438611030578613,-4.915780544281006,2.6877856254577637
1741033455913874400,250.74887451171875,-2.374829053878784,-5.262800216674805,2.6052770614624023
1741033455923975400,250.75897534179688,-2.3760392665863037,-5.543621063232422,2.5063493251800537
1741033455934077000,250.76907690429687,-2.274156093597412,-5.750901222229004,2.39556622505188
1741033455944178000,250.77917797851563,-2.1908907890319824,-5.865421295166016,2.2984488010406494
1741033455954278700,250.78927856445313,-2.027665138244629,-5.867348670959473,2.219296455383301
1741033455964379600,250.79937963867187,-1.9226899147033691,-5.738637924194336,2.20519757270813
1741033455974481200,250.80948120117188,-1.9682118892669678,-5.244950294494629,2.2742438316345215
1741033455984582100,250.81958203125,-2.062737464904785,-4.599948406219482,2.3482682704925537
1741033455994683000,250.82968286132814,-2.284860134124756,-3.9226818084716797,2.396124839782715
1741033456004784000,250.8397841796875,-2.433307647705078,-3.237832546234131,2.3749256134033203
1741033456014885400,250.8498854980469,-2.565505027770996,-2.5558176040649414,2.2671613693237305
1741033456024986600,250.85998657226563,-2.6700689792633057,-1.87677001953125,2.1588447093963623
1741033456035219200,250.87021923828124,-2.695572853088379,-1.1622037887573242,2.0429129600524902
1741033456045522700,250.88052270507814,-2.828437328338623,-0.3317728042602539,1.905280590057373
1741033456055825700,250.89082568359376,-3.039849281311035,0.6632823944091797,1.7676640748977661
1741033456065982200,250.90098217773436,-3.267725944519043,1.8936710357666016,1.6325552463531494
1741033456076085200,250.91108520507814,-3.2181406021118164,2.989871025085449,1.4447447061538696
1741033456086187000,250.92118701171876,-2.937105178833008,4.024554252624512,1.2180209159851074
1741033456096287700,250.9312878417969,-2.654468059539795,4.92752742767334,0.9766154885292053
1741033456106388500,250.94138842773438,-2.2348129749298096,5.306676864624023,0.4276762008666992
1741033456116489500,250.95148950195312,-1.8022820949554443,5.1546783447265625,-0.31392133235931396
1741033456126591000,250.96159106445313,-1.7309633493423462,4.887416839599609,-1.0034700632095337
1741033456136692000,250.97169189453126,-2.040271043777466,4.711346626281738,-1.9770091772079468
1741033456146792700,250.98179272460936,-2.170701265335083,4.815460205078125,-2.810637950897217
1741033456156894000,250.99189404296874,-1.7598094940185547,4.932181358337402,-4.330309867858887
1741033456166995200,251.0019951171875,-1.1513830423355103,5.524509429931641,-6.154501914978027
1741033456177096000,251.01209594726564,-0.3715853691101074,6.869490623474121,-7.108089447021484
1741033456187197000,251.02219702148437,0.7406001091003418,8.312861442565918,-6.511282920837402
1741033456197297700,251.03229760742187,2.4061121940612793,8.438482284545898,-4.451117515563965
1741033456207399200,251.04239916992188,3.6393561363220215,6.814729690551758,-2.217465877532959
1741033456217500200,251.05250024414062,3.7650928497314453,3.961597442626953,-1.4071489572525024
1741033456227601200,251.06260107421875,3.0699639320373535,1.0001916885375977,-1.4633036851882935
1741033456237702000,251.07270190429688,2.2939023971557617,-0.8430852890014648,-1.7115553617477417
1741033456247803600,251.0828037109375,1.5211803913116455,-1.5917205810546875,-1.8851304054260254
1741033456257904400,251.092904296875,0.8152320384979248,-1.3238096237182617,-1.7002167701721191
1741033456268005400,251.10300537109376,0.3397185802459717,-0.4721336364746094,-1.1376279592514038
1741033456278154800,251.11315478515624,-0.009677529335021973,0.4553213119506836,-0.7031452655792236
1741033456288458200,251.12345825195314,-0.06521457433700562,0.9435806274414062,-0.588106632232666
1741033456298761500,251.13376147460937,0.537665843963623,0.8156375885009766,-0.5941946506500244
1741033456308986400,251.143986328125,1.3751280307769775,0.344818115234375,-0.41896986961364746
1741033456319104800,251.15410473632812,1.4491887092590332,-0.13721752166748047,-0.16046547889709473
1741033456329206000,251.1642060546875,1.2149767875671387,-0.3438549041748047,0.11456894874572754
1741033456339306800,251.174306640625,1.4681488275527954,-0.4885702133178711,0.34879839420318604
1741033456349407500,251.18440747070312,2.10583233833313,-0.7345418930053711,0.4504120349884033
1741033456359509000,251.19450903320313,2.627070665359497,-1.1769542694091797,0.337752103805542
1741033456369610000,251.20460986328126,1.346755027770996,-1.9149169921875,-0.08326637744903564
1741033456379711000,251.2147109375,-1.062225103378296,-2.7896676063537598,-0.2692521810531616
1741033456389811700,251.22481176757813,-1.7655750513076782,-3.291849136352539,-0.05142021179199219
1741033456399913500,251.23491357421875,0.030334655195474625,-3.7361745834350586,0.42095714807510376
1741033456410014200,251.24501416015624,1.1997114419937134,-3.929222583770752,0.9726313948631287
1741033456420115000,251.25511499023438,2.0232584476470947,-4.054439067840576,1.6163007020950317
1741033456430216200,251.26521630859375,2.3698859214782715,-3.933689594268799,2.595022439956665
1741033456440377300,251.27537744140625,2.6132423877716064,-4.199591636657715,3.4469335079193115
1741033456450680800,251.28568090820312,1.9042842388153076,-4.63054084777832,3.8397419452667236
1741033456460984000,251.29598413085938,0.9991977214813232,-4.838459491729736,4.221806049346924
1741033456471199500,251.30619946289062,0.4389193058013916,-4.464926719665527,4.807397842407227
1741033456481315800,251.31631591796875,-0.0339006632566452,-4.455012321472168,5.180720806121826
1741033456491416600,251.32641650390624,-0.023752599954605103,-4.693645477294922,5.434437274932861
1741033456501517300,251.33651733398438,-0.07299906015396118,-5.119161605834961,5.3079447746276855
1741033456511618800,251.3466188964844,-0.2953038215637207,-5.598612308502197,4.908158302307129
1741033456521719800,251.3567197265625,-0.33910882472991943,-6.001796722412109,4.184183597564697
1741033456531820800,251.36682080078126,0.09478640556335449,-6.222026824951172,3.201289653778076
1741033456541921500,251.37692163085939,0.8397112488746643,-5.994552135467529,2.3767688274383545
1741033456552023300,251.38702319335937,1.408001184463501,-5.095578193664551,2.2183945178985596
1741033456562124000,251.3971240234375,1.781190276145935,-4.036770343780518,2.3482375144958496
1741033456572225000,251.40722509765624,2.400014877319336,-2.9493699073791504,2.426522731781006
1741033456582325800,251.41732568359376,2.839953899383545,-1.7198290824890137,2.3051884174346924
1741033456592426800,251.4274267578125,2.940186023712158,-0.11103153228759766,2.29560923576355
1741033456602528300,251.4375283203125,2.4182300567626953,1.9321823120117188,2.4325947761535645
1741033456612629000,251.44762890625,2.1441991329193115,4.345212936401367,2.248053550720215
1741033456622730000,251.45772998046874,1.9977097511291504,6.554643630981445,1.3032363653182983
1741033456632831200,251.46783129882812,0.46280092000961304,7.396978378295898,-0.24122405052185059
1741033456642932500,251.47793237304688,-0.9119397401809692,6.467480659484863,-2.795595645904541
1741033456653033200,251.488033203125,0.5139425992965698,4.662946701049805,-6.251798152923584
1741033456663134000,251.49813403320312,1.5587388277053833,2.838467597961426,-8.251969337463379
1741033456673235700,251.50823559570313,1.6466090679168701,1.3912334442138672,-7.974207401275635
1741033456683336400,251.51833642578126,1.7010455131530762,0.9237794876098633,-6.878902912139893
1741033456693437400,251.5284375,4.560038089752197,0.7002506256103516,-5.46415376663208
1741033456703538200,251.5385380859375,7.846862316131592,0.35515880584716797,-3.7657198905944824
1741033456713640000,251.54863989257814,10.454212188720703,0.6174869537353516,-2.462125778198242
1741033456723741000,251.55874096679688,11.232311248779297,0.947596549987793,-1.906651496887207
1741033456733878300,251.56887817382812,8.50240707397461,2.019810676574707,-1.9779458045959473
1741033456744181800,251.579181640625,4.155967712402344,3.514376640319824,-3.1484293937683105
1741033456754485200,251.5894853515625,4.117978096008301,3.4056901931762695,-2.0481276512145996
1741033456764719600,251.5997197265625,3.2978062629699707,3.042966842651367,0.15596449375152588
1741033456774839800,251.60983984375,1.5009617805480957,2.717010498046875,1.864554762840271
1741033456784941000,251.61994116210937,0.4483785629272461,2.36569881439209,2.906512498855591
1741033456795042300,251.63004223632814,0.25806331634521484,2.614377975463867,3.718967914581299
1741033456805143000,251.64014306640624,0.06302857398986816,3.4962902069091797,4.33371639251709
1741033456815244000,251.650244140625,-0.3583528995513916,4.621916770935059,4.905684947967529
1741033456825344800,251.6603447265625,-0.5785552263259888,5.497557640075684,5.425170421600342
1741033456835446300,251.6704462890625,-0.6569269895553589,5.700201034545898,5.779060363769531
1741033456845547300,251.68054736328125,-0.7569613456726074,4.986035346984863,5.699596405029297
1741033456855649000,251.69064892578126,-1.070427656173706,3.489522933959961,5.235959053039551
1741033456865952500,251.70095239257813,-1.4568464756011963,1.9198980331420898,4.528923034667969
1741033456876256000,251.71125610351564,-1.5846954584121704,0.34756946563720703,3.8220324516296387
1741033456886519800,251.72151977539062,-1.8178504705429077,-0.9517707824707031,3.2429566383361816
1741033456896646400,251.731646484375,-2.2848622798919678,-2.022904396057129,2.9089646339416504
1741033456906748000,251.74174780273438,-2.3934569358825684,-2.9745516777038574,2.6942386627197266
1741033456916848600,251.7518486328125,-2.36957049369812,-3.779555320739746,2.542236089706421
1741033456926949600,251.76194970703125,-2.404201030731201,-4.385298252105713,2.518484115600586
1741033456937050400,251.77205029296874,-2.374741554260254,-4.809506416320801,2.499234199523926
1741033456947152000,251.78215185546875,-2.3382203578948975,-5.14765739440918,2.5129806995391846
1741033456957252900,251.7922529296875,-2.3470020294189453,-5.4547882080078125,2.5140304565429688
1741033456967353900,251.80235375976562,-2.376507043838501,-5.697473526000977,2.5080432891845703
1741033456977454600,251.81245458984375,-2.3151540756225586,-5.825621604919434,2.5212454795837402
1741033456987556000,251.82255615234374,-2.284480094909668,-5.780367851257324,2.5693418979644775
1741033456997657000,251.83265698242187,-2.2083349227905273,-5.519073486328125,2.619264602661133
1741033457007757800,251.8427578125,-2.1255252361297607,-5.1030778884887695,2.6954617500305176
1741033457017858800,251.85285888671876,-2.064255714416504,-4.512243270874023,2.756629467010498
1741033457027960300,251.86296020507814,-2.2545201778411865,-3.699535846710205,2.729600429534912
1741033457038061300,251.87306127929688,-2.517544746398926,-2.702568531036377,2.6427314281463623
1741033457048162000,251.883162109375,-2.902070999145508,-1.653332233428955,2.4786672592163086
1741033457058263000,251.89326293945314,-3.071150779724121,-0.6541042327880859,2.2330994606018066
1741033457068364000,251.90336401367188,-3.092489719390869,0.05724525451660156,1.952713966369629
1741033457078465500,251.9134655761719,-3.326284408569336,0.49126243591308594,1.5171401500701904
1741033457088566300,251.92356616210938,-3.603886365890503,0.9832324981689453,1.0804662704467773
1741033457098667000,251.9336669921875,-3.81681489944458,1.3167228698730469,0.6151789426803589
1741033457108768500,251.9437685546875,-4.353455066680908,1.7044639587402344,0.24899625778198242
1741033457118869500,251.95386938476562,-4.86712121963501,2.172671318054199,-0.056678175926208496
1741033457128970500,251.96397045898436,-5.397590160369873,2.72499942779541,-0.3467670679092407
1741033457139071200,251.9740712890625,-5.399537563323975,3.332303047180176,-0.7142822742462158
1741033457149172700,251.9841728515625,-5.121888637542725,3.8136558532714844,-1.2642065286636353
1741033457159273700,251.99427368164064,-4.761240482330322,4.193805694580078,-1.8464860916137695
1741033457169374700,252.00437475585937,-4.289353370666504,4.468012809753418,-2.3554978370666504
1741033457179475500,252.01447534179687,-3.6473522186279297,4.495779037475586,-2.8090996742248535
1741033457189577200,252.0245771484375,-2.9119315147399902,4.278766632080078,-3.3380069732666016
1741033457199678000,252.03467797851562,-2.1745638847351074,3.842860221862793,-3.8847155570983887
1741033457209778700,252.04477880859375,-0.857430100440979,3.3071651458740234,-4.045133590698242
1741033457219879700,252.05487963867188,0.31390929222106934,3.6373825073242188,-3.4898858070373535
1741033457229980700,252.06498071289062,1.3820335865020752,5.020557403564453,-2.893921375274658
1741033457240082200,252.07508227539063,2.852541923522949,6.4141435623168945,-2.534428596496582
1741033457250183400,252.08518334960937,3.535353660583496,6.357396125793457,-2.434741973876953
1741033457260392000,252.09539184570312,3.3035359382629395,4.262053489685059,-2.1604974269866943
1741033457270695700,252.10569580078126,2.776613235473633,1.309122085571289,-2.140493392944336
1741033457280998700,252.11599853515625,2.5903000831604004,-0.6524734497070312,-1.9189321994781494
1741033457291147500,252.1261474609375,2.152043342590332,-1.1972150802612305,-1.701224684715271
1741033457301277400,252.13627734375,0.8733595609664917,-0.5092935562133789,-1.6513867378234863
1741033457311383000,252.14638305664062,-0.19636988639831543,0.6662769317626953,-1.88272225856781
1741033457321484800,252.15648486328126,-0.7787439227104187,2.150247573852539,-1.9787012338638306
1741033457331585500,252.16658544921876,-1.130230188369751,3.144563674926758,-1.806524634361267
1741033457341686500,252.1766865234375,-0.5537012815475464,2.9808826446533203,-1.0873445272445679
1741033457351787300,252.18678735351563,0.27439141273498535,2.0811967849731445,-0.15398430824279785
1741033457361888300,252.19688818359376,0.6188905835151672,1.3425817489624023,0.43832939863204956
1741033457371989800,252.20698974609374,0.9790899753570557,1.1798696517944336,0.696478009223938
1741033457382090500,252.21709057617187,1.5913238525390625,0.9737138748168945,0.8364987969398499
1741033457392191500,252.22719140625,1.522384762763977,0.3875093460083008,0.9105368256568909
1741033457402292700,252.23729272460938,1.0431488752365112,-0.5473241806030273,0.9113043546676636
1741033457412394000,252.24739404296875,0.5852605700492859,-1.6730108261108398,0.8961337804794312
1741033457422494700,252.25749462890624,-1.2786459922790527,-2.808330535888672,0.8455108404159546
1741033457432596200,252.26759619140626,-1.9511768817901611,-3.6519131660461426,1.105370044708252
1741033457442840600,252.27784057617188,-0.8262304067611694,-4.193017482757568,1.556746006011963
1741033457453144000,252.28814404296875,0.581662654876709,-4.484662055969238,1.9987105131149292
1741033457463446800,252.29844677734374,1.6577420234680176,-4.522730827331543,2.454355239868164
1741033457473593900,252.30859375,2.632014513015747,-4.544137477874756,3.1681575775146484
1741033457483695400,252.3186953125,3.060605525970459,-4.601894378662109,3.948377847671509
1741033457493796400,252.32879638671875,3.077430009841919,-5.050843715667725,4.735940933227539
1741033457503897000,252.33889697265624,2.40820050239563,-5.576476573944092,4.902594089508057
1741033457513998000,252.348998046875,1.4204699993133545,-5.929381370544434,4.776156902313232
1741033457524099600,252.359099609375,0.9605842232704163,-6.039211273193359,4.820235252380371
1741033457534200300,252.36920043945312,0.6271582841873169,-6.042973518371582,4.91530704498291
1741033457544301300,252.37930126953125,0.25446817278862,-6.044732093811035,4.921408176422119
1741033457554402600,252.38940258789063,0.35988062620162964,-6.178214073181152,4.654850959777832
1741033457564503800,252.39950390625,0.1295689344406128,-6.120511054992676,4.564162731170654
1741033457574605000,252.40960498046874,-0.03988160192966461,-5.847166061401367,4.380022048950195
1741033457584837600,252.41983764648438,0.16653971374034882,-5.319583415985107,4.188187599182129
1741033457595141000,252.43014111328125,0.5694559216499329,-4.588972568511963,3.830169916152954
1741033457605444000,252.44044409179688,0.9876152873039246,-3.6712565422058105,3.520045757293701
1741033457615600600,252.4506005859375,1.4814393520355225,-2.5069589614868164,3.364075183868408
1741033457625703700,252.46070361328125,1.6286391019821167,-0.9156694412231445,3.2357704639434814
1741033457635817200,252.47081713867186,1.5542291402816772,1.1331462860107422,3.088667392730713
1741033457646121000,252.48112084960937,1.1702194213867188,3.6008434295654297,2.7238123416900635
1741033457656424200,252.49142407226563,0.2829515337944031,6.477484703063965,2.0979299545288086
1741033457666678500,252.50167846679688,0.11771196126937866,8.246355056762695,0.8880626559257507
1741033457676803300,252.51180322265625,-0.6298337578773499,8.247922897338867,-1.8217618465423584
1741033457686904300,252.521904296875,-0.48614946007728577,6.529245376586914,-5.703525066375732
1741033457697005000,252.53200512695312,0.7120870351791382,3.998729705810547,-7.700683116912842
1741033457707106300,252.54210620117186,1.8962163925170898,1.9905776977539062,-7.264176845550537
1741033457717207600,252.55220751953124,4.079883575439453,1.4466285705566406,-6.272945404052734
1741033457727308500,252.56230859375,9.33230209350586,1.3467960357666016,-5.344956874847412
1741033457737409300,252.5724091796875,13.897473335266113,1.4324703216552734,-4.432825088500977
1741033457747510000,252.58251000976563,9.981857299804688,1.9758806228637695,-3.568429946899414
1741033457757611800,252.59261181640625,7.764192581176758,2.9663991928100586,-3.45159649848938
1741033457767712500,252.60271240234374,6.8152971267700195,3.7296571731567383,-3.83890438079834
1741033457777813500,252.6128134765625,4.669109344482422,4.349738121032715,-4.1459879875183105
1741033457787914200,252.62291430664064,5.7885565757751465,3.238008499145508,-2.867727279663086
1741033457798016000,252.63301611328126,4.485541343688965,1.6170291900634766,-0.7498390674591064
1741033457808116700,252.64311669921875,1.9784390926361084,0.7442998886108398,0.9458181858062744
1741033457818217700,252.6532177734375,0.7209222316741943,0.8027009963989258,2.7853517532348633
1741033457828318500,252.663318359375,0.6283037662506104,1.382338523864746,4.612821578979492
1741033457838419700,252.6734196777344,0.9659824371337891,2.809197425842285,6.184634208679199
1741033457848521000,252.68352099609376,1.0149779319763184,4.514522552490234,7.2603583335876465
1741033457858621700,252.69362158203126,0.5258257389068604,5.891205787658691,8.029885292053223
1741033457868722700,252.70372265625,-0.3951228857040405,6.557924270629883,8.265788078308105
1741033457878824000,252.71382397460937,-1.4860085248947144,6.29688835144043,8.026302337646484
1741033457889056500,252.72405639648437,-1.6695523262023926,4.837688446044922,6.991797924041748
1741033457899360000,252.73436010742188,-0.677215576171875,2.480196952819824,5.43232536315918
1741033457909663000,252.7446630859375,-0.5687682032585144,0.7435693740844727,4.279331207275391
1741033457919820300,252.7548203125,-1.175179123878479,-0.36935997009277344,3.680239677429199
1741033457929924000,252.76492407226561,-2.3625500202178955,-1.6608600616455078,3.0941498279571533
1741033457940204000,252.7752041015625,-2.937593460083008,-2.8242855072021484,2.6546454429626465
1741033457950329600,252.78532958984374,-2.9051074981689453,-3.7555298805236816,2.3974015712738037
1741033457960633000,252.7956330566406,-2.7378292083740234,-4.488314628601074,2.256373167037964
1741033457970891300,252.80589135742187,-2.5614566802978516,-5.027717590332031,2.263695478439331
1741033457981023000,252.81602294921876,-2.465949773788452,-5.431536674499512,2.284799337387085
1741033457991123700,252.82612377929686,-2.3651018142700195,-5.6926069259643555,2.3184101581573486
1741033458001224700,252.836224609375,-2.139739513397217,-5.877326488494873,2.340142011642456
1741033458011325400,252.84632543945312,-1.9834766387939453,-5.9904584884643555,2.379470109939575
1741033458021426700,252.8564267578125,-2.0859851837158203,-5.972940921783447,2.435575246810913
1741033458031528000,252.86652783203124,-2.3961760997772217,-5.826543807983398,2.456535577774048
1741033458041628700,252.87662866210937,-2.4351608753204346,-5.532739162445068,2.4812636375427246
1741033458051730200,252.88673022460938,-2.5820837020874023,-5.161240577697754,2.495405673980713
1741033458061998300,252.89699829101562,-2.772442579269409,-4.685802936553955,2.5059471130371094
1741033458072301800,252.9073017578125,-3.1800575256347656,-4.102649211883545,2.456374168395996
1741033458082594800,252.9175947265625,-3.683105230331421,-3.530986785888672,2.2320504188537598
1741033458092727800,252.92772778320312,-3.958881378173828,-2.9386534690856934,1.9351370334625244
1741033458102829600,252.93782958984374,-4.044711112976074,-2.36490535736084,1.5844368934631348
1741033458112930300,252.94793041992187,-3.89383602142334,-1.7393722534179688,1.1981053352355957
1741033458123031000,252.95803100585937,-3.8989944458007812,-0.9244489669799805,0.8311688899993896
1741033458133132300,252.96813232421874,-4.255385875701904,-0.054932594299316406,0.46554625034332275
1741033458143233500,252.97823364257812,-4.920140266418457,0.8685817718505859,0.05375075340270996
1741033458153334500,252.98833447265625,-6.101603984832764,1.8855133056640625,-0.5424139499664307
1741033458163435300,252.99843530273438,-7.095746994018555,2.7954978942871094,-1.0038366317749023
1741033458173536000,253.00853588867187,-7.292491912841797,3.7387733459472656,-1.1253302097320557
1741033458183637500,253.01863745117188,-6.9417500495910645,4.4204206466674805,-1.2311220169067383
1741033458193738500,253.02873852539062,-5.885976791381836,4.857903480529785,-1.0973637104034424
1741033458203839500,253.0388395996094,-4.461620330810547,5.122555732727051,-0.8369839191436768
1741033458213940200,253.04894018554688,-3.172689914703369,5.290899276733398,-0.74955153465271
1741033458224042000,253.0590419921875,-2.2209131717681885,5.367380142211914,-0.8272401094436646
1741033458234142700,253.06914282226563,-1.6325324773788452,5.2539472579956055,-1.2240787744522095
1741033458244243700,253.07924365234376,-0.9174509048461914,4.820672035217285,-1.8776079416275024
1741033458254344400,253.08934448242186,1.169869065284729,4.166623115539551,-2.8789925575256348
1741033458264445400,253.09944555664063,2.6856818199157715,3.3536062240600586,-4.022191047668457
1741033458274547000,253.109546875,1.781347393989563,3.6984710693359375,-4.246500015258789
1741033458284647700,253.11964770507814,0.810206413269043,4.717511177062988,-3.794107675552368
1741033458294748700,253.12974877929688,0.6855199337005615,4.721948623657227,-2.725062847137451
1741033458304850000,253.1398498535156,1.0220444202423096,3.5251388549804688,-1.9278571605682373
1741033458314951200,253.149951171875,1.5208162069320679,1.6053991317749023,-1.5555126667022705
1741033458325052000,253.16005200195312,1.785189151763916,-0.2802906036376953,-1.5711859464645386
1741033458335153000,253.17015283203125,1.5873184204101562,-1.5676040649414062,-1.4974267482757568
1741033458345253600,253.18025366210938,0.9397487640380859,-2.0538249015808105,-1.3673162460327148
1741033458355355100,253.19035522460936,0.21383243799209595,-1.4968690872192383,-1.2240514755249023
1741033458365456100,253.2004560546875,-0.4886821508407593,-0.3492746353149414,-1.202609658241272
1741033458375556900,253.21055688476562,-0.9910010099411011,1.25457763671875,-1.3009071350097656
1741033458385657900,253.22065795898436,-0.5875638127326965,2.677811622619629,-1.3493233919143677
1741033458395759400,253.23075927734374,0.722251296043396,3.4963674545288086,-1.0034257173538208
1741033458405860400,253.2408603515625,1.5047292709350586,3.7216672897338867,-0.29391658306121826
1741033458415961000,253.25096118164063,2.0027379989624023,3.074904441833496,0.5347561240196228
1741033458426061800,253.26106176757813,2.0620977878570557,2.150153160095215,1.0974712371826172
1741033458436163000,253.2711630859375,1.4119569063186646,1.0924148559570312,1.0816699266433716
1741033458446264300,253.28126440429688,1.1308437585830688,-0.06303596496582031,0.9910590648651123
1741033458456365300,253.291365234375,0.6191354990005493,-1.1814117431640625,1.27472722530365
1741033458466466000,253.30146606445314,0.7205634117126465,-1.8793506622314453,1.86836576461792
1741033458476567300,253.3115673828125,1.0528122186660767,-2.3205366134643555,2.5216293334960938
1741033458486668500,253.32166845703125,1.2426408529281616,-2.671346664428711,2.864788293838501
1741033458496769500,253.33176953125,1.3909603357315063,-3.096127986907959,3.012484550476074
1741033458506870300,253.34187036132812,1.2454594373703003,-3.566861629486084,2.9630680084228516
1741033458516971000,253.3519709472656,1.4877187013626099,-4.0471038818359375,2.8059017658233643
1741033458527072500,253.36207250976562,1.8425683975219727,-4.29859733581543,2.8978848457336426
1741033458537173500,253.37217358398436,1.7934141159057617,-4.540687084197998,3.0188074111938477
1741033458547275300,253.38227514648437,1.1873620748519897,-4.584222316741943,3.3808364868164062
1741033458557567000,253.39256689453126,0.3388233184814453,-4.933112144470215,3.5594358444213867
1741033458567870500,253.40287036132813,0.013520359992980957,-5.3989338874816895,3.701267719268799
1741033458578144000,253.41314404296875,-0.24536293745040894,-5.657151222229004,4.179295063018799
1741033458588272600,253.42327270507812,-0.4316587448120117,-6.013213634490967,4.34337854385376
1741033458598373600,253.43337353515625,-0.6015447378158569,-6.489638328552246,3.9753336906433105
1741033458608475100,253.44347509765626,-0.7121466398239136,-7.049172878265381,3.337784767150879
1741033458618576000,253.45357592773436,-0.3583170771598816,-7.32121467590332,2.8461265563964844
1741033458628676900,253.4636767578125,0.4851282835006714,-7.052294731140137,2.6537024974823
1741033458638778000,253.47377807617187,1.2457644939422607,-6.44718074798584,2.4434757232666016
1741033458648879400,253.48387939453124,1.6686537265777588,-5.499323844909668,2.486539840698242
1741033458658980000,253.49397998046874,2.1201086044311523,-4.4824395179748535,2.656095027923584
1741033458669080800,253.50408081054687,2.776554584503174,-3.2971138954162598,2.8727002143859863
1741033458679181800,253.51418188476563,3.1758522987365723,-1.8749279975891113,2.953385353088379
1741033458689283300,253.52428344726562,3.3454842567443848,0.0002079010009765625,3.0218145847320557
1741033458699384300,253.53438427734375,2.825420618057251,2.422395706176758,2.8097829818725586
1741033458709485000,253.54448510742188,1.4484535455703735,5.894257545471191,2.5312955379486084
1741033458719586000,253.5545859375,-0.8027147054672241,9.207127571105957,1.8042219877243042
1741033458729711600,253.56471166992188,-1.6914128065109253,9.740662574768066,-0.6105873584747314
1741033458740015000,253.57501513671875,0.6260440349578857,6.903290748596191,-4.121222496032715
1741033458750318600,253.58531860351562,3.8474955558776855,3.732358932495117,-6.2564592361450195
1741033458760563200,253.59556323242188,2.678009510040283,2.682699203491211,-7.170645236968994
1741033458770685700,253.60568579101562,1.3719148635864258,2.332066535949707,-7.549945831298828
1741033458780786700,253.61578662109375,3.642137050628662,1.3162364959716797,-7.368626594543457
1741033458790887400,253.62588745117188,6.176157474517822,0.4147911071777344,-6.31334114074707
1741033458800988400,253.63598852539062,8.999523162841797,0.6610088348388672,-4.174049377441406
1741033458811089700,253.64608959960938,13.106649398803711,1.531508445739746,-2.079092502593994
1741033458821191000,253.65619091796876,11.522303581237793,4.700593948364258,-0.8364505767822266
1741033458831291600,253.6662917480469,9.145988464355469,7.402398109436035,-0.9825475215911865
1741033458841392400,253.67639233398438,6.441163539886475,7.726648330688477,-1.0009028911590576
1741033458851494100,253.686494140625,2.533470630645752,5.522404670715332,0.047386765480041504
1741033458861595000,253.69659497070313,1.1674847602844238,2.752033233642578,1.29384446144104
1741033458871696000,253.70669580078126,0.7744064331054688,1.3658056259155273,2.17819881439209
1741033458881796600,253.71679663085936,0.4495882987976074,1.7115697860717773,2.95145845413208
1741033458891897600,253.72689770507813,0.4098777770996094,3.252603530883789,3.8392093181610107
1741033458901999000,253.7369990234375,0.16034507751464844,4.920868873596191,4.793350696563721
1741033458912099800,253.74709985351564,-0.28748536109924316,5.764664649963379,5.516056537628174
1741033458922200800,253.75720092773437,-0.8394526243209839,5.357933044433594,5.791952133178711
1741033458932302000,253.7673020019531,-1.6548556089401245,3.8846778869628906,5.444903373718262
1741033458942403300,253.7774033203125,-2.095339775085449,1.9696569442749023,4.605429649353027
1741033458952504000,253.78750415039062,-2.0752882957458496,0.5054006576538086,3.9282593727111816
1741033458962605000,253.79760498046875,-1.8608084917068481,-0.3608417510986328,3.4428486824035645
1741033458972705800,253.80770581054688,-1.9078017473220825,-1.1795806884765625,3.0712575912475586
1741033458982807300,253.81780737304686,-2.170673131942749,-1.983616828918457,2.8815197944641113
1741033458992908300,253.827908203125,-2.4044995307922363,-2.913379669189453,2.8048315048217773
1741033459003009000,253.83800903320312,-2.5226023197174072,-3.715541362762451,2.8435075283050537
1741033459013110000,253.8481101074219,-2.5419764518737793,-4.293473720550537,2.920738697052002
1741033459023211500,253.85821142578126,-2.598052978515625,-4.661172389984131,2.9395365715026855
1741033459033312500,253.8683125,-2.6249680519104004,-4.907130718231201,2.986340045928955
1741033459043413200,253.87841333007813,-2.674769878387451,-5.033111095428467,2.9896230697631836
1741033459053514200,253.88851416015626,-2.758005142211914,-5.138704299926758,2.9335098266601562
1741033459063615200,253.898615234375,-2.7679946422576904,-5.214697360992432,2.8812320232391357
1741033459073776400,253.9087763671875,-2.6822381019592285,-5.222693920135498,2.7423574924468994
1741033459084079900,253.91907983398437,-2.226851463317871,-5.068551540374756,2.6991310119628906
1741033459094383000,253.92938305664063,-0.8600070476531982,-4.716900825500488,2.802103042602539
1741033459104598800,253.9395988769531,4.796603202819824,-4.314333915710449,2.93049693107605
1741033459114715000,253.94971484375,7.428983688354492,-3.3369054794311523,3.6005096435546875
1741033459124815600,253.95981567382813,0.8015862703323364,-3.9701709747314453,3.5060184001922607
1741033459134916400,253.96991625976563,-4.277198791503906,-4.320485591888428,2.0738635063171387
1741033459145017900,253.98001782226564,-5.425086975097656,-4.284321308135986,0.8088637590408325
1741033459155118800,253.99011889648438,-8.206612586975098,-3.8712902069091797,-0.6842474937438965
1741033459165219800,254.0002197265625,-10.640315055847168,-2.5502572059631348,-1.6309057474136353
1741033459175320600,254.01032055664064,-11.135903358459473,-1.8022499084472656,-2.0207529067993164
1741033459185421600,254.02042163085937,-9.6489896774292,-1.7631263732910156,-2.1420865058898926
1741033459195523000,254.0305231933594,-8.278488159179688,-1.6487398147583008,-1.7851125001907349
1741033459205624000,254.0406240234375,-6.98488712310791,-0.9754629135131836,-0.9871571063995361
1741033459215724800,254.05072485351562,-5.876277446746826,0.24624061584472656,-0.04530191421508789
1741033459225825500,254.0608254394531,-5.037638187408447,1.9476919174194336,0.9392054080963135
1741033459235926800,254.0709267578125,-4.229794979095459,4.346609115600586,2.1151275634765625
1741033459246028000,254.08102807617186,-3.644362688064575,6.9610090255737305,3.507335662841797
1741033459256129000,254.09112890625,-2.4623403549194336,8.610870361328125,4.387065410614014
1741033459266229800,254.10122973632812,-1.0315510034561157,8.499438285827637,4.102285861968994
1741033459276331300,254.11133129882813,-0.011454224586486816,6.8771867752075195,2.6258716583251953
1741033459286432300,254.12143237304687,0.08216166496276855,5.013332366943359,0.6895071864128113
1741033459296533200,254.131533203125,-0.16801023483276367,3.8014755249023438,-1.1265236139297485
1741033459306634000,254.14163403320313,-0.1437227725982666,3.3517236709594727,-2.7646677494049072
1741033459316734700,254.15173461914063,0.08472418785095215,3.6494970321655273,-4.627819061279297
1741033459326836500,254.16183642578125,0.8423751592636108,3.7299814224243164,-5.846623420715332
1741033459337116400,254.1721164550781,3.9427828788757324,3.2472400665283203,-4.994298934936523
1741033459347420000,254.182419921875,7.572883605957031,2.3180065155029297,-2.7334561347961426
1741033459357695700,254.19269580078125,7.134908676147461,1.160318374633789,-1.180577278137207
1741033459367834400,254.20283447265626,5.203588962554932,0.1267528533935547,-0.4449728727340698
1741033459377935600,254.212935546875,3.9464619159698486,-0.6862010955810547,0.047965288162231445
1741033459388096800,254.2230966796875,3.1574769020080566,-0.5603904724121094,-0.1565237045288086
1741033459398400300,254.23340014648437,2.3809781074523926,1.0210466384887695,-0.9449411630630493
1741033459408703500,254.24370336914063,1.6534624099731445,3.2407140731811523,-1.6257915496826172
1741033459418916600,254.25391650390625,2.5565552711486816,4.693721771240234,-1.5639280080795288
1741033459429035000,254.26403491210937,3.245368003845215,4.563606262207031,-1.3439744710922241
1741033459439135700,254.2741357421875,2.760458469390869,3.3797245025634766,-0.8062223196029663
1741033459449236500,254.28423657226563,2.758120059967041,1.9795417785644531,0.3879353404045105
1741033459459338200,254.29433813476564,2.531081199645996,0.9184703826904297,0.9929923415184021
1741033459469439000,254.30443896484374,2.1904094219207764,0.12837982177734375,0.8882030844688416
1741033459479540000,254.3145400390625,2.1034531593322754,-0.6892738342285156,0.7032269835472107
1741033459489640700,254.324640625,1.5926220417022705,-1.7506799697875977,0.4761468768119812
1741033459499741700,254.33474169921874,-1.1424095630645752,-2.5841012001037598,0.6058878302574158
1741033459509843200,254.34484326171875,-4.0688652992248535,-2.745486259460449,0.9791450500488281
1741033459519944200,254.35494409179688,-2.6008477210998535,-2.7363123893737793,1.9418147802352905
1741033459530045000,254.365044921875,-0.2916831374168396,-2.9447827339172363,2.7105398178100586
1741033459540145700,254.3751457519531,0.928604006767273,-3.608863353729248,2.8201818466186523
1741033459550247000,254.38524682617188,1.7739123106002808,-4.28227424621582,2.67988920211792
1741033459560348200,254.39534814453125,2.3793463706970215,-4.791139125823975,2.732623338699341
1741033459570449200,254.40544921875,2.9573819637298584,-5.222222328186035,3.1269617080688477
1741033459580550000,254.4155498046875,3.1390881538391113,-5.524472713470459,3.292743682861328
1741033459590651400,254.4256513671875,2.7275614738464355,-5.7308149337768555,3.0651984214782715
1741033459600752400,254.43575244140624,2.2473793029785156,-5.781979084014893,2.9851126670837402
1741033459610853000,254.44585302734376,1.7659986019134521,-6.099271774291992,2.644573450088501
1741033459620954000,254.4559541015625,1.4241983890533447,-6.326480865478516,2.3258116245269775
1741033459631055600,254.4660556640625,0.9392507672309875,-6.453202247619629,2.09709095954895
1741033459641347600,254.47634765625,0.38359832763671875,-6.531890869140625,2.0034573078155518
1741033459651651000,254.48665112304687,-0.00008606910705566406,-6.511876106262207,2.0631067752838135
1741033459661924600,254.4969245605469,-0.16118484735488892,-6.343443870544434,2.1513257026672363
1741033459672053200,254.50705322265625,0.06341230869293213,-5.928615570068359,2.29925537109375
1741033459682154800,254.51715478515624,0.5557441711425781,-5.5253400802612305,2.169203042984009
1741033459692255500,254.52725537109376,1.153234601020813,-4.996370315551758,1.9960076808929443
1741033459702356500,254.5373564453125,1.840734839439392,-4.205583095550537,1.8794703483581543
1741033459712457700,254.54745776367187,2.4881749153137207,-3.1469783782958984,1.984652042388916
1741033459722559000,254.55755908203125,2.8861935138702393,-1.6040029525756836,2.1260552406311035
1741033459732659700,254.56765966796874,3.3645191192626953,0.8863821029663086,2.3817927837371826
1741033459742760700,254.5777607421875,3.544891834259033,4.772311210632324,2.715935230255127
1741033459752861400,254.587861328125,3.527627944946289,8.993290901184082,2.80635666847229
1741033459762963000,254.597962890625,3.1495468616485596,11.302749633789062,1.7280254364013672
1741033459773064000,254.60806396484375,2.2916836738586426,9.857439041137695,-1.0426907539367676
1741033459783164700,254.61816455078124,0.7190513610839844,6.480827331542969,-3.6778221130371094
1741033459793265700,254.628265625,-0.7900035381317139,3.999906539916992,-5.079605579376221
1741033459803366400,254.6383664550781,-1.8574410676956177,3.510316848754883,-6.132280349731445
1741033459813468200,254.64846826171876,-2.8455073833465576,4.3327741622924805,-6.60622501373291
1741033459823569000,254.65856884765626,-1.1064133644104004,4.149448394775391,-6.881048679351807
1741033459833669600,254.66866967773439,3.6809253692626953,2.5004043579101562,-6.1959452629089355
1741033459843770600,254.6787705078125,9.603426933288574,1.061079978942871,-5.003747940063477
1741033459853871600,254.68887158203125,15.109768867492676,1.088531494140625,-3.519965171813965
1741033459863973000,254.69897314453124,13.17590045928955,3.395061492919922,-1.880735993385315
1741033459874073900,254.70907397460937,7.619792461395264,4.38031005859375,-0.41711366176605225
1741033459884174800,254.7191748046875,3.9006786346435547,3.241095542907715,1.009856104850769
1741033459894276000,254.72927612304687,2.5942063331604004,2.6116485595703125,2.1122989654541016
1741033459904377300,254.73937744140625,2.098268508911133,3.1958513259887695,3.325446605682373
1741033459914478000,254.74947802734374,1.7486927509307861,4.510463714599609,4.613612174987793
1741033459924578800,254.75957885742187,1.1745645999908447,5.5989789962768555,5.560762882232666
1741033459934679800,254.7696796875,0.2500307559967041,5.980700492858887,5.945772171020508
1741033459944781300,254.77978125,-0.8307311534881592,5.3227739334106445,5.749189376831055
1741033459954882300,254.78988232421875,-1.7338981628417969,3.8431692123413086,5.044121742248535
1741033459964983000,254.79998315429688,-2.1054787635803223,2.420013427734375,4.035668849945068
1741033459975108600,254.81010864257811,-2.169861316680908,1.3060741424560547,3.0428247451782227
1741033459985412400,254.82041235351562,-2.0470657348632812,0.4150114059448242,2.4676990509033203
1741033459995715600,254.83071557617188,-2.370612859725952,-0.33179473876953125,2.321150064468384
1741033460005960000,254.8409599609375,-2.886533498764038,-0.7880096435546875,2.589345932006836
1741033460016082200,254.85108227539064,-3.285898447036743,-1.2924022674560547,2.8480610847473145
1741033460026183400,254.86118334960938,-3.3543777465820312,-2.0339102745056152,2.9388771057128906
1741033460036284700,254.87128466796875,-3.3659725189208984,-2.838146209716797,2.942718267440796
1741033460046385400,254.88138549804688,-3.349527597427368,-3.6358723640441895,2.861499309539795
1741033460056486100,254.89148608398438,-3.024400234222412,-4.244694232940674,2.81142520904541
1741033460066587600,254.9015876464844,-1.9113661050796509,-4.413269996643066,2.7837395668029785
1741033460076688600,254.91168872070313,2.4887032508850098,-3.7669239044189453,2.7750296592712402
1741033460086789600,254.92178955078126,11.910245895385742,-2.6776199340820312,2.651759624481201
1741033460096890400,254.9318903808594,6.43169641494751,-4.837551593780518,3.9030346870422363
1741033460106991400,254.94199145507812,-1.4085087776184082,-7.194365501403809,4.281672477722168
1741033460117092900,254.9520927734375,-5.160854339599609,-8.011419296264648,3.539839744567871
1741033460127193900,254.96219384765624,-7.075047492980957,-7.699563980102539,2.4901742935180664
1741033460137294600,254.97229467773437,-8.422839164733887,-6.759945869445801,1.902794361114502
1741033460147395300,254.98239526367186,-9.335373878479004,-5.67047643661499,1.1438597440719604
1741033460157496600,254.99249658203124,-9.164054870605469,-5.16710090637207,0.06915044784545898
1741033460167597800,255.0025979003906,-8.090799331665039,-4.912736415863037,-0.771446943283081
1741033460177698800,255.01269873046874,-7.171272277832031,-4.704954624176025,-0.9543454647064209
1741033460187799600,255.02279956054687,-6.4975690841674805,-4.470294952392578,-0.6893608570098877
1741033460197900500,255.03290063476564,-5.613349914550781,-4.0131964683532715,0.08025670051574707
1741033460208001800,255.04300170898438,-4.956523895263672,-3.4349570274353027,0.8669534921646118
1741033460218103000,255.05310302734375,-5.0429768562316895,-2.5829243659973145,1.5273165702819824
1741033460228203800,255.06320385742188,-5.838205814361572,-1.270798683166504,2.1568894386291504
1741033460238304500,255.07330444335938,-6.734111309051514,0.44704723358154297,3.0136821269989014
1741033460248405500,255.08340551757811,-7.080417156219482,2.2653636932373047,3.874720573425293
1741033460258507000,255.09350708007813,-6.858080863952637,3.8744659423828125,4.5016303062438965
1741033460268608000,255.10360791015626,-5.517642974853516,5.15464973449707,5.090953826904297
1741033460278708700,255.1137087402344,-3.7110815048217773,5.941186904907227,5.328460693359375
1741033460288809700,255.12380981445312,-1.7523913383483887,6.534573554992676,5.40452766418457
1741033460298911200,255.1339111328125,-0.2430153489112854,6.8991594314575195,5.237548828125
1741033460309012000,255.14401196289063,1.5739881992340088,6.220466613769531,4.35667085647583
1741033460319113000,255.15411303710937,2.3361964225769043,4.995356559753418,2.7943239212036133
1741033460329213700,255.16421362304686,1.6267260313034058,4.11258602142334,1.1652848720550537
1741033460339315000,255.17431494140624,0.7538110017776489,4.308816909790039,-0.2148878574371338
1741033460349416200,255.1844162597656,0.13064002990722656,5.162437438964844,-1.5637590885162354
1741033460359517200,255.19451708984374,-0.02662181854248047,5.995108604431152,-2.4011096954345703
1741033460369618000,255.20461791992187,0.8092818260192871,5.693687438964844,-3.6313040256500244
1741033460379718700,255.21471875,2.2343883514404297,4.2510986328125,-3.913269281387329
1741033460389820200,255.22482006835938,3.7372121810913086,1.954803466796875,-3.1416778564453125
1741033460399921200,255.23492114257812,4.055592060089111,0.09341716766357422,-2.1383728981018066
1741033460410022100,255.24502221679688,3.9682064056396484,-0.9580478668212891,-1.3676841259002686
1741033460420123000,255.25512280273438,4.2921977043151855,-0.8654794692993164,-0.7369507551193237
1741033460430224000,255.26522387695312,4.3709306716918945,0.5952358245849609,-0.4290335178375244
1741033460440325400,255.27532543945313,3.519167423248291,2.3918447494506836,-0.17434298992156982
1741033460450426400,255.28542626953126,3.025143623352051,3.4698915481567383,0.11306381225585938
1741033460460527000,255.2955270996094,3.602592706680298,3.348297119140625,0.8912748098373413
1741033460470628000,255.30562817382813,5.362265110015869,2.4041547775268555,1.7671078443527222
1741033460480729600,255.3157294921875,7.948895454406738,1.4240589141845703,2.356764316558838
1741033460490830300,255.32583032226563,7.182435989379883,0.7448930740356445,1.4620187282562256
1741033460500931300,255.33593139648437,4.552583694458008,0.2515144348144531,-0.3454608917236328
1741033460511032000,255.34603198242186,1.6365725994110107,-0.39925193786621094,-1.561555027961731
1741033460521133300,255.35613330078124,-3.235149383544922,-1.6015024185180664,-1.5885461568832397
1741033460531353900,255.36635375976562,-5.376866340637207,-2.2779288291931152,-0.9887441396713257
1741033460541657600,255.37665771484376,-1.4818662405014038,-2.8683242797851562,0.5215377807617188
1741033460551960600,255.38696069335938,0.8201411962509155,-3.232574462890625,1.7624385356903076
1741033460562127600,255.39712768554688,2.371229887008667,-3.252742290496826,2.7412195205688477
1741033460572232700,255.40723266601563,3.673391342163086,-3.3737521171569824,3.521956205368042
1741033460582333700,255.41733374023437,3.34621524810791,-3.6938247680664062,3.647003173828125
1741033460592434400,255.42743432617186,2.304020643234253,-3.739068031311035,3.6830809116363525
1741033460602535400,255.43753540039063,1.4143112897872925,-4.329997539520264,3.033660650253296
1741033460612637000,255.4476369628906,0.7684237957000732,-4.75248384475708,2.629364252090454
1741033460622738000,255.45773803710938,0.5593180656433105,-5.059688568115234,2.475308656692505
1741033460632899000,255.46789916992188,0.4735143780708313,-5.621859073638916,2.3200368881225586
1741033460643202800,255.47820288085939,0.2497549057006836,-6.0738372802734375,2.037733316421509
1741033460653506000,255.48850610351562,-0.12250715494155884,-6.56021785736084,1.7511125802993774
1741033460663721000,255.49872094726564,-0.5260992646217346,-7.197193145751953,1.4795446395874023
1741033460673836800,255.5088369140625,-0.6820923089981079,-7.735266208648682,1.2430022954940796
1741033460683937500,255.5189375,-0.353434681892395,-7.934384346008301,1.101090908050537
1741033460694039000,255.5290390625,-0.28010737895965576,-7.722653388977051,1.0447379350662231
1741033460704140000,255.53914013671874,-0.10210871696472168,-7.188815116882324,1.1616564989089966
1741033460714241000,255.54924096679687,0.35231637954711914,-6.527775764465332,1.2006123065948486
1741033460724341800,255.559341796875,0.6988584995269775,-5.825389862060547,1.0742881298065186
1741033460734442500,255.5694423828125,0.8820312023162842,-5.017653942108154,0.9940766096115112
1741033460744544300,255.57954418945312,0.9622209072113037,-4.02699613571167,0.9818471670150757
1741033460754645000,255.58964501953125,1.6894513368606567,-2.3828253746032715,1.216930627822876
1741033460764746000,255.59974609375,2.9077539443969727,0.1273326873779297,1.5748144388198853
1741033460774846700,255.6098466796875,3.6126933097839355,3.80501651763916,1.905437707901001
1741033460784948000,255.61994799804688,3.9406933784484863,8.24641227722168,2.1663637161254883
1741033460795049200,255.63004931640626,2.96351957321167,12.542262077331543,1.52506422996521
1741033460805150200,255.6401501464844,4.902585983276367,11.63803482055664,-1.020404577255249
1741033460815251000,255.6502509765625,6.037982940673828,7.867216110229492,-3.939101457595825
1741033460825352200,255.66035229492186,4.029772758483887,5.416031837463379,-5.287940502166748
1741033460835453400,255.67045336914063,0.41924452781677246,5.080146789550781,-5.857204437255859
1741033460845554200,255.68055419921876,-0.8397912979125977,4.654522895812988,-6.476418495178223
1741033460855655200,255.6906552734375,1.2788240909576416,2.5052719116210938,-6.069022178649902
1741033460865756000,255.700755859375,5.294984817504883,-0.9130945205688477,-4.849958419799805
1741033460875857400,255.710857421875,9.944499015808105,-2.5607428550720215,-2.429485559463501
1741033460885958400,255.72095849609374,11.322273254394531,-1.6152348518371582,0.09364497661590576
1741033460896059400,255.73105932617187,8.731803894042969,0.4876251220703125,0.7067154049873352
1741033460906160000,255.74116015625,5.618502140045166,2.445279121398926,0.6438939571380615
1741033460916261000,255.75126123046874,3.525909900665283,3.881739616394043,1.033219814300537
1741033460926362600,255.76136254882812,2.618769884109497,4.835960388183594,1.9545470476150513
1741033460936463400,255.77146337890625,1.8943488597869873,5.075506210327148,2.566256523132324
1741033460946564400,255.781564453125,1.0156223773956299,5.146000862121582,3.0039281845092773
1741033460956665000,255.7916650390625,0.4177846908569336,5.385687828063965,3.3945255279541016
1741033460966766300,255.80176635742188,0.10126852989196777,5.8133955001831055,3.8737761974334717
1741033460976867600,255.81186767578126,-0.61888587474823,6.193626403808594,4.441476345062256
1741033460986968600,255.8219685058594,-1.4886140823364258,6.4056501388549805,5.047635555267334
1741033460997069300,255.8320693359375,-2.0436763763427734,6.07618522644043,5.659913539886475
1741033461007170000,255.84217016601562,-2.3653769493103027,4.863874435424805,5.792145252227783
1741033461017271600,255.852271484375,-2.7998273372650146,2.822859764099121,5.246876239776611
1741033461027372500,255.86237255859376,-3.001762866973877,0.8576755523681641,4.448165416717529
1741033461037473500,255.8724736328125,-2.9257564544677734,-0.5505914688110352,3.7369134426116943
1741033461047574300,255.88257421875,-2.8959097862243652,-1.5890398025512695,3.094677448272705
1741033461057675000,255.89267504882812,-2.8942880630493164,-2.4967103004455566,2.576127529144287
1741033461067776800,255.90277685546874,-2.7050371170043945,-3.3174514770507812,2.269578456878662
1741033461077877500,255.91287744140624,-2.3922996520996094,-4.063266277313232,2.1425325870513916
1741033461087978500,255.922978515625,-2.2488014698028564,-4.689581871032715,2.1319873332977295
1741033461098079200,255.93307934570313,-2.257138729095459,-5.172546863555908,2.191531181335449
1741033461108180500,255.94318041992187,-2.298214912414551,-5.559582710266113,2.2538516521453857
1741033461118281700,255.95328173828125,-2.2757740020751953,-5.804380893707275,2.3046655654907227
1741033461128382700,255.9633828125,-2.208061933517456,-5.955780982971191,2.397308349609375
1741033461138483500,255.9734833984375,-2.3686861991882324,-6.034800052642822,2.4847335815429688
1741033461148584200,255.98358422851564,-2.354173183441162,-6.027215003967285,2.530078887939453
1741033461158685700,255.99368579101562,-2.4539802074432373,-5.909242153167725,2.604029417037964
1741033461168786700,256.00378662109375,-2.5392067432403564,-5.744085311889648,2.6294403076171875
1741033461178887700,256.0138876953125,-2.5780253410339355,-5.446969509124756,2.6059110164642334
1741033461188988400,256.0239885253906,-2.6533102989196777,-4.978618621826172,2.540546178817749
1741033461199089400,256.0340893554687,-2.7555034160614014,-4.220450401306152,2.4570982456207275
1741033461209191000,256.04419091796876,-3.023101806640625,-3.3068528175354004,2.3276782035827637
1741033461219292000,256.0542919921875,-3.203986167907715,-2.3059768676757812,2.2046959400177
1741033461229393400,256.06439331054685,-3.557624340057373,-1.3208065032958984,1.9118905067443848
1741033461239517400,256.0745173339844,-3.6987054347991943,-0.4377317428588867,1.6519526243209839
1741033461249821000,256.08482104492185,-3.862607955932617,0.43869781494140625,1.380170226097107
1741033461260124400,256.0951245117187,-3.927279472351074,1.2331485748291016,1.0969433784484863
1741033461270369000,256.105369140625,-3.64231538772583,2.0360536575317383,0.7903968095779419
1741033461280491500,256.11549145507814,-3.3586926460266113,2.863192558288574,0.5370663404464722
1741033461290592800,256.1255927734375,-3.150272846221924,3.6720590591430664,0.2733346223831177
1741033461300694000,256.1356940917969,-3.104067325592041,4.517403602600098,-0.12923240661621094
1741033461310795000,256.145794921875,-2.9263124465942383,5.089373588562012,-0.6519192457199097
1741033461320895700,256.15589575195315,-2.738917350769043,5.254606246948242,-1.1640905141830444
1741033461330996700,256.16599682617186,-2.678731918334961,5.180314064025879,-1.7180397510528564
1741033461341098200,256.17609814453124,-2.4850969314575195,5.040996551513672,-2.218407154083252
1741033461351199200,256.18619921875,-2.045053005218506,4.663946151733398,-3.40608286857605
1741033461361300000,256.1963000488281,-1.961221694946289,4.4947309494018555,-4.294322967529297
1741033461371400700,256.2064006347656,-1.501955509185791,4.305777549743652,-4.330103874206543
1741033461381501700,256.21650170898437,-0.9963191747665405,3.9777841567993164,-3.585238456726074
1741033461391603200,256.22660327148435,-0.7008394002914429,4.32597541809082,-2.705535888671875
1741033461401704200,256.2367041015625,-0.3947741985321045,5.251752853393555,-2.629267692565918
1741033461411805000,256.2468049316406,0.40343260765075684,5.303958892822266,-3.409512758255005
1741033461421906000,256.2569060058594,1.3044962882995605,4.390527725219727,-3.405038833618164
1741033461432007000,256.2670068359375,1.9515290260314941,2.7707996368408203,-2.9008896350860596
1741033461442108400,256.2771083984375,2.2925617694854736,0.43077659606933594,-3.094520092010498
1741033461452209200,256.2872092285156,2.12855863571167,-1.4664583206176758,-3.1711277961730957
1741033461462310000,256.2973098144531,1.254103660583496,-2.1889777183532715,-2.5227813720703125
1741033461472411000,256.3074108886719,1.3547066450119019,-1.7333216667175293,-1.7162220478057861
1741033461482512100,256.31751220703126,1.1439779996871948,-0.009667396545410156,-1.2299604415893555
1741033461492613400,256.32761328125,2.072732925415039,2.0330991744995117,-0.809145450592041
1741033461502714000,256.3377141113281,2.909230947494507,3.3642635345458984,-0.4692222476005554
1741033461512814800,256.3478149414062,3.103811264038086,3.968655586242676,0.12924784421920776
1741033461522915800,256.3579157714844,2.9014663696289062,3.5731582641601562,0.6077368259429932
1741033461533017300,256.36801733398437,2.9877450466156006,2.504094123840332,0.9383845329284668
1741033461543118300,256.37811840820314,3.231815814971924,1.3027896881103516,0.9248325824737549
1741033461553219000,256.38821899414063,3.0234851837158203,0.19468307495117188,0.7404122948646545
1741033461563320000,256.3983200683594,2.25673246383667,-0.8632211685180664,0.574597954750061
1741033461573421000,256.4084211425781,1.7541191577911377,-1.7999038696289062,0.2807633876800537
1741033461583522800,256.41852270507815,0.4421105980873108,-2.3822021484375,-0.4463862180709839
1741033461593695700,256.42869580078127,-0.6197003722190857,-2.8148412704467773,-0.7075537443161011
1741033461603999500,256.43899951171875,-0.9600907564163208,-3.115518569946289,-0.5764012336730957
1741033461614302500,256.4493024902344,-0.8762170672416687,-3.2948851585388184,-0.18748509883880615
1741033461624508000,256.4595078125,-0.6230114698410034,-3.6684799194335938,-0.009822487831115723
1741033461634621400,256.4696213378906,-0.18207904696464539,-4.040699481964111,0.3635355830192566
1741033461644722400,256.47972241210937,-0.34750282764434814,-4.151519298553467,1.354548454284668
1741033461654823200,256.4898232421875,-0.6670065522193909,-4.097177982330322,2.767347812652588
1741033461664924700,256.4999245605469,-1.2205126285552979,-4.191164016723633,3.866223096847534
1741033461675025700,256.5100256347656,-1.197160243988037,-4.648440837860107,4.145447254180908
1741033461685126400,256.52012646484377,-0.6637246608734131,-5.240037441253662,4.321787357330322
1741033461695227400,256.5302272949219,-0.35461974143981934,-5.57554817199707,4.673572540283203
1741033461705328000,256.540328125,-0.27724695205688477,-5.807564735412598,5.085251808166504
1741033461715430000,256.5504299316406,-0.37247323989868164,-6.149321556091309,5.274936199188232
1741033461725530600,256.5605305175781,-0.24731552600860596,-6.485735893249512,5.087326526641846
1741033461735631400,256.5706313476563,-0.1596287488937378,-6.752750396728516,4.5991315841674805
1741033461745732400,256.580732421875,-0.043654680252075195,-6.740090847015381,4.141389846801758
1741033461755833600,256.59083349609375,0.40849852561950684,-6.51564359664917,3.562427282333374
1741033461765934800,256.6009348144531,0.880494236946106,-5.900130271911621,3.157402992248535
1741033461776035600,256.6110356445312,1.2378544807434082,-4.843638896942139,2.9584848880767822
1741033461786136600,256.6211364746094,1.4469876289367676,-3.8535985946655273,2.8833587169647217
1741033461796237300,256.6312373046875,1.786942958831787,-2.7350664138793945,2.931103229522705
1741033461806338000,256.64133813476565,2.1734580993652344,-1.2057466506958008,2.8687047958374023
1741033461816439600,256.651439453125,2.3972649574279785,0.8684911727905273,2.9312188625335693
1741033461826540500,256.66154052734373,2.3383946418762207,3.4405202865600586,2.918203353881836
1741033461836642300,256.6716423339844,0.4394172430038452,6.400300979614258,2.7843315601348877
1741033461846934000,256.68193408203126,-1.6384766101837158,8.79321575164795,1.8662939071655273
1741033461857237500,256.69223754882813,-1.8732316493988037,8.684599876403809,-0.6989288330078125
1741033461867511000,256.70251098632815,0.9347521066665649,5.998945236206055,-3.580221652984619
1741033461877639700,256.7126396484375,1.7527679204940796,3.8315391540527344,-5.793053150177002
1741033461887740400,256.7227404785156,-0.7450960874557495,2.954094886779785,-7.330475807189941
1741033461897841700,256.7328415527344,-1.1066169738769531,1.9522600173950195,-7.885364055633545
1741033461907943000,256.74294287109376,2.212000608444214,0.783595085144043,-7.681989669799805
1741033461918044000,256.7530439453125,6.440352916717529,0.6268234252929688,-5.832916736602783
1741033461928144600,256.76314453125,10.581672668457031,1.099435806274414,-3.1750893592834473
1741033461938246000,256.7732458496094,16.577007293701172,0.8772554397583008,-1.3866726160049438
1741033461948478500,256.783478515625,16.58786964416504,2.1807899475097656,-0.7083885669708252
1741033461958782000,256.7937819824219,11.049802780151367,3.325009346008301,-0.7653008699417114
1741033461969085000,256.8040849609375,5.959617614746094,3.378814697265625,-0.33791303634643555
1741033461979241500,256.8142414550781,1.3433301448822021,3.7104692459106445,0.0292128324508667
1741033461989345300,256.82434521484373,-0.9450912475585938,4.370134353637695,0.3621940612792969
1741033461999446300,256.8344462890625,-0.8606884479522705,5.060420036315918,1.1942437887191772
1741033462009547000,256.8445471191406,0.16970276832580566,5.762504577636719,2.699873447418213
1741033462019647700,256.85464770507815,0.6580078601837158,6.347356796264648,4.352346420288086
1741033462029749000,256.8647490234375,-0.06011795997619629,6.312880516052246,5.292946815490723
1741033462039850200,256.8748503417969,-1.0622098445892334,5.771845817565918,5.6326904296875
1741033462049951200,256.884951171875,-2.0356602668762207,5.047345161437988,5.558170318603516
1741033462060052000,256.8950520019531,-2.85337233543396,3.780186653137207,4.997486114501953
1741033462070152700,256.9051525878906,-3.1080710887908936,2.4908676147460938,4.3756256103515625
1741033462080253700,256.91525366210936,-2.9420299530029297,1.170964241027832,3.7079412937164307
1741033462090355000,256.92535498046874,-2.534313917160034,-0.17516803741455078,3.1388888359069824
1741033462100456200,256.9354562988281,-2.5443460941314697,-1.43300199508667,2.7428512573242188
1741033462110557000,256.9455568847656,-2.505558729171753,-2.5694580078125,2.5321083068847656
1741033462120658000,256.9556579589844,-2.537752628326416,-3.4668283462524414,2.463954448699951
1741033462130759400,256.96575952148436,-2.5520339012145996,-4.134364128112793,2.4430267810821533
1741033462141039400,256.97603930664064,-2.6261065006256104,-4.640406608581543,2.492429256439209
1741033462151342800,256.9863427734375,-2.7048025131225586,-5.132541656494141,2.536665201187134
1741033462161626000,256.99662622070315,-2.762953519821167,-5.432084083557129,2.585468292236328
1741033462171757000,257.0067570800781,-2.7984731197357178,-5.649333953857422,2.6508235931396484
1741033462181858600,257.01685864257814,-2.916672945022583,-5.7970452308654785,2.6873912811279297
1741033462191959300,257.02695922851564,-2.9323039054870605,-5.832451820373535,2.733593463897705
1741033462202060300,257.0370603027344,-2.9072251319885254,-5.803171157836914,2.7673516273498535
1741033462212161000,257.0471611328125,-2.8543944358825684,-5.730761528015137,2.7510013580322266
1741033462222262300,257.0572622070313,-2.857419013977051,-5.498965263366699,2.707685708999634
1741033462232363500,257.06736352539065,-2.8369522094726562,-5.060323715209961,2.6932029724121094
1741033462242464300,257.07746435546875,-2.953751564025879,-4.348232746124268,2.6273140907287598
1741033462252565200,257.08756518554685,-3.0815765857696533,-3.3841114044189453,2.6134066581726074
1741033462262666000,257.097666015625,-3.1875059604644775,-2.300417423248291,2.6101019382476807
1741033462272767500,257.107767578125,-3.1350557804107666,-1.3445634841918945,2.513484477996826
1741033462282868500,257.11786840820315,-2.5872840881347656,-0.6065702438354492,2.3383984565734863
1741033462292969200,257.12796923828125,-2.171804904937744,-0.10472393035888672,2.0387165546417236
1741033462303070200,257.1380703125,-2.838899612426758,0.17189598083496094,1.4842357635498047
1741033462313171000,257.1481708984375,-4.038278102874756,0.3983793258666992,0.6074666976928711
1741033462323272000,257.1582719726562,-4.800912380218506,0.5247621536254883,-0.3889646530151367
1741033462333373400,257.16837353515626,-5.082977294921875,0.7004489898681641,-0.9714043140411377
1741033462343474400,257.17847436523436,-5.191352367401123,1.0817985534667969,-1.3537194728851318
1741033462353575200,257.1885751953125,-5.183992385864258,2.0575265884399414,-1.406710147857666
1741033462363676000,257.1986760253906,-4.9610700607299805,3.499551773071289,-1.3298022747039795
1741033462373777200,257.2087770996094,-4.535322189331055,5.287995338439941,-1.342090129852295
1741033462383878400,257.21887841796877,-3.950516700744629,7.116943359375,-1.3428175449371338
1741033462393979400,257.2289794921875,-3.4778637886047363,8.425201416015625,-1.3752561807632446
1741033462404080000,257.239080078125,-2.773676872253418,8.35049057006836,-1.6268649101257324
1741033462414181000,257.24918115234374,-0.6835364103317261,7.050048828125,-2.285327911376953
1741033462424282400,257.2592824707031,1.09083890914917,5.057062149047852,-3.3365702629089355
1741033462434384100,257.26938403320315,0.7918703556060791,3.7983474731445312,-3.837414264678955
1741033462444652300,257.27965234375,0.5621440410614014,3.7271156311035156,-3.6629157066345215
1741033462454955800,257.28995581054687,0.8817825317382812,4.67032527923584,-2.988046646118164
1741033462465248800,257.30024877929685,1.8048138618469238,5.289250373840332,-2.0187807083129883
1741033462475381800,257.3103818359375,2.852402687072754,4.572085380554199,-1.2407128810882568
1741033462485482500,257.320482421875,2.9831833839416504,2.564541816711426,-1.0704820156097412
1741033462495583200,257.3305832519531,2.354715347290039,0.4980278015136719,-1.1312357187271118
1741033462505684500,257.3406845703125,1.743361234664917,-0.7223081588745117,-1.081721544265747
1741033462515785700,257.35078564453124,1.3805898427963257,-0.959263801574707,-1.2067158222198486
1741033462525886700,257.36088671875,1.1011261940002441,-0.13266468048095703,-1.2968066930770874
1741033462535987500,257.3709875488281,0.9353854656219482,1.3087234497070312,-1.557645559310913
1741033462546088400,257.38108837890627,1.3416714668273926,2.7341136932373047,-1.7725633382797241
1741033462556189200,257.3911892089844,1.541712760925293,3.8512678146362305,-1.8635978698730469
1741033462566290700,257.40129077148435,1.3281605243682861,4.166886329650879,-1.5039819478988647
1741033462576391700,257.4113916015625,0.9878713488578796,3.555816650390625,-0.8867825269699097
1741033462586492400,257.4214924316406,1.6809738874435425,2.4809093475341797,-0.32667076587677
1741033462596593400,257.4315935058594,2.412402391433716,1.4310407638549805,-0.05585217475891113
1741033462606694100,257.4416940917969,2.3473165035247803,0.5445404052734375,0.024590134620666504
1741033462616796000,257.4517958984375,1.2079896926879883,-0.31516265869140625,-0.32304227352142334
1741033462626896600,257.4618967285156,-1.9012311697006226,-1.0248031616210938,-0.45142877101898193
1741033462636997600,257.4719975585937,-3.2722997665405273,-1.5306386947631836,0.6792311072349548
1741033462647098400,257.4820983886719,-0.6703965663909912,-1.9077296257019043,2.9707188606262207
1741033462657199400,257.49219946289065,1.9848864078521729,-2.489694118499756,5.294559001922607
1741033462667300900,257.50230078125,2.903862714767456,-2.756775379180908,6.595743656158447
1741033462677401600,257.51240161132813,2.7644519805908203,-2.731869697570801,7.353518009185791
1741033462687502600,257.5225026855469,1.6824676990509033,-3.1633787155151367,7.321106433868408
1741033462697603300,257.5326032714844,0.501972496509552,-3.7471671104431152,6.9478020668029785
1741033462707704600,257.54270458984377,0.16368508338928223,-4.145199775695801,5.838074207305908
1741033462717805800,257.55280590820314,0.057165518403053284,-4.745214462280273,5.188669681549072
1741033462727906600,257.56290649414063,0.011477209627628326,-5.312448978424072,4.294798851013184
1741033462738007600,257.5730075683594,0.07698589563369751,-5.795319557189941,3.4948267936706543
1741033462748108300,257.5831083984375,-0.0554361492395401,-5.994699478149414,3.039562225341797
1741033462758209300,257.5932092285156,-0.3655703365802765,-6.107901573181152,2.6037027835845947
1741033462768310800,257.60331079101564,-0.36224332451820374,-6.097930908203125,2.0014963150024414
1741033462778411800,257.61341186523435,0.06073123216629028,-6.029056549072266,1.4359192848205566
1741033462788512500,257.62351245117185,0.6531684994697571,-6.126909255981445,0.9406528472900391
1741033462798613200,257.63361328125,1.4736769199371338,-6.126734733581543,0.7429719567298889
1741033462808714200,257.6437143554688,2.019742965698242,-6.121111869812012,0.6313956379890442
1741033462818815700,257.65381567382815,2.3647775650024414,-6.089613914489746,0.6865510940551758
1741033462828916700,257.66391674804686,2.3517768383026123,-5.866127967834473,1.270534873008728
1741033462839017500,257.674017578125,2.316412925720215,-5.3561930656433105,2.0666344165802
1741033462849118700,257.6841186523437,2.5275750160217285,-4.780522346496582,2.197624444961548
1741033462859315500,257.6943154296875,2.81522798538208,-3.826788902282715,2.0455965995788574
1741033462869619200,257.704619140625,2.7520911693573,-2.243805408477783,1.8268228769302368
1741033462879922200,257.7149221191406,2.700380802154541,-0.03941535949707031,1.5000851154327393
1741033462890108000,257.7251079101562,3.313751220703125,3.277754783630371,0.6514836549758911
1741033462900217300,257.73521728515624,4.423867225646973,7.530218124389648,-0.6400572657585144
1741033462910318800,257.7453188476562,6.755663871765137,10.846001625061035,-2.1752238273620605
1741033462920419800,257.755419921875,8.542438507080078,12.6270170211792,-3.8307108879089355
1741033462930520600,257.7655205078125,7.613712310791016,11.358122825622559,-4.94213342666626
1741033462940621600,257.77562158203125,5.596271514892578,7.775229454040527,-5.617516040802002
1741033462950722600,257.78572265625,3.057432174682617,4.675867080688477,-5.225495338439941
1741033462960824000,257.7958239746094,1.6390478610992432,2.7210378646850586,-4.022559642791748
1741033462970924800,257.8059248046875,3.7990546226501465,2.066575050354004,-1.872230887413025
1741033462981025800,257.81602587890626,5.918525695800781,2.979146957397461,0.35019445419311523
1741033462991126500,257.82612646484375,6.501185894012451,3.7374324798583984,1.5321497917175293
1741033463001227800,257.8362277832031,6.082402229309082,2.7833948135375977,2.080434560775757
1741033463011329000,257.8463291015625,4.311287879943848,0.9709453582763672,2.7400612831115723
1741033463021429800,257.8564296875,1.9958748817443848,-0.1429119110107422,3.366162061691284
1741033463031530800,257.86653076171876,0.7329795360565186,-0.5811786651611328,3.7833943367004395
1741033463041631500,257.87663159179687,0.4431891441345215,-0.036228179931640625,4.32664680480957
1741033463051732500,257.886732421875,0.9146833419799805,1.3087711334228516,5.508556365966797
1741033463061834000,257.896833984375,1.4968855381011963,2.9961681365966797,6.840944766998291
1741033463071935000,257.9069350585938,1.5904031991958618,4.2895708084106445,7.6021928787231445
1741033463082035700,257.91703564453127,0.8111894130706787,4.833559036254883,7.360188961029053
1741033463092136400,257.92713647460937,-0.6934119462966919,4.404153823852539,6.446784019470215
1741033463102237400,257.93723754882814,-1.9256255626678467,3.1346569061279297,5.575178623199463
1741033463112339000,257.9473388671875,-2.4678916931152344,1.4903411865234375,4.608580589294434
1741033463122440000,257.9574399414063,-2.367279291152954,-0.20419597625732422,3.767878293991089
1741033463132540700,257.9675407714844,-1.5764800310134888,-1.4904718399047852,3.3175623416900635
1741033463142641400,257.9776413574219,-0.9248104691505432,-2.329782009124756,3.0616843700408936
1741033463152742700,257.98774267578125,-1.5402717590332031,-3.020181179046631,2.7957911491394043
1741033463162844000,257.9978439941406,-2.1514992713928223,-3.5018301010131836,2.528752088546753
1741033463172945000,258.0079448242187,-3.0228629112243652,-3.931302070617676,2.270803689956665
1741033463183045600,258.0180456542969,-3.8562440872192383,-4.038485050201416,2.1447277069091797
1741033463193146600,258.02814672851565,-4.486995220184326,-3.9005284309387207,2.1793699264526367
1741033463203247400,258.03824731445314,-4.451138019561768,-3.738640308380127,2.265033006668091
1741033463213348900,258.0483488769531,-4.315797805786133,-3.7049670219421387,2.311286687850952
1741033463223449900,258.0584499511719,-3.9542410373687744,-3.7297472953796387,2.3139052391052246
1741033463233550600,258.0685505371094,-3.5357093811035156,-3.775419235229492,2.2260570526123047
1741033463243651600,258.0786516113281,-3.340386152267456,-3.739370822906494,2.1366302967071533
1741033463253752300,258.08875244140626,-3.178126573562622,-3.6306514739990234,1.9277255535125732
1741033463263854000,258.09885400390624,-3.0350985527038574,-3.4110212326049805,1.6636326313018799
1741033463273954800,258.1089548339844,-3.069451332092285,-3.151336193084717,1.4773838520050049
1741033463284055800,258.1190559082031,-2.9613895416259766,-2.797269821166992,1.2615888118743896
1741033463294156500,258.1291564941406,-2.8216540813446045,-2.220759868621826,1.0583736896514893
1741033463304257500,258.13925756835937,-3.0685276985168457,-1.4748878479003906,0.8552097082138062
1741033463314359000,258.14935913085935,-3.6441969871520996,-0.7305698394775391,0.5459033250808716
1741033463324459800,258.1594597167969,-4.28316593170166,0.023706436157226562,0.20126628875732422
1741033463334560800,258.1695607910156,-4.456633567810059,0.6193704605102539,-0.24351346492767334
1741033463344661500,258.17966162109377,-4.291680812835693,1.0418052673339844,-0.7436385154724121
1741033463354762200,258.18976220703127,-3.9582464694976807,1.4148445129394531,-1.0358436107635498
1741033463364863700,258.19986376953125,-4.002613067626953,1.857558250427246,-1.3903313875198364
1741033463374964700,258.20996484375,-3.802530288696289,2.3878326416015625,-1.5166207551956177
1741033463385065700,258.2200656738281,-3.572269916534424,2.983278274536133,-1.6051912307739258
1741033463395166500,258.2301665039063,-3.3515682220458984,3.404110908508301,-1.6573774814605713
1741033463405267500,258.2402673339844,-3.0376715660095215,3.47257137298584,-2.146146774291992
1741033463415369000,258.25036889648436,-2.6206297874450684,3.154541015625,-3.1473731994628906
1741033463425470000,258.2604699707031,-2.2998037338256836,2.81258487701416,-3.9382622241973877
1741033463435570700,258.27057080078123,-1.9772984981536865,2.454808235168457,-4.174851894378662
1741033463445671400,258.2806713867187,-1.476562261581421,2.037921905517578,-3.978224754333496
1741033463455772400,258.2907724609375,-0.9739154577255249,1.8869991302490234,-3.645902633666992
1741033463465873400,258.30087329101565,-0.8184391856193542,2.2371768951416016,-3.485283851623535
1741033463475975000,258.31097485351563,-0.9788920879364014,3.152857780456543,-3.2225260734558105
1741033463486075600,258.32107568359373,-0.7320125102996826,3.8264541625976562,-3.4539833068847656
1741033463496176600,258.3311767578125,-0.3479255437850952,3.578986167907715,-3.417653799057007
1741033463506278000,258.34127783203127,-0.4526026248931885,2.0702877044677734,-2.6661376953125
1741033463516378600,258.35137866210937,-0.7865554094314575,0.2738361358642578,-1.8538706302642822
1741033463526479600,258.36147973632814,-1.0359382629394531,-0.9216089248657227,-1.3250212669372559
1741033463536724000,258.3717238769531,-1.062931776046753,-1.3339014053344727,-0.674206018447876
1741033463547027500,258.38202734375,-0.8427828550338745,-0.789189338684082,-0.3770713806152344
1741033463557330400,258.39233032226565,-0.6752091646194458,0.609074592590332,-0.42001771926879883
1741033463567444000,258.40244384765623,-0.3913264274597168,2.4242124557495117,-0.5327788591384888
1741033463577579000,258.4125791015625,-0.06978289783000946,4.103821754455566,-0.639250636100769
1741033463587680000,258.42267993164063,0.6207624673843384,4.994084358215332,-0.31993603706359863
1741033463597780700,258.43278076171873,1.7252858877182007,4.4293012619018555,0.44552749395370483
1741033463607881700,258.4428818359375,2.5103275775909424,2.558443069458008,0.674513041973114
1741033463617982500,258.452982421875,2.9482526779174805,0.7098836898803711,0.34614527225494385
1741033463628083700,258.46308374023437,2.845592737197876,-0.5962791442871094,0.0997077226638794
1741033463638185000,258.47318505859374,2.8461215496063232,-1.7134790420532227,0.15722239017486572
1741033463648285700,258.48328564453124,2.771439790725708,-2.4758496284484863,0.28656530380249023
1741033463658386700,258.49338671875,1.835159182548523,-2.7636666297912598,0.8069210648536682
1741033463668488000,258.5034880371094,1.1844919919967651,-2.8624820709228516,1.5865459442138672
1741033463678588700,258.51358862304687,0.9934656620025635,-3.031705379486084,2.2736165523529053
1741033463688832300,258.52383227539065,0.9155482053756714,-3.378674030303955,3.161608934402466
1741033463699136000,258.5341359863281,-0.42752814292907715,-3.279135227203369,5.060785293579102
1741033463709438700,258.5444387207031,-0.5488522052764893,-3.65695858001709,5.871224403381348
1741033463719587300,258.55458740234377,-0.44719618558883667,-4.403592586517334,6.047822952270508
1741033463729701000,258.564701171875,-0.7048887610435486,-5.021949768066406,5.995702266693115
1741033463740004600,258.5750046386719,-1.6544647216796875,-5.4943108558654785,6.003198623657227
1741033463750308000,258.58530810546876,-2.2508673667907715,-6.132876396179199,5.8035664558410645
1741033463760562000,258.59556201171876,-1.9499757289886475,-6.697348117828369,5.106022357940674
1741033463770686200,258.6056862792969,-1.1100250482559204,-7.194441318511963,4.167631149291992
1741033463780787200,258.615787109375,-0.1845415234565735,-7.3761444091796875,3.3068389892578125
1741033463790888000,258.62588793945315,0.6310449242591858,-7.131565093994141,2.789844512939453
1741033463800989000,258.63598901367186,1.2424253225326538,-6.58747673034668,2.454685688018799
1741033463811090200,258.6460900878906,1.6393697261810303,-5.757909774780273,2.145411491394043
1741033463821191400,258.65619140625,1.7642617225646973,-4.880805015563965,1.7510039806365967
1741033463831292200,258.6662922363281,2.247810125350952,-4.0084919929504395,1.49221670627594
1741033463841393000,258.6763928222656,2.7541043758392334,-3.103640556335449,1.1755616664886475
1741033463851494000,258.68649389648436,3.205092191696167,-2.1387691497802734,0.9941073656082153
1741033463861594600,258.6965947265625,3.6822726726531982,-0.9198217391967773,1.0084402561187744
1741033463871696400,258.7066962890625,3.4671926498413086,0.6116371154785156,1.1679381132125854
1741033463881797000,258.7167971191406,2.422651767730713,2.632931709289551,1.2959946393966675
1741033463891897900,258.72689794921877,1.4659990072250366,4.912278175354004,1.3097760677337646
1741033463901998800,258.73699877929687,0.45681703090667725,6.984403610229492,0.9722495079040527
1741033463912099800,258.74709985351564,0.015020444989204407,8.183728218078613,0.16601940989494324
1741033463922201600,258.7572016601562,0.1213853657245636,7.877866744995117,-1.1880204677581787
1741033463932362800,258.76736279296875,1.8363077640533447,5.832221984863281,-3.434931516647339
1741033463942666200,258.7776662597656,3.3732800483703613,3.2270259857177734,-5.08821964263916
1741033463952969500,258.7879694824219,3.0885567665100098,1.818812370300293,-4.998175621032715
1741033463963182000,258.79818212890626,2.2862305641174316,1.7152118682861328,-4.655985355377197
1741033463973300200,258.80830029296874,2.0375213623046875,2.243924140930176,-4.520129203796387
1741033463983401000,258.81840087890623,3.0585761070251465,2.842362403869629,-4.286799430847168
1741033463993501700,258.8285017089844,5.771728038787842,3.351742744445801,-3.7660231590270996
1741033464003603500,258.838603515625,9.652983665466309,3.489238739013672,-3.042656660079956
1741033464013704200,258.8487041015625,11.228156089782715,3.7881202697753906,-2.0720319747924805
1741033464023805200,258.85880517578124,9.254286766052246,4.026700019836426,-1.495903491973877
1741033464033906000,258.8689060058594,7.458096504211426,2.6616954803466797,-0.8634716272354126
1741033464044007000,258.8790068359375,5.248882293701172,0.8191423416137695,0.16766953468322754
1741033464054108400,258.8891083984375,3.5188069343566895,-0.4034757614135742,1.2570744752883911
1741033464064209400,258.89920947265625,1.797135829925537,-0.9415874481201172,2.0051450729370117
1741033464074310400,258.90931030273435,0.8489060401916504,-0.4644641876220703,3.05515456199646
1741033464084483300,258.9194833984375,0.5226149559020996,0.8639154434204102,4.446507930755615
1741033464094787000,258.929787109375,0.38330078125,2.402050018310547,5.754932880401611
1741033464105090000,258.9400900878906,-0.012694358825683594,3.5473413467407227,6.720412254333496
1741033464115295500,258.95029541015623,-0.8052881360054016,4.105796813964844,7.125248908996582
1741033464125409000,258.96040893554687,-1.8489201068878174,3.9577674865722656,6.976762294769287
1741033464135510000,258.97051000976563,-2.5984272956848145,2.5581741333007812,5.76807165145874
1741033464145611500,258.9806115722656,-2.828355312347412,0.7734136581420898,4.368139743804932
1741033464155712500,258.9907124023438,-3.116999626159668,-0.9172191619873047,3.178685188293457
1741033464165813200,259.0008132324219,-3.145770311355591,-2.3069419860839844,2.360629081726074
1741033464175914200,259.01091430664064,-2.9569156169891357,-3.248371124267578,1.934248447418213
1741033464186015000,259.02101489257814,-1.6871838569641113,-4.010758876800537,1.7641448974609375
1741033464196116000,259.03111596679685,-0.5670674443244934,-4.203602313995361,1.8776259422302246
1741033464206217500,259.0412175292969,-0.8215163350105286,-4.347633361816406,2.160823106765747
1741033464216318200,259.0513181152344,-2.3647964000701904,-4.408780097961426,2.303352117538452
1741033464226419200,259.06141918945315,-2.9987800121307373,-4.239892482757568,2.3419885635375977
1741033464236520000,259.07152001953125,-3.2919416427612305,-4.012789249420166,2.412961721420288
1741033464246620700,259.08162060546874,-3.5691537857055664,-3.893275737762451,2.354557514190674
1741033464256722000,259.0917219238281,-3.3407552242279053,-3.8022074699401855,2.2663984298706055
1741033464266823200,259.1018232421875,-3.0170938968658447,-3.7309341430664062,2.1472933292388916
1741033464276924200,259.11192407226565,-2.8423402309417725,-3.592594623565674,2.050419569015503
1741033464287025000,259.12202490234375,-3.0001139640808105,-3.269294261932373,1.9471237659454346
1741033464297126000,259.1321259765625,-3.29067325592041,-2.869814872741699,1.7586195468902588
1741033464307227400,259.1422272949219,-3.4908699989318848,-2.239344596862793,1.6065175533294678
1741033464317328400,259.1523283691406,-3.6398584842681885,-1.4988985061645508,1.5374703407287598
1741033464327429000,259.16242919921876,-3.872103691101074,-0.7719497680664062,1.4302726984024048
1741033464337529900,259.17252978515626,-4.226781368255615,0.186004638671875,1.2059167623519897
1741033464347630800,259.182630859375,-4.701786994934082,1.2603225708007812,0.8444676399230957
1741033464357731800,259.19273193359373,-5.141861915588379,2.511425018310547,0.2658975124359131
1741033464367833300,259.2028332519531,-5.485825538635254,3.7402992248535156,-0.20263290405273438
1741033464377934000,259.21293408203127,-5.694064617156982,4.997882843017578,-0.4645732641220093
1741033464388035000,259.22303515625,-5.822600364685059,5.998708724975586,-0.6158818006515503
1741033464398135800,259.2331357421875,-5.290042877197266,6.051916122436523,-0.7826094627380371
1741033464408237000,259.2432370605469,-4.371281623840332,5.267599105834961,-1.2289021015167236
1741033464418338300,259.2533383789063,-3.6498544216156006,4.056258201599121,-1.6523077487945557
1741033464428439000,259.2634389648438,-3.1480941772460938,3.142186164855957,-1.9525885581970215
1741033464438540000,259.2735400390625,-2.9144182205200195,2.6794023513793945,-2.3134632110595703
1741033464448640800,259.28364086914064,-2.6164212226867676,2.610799789428711,-2.950134038925171
1741033464458741500,259.29374145507813,-1.9156852960586548,2.986269950866699,-3.6488897800445557
1741033464468843300,259.3038432617187,-1.6045466661453247,4.072929382324219,-3.851327896118164
1741033464478944300,259.3139443359375,-1.385911226272583,5.173730850219727,-3.4881718158721924
1741033464489045000,259.324044921875,-0.9769757986068726,5.050972938537598,-2.4591760635375977
1741033464499146800,259.33414672851563,-0.502198338508606,3.321453094482422,-1.4346630573272705
1741033464509450200,259.3444501953125,-0.4137626886367798,1.1309642791748047,-0.9914189577102661
1741033464519753700,259.3547536621094,-0.661744236946106,-0.42221736907958984,-1.236568570137024
1741033464530017500,259.365017578125,-1.0754989385604858,-1.0385684967041016,-1.8331120014190674
1741033464540143900,259.3751437988281,-1.2335134744644165,-1.0284423828125,-2.031378746032715
1741033464550244900,259.3852448730469,-1.0882461071014404,-0.29717254638671875,-1.6748254299163818
1741033464560346000,259.39534619140625,-0.9637237191200256,0.7190084457397461,-1.2453669309616089
1741033464570447400,259.405447265625,-1.4928901195526123,1.5552492141723633,-0.8862890005111694
1741033464580548000,259.4155480957031,-1.8577117919921875,2.030231475830078,-0.615924596786499
1741033464590649000,259.4256491699219,-2.032325267791748,2.120786666870117,-0.08332419395446777
1741033464600749800,259.4357497558594,-1.4380707740783691,1.5961389541625977,0.25271451473236084
1741033464610850600,259.4458505859375,0.6599497199058533,0.6912002563476562,0.3010425567626953
1741033464620952000,259.4559521484375,1.3963541984558105,-0.1409626007080078,0.5786272883415222
1741033464631053800,259.4660537109375,0.8600108027458191,-0.8209753036499023,0.8612083792686462
1741033464641154000,259.4761540527344,0.08500136435031891,-1.488234519958496,0.9395112991333008
1741033464651445800,259.48644580078127,-0.2888910174369812,-2.3479957580566406,0.7649290561676025
1741033464661749200,259.49674926757814,-0.42356061935424805,-3.127005100250244,0.46361786127090454
1741033464672022800,259.5070227050781,-0.45027995109558105,-3.7364678382873535,0.4443463087081909
1741033464682152200,259.51715209960935,-0.25216490030288696,-4.274464130401611,0.680199146270752
1741033464692253000,259.5272529296875,0.3873003125190735,-4.653172492980957,0.9913700819015503
1741033464702354000,259.5373540039063,0.8438464403152466,-4.852573394775391,1.3216373920440674
1741033464712455000,259.5474548339844,1.0497455596923828,-4.902774810791016,1.8194531202316284
1741033464722556400,259.55755639648436,1.2996037006378174,-4.795511722564697,2.763340711593628
1741033464732657200,259.5676572265625,1.815965175628662,-4.458212852478027,4.300904750823975
1741033464742758000,259.5777578125,1.7355924844741821,-4.192055702209473,5.274298667907715
1741033464752859000,259.5878588867188,1.7744373083114624,-4.355061054229736,5.305722236633301
1741033464762960400,259.59796044921876,0.9640702605247498,-4.7176337242126465,4.937354564666748
1741033464773061400,259.60806127929686,-0.022328495979309082,-5.178154468536377,4.495239734649658
1741033464783162000,259.618162109375,-0.7649939060211182,-5.473750114440918,4.41085147857666
1741033464793263000,259.62826318359373,-0.7602515816688538,-5.852093696594238,4.410579681396484
1741033464803363800,259.6383637695312,-0.4899500012397766,-6.33266544342041,4.192505359649658
1741033464813464600,259.6484645996094,-0.05796968936920166,-6.8048810958862305,3.5474014282226562
1741033464823566300,259.65856640625,0.8748095035552979,-6.941758155822754,3.099564552307129
1741033464833704000,259.66870385742186,1.6739697456359863,-6.403711318969727,3.0920515060424805
1741033464844007400,259.67900732421873,2.6440534591674805,-5.465354919433594,3.2805798053741455
1741033464854310700,259.689310546875,3.507791042327881,-4.301689147949219,3.2627270221710205
1741033464864545300,259.69954516601564,4.3161725997924805,-2.9061880111694336,3.2060256004333496
1741033464874665200,259.70966528320315,4.51030969619751,-0.9892578125,3.309091329574585
1741033464884766200,259.71976611328125,3.736208200454712,1.324319839477539,3.5265815258026123
1741033464894867000,259.72986694335935,2.366812229156494,4.028101921081543,3.793450355529785
1741033464904968000,259.7399680175781,0.2636723518371582,7.332559585571289,3.400486469268799
1741033464915069200,259.7500690917969,-1.1346147060394287,9.782247543334961,2.2168846130371094
1741033464925170400,259.76017041015626,-0.17613863945007324,9.530818939208984,-0.4695284366607666
1741033464935271200,259.77027124023436,2.272364616394043,6.913410186767578,-3.7511086463928223
1741033464945372000,259.78037182617186,2.2869019508361816,3.994420051574707,-5.137864112854004
1741033464955473000,259.7904729003906,1.3381298780441284,2.2023792266845703,-5.820539474487305
1741033464965573600,259.8005737304687,1.2953996658325195,0.4652853012084961,-6.152273178100586
1741033464975675400,259.81067529296877,1.7791333198547363,-0.5837297439575195,-6.065486907958984
1741033464985776000,259.82077612304687,4.677767753601074,-1.228013038635254,-5.730123519897461
1741033464995876900,259.830876953125,8.47449016571045,-0.7965192794799805,-4.735324382781982
1741033465005977900,259.84097778320313,9.763968467712402,1.1193122863769531,-2.7962591648101807
1741033465016078800,259.8510788574219,8.399991989135742,3.359013557434082,-1.2199991941452026
1741033465026180400,259.8611804199219,7.065723419189453,4.047835350036621,-0.23351776599884033
1741033465036281000,259.8712810058594,3.861431360244751,3.1831064224243164,0.7652949094772339
1741033465046382000,259.88138208007814,0.7217495441436768,2.1417417526245117,1.0990092754364014
1741033465056482800,259.89148291015624,-0.9952878952026367,2.2039670944213867,1.3298627138137817
1741033465066583600,259.90158349609374,-0.8711535930633545,3.329533576965332,1.9980419874191284
1741033465076685000,259.9116850585938,-0.08964061737060547,4.877907752990723,2.8960940837860107
1741033465086786000,259.9217861328125,0.17245972156524658,6.118005752563477,3.795689582824707
1741033465096887000,259.93188696289064,-0.524327278137207,6.64306640625,4.514125347137451
1741033465106987800,259.94198779296875,-1.4166725873947144,6.201847076416016,4.730432510375977
1741033465117088800,259.9520888671875,-1.9983716011047363,4.636441230773926,4.373051166534424
1741033465127190300,259.9621901855469,-1.733167052268982,2.6021175384521484,3.8335492610931396
1741033465137291300,259.9722912597656,-1.739103078842163,0.8209867477416992,3.131807804107666
1741033465147392000,259.98239208984376,-1.9308443069458008,-0.5196208953857422,2.4548263549804688
1741033465157492700,259.99249267578125,-1.9802217483520508,-1.465531349182129,2.0592358112335205
1741033465167593700,260.00259375,-2.1531505584716797,-2.2096505165100098,1.8760960102081299
1741033465177694700,260.0126948242187,-2.296823501586914,-2.6478371620178223,1.8705724477767944
1741033465187796200,260.0227961425781,-2.3322219848632812,-2.923966407775879,1.8420697450637817
1741033465197897000,260.03289697265626,-2.4095072746276855,-3.2237658500671387,1.8132895231246948
1741033465207998000,260.042998046875,-2.4796223640441895,-3.5420336723327637,1.7833099365234375
1741033465218098700,260.0530986328125,-2.476360559463501,-3.850592613220215,1.738393783569336
1741033465228199400,260.0631994628906,-2.471043109893799,-4.08668327331543,1.7321559190750122
1741033465238301000,260.0733010253906,-2.436410427093506,-4.343855857849121,1.6876420974731445
1741033465248402000,260.08340185546876,-2.408630132675171,-4.592174053192139,1.6698752641677856
1741033465258503000,260.0935029296875,-2.374364137649536,-4.700980186462402,1.692134976387024
1741033465268603600,260.10360375976563,-2.3216211795806885,-4.700887203216553,1.6907622814178467
1741033465278704400,260.1137043457031,-2.281315565109253,-4.528602123260498,1.6928499937057495
1741033465288806100,260.1238061523438,-2.2375683784484863,-4.136739730834961,1.6826896667480469
1741033465298907000,260.1339069824219,-2.1183066368103027,-3.6620378494262695,1.6813225746154785
1741033465309008000,260.1440078125,-2.0171570777893066,-3.1997547149658203,1.6740702390670776
1741033465319108600,260.15410864257814,-1.9331600666046143,-2.7237086296081543,1.6400752067565918
1741033465329209600,260.16420971679685,-1.9139347076416016,-2.2469420433044434,1.5453649759292603
1741033465339310600,260.174310546875,-1.9192547798156738,-1.6998634338378906,1.4120068550109863
1741033465349412000,260.184412109375,-1.8555428981781006,-1.0225162506103516,1.169905424118042
1741033465359512800,260.19451293945315,-1.862905502319336,-0.1338205337524414,0.9526141285896301
1741033465369613600,260.20461352539064,-1.8932212591171265,0.8551158905029297,0.7498133182525635
1741033465379714600,260.21471459960935,-1.949747085571289,1.8210878372192383,0.47064340114593506
1741033465389815300,260.2248151855469,-1.9631211757659912,2.7452335357666016,0.2106022834777832
1741033465399916800,260.2349167480469,-2.0043461322784424,3.594724655151367,-0.13749945163726807
1741033465410017800,260.24501782226565,-1.9492675065994263,4.180330276489258,-0.5699645280838013
1741033465420118800,260.25511889648436,-1.8343030214309692,4.328948020935059,-1.1154887676239014
1741033465430219500,260.26521948242186,-1.695925235748291,4.12190055847168,-1.6793595552444458
1741033465440320300,260.2753203125,-1.3243132829666138,3.677560806274414,-2.2039384841918945
1741033465450422000,260.2854221191406,-0.6344660520553589,3.32961368560791,-2.609407901763916
1741033465460522800,260.2955227050781,0.0006954669952392578,3.171051025390625,-2.9883155822753906
1741033465470623700,260.30562377929687,0.5994608402252197,3.172755241394043,-3.1089844703674316
1741033465480724500,260.31572436523436,1.1319191455841064,3.6219358444213867,-3.139256477355957
1741033465490825200,260.3258251953125,1.4672126770019531,4.804161071777344,-3.441173791885376
1741033465500926500,260.3359265136719,1.8620727062225342,6.244318008422852,-3.744112014770508
1741033465511027700,260.34602783203127,2.7199203968048096,7.118074417114258,-3.694715738296509
1741033465521128700,260.35612866210937,3.4448487758636475,5.618303298950195,-3.157717704772949
1741033465531229400,260.3662294921875,2.867144823074341,2.2011594772338867,-2.7976186275482178
1741033465541330400,260.37633032226563,1.41147780418396,-0.4262208938598633,-2.2949624061584473
1741033465551431200,260.38643115234373,0.1294412612915039,-1.8250412940979004,-1.9434751272201538
1741033465561532700,260.3965327148438,-0.45114803314208984,-2.2785449028015137,-1.877022385597229
1741033465571633700,260.4066335449219,-0.6471049785614014,-1.3176860809326172,-1.6956995725631714
1741033465581734400,260.416734375,-0.46103107929229736,0.8234395980834961,-1.2315313816070557
1741033465591835400,260.42683544921874,-0.0984339714050293,3.0661439895629883,-1.355461597442627
1741033465601936100,260.43693603515624,0.4523591995239258,4.493029594421387,-1.4299325942993164
1741033465612038000,260.4470378417969,1.1930058002471924,4.766587257385254,-0.7511988878250122
1741033465622163500,260.4571635742187,1.6382049322128296,3.7680320739746094,0.09853613376617432
1741033465632467000,260.46746704101565,2.112788677215576,2.3208913803100586,0.8610655069351196
1741033465642770400,260.4777705078125,2.493016242980957,0.9950160980224609,1.3686072826385498
1741033465653014500,260.4880146484375,1.7755213975906372,-0.20132827758789062,1.1504881381988525
1741033465663136800,260.49813671875,1.1750433444976807,-1.3473796844482422,0.6456724405288696
1741033465673237800,260.50823779296877,1.1393295526504517,-2.336027145385742,0.38219308853149414
1741033465683338500,260.51833837890626,0.9249507188796997,-3.128873825073242,0.22957313060760498
1741033465693439200,260.52843920898437,0.6458917856216431,-3.7693724632263184,-0.22953462600708008
1741033465703540700,260.53854077148435,0.31670933961868286,-4.4783735275268555,-0.6738187074661255
1741033465713641700,260.5486418457031,-0.6396657824516296,-4.9867753982543945,-0.7703087329864502
1741033465723742700,260.5587426757813,-1.542823314666748,-5.234547138214111,-0.5827343463897705
1741033465733843500,260.5688435058594,-1.9269381761550903,-5.426784038543701,-0.14729630947113037
1741033465743944400,260.5789443359375,-1.086613655090332,-5.370733737945557,1.05475914478302
1741033465754045200,260.58904516601564,0.4730549454689026,-5.210319519042969,2.4353909492492676
1741033465764147000,260.59914697265623,1.351212978363037,-5.075248718261719,3.3967537879943848
1741033465774247700,260.6092475585937,1.8110966682434082,-5.072556972503662,4.036890983581543
1741033465784348400,260.6193483886719,1.7959237098693848,-5.354997634887695,4.190062522888184
1741033465794449400,260.62944946289065,1.326293706893921,-5.901485443115234,3.9341368675231934
1741033465804550100,260.63955004882814,0.7709466218948364,-6.252626419067383,3.8326709270477295
1741033465814651400,260.6496513671875,0.3226916193962097,-6.44541597366333,3.9654808044433594
1741033465824752600,260.6597526855469,0.21430587768554688,-6.417781352996826,4.283960819244385
1741033465834853400,260.6698532714844,0.2171536087989807,-6.3737335205078125,4.5646514892578125
1741033465844954400,260.67995434570315,0.4125381112098694,-6.061079978942871,4.848119258880615
1741033465855055000,260.69005517578125,0.8234690427780151,-5.386391639709473,4.972542762756348
1741033465865156600,260.70015649414063,1.3424756526947021,-4.729894161224365,4.567781925201416
1741033465875257600,260.7102575683594,1.8141565322875977,-3.877315044403076,4.345641136169434
1741033465885358600,260.7203586425781,2.2404680252075195,-2.7158827781677246,4.080231189727783
1741033465895459300,260.7304592285156,2.503976821899414,-0.9079179763793945,3.871289014816284
1741033465905560000,260.74056005859376,2.3074440956115723,1.9107179641723633,3.8548147678375244
1741033465915661000,260.7506611328125,1.3497905731201172,5.414167404174805,3.5896494388580322
1741033465925762600,260.7607624511719,-0.048023521900177,8.398309707641602,2.575660467147827
1741033465935863600,260.7708635253906,-1.6379334926605225,9.455910682678223,-0.41810286045074463
1741033465945964300,260.78096435546877,-1.1707803010940552,6.913097381591797,-4.3640241622924805
1741033465956065300,260.79106518554687,0.35958361625671387,3.74320125579834,-7.036921501159668
1741033465966166300,260.80116625976564,0.26874494552612305,2.1986122131347656,-7.881467819213867
1741033465976267800,260.8112678222656,-0.2124725580215454,1.6589584350585938,-7.596214294433594
1741033465986368500,260.8213684082031,1.8662676811218262,0.6675834655761719,-7.172408103942871
1741033465996469200,260.8314692382813,5.760690212249756,-0.4830751419067383,-6.201633930206299
1741033466006570200,260.8415703125,10.186174392700195,-1.040471076965332,-4.590691566467285
1741033466016671000,260.8516708984375,15.460223197937012,-0.655827522277832,-2.5952577590942383
1741033466026772500,260.8617724609375,13.670902252197266,1.8415794372558594,-1.0364340543746948
1741033466036873500,260.8718735351562,9.858612060546875,4.272830963134766,-1.4110175371170044
1741033466046974500,260.8819743652344,9.1331787109375,5.00449275970459,-1.16267728805542
1741033466057075200,260.8920751953125,5.498631477355957,4.728318214416504,-0.4334137439727783
1741033466067176000,260.90217602539065,1.731165885925293,3.9603700637817383,-0.03525066375732422
1741033466077277000,260.91227685546875,-0.3367650508880615,3.2948923110961914,0.20259487628936768
1741033466087378400,260.92237841796873,-0.8850470781326294,3.020721435546875,0.8911067247390747
1741033466097479400,260.9324794921875,-0.7828447818756104,3.818788528442383,2.2387661933898926
1741033466107580200,260.942580078125,-0.6688698530197144,5.262851715087891,3.8384339809417725
1741033466117681000,260.95268090820315,-0.478951096534729,6.442215919494629,5.33685827255249
1741033466127782100,260.9627822265625,-0.5099520683288574,6.612957954406738,6.200976848602295
1741033466137883400,260.97288330078123,-0.909287691116333,5.91840934753418,6.1544318199157715
1741033466147984400,260.982984375,-1.5697097778320312,4.481198310852051,5.382793426513672
1741033466158085000,260.9930852050781,-2.3255844116210938,2.294729232788086,4.155575752258301
1741033466168186000,261.00318603515626,-2.741501808166504,0.19435596466064453,3.253492593765259
1741033466178286800,261.01328686523436,-2.883474349975586,-1.4350271224975586,2.729247808456421
1741033466188388400,261.0233884277344,-2.6347031593322754,-2.648357391357422,2.4520463943481445
1741033466198489300,261.0334892578125,-2.333828926086426,-3.5920276641845703,2.2944769859313965
1741033466208590000,261.0435900878906,-2.195830821990967,-4.281526565551758,2.2880499362945557
1741033466218691000,261.0536911621094,-2.145606756210327,-4.898645877838135,2.3195295333862305
1741033466228791800,261.06379174804687,-2.0637731552124023,-5.321951389312744,2.3872463703155518
1741033466238892500,261.073892578125,-2.04512882232666,-5.515225887298584,2.464765787124634
1741033466248994300,261.0839943847656,-2.059361219406128,-5.563459396362305,2.57527232170105
1741033466259095300,261.0940952148438,-2.042327880859375,-5.526637554168701,2.6782877445220947
1741033466269196000,261.1041960449219,-1.9858334064483643,-5.454799652099609,2.7417047023773193
1741033466279296800,261.114296875,-1.8909573554992676,-5.3883209228515625,2.819181203842163
1741033466289398000,261.12439794921875,-1.722524881362915,-5.224611759185791,2.922292709350586
1741033466299499300,261.1344992675781,-1.7898244857788086,-5.010880470275879,2.99466609954834
1741033466309600300,261.1446003417969,-2.0440354347229004,-4.715631008148193,3.0678164958953857
1741033466319701000,261.1547009277344,-2.3527121543884277,-4.228847026824951,3.0676183700561523
1741033466329801700,261.1648017578125,-2.5491857528686523,-3.647533893585205,3.017180919647217
1741033466339902700,261.17490283203125,-2.6877880096435547,-3.0780296325683594,2.8836073875427246
1741033466350004000,261.18500390625,-2.78021240234375,-2.5277466773986816,2.66856050491333
1741033466360105200,261.1951052246094,-2.843792200088501,-2.007503032684326,2.3867976665496826
1741033466370206000,261.2052060546875,-3.145955801010132,-1.3733234405517578,2.1347923278808594
1741033466380307000,261.21530688476565,-3.5226426124572754,-0.5526905059814453,1.8856961727142334
1741033466390407700,261.22540771484375,-3.9173929691314697,0.4484834671020508,1.6305341720581055
1741033466400508400,261.23550830078125,-4.254859447479248,1.6053476333618164,1.3822489976882935
1741033466410610200,261.2456101074219,-4.3700270652771,2.8648290634155273,0.992883563041687
1741033466420711000,261.2557109375,-4.260571002960205,4.141345977783203,0.5167276859283447
1741033466430812000,261.26581201171877,-4.470769882202148,5.090175628662109,0.029013872146606445
1741033466440912600,261.27591259765626,-4.463125228881836,5.5177154541015625,-0.47389519214630127
1741033466451014000,261.28601391601563,-4.074149131774902,5.49574089050293,-0.9427615404129028
1741033466461115100,261.296115234375,-3.5535080432891846,5.091793060302734,-1.4004266262054443
1741033466471216000,261.3062160644531,-3.4736580848693848,4.641878128051758,-2.06486439704895
1741033466481316900,261.31631689453127,-3.561427116394043,4.4706621170043945,-2.652523994445801
1741033466491417600,261.32641748046876,-3.410414457321167,4.525260925292969,-3.75434947013855
1741033466501518600,261.3365185546875,-2.537947654724121,4.897946357727051,-5.224809646606445
1741033466511619800,261.34661987304685,-2.123483896255493,6.353731155395508,-6.080420970916748
1741033466521721000,261.3567211914062,-1.5877901315689087,8.091341018676758,-5.792590618133545
1741033466531821800,261.3668217773438,-0.2726712226867676,8.197784423828125,-3.712550163269043
1741033466541922600,261.3769226074219,0.9842398166656494,5.808905601501465,-1.227325201034546
1741033466552023600,261.3870234375,1.4856834411621094,2.620218276977539,-0.4160134792327881
1741033466562124300,261.39712426757814,1.471879482269287,0.14080810546875,-0.59197998046875
1741033466572226000,261.4072260742187,1.3617677688598633,-1.097956657409668,-1.2215096950531006
1741033466582326800,261.4173269042969,1.3331263065338135,-0.9844198226928711,-1.831779956817627
1741033466592427800,261.427427734375,1.2252024412155151,0.44228458404541016,-1.9819855690002441
1741033466602528500,261.43752856445315,0.9548372030258179,2.034238815307617,-2.0695393085479736
1741033466612629500,261.44762939453125,0.6197540760040283,3.3225269317626953,-1.988958477973938
1741033466622731300,261.4577312011719,0.09323692321777344,3.8273534774780273,-1.4146208763122559
1741033466632916200,261.4679162597656,-0.3071330785751343,2.9067068099975586,-0.6856849789619446
1741033466643220000,261.47821997070315,-0.5609263181686401,1.3708066940307617,-0.13186514377593994
1741033466653404700,261.48840478515626,-0.32881879806518555,0.11833381652832031,0.1458747386932373
1741033466663625200,261.4986252441406,1.346165657043457,-0.5836324691772461,-0.055953025817871094
1741033466673819000,261.50881884765624,2.2543346881866455,-1.0321722030639648,-0.3083479404449463
1741033466683930600,261.5189306640625,1.7764447927474976,-1.580174446105957,-0.7412556409835815
1741033466694031400,261.52903125,0.35250791907310486,-2.275784492492676,-0.9932103157043457
1741033466704133000,261.53913305664065,-4.82778787612915,-3.041564464569092,-2.097379207611084
1741033466714233900,261.54923388671875,-6.3433427810668945,-3.6215381622314453,-1.7394503355026245
1741033466724334800,261.5593349609375,-2.494321823120117,-4.1105241775512695,0.27031391859054565
1741033466734435600,261.569435546875,-0.44297826290130615,-4.34086799621582,1.4242618083953857
1741033466744536600,261.5795366210937,0.2890617251396179,-4.4482831954956055,2.187626838684082
1741033466754637600,261.5896374511719,2.1312954425811768,-4.193880081176758,3.573122262954712
1741033466764739000,261.59973901367186,3.4475462436676025,-4.088008403778076,4.600696086883545
1741033466774839800,261.60983984375,3.8356947898864746,-4.135195732116699,5.41951322555542
1741033466784940500,261.6199404296875,2.6969799995422363,-4.230109691619873,5.492988586425781
1741033466795041500,261.6300415039062,1.2909170389175415,-4.6521406173706055,5.106033802032471
1741033466805142300,261.6401423339844,0.46678030490875244,-5.173495292663574,4.642289161682129
1741033466815243800,261.65024389648437,-0.22042632102966309,-5.608145713806152,4.253841876983643
1741033466825344800,261.6603447265625,-0.48558419942855835,-5.991512298583984,3.8807623386383057
1741033466835445800,261.67044580078124,-0.6171510219573975,-6.478635311126709,3.4305055141448975
1741033466845546500,261.68054638671873,-0.8085454702377319,-6.945647239685059,3.1482133865356445
1741033466855647200,261.6906472167969,-0.5805920958518982,-7.086237907409668,3.1570239067077637
1741033466865749000,261.7007490234375,0.07991600036621094,-6.831967353820801,3.17256498336792
1741033466875849700,261.710849609375,0.9788271188735962,-6.320838928222656,3.089931011199951
1741033466885950700,261.72095068359374,1.6761198043823242,-5.4471940994262695,3.1496646404266357
1741033466896051500,261.7310515136719,2.325815200805664,-4.27994441986084,3.3529629707336426
1741033466906152200,261.7411520996094,2.618884563446045,-2.749706268310547,3.502136707305908
1741033466916253400,261.75125341796877,3.088860273361206,-0.8565587997436523,3.746914863586426
1741033466926354700,261.76135473632814,3.480905294418335,1.1021842956542969,3.688103675842285
1741033466936455700,261.77145556640625,3.052032947540283,3.4184608459472656,3.119558095932007
1741033466946556400,261.78155639648435,1.7176011800765991,6.075121879577637,2.0296411514282227
1741033466956657400,261.7916574707031,0.3548855781555176,8.619318008422852,-0.15506279468536377
1741033466966758100,261.8017580566406,1.884350061416626,9.052824974060059,-4.988694667816162
1741033466976859400,261.811859375,3.78631591796875,6.576354026794434,-8.472702980041504
1741033466986960600,261.82196069335936,3.1274771690368652,4.380087852478027,-9.099845886230469
1741033466997061400,261.83206127929685,1.3400158882141113,3.1173439025878906,-8.513310432434082
1741033467007162400,261.8421623535156,2.0778005123138428,2.0545501708984375,-7.284804821014404
1741033467017263000,261.8522631835938,5.810904502868652,0.7066898345947266,-5.3666181564331055
1741033467027364900,261.86236474609376,9.205978393554688,0.13184356689453125,-2.7862446308135986
1741033467037465600,261.87246557617186,11.856109619140625,0.3433189392089844,-0.35766637325286865
1741033467047566600,261.88256665039063,11.964813232421875,1.0891485214233398,0.9808717370033264
1741033467057667300,261.8926672363281,8.533761024475098,2.3721885681152344,0.619048535823822
1741033467067768000,261.9027680664062,7.741359710693359,3.3648509979248047,1.0220654010772705
1741033467077869000,261.912869140625,5.384634017944336,3.2379331588745117,1.194260597229004
1741033467087970600,261.92297045898437,1.9171674251556396,2.690000534057617,0.9488046169281006
1741033467098071600,261.93307153320313,0.05213642120361328,2.930002212524414,1.058424949645996
1741033467108172300,261.94317236328123,-0.8982682228088379,3.8104991912841797,2.114948272705078
1741033467118273000,261.95327294921873,-1.0234287977218628,5.1769561767578125,3.9175891876220703
1741033467128374000,261.9633740234375,-0.7022113800048828,6.560199737548828,5.77332067489624
1741033467138475300,261.97347534179687,-0.8669618368148804,7.388940811157227,6.925112724304199
1741033467148576500,261.98357641601564,-1.5941920280456543,6.979206085205078,6.888318061828613
1741033467158677200,261.99367724609374,-2.2518506050109863,5.488959312438965,6.152561187744141
1741033467168778200,262.0037783203125,-2.699361801147461,3.471432685852051,5.180680751800537
1741033467178879000,262.01387890625,-3.2257513999938965,1.3989315032958984,4.0729660987854
1741033467188980500,262.02398046875,-3.6698498725891113,-0.3730936050415039,3.2594590187072754
1741033467199081500,262.03408154296875,-3.588951349258423,-1.8554019927978516,2.696932315826416
1741033467209182200,262.04418212890624,-3.349048614501953,-3.149813652038574,2.362093448638916
1741033467219283200,262.054283203125,-3.023834228515625,-4.174953460693359,2.154053211212158
1741033467229384000,262.0643840332031,-2.6565611362457275,-4.896691799163818,2.0333902835845947
1741033467239485000,262.07448486328127,-2.250011682510376,-5.369579792022705,2.0366389751434326
1741033467249586400,262.08458642578125,-1.9552932977676392,-5.741064071655273,2.091059684753418
1741033467259687400,262.0946875,-1.9876682758331299,-6.011895179748535,2.180755138397217
1741033467269788200,262.1047880859375,-2.23274827003479,-6.147758483886719,2.268627643585205
1741033467279889000,262.1148889160156,-2.4588429927825928,-6.124728202819824,2.3299028873443604
1741033467289990000,262.1249899902344,-2.447845697402954,-5.974579811096191,2.396697998046875
1741033467300091100,262.13509106445315,-2.3619954586029053,-5.686834335327148,2.4838342666625977
1741033467310192400,262.1451923828125,-2.3778886795043945,-5.320118427276611,2.5016510486602783
1741033467320293000,262.1552932128906,-2.3214194774627686,-4.8555006980896,2.553649663925171
1741033467330393900,262.1653937988281,-2.5277156829833984,-4.29280424118042,2.5831027030944824
1741033467340494800,262.1754948730469,-2.923769950866699,-3.6079225540161133,2.5544755458831787
1741033467350596400,262.18559643554687,-3.3869237899780273,-2.7194972038269043,2.5325982570648193
1741033467360697300,262.195697265625,-3.8936116695404053,-1.764763355255127,2.4372241497039795
1741033467370798000,262.20579809570313,-4.662085056304932,-0.579646110534668,2.2607569694519043
1741033467380899000,262.2158991699219,-5.497277736663818,0.7174434661865234,2.007944345474243
1741033467390999800,262.2259997558594,-5.946935653686523,1.9103899002075195,1.7114646434783936
1741033467401100800,262.2361008300781,-6.245262145996094,2.748361587524414,1.4712419509887695
1741033467411202300,262.24620239257814,-6.394067764282227,3.3343143463134766,1.331376552581787
1741033467421303000,262.25630297851563,-6.245711326599121,3.8967819213867188,1.2571101188659668
1741033467431404000,262.2664040527344,-6.115921497344971,4.587643623352051,1.265848159790039
1741033467441504800,262.2765048828125,-5.943850040435791,5.397605895996094,1.3018747568130493
1741033467451605800,262.2866057128906,-5.836283206939697,6.043432235717773,1.0984270572662354
1741033467461707000,262.29670703125,-5.437191963195801,6.273957252502441,0.5855337381362915
1741033467471808300,262.30680834960935,-4.983595371246338,5.934758186340332,-0.22498416900634766
1741033467481909000,262.31690893554685,-4.5115838050842285,5.384225845336914,-1.1772301197052002
1741033467492009700,262.327009765625,-4.142032623291016,5.033021926879883,-1.914567470550537
1741033467502110700,262.3371108398438,-3.8824872970581055,4.791667938232422,-2.815201759338379
1741033467512211500,262.34721142578127,-3.0112085342407227,4.403519630432129,-4.244620323181152
1741033467522313200,262.35731323242186,-2.101386547088623,4.143047332763672,-5.446652412414551
1741033467532414000,262.3674140625,-1.4937188625335693,4.472775459289551,-5.129037857055664
1741033467542514700,262.3775146484375,-0.14722466468811035,4.742290496826172,-3.407715082168579
1741033467552615700,262.3876157226563,0.8395133018493652,4.367861747741699,-1.5462099313735962
1741033467562716700,262.3977165527344,1.3112874031066895,2.92496395111084,-0.5449122190475464
1741033467572818200,262.40781811523436,1.3569798469543457,1.0311975479125977,-0.33815330266952515
1741033467582919000,262.4179189453125,1.492079496383667,-0.41646862030029297,-0.6031696200370789
1741033467593020000,262.42802001953123,1.7146201133728027,-0.939763069152832,-1.1109142303466797
1741033467603120600,262.4381206054687,1.9570176601409912,-0.3320493698120117,-1.499035120010376
1741033467613221400,262.4482214355469,1.8396673202514648,1.1381759643554688,-1.629896879196167
1741033467623323000,262.45832299804687,1.546675682067871,2.4467639923095703,-1.5950312614440918
1741033467633424000,262.468423828125,1.0982306003570557,3.148545265197754,-1.2095237970352173
1741033467643524900,262.47852490234374,0.5799124240875244,2.892338752746582,-0.9430299401283264
1741033467653625600,262.48862548828123,0.3841651678085327,2.1394872665405273,-0.8457162380218506
1741033467663726600,262.4987265625,0.40683257579803467,1.3448772430419922,-0.6689460277557373
1741033467673827300,262.5088273925781,1.3060804605484009,0.6654157638549805,-0.8923727869987488
1741033467683929000,262.51892919921875,2.546969175338745,0.15349102020263672,-1.455130696296692
1741033467694029800,262.52902978515624,2.3909432888031006,-0.23844432830810547,-1.727015733718872
1741033467704130600,262.5391306152344,1.81646728515625,-0.6819047927856445,-1.6034398078918457
1741033467714231600,262.5492314453125,0.9680168032646179,-1.4094552993774414,-1.5253909826278687
1741033467724332500,262.55933251953127,1.0153822898864746,-2.301886558532715,-1.1933951377868652
1741033467734434000,262.56943408203125,1.1656187772750854,-3.2846851348876953,-0.6188759803771973
1741033467744534800,262.57953466796874,0.6242576837539673,-4.2615966796875,-0.05667296051979065
1741033467754635500,262.5896354980469,-0.5799160003662109,-4.81311559677124,0.772941529750824
1741033467764736500,262.5997365722656,-1.6307857036590576,-4.674756050109863,2.147219657897949
1741033467774837200,262.6098371582031,-1.1823852062225342,-4.408526420593262,3.550443649291992
1741033467784938800,262.61993872070315,-0.506476640701294,-3.9806675910949707,4.549012184143066
1741033467795039700,262.63003979492186,-0.5392878651618958,-3.6323909759521484,5.364245891571045
1741033467805141200,262.6401413574219,-0.7917881608009338,-3.6149063110351562,6.317915916442871
1741033467815385600,262.6503854980469,-0.7501317858695984,-3.9614152908325195,6.646183490753174
1741033467825689000,262.66068920898437,-0.22680091857910156,-4.489222526550293,6.390682220458984
1741033467835992000,262.67099194335935,-0.10881024599075317,-5.104672431945801,6.146833419799805
1741033467846138600,262.681138671875,-0.21990680694580078,-5.807459831237793,6.213651180267334
1741033467856240400,262.6912404785156,-0.45108646154403687,-6.477331161499023,5.582052707672119
1741033467866376200,262.70137622070314,-0.31972968578338623,-7.191751003265381,4.813088893890381
1741033467876679700,262.7116796875,0.34768933057785034,-7.758370876312256,3.638011932373047
1741033467886983000,262.72198291015627,0.8231111168861389,-7.881293296813965,2.671355724334717
1741033467897218000,262.73221801757813,1.3001400232315063,-7.56273078918457,2.1230430603027344
1741033467907338500,262.74233837890625,1.6672263145446777,-6.703611373901367,2.1933438777923584
1741033467917439700,262.75243969726563,1.969045639038086,-5.624547958374023,2.4191153049468994
1741033467927541500,262.7625415039063,2.241025447845459,-4.751451015472412,2.2806179523468018
1741033467937642200,262.7726423339844,2.749818801879883,-3.601686954498291,2.0630381107330322
1741033467947885800,262.7828857421875,2.7009761333465576,-1.5439567565917969,2.0712850093841553
1741033467958189600,262.793189453125,1.9182907342910767,1.5402088165283203,2.380920171737671
1741033467968492300,262.8034921875,1.046069622039795,5.220616340637207,2.222163438796997
1741033467978640000,262.8136398925781,-0.25405317544937134,9.47584056854248,1.3082544803619385
1741033467988740900,262.8237409667969,0.4226555824279785,12.279075622558594,-2.4049692153930664
1741033467998841600,262.8338415527344,4.9677934646606445,11.323657035827637,-5.005421161651611
1741033468008942600,262.84394262695315,6.983896255493164,8.214550971984863,-6.057982921600342
1741033468019044000,262.85404418945313,6.535223007202148,5.320631980895996,-5.783874988555908
1741033468029145000,262.86414501953124,5.8024797439575195,3.6546363830566406,-4.474886417388916
1741033468039245800,262.8742458496094,4.851144313812256,2.7474842071533203,-2.802851915359497
1741033468049346600,262.8843466796875,5.285754680633545,1.9196147918701172,-1.5516818761825562
1741033468059447600,262.8944475097656,5.917998313903809,0.967045783996582,-1.165755033493042
1741033468069548800,262.904548828125,7.344545364379883,0.5850944519042969,-1.3689414262771606
1741033468079650000,262.91465014648435,8.429515838623047,0.5137844085693359,-2.057027578353882
1741033468089750800,262.9247507324219,7.274722099304199,1.3778800964355469,-2.6322789192199707
1741033468099851500,262.9348515625,5.227065086364746,2.179490089416504,-2.858163595199585
1741033468109952500,262.9449523925781,5.144384384155273,0.785069465637207,-1.3457908630371094
1741033468120054000,262.95505395507814,3.8537638187408447,-0.5660400390625,1.0735156536102295
1741033468130155000,262.96515502929685,0.7420732975006104,-0.6362094879150391,3.322641372680664
1741033468140255700,262.975255859375,0.7965649366378784,0.2156381607055664,5.364242076873779
1741033468150356700,262.9853566894531,1.5893492698669434,1.8019523620605469,7.0705695152282715
1741033468160457500,262.99545751953127,1.5007904767990112,3.4467525482177734,8.236847877502441
1741033468170558500,263.0055583496094,0.8835746049880981,4.764935493469238,9.349000930786133
1741033468180660000,263.01565991210936,0.24577230215072632,5.149064064025879,9.798983573913574
1741033468190760700,263.0257607421875,-0.3607245087623596,4.475168228149414,9.015973091125488
1741033468200861700,263.0358618164062,-0.6186879277229309,2.8679208755493164,7.149766445159912
1741033468210962400,263.0459624023438,-1.145399808883667,1.1986827850341797,5.372031211853027
1741033468221063200,263.0560632324219,-1.395523190498352,-0.09981822967529297,4.336411476135254
1741033468231164700,263.06616455078125,-1.491002082824707,-1.2389965057373047,3.6349520683288574
1741033468241266000,263.0762658691406,-1.8492941856384277,-2.1689867973327637,3.0459470748901367
1741033468251366700,263.08636669921873,-2.0933971405029297,-2.7615041732788086,2.6292247772216797
1741033468261467400,263.0964672851562,-1.9606211185455322,-3.0891661643981934,2.508185386657715
1741033468271568400,263.106568359375,-1.8798848390579224,-3.3826141357421875,2.4933576583862305
1741033468281670000,263.116669921875,-1.8667187690734863,-3.791807174682617,2.223691463470459
1741033468291771000,263.12677099609374,-1.9998669624328613,-4.034532070159912,1.8694263696670532
1741033468301871600,263.13687158203123,-2.2081172466278076,-4.214840888977051,1.3859740495681763
1741033468311972400,263.1469724121094,-2.3033246994018555,-4.153223991394043,1.0131877660751343
1741033468322073300,263.1570732421875,-2.4381799697875977,-4.165407657623291,0.7986847758293152
1741033468332174300,263.16717431640626,-2.600363254547119,-4.140073299407959,0.7730099558830261
1741033468342275800,263.17727587890624,-2.66424298286438,-4.206862449645996,0.7748180627822876
1741033468352376600,263.18737646484374,-2.8716111183166504,-4.177358627319336,0.7849853038787842
1741033468362477600,263.1974775390625,-3.244352102279663,-4.031601905822754,0.9692323207855225
1741033468372578300,263.2075783691406,-3.4907925128936768,-3.622224807739258,1.349833369255066
1741033468382679000,263.2176789550781,-3.1562676429748535,-3.125913143157959,1.7859313488006592
1741033468392780500,263.22778051757814,-2.724822759628296,-2.278702735900879,2.364253044128418
1741033468402881500,263.23788159179685,-2.9148635864257812,-1.1246223449707031,3.0608575344085693
1741033468412982500,263.247982421875,-3.3434696197509766,0.22460269927978516,3.80996036529541
1741033468423083300,263.2580832519531,-3.660440444946289,1.6428041458129883,4.458118915557861
1741033468433184300,263.2681843261719,-3.445986270904541,2.7812232971191406,4.676687717437744
1741033468443285800,263.27828564453125,-0.6999287605285645,2.9892807006835938,4.130699634552002
1741033468453386800,263.28838671875,2.2352044582366943,3.9125185012817383,3.318547248840332
1741033468463487500,263.2984875488281,-1.5065878629684448,5.620306015014648,3.0833520889282227
1741033468473588200,263.3085881347656,-8.054484367370605,6.109529495239258,2.4222497940063477
1741033468483689200,263.3186892089844,-12.145658493041992,5.810603141784668,0.8097608089447021
1741033468493790200,263.32879028320315,-11.570489883422852,5.093011856079102,-0.49443936347961426
1741033468503891700,263.3388916015625,-11.694114685058594,4.071595191955566,-1.7938048839569092
1741033468513992400,263.3489924316406,-11.083324432373047,3.2649574279785156,-2.9183402061462402
1741033468524093200,263.3590932617187,-9.938396453857422,2.7794017791748047,-3.9306342601776123
1741033468534194200,263.3691940917969,-8.798507690429688,2.352935791015625,-4.48458194732666
1741033468544295000,263.379294921875,-7.511467933654785,2.1654052734375,-4.522926330566406
1741033468554396200,263.38939624023436,-6.098146438598633,2.4511728286743164,-3.9537577629089355
1741033468564497400,263.39949731445313,-4.905704975128174,3.3563966751098633,-2.962491989135742
1741033468574598400,263.4095983886719,-3.582258701324463,4.00547981262207,-1.8542879819869995
1741033468584699100,263.41969921875,-2.409670829772949,4.104170799255371,-0.694184422492981
1741033468594799900,263.4297998046875,-0.8787127733230591,3.883450508117676,-0.1574169397354126
1741033468604901600,263.43990161132814,1.3176262378692627,3.425344467163086,-0.39636945724487305
1741033468615002400,263.45000244140624,2.099562168121338,2.4228124618530273,-1.0589497089385986
1741033468625103400,263.4601032714844,1.1394922733306885,1.4419631958007812,-0.7829409837722778
1741033468635204000,263.4702041015625,0.1734905242919922,0.775578498840332,-0.47764065861701965
1741033468645305000,263.48030517578127,-0.0015546083450317383,0.6404705047607422,-0.2950429916381836
1741033468655405800,263.49040576171876,-0.056925177574157715,0.9627532958984375,-0.32581526041030884
1741033468665507600,263.50050756835935,-0.004555940628051758,1.4539384841918945,-0.335495263338089
1741033468675608300,263.5106083984375,0.1464226245880127,1.819854736328125,-0.21986177563667297
1741033468685709000,263.520708984375,0.5374037623405457,2.04892635345459,-0.008021056652069092
1741033468695810000,263.5308100585938,1.1366803646087646,2.1104774475097656,0.14997948706150055
1741033468705910800,263.5409108886719,1.1185669898986816,2.096529006958008,0.28924477100372314
1741033468716012000,263.55101196289064,0.8239247798919678,1.7651433944702148,0.4988783001899719
1741033468726113300,263.56111328125,0.6092652082443237,1.0882034301757812,0.5784608721733093
1741033468736214000,263.5712141113281,0.27621904015541077,0.45456790924072266,0.4849858283996582
1741033468746315000,263.5813149414063,0.37755540013313293,-0.09052181243896484,0.49609583616256714
1741033468756415700,263.5914157714844,0.22257640957832336,-0.8817863464355469,0.3643812835216522
1741033468766517200,263.60151733398436,-0.16075631976127625,-1.6517562866210938,0.047953128814697266
1741033468776618200,263.6116181640625,-0.5562080144882202,-2.3295974731445312,-0.32032448053359985
1741033468786719200,263.62171923828123,-3.0067386627197266,-2.7304906845092773,-0.6517282724380493
1741033468796820000,263.6318200683594,-3.5192604064941406,-2.890420436859131,0.11761046946048737
1741033468806920700,263.6419206542969,-1.2482426166534424,-3.267669677734375,1.673708438873291
1741033468817021700,263.65202172851565,0.9022018909454346,-4.162458419799805,2.4190139770507812
1741033468827123200,263.66212329101563,2.757207155227661,-4.630017280578613,3.0088019371032715
1741033468837224200,263.67222412109373,4.975105285644531,-4.846428871154785,4.057855129241943
1741033468847325000,263.6823249511719,5.8156418800354,-5.1503472328186035,4.824805736541748
1741033468857426000,263.6924260253906,6.095768451690674,-5.462191581726074,5.481030464172363
1741033468867526700,263.70252661132815,5.389444828033447,-5.55665922164917,5.996230602264404
1741033468877628000,263.7126279296875,4.05159854888916,-5.880256175994873,5.840786933898926
1741033468887729200,263.7227292480469,2.9323720932006836,-6.346050262451172,5.414380073547363
1741033468897830000,263.7328298339844,1.4155333042144775,-6.843260765075684,4.7315673828125
1741033468907931400,263.7429313964844,0.4627063274383545,-7.086137771606445,4.392645359039307
1741033468918032000,263.7530319824219,0.2516286373138428,-7.263482570648193,3.96532940864563
1741033468928299500,263.7632995605469,0.3247661590576172,-7.293300628662109,3.659821033477783
1741033468938603300,263.7736032714844,0.27805328369140625,-7.104939937591553,3.53546404838562
1741033468948896300,263.78389624023436,0.22616887092590332,-6.808830261230469,3.5038833618164062
1741033468959030000,263.7940300292969,0.46632909774780273,-6.285987854003906,3.6149072647094727
1741033468969130800,263.804130859375,0.9482581615447998,-5.451172828674316,3.9476242065429688
1741033468979231700,263.81423168945315,1.7376387119293213,-4.591419219970703,4.138742923736572
1741033468989333200,263.82433325195314,2.6577258110046387,-3.473754405975342,4.318180561065674
1741033468999434000,263.83443408203124,3.6904046535491943,-1.9665532112121582,4.546316146850586
1741033469009535000,263.8445349121094,5.012490272521973,0.3722991943359375,4.778566360473633
1741033469019635700,263.8546357421875,5.919710159301758,3.2452144622802734,4.589709281921387
1741033469029737000,263.8647370605469,4.463124752044678,6.476193428039551,3.853787899017334
1741033469039838700,263.87483862304686,2.0919549465179443,9.587248802185059,2.9587719440460205
1741033469050071300,263.8850712890625,-0.6831740140914917,10.813596725463867,1.981795310974121
1741033469060374800,263.8953747558594,-3.4720325469970703,9.678048133850098,0.9841827750205994
1741033469070677800,263.905677734375,-6.176139831542969,7.616518020629883,-0.689157247543335
1741033469080834300,263.9158342285156,-3.10953950881958,4.156352996826172,-5.435791015625
1741033469090937300,263.92593725585937,0.5622262954711914,1.3205556869506836,-9.785916328430176
1741033469101038000,263.9360380859375,5.99674129486084,-0.5783166885375977,-11.024225234985352
1741033469111138800,263.9461389160156,8.221293449401855,0.5792980194091797,-9.23794174194336
1741033469121239800,263.95623974609373,7.54119873046875,3.511294364929199,-5.751516342163086
1741033469131389200,263.96638916015627,6.321047782897949,6.506356239318848,-2.2653303146362305
1741033469141693000,263.97669287109375,3.85183048248291,6.980426788330078,0.2106107473373413
1741033469151996200,263.98699609375,1.9872922897338867,4.856794357299805,0.8598511815071106
1741033469162220800,263.997220703125,-0.15065908432006836,3.417163848876953,0.8692323565483093
1741033469172339200,264.0073391113281,-0.9844298362731934,3.3704490661621094,0.7886227369308472
1741033469182440400,264.0174404296875,-0.3677337169647217,4.254900932312012,0.8529265522956848
1741033469192541200,264.0275412597656,0.2751030921936035,5.19480037689209,0.7558825016021729
1741033469202642200,264.03764208984376,0.6471805572509766,5.739001274108887,0.6233117580413818
1741033469212743000,264.04774291992186,-0.0019290447235107422,5.291642189025879,-0.08628690242767334
1741033469222844400,264.0578444824219,-0.32274961471557617,3.8961381912231445,-0.7146403789520264
1741033469232945400,264.0679453125,-0.8462610244750977,2.579758644104004,-0.702965497970581
1741033469243046100,264.0780461425781,-1.0542536973953247,1.485489845275879,-0.2798793315887451
1741033469253147100,264.08814721679687,-0.820296049118042,0.6210699081420898,0.3856058120727539
1741033469263248000,264.09824780273436,-0.7021536827087402,-0.11347007751464844,0.9074981212615967
1741033469273348900,264.10834887695313,-0.5036251544952393,-0.6981124877929688,1.4400235414505005
1741033469283450400,264.1184504394531,-0.23685741424560547,-1.293431282043457,2.044677495956421
1741033469293551400,264.1285512695313,-0.05892157554626465,-1.9912147521972656,2.4442012310028076
1741033469303652000,264.1386520996094,0.1460254192352295,-2.8098015785217285,2.5597028732299805
1741033469313752800,264.1487529296875,0.36414265632629395,-3.437361240386963,2.5736143589019775
1741033469323853800,264.15885375976563,0.39961910247802734,-3.8589186668395996,2.6209254264831543
1741033469333955000,264.168955078125,0.08344507217407227,-4.128537654876709,2.6841492652893066
1741033469344056300,264.1790563964844,-0.35380303859710693,-4.352885723114014,2.6319403648376465
1741033469354157000,264.1891569824219,-0.6223514080047607,-4.535522937774658,2.4330556392669678
1741033469364258000,264.19925805664064,-0.6046832203865051,-4.642012119293213,2.2170441150665283
1741033469374358800,264.20935888671875,-0.2775537967681885,-4.700786590576172,2.071173667907715
1741033469384460300,264.2194602050781,0.05501919984817505,-4.678459644317627,2.21681547164917
1741033469394561300,264.2295612792969,0.3849075436592102,-4.463773727416992,2.6548752784729004
1741033469404662000,264.239662109375,0.570365846157074,-4.2403340339660645,3.0828099250793457
1741033469414763000,264.24976293945315,0.663106381893158,-4.065542221069336,3.340322494506836
1741033469424863700,264.25986376953125,0.7036668062210083,-4.003279209136963,3.452259063720703
1741033469434964700,264.26996484375,0.6124624013900757,-3.9083385467529297,3.3965003490448
1741033469445066200,264.2800661621094,0.5855039358139038,-3.6430859565734863,3.259284257888794
1741033469455167000,264.2901669921875,0.4988778829574585,-3.2687225341796875,3.081742525100708
1741033469465268000,264.30026806640626,0.4103153645992279,-2.689176559448242,2.9542665481567383
1741033469475368700,264.31036865234375,0.3399866223335266,-2.021172523498535,2.8674209117889404
1741033469485469700,264.3204697265625,0.3797212541103363,-1.5322599411010742,2.6915783882141113
1741033469495571000,264.3305710449219,0.5055544972419739,-0.9201211929321289,2.4199059009552
1741033469505672200,264.3406721191406,0.4369163513183594,-0.32634735107421875,2.2796826362609863
1741033469515773000,264.35077294921877,-2.922410488128662,0.8986415863037109,2.601619005203247
1741033469525874400,264.36087451171875,-8.002861976623535,3.2215404510498047,3.6675267219543457
1741033469536118800,264.37111889648435,-12.458365440368652,5.406098365783691,4.869420051574707
1741033469546422300,264.3814223632813,-14.385685920715332,6.205812454223633,5.234427452087402
1741033469556725000,264.39172509765626,-14.3766450881958,5.407260894775391,4.8327531814575195
1741033469566871800,264.4018718261719,-11.622912406921387,3.523526191711426,3.4234230518341064
1741033469576973300,264.41197338867187,-8.67851734161377,1.3167619705200195,1.667130470275879
1741033469587074300,264.42207421875,-7.100528717041016,0.44426822662353516,1.4331728219985962
1741033469597175000,264.4321750488281,-6.827547073364258,0.6276817321777344,1.6212917566299438
1741033469607275800,264.44227587890623,-7.2172698974609375,1.3974580764770508,1.6802093982696533
1741033469617376800,264.4523767089844,-6.990408420562744,2.5391721725463867,1.8875600099563599
1741033469627478000,264.46247802734376,-6.621922969818115,3.387319564819336,2.1698217391967773
1741033469637579300,264.47257934570314,-5.535152435302734,3.8835105895996094,2.6839096546173096
1741033469647680000,264.48267993164063,-4.023566246032715,3.822751998901367,3.5092928409576416
1741033469657781000,264.4927810058594,-2.9244556427001953,3.257704734802246,3.8911733627319336
1741033469667881700,264.5028818359375,-2.2324891090393066,2.31137752532959,3.6450304985046387
1741033469677982500,264.512982421875,-1.7749112844467163,1.317605972290039,3.153329849243164
1741033469688084000,264.523083984375,-1.3981574773788452,0.8045120239257812,3.132105827331543
1741033469698185000,264.53318505859374,-0.9019999504089355,0.6763076782226562,3.414860963821411
1741033469708286000,264.5432858886719,-0.6121499538421631,0.9599170684814453,3.5065388679504395
1741033469718386700,264.55338671875,-0.17427468299865723,1.694681167602539,3.586721420288086
1741033469728487700,264.5634877929688,0.5677342414855957,2.4129762649536133,3.5084187984466553
1741033469738588400,264.57358837890627,1.5277247428894043,2.593862533569336,3.18062686920166
1741033469748690200,264.58369018554686,3.07967472076416,2.4860448837280273,2.7632651329040527
1741033469758791000,264.593791015625,4.636058807373047,2.1938648223876953,2.55712628364563
1741033469768891600,264.6038916015625,6.153659343719482,1.5718116760253906,2.1897621154785156
1741033469778992600,264.6139926757813,7.1474833488464355,0.7367839813232422,2.0745434761047363
1741033469789094000,264.62409399414065,7.571374893188477,-0.1284017562866211,2.1133058071136475
1741033469799195100,264.63419506835936,7.622663497924805,-0.9318447113037109,2.2343673706054688
1741033469809296000,264.6442958984375,6.852367401123047,-1.7618317604064941,2.384279727935791
1741033469819396600,264.6543967285156,5.427198886871338,-2.7856407165527344,2.209690809249878
1741033469829497600,264.6644975585937,3.591686248779297,-3.7811279296875,1.7063312530517578
1741033469839598300,264.6745983886719,2.0225932598114014,-4.499398231506348,1.1276663541793823
1741033469849699800,264.68469995117186,1.4109232425689697,-4.84330415725708,0.8519729375839233
1741033469859800800,264.69480078125,0.9429736137390137,-5.123902797698975,0.47213485836982727
1741033469869901800,264.70490185546873,-1.0086441040039062,-5.375026702880859,-0.12634533643722534
1741033469880002600,264.7150024414062,-2.907094717025757,-5.618432998657227,-0.5710309743881226
1741033469890103600,264.725103515625,-9.78883171081543,-3.513370990753174,-1.0618870258331299
1741033469900205000,264.735205078125,-10.398407936096191,-2.2225770950317383,-0.0911664366722107
1741033469910305800,264.74530590820314,-0.09478342533111572,-4.609199047088623,1.5965481996536255
1741033469920406800,264.75540673828124,6.6539764404296875,-6.937407970428467,2.9602699279785156
1741033469930507500,264.7655075683594,10.617443084716797,-8.020753860473633,3.9624924659729004
1741033469940608500,264.7756083984375,9.42194938659668,-8.621540069580078,3.8368184566497803
1741033469950709500,264.78570947265627,7.670311450958252,-8.84577751159668,3.5275588035583496
1741033469960811000,264.79581103515625,6.49266242980957,-8.981597900390625,2.8089864253997803
1741033469970911700,264.80591186523435,6.073263168334961,-8.731767654418945,2.290789842605591
1741033469981012500,264.8160124511719,6.4833173751831055,-8.065927505493164,1.8976259231567383
1741033469991113500,264.8261135253906,6.848116874694824,-7.233883857727051,1.474947214126587
1741033470001214200,264.8362141113281,6.608424186706543,-5.920294761657715,1.4253554344177246
1741033470011315700,264.84631567382814,6.196906566619873,-4.530203342437744,1.6042745113372803
1741033470021416700,264.85641674804685,6.321712493896484,-3.2004523277282715,1.7102031707763672
1741033470031517400,264.86651733398435,6.612840175628662,-1.3078737258911133,2.0024843215942383
1741033470041618400,264.8766184082031,6.40179967880249,1.4210405349731445,2.018261432647705
1741033470051719200,264.8867192382813,5.707035064697266,4.705201148986816,1.4209012985229492
1741033470061844700,264.8968447265625,5.3062520027160645,8.032267570495605,0.5514185428619385
1741033470072148500,264.9071484375,4.163651466369629,10.370983123779297,-1.5458625555038452
1741033470082451700,264.91745166015625,1.5989842414855957,10.153497695922852,-4.275609970092773
1741033470092696000,264.9276960449219,0.4561655521392822,7.388881683349609,-5.949796199798584
1741033470102818600,264.9378186035156,1.2164337635040283,4.307512283325195,-5.943678379058838
1741033470112919800,264.947919921875,2.4409658908843994,1.4816255569458008,-4.7288055419921875
1741033470123021300,264.95802124023436,6.372264862060547,-0.3429908752441406,-1.8664309978485107
1741033470133241900,264.9682419433594,10.4253511428833,0.6129236221313477,1.490363359451294
1741033470143545300,264.97854541015624,9.805131912231445,2.9801273345947266,3.737100124359131
1741033470153848300,264.9888483886719,7.031661510467529,4.472042083740234,4.201373100280762
1741033470164014600,264.9990146484375,3.725813150405884,5.1922502517700195,3.6255598068237305
1741033470174119700,265.00911962890626,0.7943217754364014,5.2870025634765625,2.3289780616760254
1741033470184220700,265.019220703125,-1.3557621240615845,4.259243011474609,0.8962664604187012
1741033470194321400,265.0293212890625,-2.8342413902282715,2.9777393341064453,0.2539927363395691
1741033470204423200,265.0394230957031,-3.1267576217651367,2.296034812927246,0.38617509603500366
1741033470214524000,265.0495239257813,-2.574221611022949,2.8982887268066406,1.305018424987793
1741033470224624600,265.0596247558594,-1.8451037406921387,4.259594917297363,2.4885222911834717
1741033470234725600,265.0697255859375,-0.942624568939209,4.972509384155273,3.4599266052246094
1741033470244826400,265.07982641601564,-0.4400827884674072,4.743971824645996,4.093297958374023
1741033470254927600,265.089927734375,-0.25630807876586914,4.115852355957031,4.426784515380859
1741033470265028900,265.1000288085938,-0.21998095512390137,2.9811973571777344,4.30284309387207
1741033470275129900,265.1101298828125,-0.2669103145599365,1.8291168212890625,3.898911714553833
1741033470285230600,265.12023071289065,-0.2121593952178955,0.7979755401611328,3.512359619140625
1741033470295331300,265.13033129882814,-0.1393272876739502,-0.18833446502685547,2.9697635173797607
1741033470305432300,265.14043237304685,-0.0004899501800537109,-1.0565214157104492,2.4353718757629395
1741033470315533800,265.1505339355469,0.40999317169189453,-1.827519416809082,1.899548888206482
1741033470325634800,265.160634765625,0.7080235481262207,-2.4750142097473145,1.5707406997680664
1741033470335735600,265.17073559570315,0.7614016532897949,-2.981412410736084,1.3062450885772705
1741033470345836500,265.18083642578125,0.7499740123748779,-3.298093795776367,1.3269482851028442
1741033470355937300,265.19093725585935,0.38350462913513184,-3.41420841217041,1.4039497375488281
1741033470366039000,265.2010390625,0.18608784675598145,-3.4690675735473633,1.4531428813934326
1741033470376139800,265.2111398925781,0.42898035049438477,-3.487433910369873,1.3595147132873535
1741033470386240500,265.2212404785156,0.6364626884460449,-3.610867977142334,1.294755458831787
1741033470396341500,265.23134155273436,0.06821441650390625,-4.034217357635498,1.4763975143432617
1741033470406442200,265.24144213867186,-1.30630624294281,-4.750699043273926,1.8312909603118896
1741033470416543500,265.25154345703123,-2.3000221252441406,-5.1548285484313965,2.290170431137085
1741033470426644700,265.2616447753906,-3.0772910118103027,-5.1273088455200195,2.554530382156372
1741033470436745500,265.2717453613281,-3.6726632118225098,-4.873648166656494,2.68507719039917
1741033470446846500,265.28184643554687,-3.601656436920166,-4.315821647644043,2.8921303749084473
1741033470456947200,265.291947265625,-3.0958104133605957,-3.263838768005371,3.274221658706665
1741033470467048200,265.3020480957031,-2.6347575187683105,-2.0138049125671387,3.6290483474731445
1741033470477149700,265.3121496582031,-2.228785514831543,-1.1387872695922852,3.5357015132904053
1741033470487250700,265.3222507324219,-1.9877849817276,-0.7268085479736328,2.9757742881774902
1741033470497351400,265.3323513183594,-1.761709213256836,-0.46418190002441406,2.4019839763641357
1741033470507452200,265.3424521484375,-1.7232766151428223,-0.07829856872558594,1.9124823808670044
1741033470517553200,265.35255322265624,-2.119255781173706,0.40891456604003906,1.5277246236801147
1741033470527654700,265.3626545410156,-2.55364990234375,0.9108963012695312,1.0596895217895508
1741033470537755600,265.3727556152344,-2.753473997116089,1.671107292175293,0.7968896627426147
1741033470547856400,265.3828564453125,-2.935925245285034,2.1723899841308594,0.46453046798706055
1741033470557957400,265.39295727539064,-2.5195071697235107,2.6936187744140625,0.30773305892944336
1741033470568058000,265.40305810546874,-2.2601675987243652,2.9312658309936523,0.31978392601013184
1741033470578159400,265.4131594238281,-3.1673810482025146,3.14495849609375,0.286759614944458
1741033470588260600,265.4232604980469,-4.620059967041016,3.606142044067383,0.558046817779541
1741033470598361300,265.433361328125,-6.807821750640869,4.314394950866699,1.0481345653533936
1741033470608462300,265.44346240234376,-8.89653491973877,4.866157531738281,1.1272227764129639
1741033470618563000,265.45356298828125,-8.794357299804688,4.195622444152832,0.5035274028778076
1741033470628663800,265.46366381835935,-8.127669334411621,3.0774354934692383,0.14220809936523438
1741033470638765300,265.4737653808594,-7.275243759155273,3.1674861907958984,0.5045158863067627
1741033470648866300,265.4838662109375,-6.418491363525391,3.37637996673584,0.33110666275024414
1741033470658967300,265.49396728515626,-5.063149452209473,3.2186851501464844,-0.04149222373962402
1741033470669068000,265.50406811523436,-3.359440565109253,2.4240827560424805,-0.11851000785827637
1741033470679169000,265.5141689453125,-1.8843965530395508,1.3345746994018555,-0.10424613952636719
1741033470689269800,265.5242697753906,-1.2277964353561401,0.46034812927246094,-0.009028434753417969
1741033470699371500,265.53437158203127,-1.1344060897827148,-0.06245708465576172,0.30791473388671875
1741033470709472500,265.54447241210937,-1.478914499282837,-0.07435035705566406,0.7778894901275635
1741033470719633700,265.5546335449219,-1.3249211311340332,0.3669147491455078,1.311311960220337
1741033470729937200,265.5649372558594,-1.1512658596038818,0.8148593902587891,1.7051470279693604
1741033470740240400,265.57524047851564,-1.052767276763916,1.3084688186645508,2.0265345573425293
1741033470750455600,265.58545556640627,-0.9178506731987,1.7025699615478516,2.339090347290039
1741033470760571100,265.5955710449219,-0.6429777145385742,1.944559097290039,2.6232476234436035
1741033470770672000,265.60567211914065,-0.3322784900665283,2.0526504516601562,2.888716220855713
1741033470780772900,265.61577294921875,-0.008991718292236328,1.9777202606201172,3.2941927909851074
1741033470790874400,265.6258742675781,0.3480865955352783,1.6245183944702148,3.734508514404297
1741033470800975400,265.6359753417969,0.852752685546875,1.001983642578125,4.100292682647705
1741033470811076400,265.6460764160156,1.8017692565917969,0.15931415557861328,4.334932804107666
1741033470821177000,265.6561770019531,2.592608690261841,-0.7978696823120117,4.197763442993164
1741033470831277800,265.66627783203126,4.610898971557617,-1.7304916381835938,4.140447616577148
1741033470841378800,265.67637890625,5.987903594970703,-2.474452018737793,3.969808340072632
1741033470851480300,265.6864802246094,6.863534927368164,-3.0331854820251465,3.89792537689209
1741033470861581300,265.6965812988281,6.37972354888916,-3.982760429382324,3.5328266620635986
1741033470871682000,265.70668212890627,4.6290283203125,-5.192469120025635,2.809752941131592
1741033470881783000,265.71678295898437,3.379183769226074,-6.181875705718994,2.154467821121216
1741033470891883800,265.7268837890625,2.7585647106170654,-6.759154319763184,1.6971997022628784
1741033470901985000,265.7369851074219,2.5906901359558105,-7.006278038024902,1.3776960372924805
1741033470912086300,265.7470861816406,2.4881343841552734,-7.017927169799805,1.1545964479446411
1741033470922187000,265.75718701171877,1.8016947507858276,-6.803981781005859,1.0109986066818237
1741033470932288000,265.7672880859375,1.1500664949417114,-6.356895446777344,0.9970012903213501
1741033470942388700,265.777388671875,0.37366771697998047,-5.733709335327148,0.8840213418006897
1741033470952489500,265.78748950195313,-1.4704694747924805,-4.79435396194458,0.8366817831993103
1741033470962591200,265.7975913085937,-2.5941545963287354,-4.118518352508545,0.738400399684906
1741033470972692000,265.8076918945313,-1.7889306545257568,-3.917001247406006,0.4125814437866211
1741033470982793000,265.81779296875,0.6675270795822144,-4.508362770080566,0.141485333442688
1741033470992893700,265.82789379882814,2.5990467071533203,-5.225815296173096,0.04118844121694565
1741033471002994700,265.83799462890624,4.011518478393555,-5.573719501495361,-0.00915682315826416
1741033471013096200,265.8480961914062,5.122387886047363,-5.317124366760254,-0.15479618310928345
1741033471023197200,265.858197265625,5.659316062927246,-4.429373264312744,-0.5308974981307983
1741033471033298000,265.8682978515625,5.937908172607422,-2.7793779373168945,-1.0443527698516846
1741033471043398700,265.87839868164065,5.890626907348633,-0.5212383270263672,-1.6285195350646973
1741033471053499600,265.88849975585936,6.022951126098633,1.9993391036987305,-2.531303882598877
1741033471063601000,265.8986008300781,6.485455513000488,4.447983741760254,-3.2277796268463135
1741033471073702100,265.9087021484375,6.817196369171143,6.287797927856445,-3.515937566757202
1741033471083803000,265.9188029785156,5.706961631774902,7.569558143615723,-3.6507296562194824
1741033471093904000,265.92890380859376,3.2182774543762207,7.486323356628418,-4.037003993988037
1741033471104004600,265.93900463867186,2.887540102005005,5.908054351806641,-4.952378273010254
1741033471114105300,265.94910522460935,1.701899766921997,4.043701171875,-6.569093704223633
1741033471124207000,265.95920703125,3.8928096294403076,1.533782958984375,-5.915317535400391
1741033471134307800,265.9693078613281,9.641514778137207,0.4203500747680664,-5.862005233764648
1741033471144408800,265.97940893554687,13.034173965454102,0.6577777862548828,-5.03931188583374
1741033471154509600,265.98950952148436,12.409342765808105,2.4539527893066406,-2.5149495601654053
1741033471164610300,265.9996103515625,6.530786037445068,4.398948669433594,-0.301655113697052
1741033471174711300,266.0097111816406,3.1019785404205322,5.088362693786621,0.4997532367706299
1741033471184813000,266.0198129882813,0.5341284275054932,5.345826148986816,0.7008050680160522
1741033471194974200,266.02997412109374,-0.850006103515625,4.7992706298828125,1.1950558423995972
1741033471205278000,266.0402778320312,-1.2365697622299194,3.4924497604370117,1.5671359300613403
1741033471215581200,266.05058129882815,-1.182971715927124,2.6101999282836914,1.7493669986724854
1741033471225796000,266.0607961425781,-1.7609719038009644,2.918262481689453,2.014192819595337
1741033471235912000,266.0709118652344,-0.9738794565200806,4.166384696960449,3.010631561279297
1741033471246012700,266.0810126953125,0.4221765995025635,5.351628303527832,3.999917507171631
1741033471256113700,266.09111376953126,1.379831314086914,5.663566589355469,4.568929672241211
1741033471266214400,266.10121435546876,1.4515657424926758,5.152827262878418,4.652994632720947
1741033471276316000,266.11131591796874,1.2083714008331299,4.032784461975098,4.25438928604126
1741033471286417000,266.1214169921875,0.8075752258300781,2.6700286865234375,3.661909341812134
1741033471296518000,266.1315178222656,0.6241133213043213,1.3328428268432617,2.9782629013061523
1741033471306618600,266.14161865234377,0.6554203033447266,0.25749683380126953,2.4578309059143066
1741033471316719400,266.15171923828126,0.8544862270355225,-0.5707912445068359,2.2401998043060303
1741033471326820400,266.1618203125,0.8400096893310547,-1.1515636444091797,2.3446149826049805
1741033471336921900,266.171921875,0.5472490787506104,-1.6068363189697266,2.5779411792755127
1741033471347022800,266.1820229492188,0.4935932159423828,-1.9841771125793457,2.65622878074646
1741033471357123600,266.19212353515627,0.8214423656463623,-2.2908172607421875,2.476235866546631
1741033471367224300,266.2022243652344,1.6048355102539062,-2.4433951377868652,2.1413955688476562
1741033471377325300,266.2123251953125,2.4122133255004883,-2.8067407608032227,1.7311350107192993
1741033471387426600,266.22242651367185,2.2945749759674072,-3.5621743202209473,1.7168254852294922
1741033471397527800,266.2325278320312,0.8103351593017578,-4.654236793518066,1.8283345699310303
1741033471407628500,266.2426286621094,-0.2949810028076172,-5.5458173751831055,2.1135923862457275
1741033471417729500,266.2527294921875,-1.0640068054199219,-5.868659019470215,2.316215753555298
1741033471427830300,266.26283032226564,-1.8016513586044312,-5.886280059814453,2.3686046600341797
1741033471437931000,266.27293090820314,-2.016563892364502,-5.658016204833984,2.5776071548461914
1741033471448032800,266.2830327148437,-1.9005972146987915,-5.1490797996521,2.85917592048645
1741033471458133500,266.2931335449219,-1.7715656757354736,-4.772382736206055,2.9479663372039795
1741033471468234500,266.303234375,-1.6339956521987915,-4.684361457824707,2.66086483001709
1741033471478335200,266.31333520507815,-1.491597294807434,-4.704939842224121,2.157491445541382
1741033471488436200,266.32343627929686,-1.120592713356018,-4.592547416687012,1.716963291168213
1741033471498537700,266.3335378417969,-0.8377474546432495,-4.328547954559326,1.393847942352295
1741033471508638700,266.343638671875,-0.5381518006324768,-4.067881107330322,1.1425386667251587
1741033471518739500,266.3537395019531,-0.21451300382614136,-3.7378602027893066,0.9200716018676758
1741033471528840200,266.36384008789065,0.1662384271621704,-3.1458253860473633,0.7854281663894653
1741033471538941200,266.37394116210936,0.43520334362983704,-2.3989510536193848,0.7005255222320557
1741033471549042400,266.38404248046874,0.6232303380966187,-1.4990053176879883,0.6448581218719482
1741033471559143700,266.3941437988281,0.7758086919784546,-0.5308570861816406,0.6462326049804688
1741033471569244400,266.4042443847656,-0.45797765254974365,0.36721038818359375,0.7663042545318604
1741033471579345200,266.41434521484376,-3.4227993488311768,2.1974849700927734,1.652539610862732
1741033471589446100,266.42444604492186,-10.549787521362305,4.986257553100586,2.611154079437256
1741033471599547000,266.434546875,-16.857772827148438,7.804828643798828,3.429060935974121
1741033471609648600,266.4446486816406,-16.674198150634766,7.767335891723633,2.8879263401031494
1741033471619749400,266.4547492675781,-11.342820167541504,4.817913055419922,1.3146414756774902
1741033471629850400,266.4648503417969,-5.756569862365723,2.5284080505371094,1.3556373119354248
1741033471639951000,266.474951171875,-4.015759468078613,1.829965591430664,1.1354503631591797
1741033471650051800,266.4850517578125,-4.386711597442627,2.0038414001464844,0.5319902896881104
1741033471660153000,266.4951530761719,-5.227747917175293,2.844837188720703,0.3760356903076172
1741033471670254300,266.5052543945313,-5.816362380981445,4.071084022521973,0.6386270523071289
1741033471680355300,266.5153552246094,-5.599408149719238,5.095282554626465,1.2088050842285156
1741033471690456000,266.5254560546875,-4.091041088104248,5.308111190795898,1.8627583980560303
1741033471700557000,266.53555712890625,-2.112574338912964,4.074915885925293,1.857864499092102
1741033471710657800,266.54565771484374,-0.7323354482650757,2.125333786010742,1.5670173168182373
1741033471720759000,266.5557590332031,-0.4086869955062866,0.2450704574584961,1.3445779085159302
1741033471730860300,266.5658603515625,-0.28638219833374023,-0.6611413955688477,1.1985148191452026
1741033471740961000,266.5759609375,-0.10646355152130127,-0.6313190460205078,1.3598041534423828
1741033471751062000,266.58606201171875,0.09606122970581055,-0.03552818298339844,1.7333441972732544
1741033471761162800,266.59616284179685,0.32413172721862793,0.6572132110595703,2.1109561920166016
1741033471771263500,266.60626342773435,0.2941615581512451,1.5531110763549805,2.5839385986328125
1741033471781365200,266.616365234375,0.9088480472564697,2.2647294998168945,2.91151762008667
1741033471791466000,266.6264660644531,1.6368412971496582,2.583542823791504,2.9192466735839844
1741033471801567000,266.63656689453126,2.4632182121276855,2.392589569091797,2.676393508911133
1741033471811667700,266.64666772460936,3.6563022136688232,1.5603704452514648,2.1272785663604736
1741033471821768700,266.6567687988281,4.934051513671875,0.6350650787353516,1.4968531131744385
1741033471831930000,266.66693017578126,6.162676811218262,-0.15697002410888672,1.196669578552246
1741033471842233600,266.67723364257813,7.129189491271973,-0.9511308670043945,1.6342897415161133
1741033471852536800,266.6875368652344,7.781650066375732,-1.7948312759399414,2.117469549179077
1741033471862751700,266.69775170898436,6.497613906860352,-2.9469127655029297,2.27457594871521
1741033471872867600,266.70786767578124,4.531815528869629,-4.087353229522705,1.9580824375152588
1741033471882969000,266.7179689941406,2.71884822845459,-4.741969108581543,1.5139638185501099
1741033471893070000,266.7280700683594,1.0154387950897217,-5.075043678283691,1.0279597043991089
1741033471903171000,266.73817114257815,-0.4585927724838257,-5.264542102813721,0.66208815574646
1741033471913271800,266.74827172851565,-1.040129542350769,-5.221566677093506,-0.054464519023895264
1741033471923372500,266.75837255859375,-1.981096863746643,-4.501432418823242,-0.7823391556739807
1741033471933473500,266.7684736328125,-4.790552139282227,-3.41615629196167,-1.0360820293426514
1741033471943575000,266.7785749511719,-4.15218448638916,-3.5758023262023926,-1.0471947193145752
1741033471953676000,266.7886760253906,0.23923683166503906,-4.630753993988037,-0.510013222694397
1741033471963776800,266.79877685546876,3.3413305282592773,-5.716674327850342,0.17192602157592773
1741033471973877500,266.80887744140625,5.6551737785339355,-6.824275016784668,0.8515833616256714
1741033471983978500,266.818978515625,6.58040714263916,-7.578782081604004,1.0780390501022339
1741033471994079500,266.82907958984373,6.122420310974121,-8.0230712890625,0.925951361656189
1741033472004181000,266.8391809082031,4.8890886306762695,-8.282074928283691,0.4725187420845032
1741033472014281700,266.84928173828126,3.724705934524536,-8.130961418151855,0.2505495250225067
1741033472024383000,266.85938305664064,3.03818941116333,-7.744384288787842,0.3583025336265564
1741033472034603800,266.86960375976565,3.2314953804016113,-7.301526069641113,0.46989962458610535
1741033472044907300,266.8799072265625,3.552720069885254,-6.49500036239624,0.7186547517776489
1741033472055210200,266.8902102050781,3.7614309787750244,-5.462269306182861,0.7908581495285034
1741033472065376500,266.90037646484376,4.273526668548584,-4.096953392028809,1.0056756734848022
1741033472075481600,266.91048168945315,4.715394973754883,-2.1427388191223145,1.2160500288009644
1741033472085582300,266.92058227539064,4.96048641204834,0.9471063613891602,1.4037680625915527
1741033472095684000,266.93068408203123,5.461211204528809,4.9792070388793945,1.700051188468933
1741033472105785000,266.94078515625,4.54195499420166,9.2863187789917,1.38348388671875
1741033472115886600,266.9508864746094,3.919255018234253,11.889803886413574,-0.5615788698196411
1741033472126034400,266.96103442382815,2.686814785003662,11.396280288696289,-2.4728481769561768
1741033472136338000,266.971337890625,0.6050264835357666,7.983909606933594,-4.1581010818481445
1741033472146641200,266.9816411132812,0.025694608688354492,4.821804046630859,-5.075229644775391
1741033472156866600,266.99186645507814,0.6812102794647217,3.5391902923583984,-5.478940010070801
1741033472166984700,267.0019846191406,2.6375279426574707,2.189570426940918,-5.8897833824157715
1741033472177085700,267.0120856933594,5.412721157073975,2.0185976028442383,-6.537784576416016
1741033472187186400,267.0221865234375,7.442902565002441,2.312021255493164,-5.64940071105957
1741033472197288000,267.03228784179686,8.218401908874512,2.626708984375,-2.994739055633545
1741033472207389000,267.0423889160156,7.623508453369141,3.4956579208374023,0.6940356492996216
1741033472217490000,267.0524899902344,5.2665228843688965,4.187187194824219,2.1972885131835938
1741033472227590700,267.0625905761719,2.3026723861694336,3.709379196166992,2.2614240646362305
1741033472237691400,267.07269140625,0.45276522636413574,3.02451229095459,2.4610371589660645
1741033472247792400,267.08279248046875,-0.2377021312713623,2.7322769165039062,3.128404378890991
1741033472257894000,267.09289379882813,-0.46446657180786133,2.958456039428711,3.9434874057769775
1741033472267995000,267.1029948730469,-0.35445070266723633,3.339498519897461,4.628026485443115
1741033472278095600,267.113095703125,-0.1905231475830078,3.751040458679199,5.059675216674805
1741033472288196400,267.1231962890625,0.11800169944763184,3.975172996520996,5.131812572479248
1741033472298297300,267.13329736328126,0.3183443546295166,3.850052833557129,4.695218086242676
1741033472308398600,267.14339868164063,0.20153093338012695,3.1899871826171875,4.072171211242676
1741033472318499800,267.1534997558594,-0.39257287979125977,2.3884763717651367,3.5183839797973633
1741033472328600600,267.1636005859375,-1.117706298828125,1.651163101196289,3.037233352661133
1741033472338701600,267.17370166015627,-1.4029403924942017,0.9307565689086914,2.4994454383850098
1741033472348802300,267.18380224609376,-1.3922793865203857,0.172271728515625,2.0830812454223633
1741033472358903000,267.19390307617186,-1.2693140506744385,-0.5852279663085938,1.8532153367996216
1741033472369004500,267.20400463867185,-0.9488538503646851,-1.238682746887207,1.6694231033325195
1741033472379105500,267.21410546875,-0.346724271774292,-1.6900720596313477,1.5170602798461914
1741033472389206500,267.2242065429688,0.6514430046081543,-2.075284957885742,1.3000569343566895
1741033472399307300,267.2343073730469,1.4846076965332031,-2.613802433013916,0.9075307250022888
1741033472409408300,267.244408203125,1.746061086654663,-3.1492581367492676,0.7283148169517517
1741033472419509000,267.25450903320314,1.2740113735198975,-3.869049549102783,0.7746711373329163
1741033472429610800,267.2646108398437,0.18235039710998535,-4.541348934173584,1.0700874328613281
1741033472439711500,267.2747114257813,-0.9252960085868835,-4.8493146896362305,1.3469794988632202
1741033472449812200,267.2848122558594,-1.5382080078125,-4.840429306030273,1.774812936782837
1741033472459913200,267.29491333007815,-1.5782912969589233,-4.7703752517700195,2.2296597957611084
1741033472470014000,267.30501391601564,-1.3848203420639038,-4.585334300994873,2.577749252319336
1741033472480115200,267.315115234375,-0.9093267321586609,-4.399744987487793,2.769984245300293
1741033472490216400,267.3252165527344,-0.717369794845581,-4.255780220031738,2.8138649463653564
1741033472500317200,267.3353171386719,-0.9310814738273621,-4.257823467254639,2.5252792835235596
1741033472510418200,267.34541821289065,-0.9642705917358398,-4.461355209350586,1.928137183189392
1741033472520519000,267.35551879882814,-0.554124116897583,-4.465428352355957,1.5719995498657227
1741033472530620000,267.36561987304685,-0.4523102641105652,-4.368961334228516,1.2946606874465942
1741033472540721400,267.3757214355469,-0.46318021416664124,-4.264759063720703,1.0028423070907593
1741033472550822400,267.3858225097656,-0.5345178246498108,-4.083093166351318,0.8693332672119141
1741033472560923100,267.3959230957031,-0.5997262597084045,-3.691577911376953,0.797783613204956
1741033472571024000,267.40602392578126,-0.5267936587333679,-3.119492530822754,0.7076667547225952
1741033472581124900,267.41612475585936,-0.4587758183479309,-2.5031180381774902,0.6318223476409912
1741033472591225900,267.4262258300781,-0.4707399606704712,-1.6519174575805664,0.5319982767105103
1741033472601327400,267.4363273925781,-0.38249921798706055,-0.7099971771240234,0.4802730083465576
1741033472611428000,267.4464279785156,-0.7348464131355286,0.3997316360473633,0.41687870025634766
1741033472621529000,267.45652905273437,-4.510921478271484,2.2645721435546875,0.857213020324707
1741033472631629800,267.4666298828125,-10.180633544921875,5.282963752746582,2.176452159881592
1741033472641730600,267.47673046875,-15.125365257263184,8.271271705627441,3.711752414703369
1741033472651832000,267.48683203125,-16.262426376342773,9.169203758239746,4.080991268157959
1741033472661933000,267.49693310546877,-10.966033935546875,6.403237342834473,2.271375894546509
1741033472672034000,267.5070339355469,-5.992003440856934,3.6658248901367188,1.2513906955718994
1741033472682134800,267.517134765625,-4.35032320022583,2.5379953384399414,1.0604150295257568
1741033472692235500,267.52723559570313,-4.319972515106201,2.681097984313965,0.5813510417938232
1741033472702336500,267.53733642578123,-4.9676618576049805,3.561617851257324,0.17807435989379883
1741033472712438000,267.5474379882813,-5.381050109863281,4.804762840270996,0.27991342544555664
1741033472722539000,267.5575390625,-4.867490768432617,5.6961774826049805,0.46166324615478516
1741033472732639700,267.5676396484375,-3.7262933254241943,5.692310333251953,0.16759371757507324
1741033472742740700,267.57774072265624,-2.470951795578003,4.93131160736084,0.02513599395751953
1741033472752841500,267.5878415527344,-1.6684719324111938,3.835702896118164,0.25636982917785645
1741033472762942500,267.5979423828125,-1.4082156419754028,2.490222930908203,0.38425493240356445
1741033472773044000,267.6080439453125,-1.0501627922058105,1.2839298248291016,0.7429783344268799
1741033472783144700,267.61814477539065,-0.59857177734375,0.32689762115478516,1.1020784378051758
1741033472793245700,267.62824560546875,-0.08501338958740234,-0.4157276153564453,1.180022954940796
1741033472803346400,267.63834643554685,-0.002610445022583008,-0.6636686325073242,1.1749601364135742
1741033472813447400,267.6484475097656,0.019740819931030273,-0.18761444091796875,1.1207823753356934
1741033472823548700,267.6585485839844,0.20125794410705566,0.6224126815795898,1.2647472620010376
1741033472833650000,267.66864990234376,0.5287003517150879,1.2791061401367188,1.680076241493225
1741033472843750700,267.67875073242186,1.0540556907653809,1.4855165481567383,1.8082548379898071
1741033472853851400,267.68885131835935,1.708789587020874,1.1217927932739258,1.7815985679626465
1741033472863952400,267.6989523925781,2.68078351020813,0.5931282043457031,1.9116804599761963
1741033472874053000,267.7090532226562,3.661806583404541,-0.01586151123046875,1.9527236223220825
1741033472884155000,267.71915478515626,4.823869705200195,-0.6216650009155273,1.9050300121307373
1741033472894255600,267.72925561523436,5.820151329040527,-1.1479511260986328,1.9005374908447266
1741033472904356400,267.7393564453125,6.363668918609619,-1.7748537063598633,2.0290048122406006
1741033472914457300,267.7494572753906,6.24608850479126,-2.656012535095215,2.121755599975586
1741033472924558000,267.7595581054687,4.779535293579102,-3.6765432357788086,2.073458433151245
1741033472934659300,267.7696594238281,3.974242925643921,-4.426990985870361,1.9036957025527954
1741033472944760600,267.77976049804687,2.5854673385620117,-4.999645709991455,1.650416612625122
1741033472954861600,267.78986157226564,0.9103598594665527,-5.351510047912598,1.2884504795074463
1741033472964962300,267.79996240234374,-0.260870099067688,-5.524956703186035,1.035642147064209
1741033472975063000,267.81006298828123,-0.8306839466094971,-5.612229347229004,0.5050673484802246
1741033472985164000,267.8201640625,-1.0690083503723145,-5.409646987915039,0.32422298192977905
1741033472995265300,267.8302653808594,-0.9656083583831787,-5.310216426849365,0.5352476239204407
1741033473005366500,267.84036645507814,-2.7300913333892822,-4.349027156829834,0.4842696189880371
1741033473015467300,267.85046728515624,-2.9228503704071045,-4.018448829650879,0.21794967353343964
1741033473025568300,267.860568359375,0.1451857089996338,-4.627137184143066,0.37206801772117615
1741033473035669000,267.8706689453125,2.8628880977630615,-5.320252895355225,0.8666491508483887
1741033473045769700,267.8807697753906,5.071094989776611,-5.976316452026367,1.1459572315216064
1741033473055871500,267.89087158203125,5.752154350280762,-6.783740043640137,1.000380039215088
1741033473065972200,267.90097216796875,5.456414222717285,-7.286258220672607,0.45459723472595215
1741033473076073200,267.9110732421875,4.555045127868652,-7.345052719116211,0.17841140925884247
1741033473086174000,267.9211740722656,4.301555633544922,-6.802938461303711,0.33784395456314087
1741033473096274700,267.9312746582031,4.959641456604004,-6.176093101501465,-0.01318429410457611
1741033473106376000,267.9413759765625,5.574891090393066,-4.794669151306152,0.05502420663833618
1741033473116477200,267.95147729492186,5.7660346031188965,-3.301879405975342,-0.006251007318496704
1741033473126578200,267.961578125,5.740557670593262,-1.6181001663208008,0.4372759461402893
1741033473136679000,267.9716789550781,4.9909515380859375,0.9825935363769531,0.9923708438873291
1741033473146780000,267.9817797851563,4.703295707702637,4.193098068237305,1.5962104797363281
1741033473156880600,267.9918806152344,4.782641410827637,7.74665641784668,1.6293020248413086
1741033473166982100,268.00198217773436,4.480490207672119,10.040626525878906,0.5437107086181641
1741033473177083100,268.01208325195313,2.4283289909362793,9.947037696838379,-1.4427438974380493
1741033473187183900,268.0221838378906,0.05222439765930176,7.643596649169922,-3.439260482788086
1741033473197284900,268.0322849121094,-0.14489388465881348,4.24485969543457,-4.182161808013916
1741033473207386400,268.0423864746094,0.5423572063446045,2.8221845626831055,-4.370770454406738
1741033473217690000,268.05269018554685,1.3269658088684082,2.3360595703125,-3.778376817703247
1741033473227993600,268.0629936523438,4.186304092407227,2.3553152084350586,-3.676900863647461
1741033473238257400,268.07325732421873,9.007418632507324,1.7777347564697266,-3.671449661254883
1741033473248383700,268.0833837890625,11.433318138122559,0.9119653701782227,-2.784801483154297
1741033473258484700,268.0934846191406,8.570682525634766,0.9718551635742188,-1.630930781364441
1741033473268585700,268.1035856933594,4.9426116943359375,1.683182716369629,0.37463849782943726
1741033473278687200,268.11368725585936,3.1482350826263428,2.160369873046875,2.0791244506835938
1741033473288788000,268.1237880859375,1.7353804111480713,2.597970962524414,3.155956745147705
1741033473298888700,268.133888671875,0.6646137237548828,2.981039047241211,3.632469654083252
1741033473308989700,268.1439897460937,-0.5727138519287109,3.304067611694336,3.936060667037964
1741033473319090400,268.1540903320313,-1.0822780132293701,3.30576229095459,4.0188889503479
1741033473329192000,268.16419189453126,-0.5966260433197021,3.031585693359375,3.838380813598633
1741033473339293000,268.17429296875,-0.015732288360595703,3.008833885192871,3.764810800552368
1741033473349394000,268.1843937988281,0.4625375270843506,3.3144311904907227,3.7822628021240234
1741033473359494700,268.1944946289062,0.6015117168426514,3.397517204284668,3.886026382446289
1741033473369595400,268.2045954589844,0.2716660499572754,2.9120187759399414,3.6595611572265625
1741033473379696400,268.2146962890625,-0.16339468955993652,2.1349353790283203,3.3294825553894043
1741033473389797400,268.22479736328125,-0.030751705169677734,1.096090316772461,2.8550593852996826
1741033473399899000,268.23489892578124,0.3562498092651367,0.3331165313720703,2.6363396644592285
1741033473409999600,268.24499951171873,0.7921199798583984,-0.07274246215820312,2.477480888366699
1741033473420100600,268.2551005859375,1.360764741897583,-0.010066986083984375,2.416248083114624
1741033473430201600,268.26520166015627,2.1880297660827637,-0.19333744049072266,1.8442819118499756
1741033473440398600,268.27539868164064,2.946516990661621,-0.656463623046875,1.1659667491912842
1741033473450702000,268.2857021484375,2.930267572402954,-1.6377167701721191,0.6922138929367065
1741033473461005000,268.2960051269531,1.8108153343200684,-3.093449592590332,0.8802280426025391
1741033473471191000,268.30619091796876,0.09311318397521973,-4.294389247894287,1.5916041135787964
1741033473481300200,268.3163002929688,-1.3359732627868652,-4.91718053817749,1.9993194341659546
1741033473491401200,268.3264011230469,-2.3707196712493896,-5.0529961585998535,2.1065876483917236
1741033473501502700,268.33650268554686,-2.8640694618225098,-4.86942195892334,2.3455913066864014
1741033473511603700,268.3466037597656,-2.2932567596435547,-4.395696640014648,2.8315553665161133
1741033473521704400,268.3567043457031,-1.245205283164978,-3.78554630279541,3.3869669437408447
1741033473531805400,268.3668054199219,-0.7849817276000977,-3.5826549530029297,3.1940531730651855
1741033473541906200,268.37690625,-0.45861709117889404,-3.706671714782715,2.9362423419952393
1741033473552007200,268.38700708007815,-0.5762045383453369,-3.9361038208007812,2.9391071796417236
1741033473562108700,268.39710864257813,-1.0878406763076782,-4.2490057945251465,2.9254088401794434
1741033473572209400,268.40720947265623,-1.341583251953125,-4.415019989013672,2.8805878162384033
1741033473582310400,268.4173103027344,-1.1686394214630127,-4.506071090698242,2.7324774265289307
1741033473592411100,268.4274111328125,-0.7719323635101318,-4.37554407119751,2.5740089416503906
1741033473602512000,268.43751196289065,-0.3941074311733246,-4.060299396514893,2.4672927856445312
1741033473612613400,268.44761328125,-0.03219294548034668,-3.4991188049316406,2.4042656421661377
1741033473622714400,268.45771435546874,0.44918692111968994,-2.886143207550049,2.358821153640747
1741033473632815400,268.4678154296875,0.5265716910362244,-2.2200732231140137,2.287294864654541
1741033473642916000,268.477916015625,0.33844733238220215,-1.3054380416870117,2.1978919506073
1741033473653017000,268.48801708984377,-0.08527064323425293,0.031129837036132812,2.318873643875122
1741033473663117800,268.49811791992187,-4.062480926513672,2.008106231689453,3.2582356929779053
1741033473673219600,268.50821948242185,-9.42083740234375,4.992318153381348,4.715228080749512
1741033473683320300,268.5183203125,-14.061809539794922,7.817239761352539,6.123315811157227
1741033473693421000,268.5284211425781,-16.552021026611328,9.177047729492188,6.402002334594727
1741033473703522000,268.53852197265627,-13.184292793273926,7.628702163696289,4.3248186111450195
1741033473713622800,268.54862280273437,-8.430213928222656,4.252357482910156,1.4249215126037598
1741033473723724000,268.55872412109375,-5.291135787963867,2.191150665283203,0.6524524688720703
1741033473733825300,268.5688251953125,-4.922836780548096,1.6362943649291992,0.646611213684082
1741033473743926300,268.5789262695312,-5.363418102264404,1.8242206573486328,0.5375020503997803
1741033473754027000,268.5890270996094,-5.9715800285339355,2.415163040161133,0.24433565139770508
1741033473764127700,268.5991276855469,-6.01344108581543,3.1354494094848633,-0.05477476119995117
1741033473774228700,268.60922875976564,-5.683443546295166,3.8154306411743164,-0.050725698471069336
1741033473784329500,268.61932958984374,-5.048805236816406,4.08463191986084,0.09452438354492188
1741033473794431000,268.6294309082031,-3.901216983795166,3.8562841415405273,0.4631822109222412
1741033473804532000,268.6395319824219,-2.738882541656494,3.2554664611816406,0.811976432800293
1741033473814632700,268.6496328125,-1.9772841930389404,2.3105287551879883,1.1393623352050781
1741033473824733700,268.65973364257815,-1.5368883609771729,1.1733388900756836,1.0476033687591553
1741033473834834400,268.66983447265625,-1.5193930864334106,0.2220001220703125,1.1494481563568115
1741033473844935400,268.67993530273435,-1.2458772659301758,-0.44887638092041016,1.4153372049331665
1741033473855037000,268.6900368652344,-0.7884985208511353,-0.7062664031982422,1.4704633951187134
1741033473865138000,268.7001379394531,-0.620343804359436,-0.37090015411376953,1.55448579788208
1741033473875238700,268.71023876953126,-0.23593199253082275,0.06005573272705078,1.601248025894165
1741033473885339400,268.72033935546875,0.26810455322265625,0.6712436676025391,1.8083407878875732
1741033473895440400,268.7304404296875,0.46294403076171875,1.509598731994629,2.352144241333008
1741033473905541600,268.7405417480469,0.5452167987823486,2.4203405380249023,2.8743505477905273
1741033473915643000,268.7506428222656,0.8683218955993652,2.852566719055176,3.1073575019836426
1741033473925743600,268.76074365234376,1.2213358879089355,2.6884450912475586,3.034727096557617
1741033473935844600,268.7708447265625,1.7851293087005615,1.9996309280395508,2.7670931816101074
1741033473945945300,268.7809453125,2.2019684314727783,0.9603776931762695,2.5038888454437256
1741033473956046000,268.7910461425781,2.774465322494507,-0.1625804901123047,2.338794231414795
1741033473966147000,268.8011469726562,3.237025737762451,-1.2092676162719727,2.2042031288146973
1741033473976248600,268.81124853515627,3.9258084297180176,-2.0547003746032715,2.113166332244873
1741033473986349600,268.821349609375,4.415266036987305,-2.90922212600708,2.1183252334594727
1741033473996450300,268.8314501953125,4.857975006103516,-3.640443801879883,2.268167495727539
1741033474006551000,268.84155102539063,4.830854892730713,-4.157993793487549,2.332987070083618
1741033474016652000,268.8516520996094,3.7085845470428467,-4.545557975769043,2.19215989112854
1741033474026753000,268.8617529296875,2.387369394302368,-4.584226608276367,1.7612966299057007
1741033474036854500,268.8718544921875,-0.5083785057067871,-3.4870963096618652,1.8776923418045044
1741033474046955300,268.88195532226564,-4.0846405029296875,-1.8296351432800293,1.8815090656280518
1741033474057056300,268.89205615234374,0.5666139125823975,-2.3594799041748047,1.8855565786361694
1741033474067157000,268.9021569824219,4.828885555267334,-4.361607074737549,1.9143762588500977
1741033474077257700,268.9122578125,6.1530303955078125,-5.737627983093262,1.8504235744476318
1741033474087359200,268.9223591308594,5.580410957336426,-6.698553085327148,1.6126272678375244
1741033474097460200,268.93246020507814,5.965351581573486,-7.727839469909668,1.7082046270370483
1741033474107561200,268.94256127929685,5.60172700881958,-8.606627464294434,1.8865272998809814
1741033474117662000,268.95266186523435,5.13455867767334,-8.811144828796387,2.0615673065185547
1741033474127763000,268.9627629394531,4.624534606933594,-8.706039428710938,2.2896714210510254
1741033474137863700,268.9728637695313,3.774981737136841,-8.312989234924316,2.604842185974121
1741033474147964400,268.98296435546877,2.874119997024536,-7.91091775894165,2.414442777633667
1741033474158066200,268.99306616210936,2.487325429916382,-7.52198600769043,2.2557904720306396
1741033474168167000,269.0031669921875,2.396193504333496,-7.1031341552734375,2.1998252868652344
1741033474178268000,269.0132678222656,2.2300877571105957,-6.618898391723633,2.043045997619629
1741033474188368600,269.0233686523438,2.4885597229003906,-5.888616561889648,1.5682520866394043
1741033474198469400,269.0334694824219,3.3561766147613525,-4.83919620513916,0.5115751028060913
1741033474208570600,269.04357055664065,4.475578308105469,-2.9289679527282715,-1.1120107173919678
1741033474218671900,269.053671875,5.4082536697387695,0.6388578414916992,-2.9458720684051514
1741033474228772900,269.06377294921873,4.759594440460205,6.321100234985352,-4.888171195983887
1741033474238873600,269.0738735351562,6.561084747314453,10.840738296508789,-4.529470920562744
1741033474248974600,269.083974609375,8.354146957397461,13.963508605957031,-2.860877752304077
1741033474259075300,269.09407543945315,6.5096635818481445,15.041810989379883,-2.428934097290039
1741033474269176000,269.10417602539064,3.0987260341644287,11.240721702575684,-2.2967495918273926
1741033474279277600,269.1142775878906,1.0995655059814453,5.85441780090332,-3.3139419555664062
1741033474289378600,269.1243786621094,1.8149843215942383,2.4674930572509766,-4.334719181060791
1741033474299479600,269.1344794921875,1.6541051864624023,1.7120885848999023,-4.6372222900390625
1741033474309580300,269.1445803222656,1.6955986022949219,3.324981689453125,-3.2770214080810547
1741033474319681300,269.15468139648436,3.055936336517334,5.33834171295166,-0.5382651686668396
1741033474329782000,269.16478198242186,3.7545156478881836,7.039892196655273,1.8099610805511475
1741033474339883800,269.1748837890625,2.8010940551757812,7.830829620361328,3.1867759227752686
1741033474349984500,269.1849846191406,1.5754189491271973,6.645896911621094,3.495298385620117
1741033474360085200,269.1950852050781,0.7662136554718018,3.8934326171875,2.8139853477478027
1741033474370186200,269.20518627929687,0.23550724983215332,1.4750070571899414,1.9994813203811646
1741033474380287000,269.21528686523436,-0.04478335380554199,0.5068159103393555,1.7698359489440918
1741033474390388200,269.22538818359374,-0.0377044677734375,0.8262262344360352,2.1222023963928223
1741033474400489500,269.2354895019531,0.028583049774169922,1.6307497024536133,2.8510327339172363
1741033474410590200,269.2455900878906,-0.018192768096923828,2.299130439758301,3.337423801422119
1741033474420691200,269.2556911621094,-0.09276461601257324,2.4265270233154297,3.3673179149627686
1741033474430792000,269.2657919921875,-0.3204019069671631,2.005679130554199,2.7803380489349365
1741033474440893000,269.27589282226563,-0.3113563060760498,1.354522705078125,1.9876916408538818
1741033474450993700,269.28599365234373,-0.023259639739990234,0.7037601470947266,1.5829488039016724
1741033474461095200,269.2960952148438,0.05409049987792969,0.11936092376708984,1.3638083934783936
1741033474471196200,269.3061960449219,0.08895301818847656,-0.2973365783691406,1.441562533378601
1741033474481297000,269.316296875,0.19607305526733398,-0.5294370651245117,1.6508145332336426
1741033474491398000,269.32639794921874,0.274489164352417,-0.8030729293823242,1.6975321769714355
1741033474501498600,269.33649853515624,0.6986167430877686,-1.0592737197875977,1.5193908214569092
1741033474511599600,269.346599609375,1.2962346076965332,-1.5752224922180176,1.0878815650939941
1741033474521701400,269.35670141601565,1.3159637451171875,-2.343764305114746,0.6009042263031006
1741033474531862500,269.3668625488281,0.47757554054260254,-3.450655460357666,0.49210476875305176
1741033474542166300,269.3771662597656,-0.6642324924468994,-4.582629680633545,0.8079707622528076
1741033474552469200,269.38746923828126,-1.6810376644134521,-5.288819789886475,1.2639200687408447
1741033474562684000,269.3976838378906,-2.342919111251831,-5.760812759399414,1.577392578125
1741033474572799700,269.4077998046875,-2.5946316719055176,-5.914770603179932,1.8782392740249634
1741033474582901000,269.41790087890627,-2.880312442779541,-5.841436862945557,2.044743537902832
1741033474593001700,269.42800170898437,-3.2085208892822266,-5.56799840927124,2.162114143371582
1741033474603102700,269.43810278320314,-3.0604429244995117,-5.106457233428955,2.3232386112213135
1741033474613203500,269.44820336914063,-2.6228764057159424,-4.466386795043945,2.6454696655273438
1741033474623304400,269.4583044433594,-2.3077456951141357,-3.841851234436035,2.9512624740600586
1741033474633406000,269.4684060058594,-2.073028564453125,-3.165904998779297,3.2180399894714355
1741033474643507000,269.4785068359375,-2.0190439224243164,-2.6355366706848145,2.9354753494262695
1741033474653607700,269.48860766601564,-1.716313123703003,-2.151118755340576,2.497894525527954
1741033474663708400,269.49870849609374,-1.411892294883728,-1.622734546661377,2.1824562549591064
1741033474673809400,269.5088093261719,-1.1882908344268799,-1.2530536651611328,1.705369472503662
1741033474683910100,269.51891015625,-1.0321576595306396,-1.061345100402832,1.1086835861206055
1741033474694011400,269.5290114746094,-1.108987808227539,-0.6986160278320312,0.5716055631637573
1741033474704112600,269.53911254882814,-1.373451590538025,-0.13661670684814453,0.20713019371032715
1741033474714213400,269.54921337890624,-1.5475871562957764,0.4790363311767578,-0.08786535263061523
1741033474724314400,269.559314453125,-1.527898907661438,1.119476318359375,-0.25142860412597656
1741033474734415000,269.5694150390625,-1.5535266399383545,1.8716249465942383,-0.46004223823547363
1741033474744516000,269.5795161132813,-1.7833492755889893,2.4851207733154297,-0.5466635227203369
1741033474754617300,269.58961743164065,-2.1804356575012207,2.8295841217041016,-0.406064510345459
1741033474764718600,269.59971850585936,-2.469062328338623,3.053961753845215,0.0057926177978515625
1741033474774819300,269.6098193359375,-3.1831891536712646,3.241840362548828,-0.061185359954833984
1741033474784920000,269.6199201660156,-3.3649308681488037,3.529979705810547,0.06110215187072754
1741033474795021000,269.6300209960938,-4.914141654968262,4.275339126586914,0.00025081634521484375
1741033474805121800,269.6401218261719,-7.643062591552734,5.560982704162598,0.1906909942626953
1741033474815222800,269.65022290039065,-10.279986381530762,6.834211349487305,0.27713191509246826
1741033474825324300,269.66032421875,-10.211526870727539,7.357898712158203,-0.2047111988067627
1741033474835425300,269.67042529296873,-8.69995403289795,7.229924201965332,-0.6371688842773438
1741033474845526000,269.6805261230469,-6.937828063964844,6.606869697570801,-0.7992053031921387
1741033474855626800,269.6906267089844,-5.646609783172607,6.055617332458496,-0.6909648180007935
1741033474865727700,269.70072778320315,-4.098051071166992,5.265932083129883,-0.508783221244812
1741033474875828500,269.71082836914064,-2.8457889556884766,4.497923851013184,-0.21895182132720947
1741033474885929700,269.7209296875,-2.029463052749634,3.5752182006835938,0.05713188648223877
1741033474896031000,269.7310310058594,-1.3279556035995483,2.5383291244506836,0.21384918689727783
1741033474906131700,269.7411315917969,-0.7412636876106262,1.3347558975219727,0.02747642993927002
1741033474916232700,269.75123266601565,-0.5688057541847229,0.2737846374511719,0.10621631145477295
1741033474926333400,269.76133349609376,-0.14248323440551758,-0.38806629180908203,0.18959438800811768
1741033474936434400,269.77143432617186,0.5328367948532104,-0.49880027770996094,0.33792591094970703
1741033474946536000,269.7815358886719,0.7304089069366455,-0.11194229125976562,0.6268481016159058
1741033474956637000,269.7916369628906,1.3150311708450317,0.37555599212646484,1.0107502937316895
1741033474966737700,269.8017375488281,1.3332619667053223,0.5347261428833008,1.269566535949707
1741033474976838400,269.81183837890626,0.9820729494094849,0.6123380661010742,1.3934662342071533
1741033474986939400,269.821939453125,0.8710228204727173,0.6760215759277344,1.5424981117248535
1741033474997040000,269.8320400390625,1.0696707963943481,0.5830154418945312,1.694411039352417
1741033475007141400,269.8421413574219,1.2753446102142334,0.16039466857910156,1.6663538217544556
1741033475017242600,269.85224267578127,1.3520677089691162,-0.3410930633544922,1.668561339378357
1741033475027343600,269.86234350585937,1.8724080324172974,-0.9691629409790039,1.6846213340759277
1741033475037444400,269.8724443359375,1.900236964225769,-1.7003750801086426,1.8551292419433594
1741033475047545000,269.88254516601563,2.511087417602539,-2.330129623413086,2.3570613861083984
1741033475057646000,269.89264599609373,3.9593472480773926,-2.816946506500244,3.0197746753692627
1741033475067746800,269.9027468261719,5.233920097351074,-3.341526508331299,3.5893185138702393
1741033475077848300,269.9128483886719,6.103171348571777,-4.215754508972168,3.9100282192230225
1741033475087949300,269.92294921875,5.556624889373779,-5.05856990814209,4.047460556030273
1741033475098050000,269.93305004882814,3.1834964752197266,-5.382929801940918,3.6529500484466553
1741033475108151000,269.9431511230469,1.6047598123550415,-5.039028644561768,3.2211103439331055
1741033475118251800,269.9532517089844,0.9775794744491577,-4.56479549407959,2.735478639602661
1741033475128352800,269.9633527832031,0.6646461486816406,-3.8153038024902344,1.9988194704055786
1741033475138453500,269.97345361328127,0.6158270835876465,-2.8869552612304688,1.5562477111816406
1741033475148555300,269.98355517578125,1.3361356258392334,-3.28531551361084,1.4792240858078003
1741033475158656000,269.99365600585935,2.7169580459594727,-4.1983795166015625,1.3805463314056396
1741033475168756700,270.0037568359375,3.4000420570373535,-5.2376580238342285,1.2737265825271606
1741033475178857700,270.0138576660156,3.3560876846313477,-5.976877689361572,0.9803354740142822
1741033475188958500,270.02395849609377,2.776151180267334,-6.534320831298828,0.6925296783447266
1741033475199059500,270.0340595703125,2.6469411849975586,-6.915395736694336,0.4800092577934265
1741033475209160700,270.04416064453125,2.3476617336273193,-7.0816802978515625,0.3876694142818451
1741033475219262000,270.0542619628906,1.9366436004638672,-7.043390274047852,0.2658713161945343
1741033475229362700,270.0643627929687,1.6009657382965088,-6.579689025878906,0.34748199582099915
1741033475239463400,270.0744633789063,1.0669224262237549,-5.635261058807373,0.41753628849983215
1741033475249564400,270.084564453125,0.8122344017028809,-4.555079460144043,0.36908063292503357
1741033475259665200,270.0946650390625,0.6075270175933838,-3.6394615173339844,0.0757136344909668
1741033475269766700,270.1047666015625,0.35939621925354004,-2.7024693489074707,-0.26400870084762573
1741033475279867600,270.1148676757812,-0.16631174087524414,-1.8749198913574219,-0.7193756103515625
1741033475289968400,270.1249685058594,-0.7957086563110352,-0.953577995300293,-1.1016484498977661
1741033475300069400,270.1350693359375,-1.2364243268966675,-0.08372211456298828,-0.22197644412517548
1741033475310170000,270.14517016601565,1.1072092056274414,0.5708436965942383,0.22897982597351074
1741033475320271000,270.15527099609375,8.780776023864746,0.7984895706176758,-0.47749510407447815
1741033475330432500,270.1654326171875,12.023555755615234,3.169322967529297,-2.188253879547119
1741033475340736000,270.17573608398436,13.735342025756836,2.9477100372314453,-1.7647836208343506
1741033475351039200,270.1860393066406,19.519685745239258,1.7953357696533203,-0.04384368658065796
1741033475361254100,270.19625415039064,19.984228134155273,2.1624975204467773,0.33121931552886963
1741033475371370000,270.20636987304687,15.101142883300781,2.252613067626953,1.1878033876419067
1741033475381470700,270.216470703125,10.494924545288086,1.9292335510253906,2.044696807861328
1741033475391572200,270.226572265625,7.447471618652344,2.5109310150146484,2.9954299926757812
1741033475401673500,270.2366735839844,5.9506988525390625,4.384941101074219,4.385948181152344
1741033475411774200,270.2467741699219,3.3045413494110107,8.081557273864746,5.6557440757751465
1741033475421875000,270.256875,-0.010968208312988281,12.093454360961914,6.232293128967285
1741033475431976000,270.26697583007814,-2.8693015575408936,13.20031452178955,5.474709510803223
1741033475442076700,270.27707666015624,-3.729849338531494,10.356399536132812,4.38026762008667
1741033475452177700,270.287177734375,-3.098717451095581,5.998996734619141,3.0643696784973145
1741033475462279200,270.2972790527344,-2.8988759517669678,2.7934818267822266,1.7599834203720093
1741033475472380000,270.3073798828125,-2.721761703491211,1.6001672744750977,1.1964137554168701
1741033475482481000,270.31748095703125,-2.701659679412842,1.6107854843139648,1.361401915550232
1741033475492581600,270.32758154296874,-2.954162836074829,2.0511560440063477,1.8810536861419678
1741033475502682600,270.3376826171875,-3.108572244644165,2.308614730834961,2.56014347076416
1741033475512784000,270.3477839355469,-3.1982338428497314,2.2973031997680664,3.025969982147217
1741033475522885400,270.35788549804687,-3.0040130615234375,2.1561365127563477,3.2330853939056396
1741033475533106200,270.3681062011719,-2.416486978530884,1.7644014358520508,3.110771656036377
1741033475543409700,270.37840966796875,-1.6780270338058472,1.1827068328857422,2.828996181488037
1741033475553712600,270.38871264648435,-0.7809569835662842,0.6344614028930664,2.5415921211242676
1741033475563878100,270.3988781738281,0.2113814353942871,-0.18149471282958984,2.199317455291748
1741033475573984000,270.4089838867188,1.2323963642120361,-0.9178590774536133,1.7088508605957031
1741033475584084700,270.4190847167969,1.9152545928955078,-1.4505772590637207,1.2202911376953125
1741033475594185700,270.42918579101564,2.364783525466919,-1.7324395179748535,0.9757431149482727
1741033475604286500,270.43928637695313,2.9221935272216797,-1.601992130279541,0.9162265062332153
1741033475614387500,270.4493874511719,3.1517603397369385,-1.5943236351013184,0.8438371419906616
1741033475624488200,270.45948828125,2.614941358566284,-2.123654842376709,0.8279374837875366
1741033475634589200,270.4695891113281,1.7117273807525635,-3.3883543014526367,0.9939861297607422
1741033475644690700,270.47969067382815,1.2449681758880615,-4.902465343475342,1.4823527336120605
1741033475654791400,270.48979150390625,0.510521650314331,-5.89671516418457,2.0013267993927
1741033475664892400,270.49989233398435,-0.4233590364456177,-6.166677474975586,2.664595603942871
1741033475674993200,270.5099931640625,-1.1581895351409912,-6.05081844329834,3.370436191558838
1741033475685094100,270.5200942382813,-1.7145843505859375,-5.7382659912109375,4.026054382324219
1741033475695195000,270.53019482421877,-2.4360809326171875,-5.2970099449157715,4.3266377449035645
1741033475705296400,270.54029638671875,-2.5724895000457764,-5.01291036605835,4.380264759063721
1741033475715397400,270.5503974609375,-2.2286908626556396,-4.832988739013672,4.379790782928467
1741033475725498000,270.560498046875,-1.6472039222717285,-4.600496292114258,4.2896270751953125
1741033475735599000,270.5705991210938,-1.0797767639160156,-4.269026279449463,3.9620587825775146
1741033475745699800,270.5806999511719,-0.5805220603942871,-3.860535144805908,3.645291328430176
1741033475755800600,270.5908005371094,-0.6361306309700012,-3.332955837249756,3.3874549865722656
1741033475765901600,270.60090161132814,-0.6007548570632935,-2.5560593605041504,3.2920994758605957
1741033475776003000,270.6110031738281,-0.2853415906429291,-1.7205352783203125,3.2125039100646973
1741033475786104000,270.6211040039062,-0.808066725730896,-1.0823431015014648,3.131012439727783
1741033475796204800,270.6312048339844,-2.6939423084259033,-0.005841255187988281,3.3643016815185547
1741033475806305800,270.64130590820315,-5.338234901428223,1.7863521575927734,4.307971000671387
1741033475816406500,270.65140649414064,-8.660796165466309,4.085646629333496,5.921698570251465
1741033475826507300,270.66150732421875,-12.459810256958008,6.34332275390625,7.67484188079834
1741033475836608800,270.67160888671873,-13.18278980255127,7.180809020996094,7.748250961303711
1741033475846709800,270.6817097167969,-10.913742065429688,5.6533918380737305,5.576406478881836
1741033475856810800,270.6918107910156,-8.404345512390137,3.021329879760742,3.069507360458374
1741033475866911500,270.70191137695315,-6.132353782653809,1.2136001586914062,1.9066746234893799
1741033475877012500,270.71201245117186,-4.886170864105225,0.2584543228149414,1.579400658607483
1741033475887113200,270.72211328125,-5.1196441650390625,0.14197635650634766,1.3886609077453613
1741033475897214000,270.7322138671875,-6.316385269165039,1.1535682678222656,1.377661943435669
1741033475907315700,270.7423156738281,-7.837203502655029,2.7647409439086914,1.1389703750610352
1741033475917416400,270.75241650390626,-8.134262084960938,4.309061050415039,0.6938443183898926
1741033475927517400,270.76251733398436,-7.9270195960998535,5.122867584228516,0.3032810688018799
1741033475937618200,270.7726181640625,-6.75974702835083,5.104793548583984,0.21968603134155273
1741033475947719000,270.7827189941406,-5.436711311340332,4.408918380737305,0.4846518039703369
1741033475957820000,270.7928198242187,-4.510139465332031,3.4722366333007812,0.9995772838592529
1741033475967921000,270.8029208984375,-3.6174511909484863,2.416253089904785,1.6779567003250122
1741033475978022700,270.81302270507814,-2.835706949234009,1.4303207397460938,2.1902012825012207
1741033475988219600,270.8232197265625,-2.0580215454101562,0.6921348571777344,2.6305010318756104
1741033475998523100,270.8335231933594,-1.6124008893966675,0.22761821746826172,2.9995269775390625
1741033476008826000,270.843826171875,-1.1080043315887451,0.1778249740600586,3.082447052001953
1741033476019011300,270.85401123046876,-0.616102933883667,0.5994091033935547,3.0491597652435303
1741033476029121300,270.86412133789065,-0.04958772659301758,1.2181949615478516,2.7726688385009766
1741033476039222300,270.87422216796875,1.334615707397461,1.8992090225219727,2.846968412399292
1741033476049323000,270.88432299804685,2.9324634075164795,2.629098892211914,3.3615565299987793
1741033476059423700,270.894423828125,4.916339874267578,2.9960994720458984,4.030024528503418
1741033476069524700,270.9045246582031,8.151386260986328,2.9155330657958984,4.60976505279541
1741033476079625500,270.9146254882813,9.07259750366211,2.365358352661133,4.86377477645874
1741033476089726500,270.9247265625,8.999253273010254,1.5449419021606445,4.882779121398926
1741033476099828000,270.93482788085936,7.845738410949707,-0.06098461151123047,4.2662272453308105
1741033476109929000,270.9449289550781,5.990541934967041,-1.4099030494689941,3.7219624519348145
1741033476120029700,270.9550297851562,3.95636248588562,-2.6068115234375,3.1721889972686768
1741033476130130400,270.9651303710938,1.628411054611206,-3.4524574279785156,2.5922791957855225
1741033476140231400,270.9752314453125,1.1653716564178467,-3.8784642219543457,2.256701946258545
1741033476150332200,270.98533227539065,1.6460351943969727,-3.524026870727539,2.615556478500366
1741033476160433200,270.99543310546875,2.6037840843200684,-2.705007553100586,3.3548905849456787
1741033476170534400,271.0055344238281,2.534450054168701,-2.425938606262207,3.691293239593506
1741033476180635600,271.0156357421875,-2.3043837547302246,-1.615147590637207,3.206815481185913
1741033476190736400,271.025736328125,0.9515120983123779,-1.0655527114868164,3.793459892272949
1741033476200837000,271.03583715820315,7.396315097808838,-2.47709321975708,3.906205654144287
1741033476210938000,271.04593823242186,10.303532600402832,-4.113238334655762,4.350651741027832
1741033476221038800,271.05603881835935,9.298385620117188,-5.382340431213379,3.931821823120117
1741033476231139800,271.0661398925781,7.173569679260254,-6.512850284576416,2.6707077026367188
1741033476241241300,271.0762414550781,6.196029186248779,-7.2463178634643555,1.968946933746338
1741033476251342000,271.0863420410156,5.204965591430664,-7.486921310424805,1.8594597578048706
1741033476261443000,271.09644311523436,4.569278240203857,-7.472845554351807,2.055697202682495
1741033476271543800,271.10654370117186,3.652071714401245,-7.263762474060059,2.1244618892669678
1741033476281644800,271.1166447753906,2.7875330448150635,-7.373374938964844,1.669295310974121
1741033476291745500,271.1267456054687,2.200113296508789,-7.580290794372559,1.2156181335449219
1741033476301846800,271.1368466796875,1.4833853244781494,-7.4583892822265625,0.7557501792907715
1741033476311948500,271.14694848632814,0.7942407131195068,-7.023593902587891,0.23809978365898132
1741033476322049300,271.15704931640624,0.6685574054718018,-5.732827186584473,0.15654541552066803
1741033476332281000,271.16728100585937,0.6458828449249268,-4.2530717849731445,-0.060960348695516586
1741033476342584600,271.17758447265624,1.733762264251709,-3.18460750579834,-0.37136146426200867
1741033476352887600,271.1878874511719,3.778505563735962,-3.1696109771728516,-0.697681188583374
1741033476363044900,271.198044921875,5.272355079650879,-3.647754669189453,-1.0883058309555054
1741033476373148000,271.20814794921876,5.52945613861084,-3.419386863708496,-1.2870274782180786
1741033476383261700,271.21826171875,6.02260684967041,-1.8620681762695312,-1.2196004390716553
1741033476393565200,271.22856518554687,7.314425945281982,0.7867059707641602,-0.7376911044120789
1741033476403868700,271.23886865234374,9.750877380371094,3.6456832885742188,0.39830631017684937
1741033476414122500,271.24912255859374,13.185714721679688,6.690188407897949,1.9532525539398193
1741033476424246800,271.2592468261719,10.735854148864746,9.669816970825195,2.4282212257385254
1741033476434347800,271.26934765625,5.221865653991699,11.476130485534668,1.8522295951843262
1741033476444448500,271.27944848632814,2.865826368331909,10.329824447631836,0.7177419662475586
1741033476454549500,271.2895495605469,2.1619694232940674,7.640356063842773,0.6161770224571228
1741033476464650200,271.2996501464844,0.565824031829834,5.686470985412598,0.7627826929092407
1741033476474751000,271.3097509765625,-1.2246850728988647,4.55288028717041,0.1643773317337036
1741033476484852500,271.3198525390625,-1.4863877296447754,4.066717147827148,-0.6813262701034546
1741033476494953500,271.32995336914064,-0.9797574281692505,3.8935604095458984,-0.639944851398468
1741033476505054500,271.34005444335935,-0.6148409843444824,4.135275840759277,0.1856902837753296
1741033476515155200,271.3501552734375,-0.12968182563781738,3.744095802307129,0.31027352809906006
1741033476525256000,271.360255859375,-0.4533052444458008,2.826648712158203,0.31608766317367554
1741033476535357000,271.37035693359377,-0.94560706615448,1.8594493865966797,0.42028921842575073
1741033476545457700,271.38045776367187,-0.8530676364898682,1.746840476989746,0.8609921336174011
1741033476555558700,271.39055859375,-0.3017716407775879,2.621551513671875,1.5474307537078857
1741033476565660200,271.40066015625,0.4213888645172119,3.765850067138672,2.229377031326294
1741033476575761200,271.4107612304687,0.8640213012695312,4.508679389953613,2.7211737632751465
1741033476585862000,271.4208618164063,0.8988227844238281,4.130345344543457,2.4917025566101074
1741033476595962600,271.4309626464844,0.8409292697906494,2.959676742553711,1.8804346323013306
1741033476606063600,271.44106372070314,0.6844401359558105,1.7168569564819336,1.1868103742599487
1741033476616164400,271.45116430664064,0.37717461585998535,0.6942424774169922,0.604353129863739
1741033476626265900,271.4612658691406,0.21152949333190918,0.11627578735351562,0.46524542570114136
1741033476636366800,271.4713669433594,0.21839594841003418,-0.1472005844116211,0.6941062211990356
1741033476646467800,271.4814677734375,0.3080263137817383,-0.49732017517089844,0.9682803750038147
1741033476656568600,271.49156860351565,0.3133230209350586,-0.8694562911987305,1.3409111499786377
1741033476666669300,271.50166943359375,0.3298835754394531,-1.4294939041137695,1.6914972066879272
1741033476676770300,271.51177026367185,0.4071946144104004,-2.180079936981201,1.9631987810134888
1741033476686871000,271.52187109375,0.24480175971984863,-2.929903507232666,2.350524425506592
1741033476696972800,271.5319729003906,0.021002531051635742,-3.336719036102295,2.7796831130981445
1741033476707073500,271.54207348632815,-0.2893662452697754,-3.323129177093506,3.1823925971984863
1741033476717174300,271.55217431640625,-0.854483425617218,-3.3199734687805176,3.4210071563720703
1741033476727275300,271.56227514648435,-1.1712568998336792,-3.4911818504333496,3.493727922439575
1741033476737376000,271.5723759765625,-1.3246009349822998,-3.8680601119995117,3.403876304626465
1741033476747477000,271.5824770507812,-1.1763157844543457,-3.8816871643066406,3.289958953857422
1741033476757577700,271.5925776367188,-0.7728102207183838,-3.8451156616210938,3.1341934204101562
1741033476767679000,271.60267895507815,-0.12220203876495361,-3.8696603775024414,3.101168394088745
1741033476777780200,271.6127802734375,0.43111616373062134,-3.688955783843994,3.0471458435058594
1741033476787881000,271.622880859375,0.5983729362487793,-3.5432190895080566,2.852593421936035
1741033476797982000,271.6329819335937,0.5572554469108582,-3.7495040893554688,2.529691219329834
1741033476808082700,271.6430827636719,0.4446278214454651,-3.857876777648926,2.4025914669036865
1741033476818183700,271.65318359375,0.16147923469543457,-3.974377155303955,2.3203768730163574
1741033476828284400,271.66328442382815,-0.189603790640831,-4.043670177459717,2.2508578300476074
1741033476838386000,271.6733859863281,-0.28886014223098755,-4.049008846282959,2.1401748657226562
1741033476848487000,271.68348681640623,-0.3063758909702301,-4.149216175079346,2.027440309524536
1741033476858587600,271.6935876464844,-0.38721805810928345,-4.122694969177246,1.8834328651428223
1741033476868688600,271.7036887207031,-0.4537056088447571,-3.797177791595459,1.7506420612335205
1741033476878789400,271.71378930664065,-0.25336962938308716,-3.2849855422973633,1.5210496187210083
1741033476888890000,271.72389013671875,-0.23213648796081543,-2.632908821105957,1.256904125213623
1741033476898991400,271.7339914550781,0.200173020362854,-1.78277587890625,1.143944263458252
1741033476909092600,271.7440925292969,-0.9247173070907593,-0.5613088607788086,0.8907414674758911
1741033476919193600,271.7541936035156,-6.023447036743164,1.2725868225097656,0.6600852012634277
1741033476929294300,271.76429443359376,-13.189592361450195,4.348519325256348,0.4828171730041504
1741033476939395300,271.77439526367186,-18.446636199951172,6.848183631896973,0.4236440658569336
1741033476949496000,271.78449609375,-18.014589309692383,6.874414443969727,0.522695779800415
1741033476959596800,271.7945966796875,-12.117775917053223,4.826251029968262,0.36425089836120605
1741033476969697800,271.8046977539062,-7.452748775482178,3.0571537017822266,0.9956846237182617
1741033476979799300,271.81479931640627,-5.781574726104736,2.630608558654785,1.3758457899093628
1741033476989900300,271.824900390625,-5.854338645935059,2.921504020690918,1.3148422241210938
1741033477000001000,271.8350009765625,-6.231573581695557,3.5134544372558594,1.2422758340835571
1741033477010101800,271.8451018066406,-6.585944175720215,4.408310890197754,1.5220601558685303
1741033477020203500,271.8552036132813,-5.878218173980713,5.089582443237305,2.307471752166748
1741033477030327600,271.86532763671875,-4.412514686584473,5.0678300857543945,2.789905071258545
1741033477040631300,271.8756313476562,-2.4083900451660156,4.117837905883789,2.8751027584075928
1741033477050875400,271.8858754882813,-1.6208969354629517,2.6633663177490234,2.4305973052978516
1741033477061036500,271.89603662109374,-1.0434719324111938,1.253636360168457,1.959308385848999
1741033477071276300,271.9062763671875,-0.36507606506347656,0.23378372192382812,1.5612493753433228
1741033477081402400,271.91640234375,-0.18198156356811523,-0.0591888427734375,1.522354245185852
1741033477091503400,271.9265034179688,0.4080367088317871,0.5284147262573242,1.5929404497146606
1741033477101604600,271.9366044921875,0.7313518524169922,1.6517763137817383,1.697525978088379
1741033477111837200,271.94683715820315,1.29691743850708,2.7581634521484375,2.071794033050537
1741033477122140700,271.957140625,2.036606550216675,3.3193111419677734,2.5140881538391113
1741033477132443600,271.9674436035156,2.745500326156616,2.924454689025879,2.4907734394073486
1741033477142600200,271.97760009765625,3.4617977142333984,2.3621511459350586,2.2341229915618896
1741033477152704000,271.9877041015625,4.080219268798828,1.592839241027832,1.889192819595337
1741033477163007700,271.9980078125,4.6791229248046875,0.8726692199707031,1.604515790939331
1741033477173311200,272.0083112792969,5.491409778594971,0.5265998840332031,1.6575261354446411
1741033477183574800,272.01857470703123,5.510546684265137,0.2660837173461914,2.3147013187408447
1741033477193701600,272.02870166015623,4.699585914611816,-0.41058826446533203,3.0320510864257812
1741033477203862800,272.03886279296876,5.1752190589904785,-1.4990568161010742,3.1313717365264893
1741033477214166300,272.0491662597656,5.8153557777404785,-2.6874938011169434,3.02998423576355
1741033477224363000,272.0593630371094,5.2692155838012695,-3.176901340484619,3.0507454872131348
1741033477234357500,272.069357421875,4.5945024490356445,-4.087682247161865,2.409357786178589
1741033477244518400,272.07951831054686,3.0242440700531006,-4.535802841186523,2.01218318939209
1741033477254667500,272.08966748046873,-0.5913090109825134,-4.1845011711120605,1.0909497737884521
1741033477264923600,272.0999235839844,0.21516740322113037,-3.748812198638916,1.3523908853530884
1741033477275049200,272.1100493164063,4.248200416564941,-4.362026691436768,1.7087202072143555
1741033477285329000,272.1203288574219,5.919204235076904,-5.100628852844238,1.4338390827178955
1741033477295632600,272.1306325683594,5.876009941101074,-5.876435279846191,1.1813251972198486
1741033477305922600,272.1409226074219,5.709197044372559,-6.901491641998291,0.7206678986549377
1741033477316101600,272.1511015625,5.319921970367432,-7.639649391174316,0.5634526014328003
1741033477326251000,272.1612509765625,4.662417888641357,-7.837942123413086,0.5804463624954224
1741033477336554500,272.17155444335935,4.331987380981445,-7.579695224761963,0.744109570980072
1741033477346857700,272.1818576660156,3.619105100631714,-7.48387336730957,0.4182150959968567
1741033477357082000,272.19208203125,2.6575067043304443,-7.398845195770264,0.19755882024765015
1741033477367200000,272.20219995117185,1.7351768016815186,-7.15488338470459,0.1241757869720459
1741033477377301200,272.2123012695312,1.2277367115020752,-6.765809535980225,0.27328598499298096
1741033477387402200,272.22240234375,1.2489945888519287,-6.382317066192627,0.4631882309913635
1741033477397503000,272.2325029296875,1.259551763534546,-6.00457239151001,0.5534545183181763
1741033477407603700,272.24260375976564,1.4190740585327148,-5.392111778259277,0.6327654123306274
1741033477417704700,272.25270458984374,1.7208869457244873,-4.4672441482543945,0.6526813507080078
1741033477427806200,272.2628061523437,2.2511415481567383,-2.82600736618042,0.9294168949127197
1741033477438098200,272.2730981445313,2.5331645011901855,-0.33835411071777344,1.2853655815124512
1741033477448401700,272.28340161132815,2.564713954925537,3.5454959869384766,1.5998585224151611
1741033477458675000,272.2936750488281,2.1270859241485596,7.783184051513672,1.4120633602142334
1741033477468803600,272.30380346679686,2.5539519786834717,10.776503562927246,1.086003065109253
1741033477478904600,272.31390454101563,3.2474184036254883,10.736276626586914,-0.38646215200424194
1741033477489005300,272.32400537109373,3.027104377746582,8.709535598754883,-2.1137847900390625
1741033477499106600,272.3341064453125,3.1276183128356934,6.533690452575684,-3.9944701194763184
1741033477509207800,272.3442077636719,2.473590850830078,4.3997392654418945,-5.576650619506836
1741033477519308500,272.35430859375,3.8719804286956787,1.6246528625488281,-6.060914993286133
1741033477529409500,272.36440942382814,7.530045509338379,-0.46042919158935547,-4.442772388458252
1741033477539510300,272.37451025390624,10.456232070922852,-0.4488401412963867,-1.3406702280044556
1741033477549611300,272.384611328125,9.67566967010498,1.4720096588134766,0.9266835451126099
1741033477559712000,272.3947119140625,7.301352024078369,3.37753963470459,2.0375921726226807
1741033477569813500,272.4048134765625,3.6337478160858154,4.317439079284668,2.367788314819336
1741033477579914500,272.41491455078125,1.1824214458465576,5.063754081726074,2.588953733444214
1741033477590015200,272.42501513671874,-1.24009370803833,4.7686662673950195,2.4527673721313477
1741033477600116200,272.4351162109375,-2.9464550018310547,3.2987279891967773,2.03147029876709
1741033477610217000,272.4452170410156,-3.3690314292907715,2.2083940505981445,1.8133713006973267
1741033477620318000,272.45531787109377,-2.9410886764526367,2.30741024017334,2.031074047088623
1741033477630419000,272.4654189453125,-1.8754817247390747,3.4526586532592773,2.483349084854126
1741033477640580000,272.475580078125,-1.0939054489135742,4.905285835266113,3.100186347961426
1741033477650883600,272.4858835449219,-1.251845359802246,5.777186393737793,3.6384878158569336
1741033477661186800,272.49618676757814,-1.689428448677063,5.7212724685668945,3.971050262451172
1741033477671402000,272.5064020996094,-1.981738805770874,4.709413528442383,3.900867462158203
1741033477681518000,272.51651806640626,-2.2992658615112305,2.849599838256836,3.0122389793395996
1741033477691618800,272.52661889648436,-2.4248790740966797,1.153742790222168,1.8809272050857544
1741033477701719600,272.53671948242186,-2.4806439876556396,0.04267311096191406,1.202478289604187
1741033477711975400,272.5469753417969,-2.363280773162842,-0.7329072952270508,0.9792727828025818
1741033477722279000,272.55727880859376,-2.1750376224517822,-1.368697166442871,0.8748409748077393
1741033477732581600,272.56758154296875,-1.9062814712524414,-1.9143600463867188,0.9633879661560059
1741033477742717400,272.5777175292969,-1.8064279556274414,-2.3981237411499023,1.0567880868911743
1741033477752818400,272.587818359375,-1.7898926734924316,-2.8712730407714844,1.1100419759750366
1741033477762919400,272.59791943359374,-1.8274996280670166,-3.285248279571533,1.1521327495574951
1741033477773021000,272.6080209960937,-1.7939209938049316,-3.5888147354125977,1.2261582612991333
1741033477783121700,272.6181215820312,-2.010310173034668,-3.8594422340393066,1.2526650428771973
1741033477793222400,272.6282224121094,-2.3463549613952637,-4.075167655944824,1.2186819314956665
1741033477803323400,272.63832348632815,-2.3746607303619385,-4.180121898651123,1.263492226600647
1741033477813424000,272.64842407226564,-2.3047029972076416,-4.291280746459961,1.248712182044983
1741033477823525400,272.658525390625,-2.3904247283935547,-4.281661033630371,1.1037259101867676
1741033477833626400,272.6686264648437,-2.842942237854004,-4.054734230041504,1.1803381443023682
1741033477843858000,272.67885791015624,-3.061272621154785,-3.6885862350463867,1.2121098041534424
1741033477854161700,272.6891616210938,-3.1881637573242188,-3.463165760040283,1.1043529510498047
1741033477864464400,272.69946435546876,-3.3658907413482666,-3.355693817138672,0.7923507690429688
1741033477874622000,272.7096220703125,-3.553274631500244,-3.0721306800842285,0.5607562065124512
1741033477884724700,272.71972485351563,-3.8020737171173096,-2.5288519859313965,0.4580960273742676
1741033477894825700,272.72982568359373,-4.298537254333496,-1.7184982299804688,0.4316970109939575
1741033477904927200,272.73992724609377,-4.533913612365723,-0.7581949234008789,0.4328761100769043
1741033477915028200,272.7500283203125,-4.842797756195068,0.18854618072509766,0.4574294090270996
1741033477925129000,272.76012890625,-5.278726100921631,1.077378273010254,0.32673144340515137
1741033477935230000,272.77022998046874,-5.746315956115723,1.8938703536987305,-0.01655268669128418
1741033477945330700,272.78033056640623,-6.185122489929199,2.655776023864746,-0.18767547607421875
1741033477955431400,272.7904313964844,-6.274128437042236,3.463242530822754,-0.07066941261291504
1741033477965532400,272.8005324707031,-5.93007755279541,4.095002174377441,0.3678722381591797
1741033477975633700,272.81063354492187,-5.423041820526123,4.6392621994018555,0.8008146286010742
1741033477985735000,272.82073486328125,-5.099510669708252,4.897944450378418,1.0294880867004395
1741033477995835600,272.83083569335935,-4.567599296569824,4.802769660949707,0.9870548844337463
1741033478005936600,272.8409365234375,-3.8379995822906494,4.532366752624512,0.6281266212463379
1741033478016037400,272.8510373535156,-2.8495397567749023,4.266909599304199,0.14594435691833496
1741033478026138000,272.86113818359377,-1.8789904117584229,4.171056747436523,-0.3997528553009033
1741033478036239000,272.87123901367187,-0.9850547313690186,4.491091728210449,-0.7335461378097534
1741033478046339800,272.88133984375,0.54364013671875,5.210169792175293,-0.9838172197341919
1741033478056441600,272.8914416503906,2.0893115997314453,6.24431037902832,-1.2361403703689575
1741033478066542300,272.9015422363281,2.9544382095336914,7.119960784912109,-1.4899693727493286
1741033478076643000,272.91164306640627,3.2387027740478516,7.094643592834473,-1.6738563776016235
1741033478086744000,272.921744140625,3.2180747985839844,5.5380706787109375,-1.5678967237472534
1741033478096844800,272.9318447265625,2.2027015686035156,2.9075355529785156,-1.620141625404358
1741033478106945800,272.94194580078124,1.4974665641784668,0.9580621719360352,-1.5902942419052124
1741033478117046500,272.9520466308594,0.9217829704284668,0.31372547149658203,-1.316112995147705
1741033478127147800,272.9621477050781,1.1836934089660645,0.9088535308837891,-0.9211235046386719
1741033478137356500,272.9723564453125,2.041799545288086,2.3686037063598633,-0.43568968772888184
1741033478147660000,272.9826599121094,2.8293285369873047,3.453521728515625,0.04698765277862549
1741033478157963000,272.992962890625,3.2109739780426025,3.952866554260254,0.4544670581817627
1741033478168139000,273.00313891601564,3.3437118530273438,4.14616584777832,0.7286041975021362
1741033478178246400,273.0132463378906,3.4900009632110596,4.123038291931152,0.9251354932785034
1741033478188347100,273.0233471679687,4.165436744689941,3.674152374267578,1.0743155479431152
1741033478198449000,273.03344897460937,4.299996376037598,3.0145750045776367,0.8432655334472656
1741033478208549600,273.04354956054686,3.8052961826324463,2.305058479309082,0.8998034596443176
1741033478218650600,273.05365063476563,3.0031473636627197,1.167851448059082,1.2157676219940186
1741033478228751600,273.0637517089844,2.250762462615967,0.00047397613525390625,2.1155989170074463
1741033478238900700,273.0739006347656,2.6865556240081787,-1.1050262451171875,3.4730663299560547
1741033478249133300,273.0841333007813,3.0691514015197754,-1.8834071159362793,5.172863960266113
1741033478259306200,273.09430615234373,2.2251665592193604,-2.403326988220215,6.5408220291137695
1741033478269609700,273.1046096191406,1.1639262437820435,-3.0731801986694336,7.020790100097656
1741033478279830800,273.1148308105469,1.0043848752975464,-4.022398948669434,6.84348726272583
1741033478289951000,273.1249509277344,2.0135738849639893,-4.724094867706299,6.265125274658203
1741033478300051700,273.1350517578125,2.1346545219421387,-4.985967636108398,5.4071550369262695
1741033478310152700,273.1451525878906,2.1521196365356445,-5.263104438781738,4.533314228057861
1741033478320254200,273.15525415039065,2.1587719917297363,-5.5196685791015625,3.6379103660583496
1741033478330355200,273.16535522460936,1.8164912462234497,-5.6156325340271,3.0504884719848633
1741033478340456000,273.1754560546875,1.6274595260620117,-6.133413791656494,2.493928909301758
1741033478350557000,273.1855568847656,1.3358135223388672,-6.8423075675964355,1.998997688293457
1741033478360657700,273.1956577148438,1.1433451175689697,-7.634603500366211,1.7842875719070435
1741033478370783200,273.205783203125,1.5296167135238647,-8.305183410644531,1.6983684301376343
1741033478381087000,273.2160869140625,2.112682342529297,-8.70195198059082,1.6817138195037842
1741033478391390200,273.22639013671875,2.347938060760498,-8.773798942565918,1.4831933975219727
1741033478401634600,273.23663452148435,2.8885440826416016,-8.379765510559082,1.2771961688995361
1741033478411756800,273.2467568359375,2.927377700805664,-7.808038711547852,1.054321527481079
1741033478421857500,273.256857421875,2.7542498111724854,-6.910256385803223,0.88722163438797
1741033478431958800,273.2669587402344,2.821854591369629,-5.812015533447266,0.8591492176055908
1741033478442179300,273.2771794433594,3.104553699493408,-4.6051225662231445,0.7765854597091675
1741033478452483000,273.28748315429686,4.027397155761719,-3.0365185737609863,0.751611590385437
1741033478462785800,273.29778588867185,4.638042449951172,-0.9143486022949219,0.5643160939216614
1741033478472952300,273.3079523925781,4.754916191101074,1.461435317993164,0.003877878189086914
1741033478483057400,273.3180573730469,4.539961338043213,3.9449357986450195,-0.33093416690826416
1741033478493158100,273.328158203125,3.9659204483032227,6.251859664916992,-1.0676995515823364
1741033478503259100,273.33825903320314,2.775698184967041,7.541358947753906,-1.712051272392273
1741033478513360000,273.34835986328125,1.783271312713623,7.298152923583984,-1.6675680875778198
1741033478523460600,273.35846069335935,1.933161973953247,5.921808242797852,-1.3516086339950562
1741033478533561900,273.3685617675781,1.9901351928710938,4.665529251098633,-1.3166611194610596
1741033478543663000,273.3786630859375,1.7790415287017822,4.257534980773926,-1.7250062227249146
1741033478553764000,273.38876416015626,1.3303277492523193,4.102414131164551,-2.7173407077789307
1741033478563864800,273.39886474609375,-0.0046651363372802734,3.57466983795166,-3.6592514514923096
1741033478573965600,273.40896557617185,1.017512559890747,2.634751319885254,-4.2872138023376465
1741033478584066600,273.4190666503906,6.610101699829102,1.4222755432128906,-5.368955135345459
1741033478594167300,273.4291672363281,9.748658180236816,2.1539907455444336,-5.042488098144531
1741033478604268300,273.4392683105469,4.644691467285156,4.184240341186523,-3.553758144378662
1741033478614369000,273.449369140625,0.2096545696258545,5.026239395141602,-2.0255000591278076
1741033478624470500,273.45947045898436,-0.8111927509307861,4.084476470947266,-0.8040692806243896
1741033478634571500,273.4695715332031,0.2603914737701416,2.9067678451538086,0.2562810182571411
1741033478644672300,273.4796723632812,1.2273712158203125,2.7902393341064453,0.971117377281189
1741033478654773200,273.4897731933594,1.025089979171753,3.6450090408325195,1.9853737354278564
1741033478664875000,273.499875,0.14388537406921387,4.924029350280762,2.6010618209838867
1741033478674975000,273.50997509765625,-0.40987586975097656,6.191595077514648,3.3273191452026367
1741033478685075700,273.52007568359375,-1.0666719675064087,6.729242324829102,4.11687707901001
1741033478695176700,273.5301767578125,-1.4227253198623657,6.483678817749023,4.63663911819458
1741033478705337000,273.5403371582031,-1.1359076499938965,5.647896766662598,4.789731025695801
1741033478715640600,273.550640625,-1.0248987674713135,4.060795783996582,4.295275688171387
1741033478725943800,273.56094384765623,-1.0181175470352173,2.382756233215332,3.6668171882629395
1741033478736159500,273.57115942382814,-1.2716959714889526,1.0289640426635742,3.3501596450805664
1741033478746275600,273.58127563476563,-1.7590153217315674,-0.16411304473876953,3.111114740371704
1741033478756376300,273.5913762207031,-1.7630081176757812,-1.3244843482971191,2.848642587661743
1741033478766477300,273.6014772949219,-1.5768704414367676,-2.3578882217407227,2.609973907470703
1741033478776578800,273.6115788574219,-1.4988919496536255,-3.151188850402832,2.451385021209717
1741033478786679800,273.6216796875,-1.586821436882019,-3.7156248092651367,2.384810209274292
1741033478796780500,273.63178051757814,-1.7612522840499878,-4.138566493988037,2.3080077171325684
1741033478806881300,273.64188134765624,-1.619632363319397,-4.392319679260254,2.250150442123413
1741033478816982300,273.6519821777344,-1.2987360954284668,-4.480308532714844,2.3010804653167725
1741033478827083000,273.6620830078125,-0.9883934259414673,-4.441911220550537,2.389169931411743
1741033478837183700,273.6721838378906,-0.48442840576171875,-4.317887783050537,2.290879726409912
1741033478847284700,273.68228466796876,-0.6161608695983887,-4.220012664794922,2.2883925437927246
1741033478857385700,273.6923857421875,-0.8635714054107666,-4.073083877563477,2.24782395362854
1741033478867487200,273.7024873046875,-1.2430254220962524,-3.693167209625244,2.2242870330810547
1741033478877588000,273.712587890625,-1.4705275297164917,-3.404862403869629,1.9170118570327759
1741033478887689000,273.72268896484377,-1.539785623550415,-3.051482677459717,1.5480672121047974
1741033478897789700,273.73278979492187,-1.8676306009292603,-2.571773052215576,1.4040071964263916
1741033478907890400,273.74289038085936,-2.414564847946167,-2.4180421829223633,1.495085597038269
1741033478917991400,273.75299145507813,-2.810871124267578,-2.3480162620544434,1.5078284740447998
1741033478928092200,273.7630920410156,-2.914123058319092,-2.336970329284668,1.4230117797851562
1741033478938193700,273.7731936035156,-2.9588451385498047,-2.2296018600463867,1.204667091369629
1741033478948294100,273.7832941894531,-3.3009564876556396,-2.195481300354004,0.7911553382873535
1741033478958573800,273.7935737304687,-3.691983222961426,-1.802626609802246,0.45087528228759766
1741033478968877300,273.80387719726565,-4.076077938079834,-1.1793136596679688,0.6577579975128174
1741033478979160600,273.8141606445312,-4.211514472961426,-0.3894691467285156,1.0625345706939697
1741033478989292000,273.8242919921875,-4.21403169631958,0.5483865737915039,1.2340130805969238
1741033478999392800,273.8343928222656,-4.688718795776367,1.631983757019043,1.227623701095581
1741033479009493800,273.8444936523438,-5.489565849304199,2.708141326904297,1.002415418624878
1741033479019594800,273.8545947265625,-6.058349609375,3.6090145111083984,0.9868776798248291
1741033479029696300,273.8646962890625,-7.133907794952393,4.256608009338379,0.6629955768585205
1741033479039797000,273.874796875,-7.189438819885254,4.456127166748047,0.6556932926177979
1741033479049898200,273.8848981933594,-6.9417219161987305,4.419257164001465,1.1798326969146729
1741033479059999200,273.8949992675781,-6.31260871887207,4.106376647949219,1.7421025037765503
1741033479070230800,273.9052307128906,-5.314487457275391,4.283170700073242,2.120361566543579
1741033479080534500,273.91553442382815,-5.252907752990723,5.112616539001465,1.9389629364013672
1741033479090837200,273.92583715820314,-4.9213151931762695,6.11094856262207,1.1036115884780884
1741033479100994800,273.93599487304687,-4.0094895362854,7.056541442871094,0.5078134536743164
1741033479111097600,273.94609765625,-2.8891232013702393,6.834829330444336,-0.44834375381469727
1741033479121198600,273.9561984863281,-2.089228630065918,5.045965194702148,-1.4665281772613525
1741033479131299600,273.9662995605469,-1.0658626556396484,2.5138912200927734,-1.616743564605713
1741033479141401000,273.97640112304686,-0.23417139053344727,0.7705564498901367,-1.1616859436035156
1741033479151549000,273.986548828125,0.42609143257141113,0.2476940155029297,-0.6907258033752441
1741033479161852400,273.9968522949219,1.3690378665924072,0.7561817169189453,-0.16338825225830078
1741033479172155600,274.00715576171876,2.021425247192383,1.9614410400390625,0.27704858779907227
1741033479182380800,274.017380859375,3.213027238845825,3.376646041870117,0.573185920715332
1741033479192499700,274.02749975585937,4.543920516967773,4.605804443359375,0.8104257583618164
1741033479202720300,274.0377202148438,5.308469772338867,5.3648786544799805,0.7947810292243958
1741033479213023700,274.04802368164064,5.7083740234375,5.2200927734375,0.8887004852294922
1741033479223173000,274.0581730957031,6.146055221557617,4.208173751831055,1.0507923364639282
1741033479233429200,274.06842919921877,6.517520904541016,2.9900665283203125,1.7394227981567383
1741033479243595300,274.07859521484374,5.5576934814453125,1.637833595275879,2.6907131671905518
1741033479253698800,274.08869873046876,2.8245766162872314,0.40647125244140625,2.7552595138549805
1741033479263799800,274.0987998046875,1.1831963062286377,-0.8406801223754883,2.455878734588623
1741033479273900500,274.10890063476563,0.7132837772369385,-1.8599987030029297,2.336167573928833
1741033479284001500,274.11900146484373,1.0778025388717651,-2.520951271057129,2.5974996089935303
1741033479294151000,274.1291508789063,2.3437564373016357,-2.985865592956543,2.6562118530273438
1741033479304383200,274.1393833007813,6.7176432609558105,-3.162548065185547,0.9361997842788696
1741033479314556200,274.14955615234373,7.413904666900635,-5.125622272491455,0.5777097940444946
1741033479324859600,274.1598596191406,-1.1812794208526611,-5.003857612609863,1.1935604810714722
1741033479335081000,274.1700810546875,-4.967436790466309,-4.028133392333984,1.7698224782943726
1741033479345201000,274.18020092773435,0.43681180477142334,-4.68519926071167,2.7384283542633057
1741033479355302000,274.1903020019531,3.4306130409240723,-5.728365898132324,3.066436767578125
1741033479365403400,274.2004033203125,4.897322177886963,-6.582198143005371,3.1618030071258545
1741033479375504400,274.21050439453126,4.842658042907715,-7.1026997566223145,3.1162376403808594
1741033479385605000,274.22060522460936,4.163894176483154,-7.305477619171143,2.7790422439575195
1741033479395706000,274.2307060546875,3.417921543121338,-7.642857551574707,2.3072404861450195
1741033479405806800,274.2408068847656,2.840672016143799,-7.8801422119140625,2.0009942054748535
1741033479415907600,274.2509074707031,2.1302413940429688,-7.859884262084961,1.9858744144439697
1741033479426008600,274.2610085449219,1.6742488145828247,-7.687602996826172,2.062685966491699
1741033479436109300,274.271109375,1.4984569549560547,-7.307020664215088,2.2026009559631348
1741033479446210000,274.2812099609375,1.4330048561096191,-6.7440290451049805,2.4187278747558594
1741033479456311000,274.29131103515624,1.3411163091659546,-6.228787422180176,2.2777676582336426
1741033479466412000,274.301412109375,1.402252435684204,-5.61314582824707,2.0152430534362793
1741033479476513500,274.3115134277344,1.6072958707809448,-4.746967315673828,1.8448474407196045
1741033479486614300,274.3216142578125,1.9679700136184692,-3.5056867599487305,1.7419230937957764
1741033479496715300,274.33171533203125,2.390852928161621,-1.7059078216552734,1.7441331148147583
1741033479506816000,274.34181591796874,2.7861781120300293,0.5844755172729492,1.7987573146820068
1741033479516916700,274.35191674804685,2.950235366821289,3.5312414169311523,1.7761852741241455
1741033479527017700,274.3620178222656,2.606942653656006,6.059197425842285,1.1565717458724976
1741033479537119200,274.372119140625,2.2891674041748047,7.513016700744629,0.29725533723831177
1741033479547387100,274.38238720703123,2.3035218715667725,7.484674453735352,-1.1326836347579956
1741033479557691000,274.39269091796876,2.6043970584869385,6.064597129821777,-3.62308406829834
1741033479567983900,274.40298388671874,3.6181869506835938,4.6261749267578125,-5.562918663024902
1741033479578116600,274.41311669921873,3.831533193588257,3.7398805618286133,-6.422295570373535
1741033479588217600,274.4232175292969,3.66184139251709,3.1763687133789062,-6.1712141036987305
1741033479598318300,274.433318359375,3.2973990440368652,3.295412063598633,-4.959351539611816
1741033479608419000,274.44341918945315,4.070314407348633,3.6157751083374023,-4.465831756591797
1741033479618520000,274.45352001953125,6.613396644592285,3.322021484375,-3.5529351234436035
1741033479628620800,274.46362084960936,8.663448333740234,2.934164047241211,-2.1041903495788574
1741033479638721800,274.4737216796875,7.907469749450684,3.591996192932129,-0.6639862060546875
1741033479648823000,274.4838229980469,4.2084150314331055,5.149820327758789,0.1957550048828125
1741033479658924300,274.49392431640626,1.5131661891937256,5.136704444885254,0.947782039642334
1741033479669025000,274.50402490234376,0.7516534328460693,3.805248260498047,1.550957202911377
1741033479679125800,274.51412573242186,0.2863810062408447,3.2712364196777344,2.378770112991333
1741033479689226800,274.5242268066406,-0.22436881065368652,3.501535415649414,2.8131394386291504
1741033479699327500,274.5343273925781,-0.2605736255645752,4.544353485107422,3.435196876525879
1741033479709428200,274.5444282226562,0.0701456069946289,5.735840797424316,4.156843662261963
1741033479719529200,274.554529296875,-0.07752752304077148,6.46402645111084,4.860411643981934
1741033479729630000,274.5646298828125,0.19832682609558105,6.4045610427856445,5.390348434448242
1741033479739755500,274.5747556152344,-0.3369159698486328,5.224066734313965,5.025509834289551
1741033479750059300,274.58505932617186,-1.1464238166809082,3.231083869934082,3.7155752182006836
1741033479760362500,274.5953625488281,-1.4494516849517822,1.9873771667480469,2.654088258743286
1741033479770606800,274.6056069335938,-1.018489122390747,1.555333137512207,2.176079273223877
1741033479780729000,274.61572900390627,-1.0032668113708496,0.8240556716918945,1.9435385465621948
1741033479790829800,274.62582983398437,-0.7338433265686035,0.19837284088134766,2.166311264038086
1741033479800930800,274.63593090820314,-0.3727724552154541,-0.33858585357666016,2.2163684368133545
1741033479811031600,274.64603149414063,0.07079887390136719,-1.0006842613220215,1.8571035861968994
1741033479821132300,274.65613232421873,0.40112948417663574,-1.5624017715454102,1.5976948738098145
1741033479831233800,274.66623388671877,0.5498428344726562,-1.8710031509399414,1.307829737663269
1741033479841334800,274.6763347167969,0.14194464683532715,-2.3721728324890137,1.3286794424057007
1741033479851435800,274.68643579101564,-1.3316326141357422,-2.9485130310058594,1.6948235034942627
1741033479861536500,274.69653662109374,-2.1591744422912598,-3.1691384315490723,2.165853261947632
1741033479871637200,274.70663720703124,-1.9736454486846924,-3.476801872253418,2.379507064819336
1741033479881738200,274.71673828125,-1.4705411195755005,-3.825920581817627,2.5764214992523193
1741033479891839000,274.7268388671875,-1.035402536392212,-3.876880645751953,2.8632924556732178
1741033479901940000,274.73693994140626,-0.8417682647705078,-3.7169108390808105,3.1620073318481445
1741033479912040700,274.74704077148436,-0.980265736579895,-3.6583352088928223,3.1926050186157227
1741033479922141700,274.7571416015625,-1.5765095949172974,-3.72113037109375,2.959083080291748
1741033479932315000,274.76731494140626,-2.1672191619873047,-3.582420825958252,2.646303653717041
1741033479942618400,274.7776184082031,-2.4974732398986816,-3.4104299545288086,2.099593162536621
1741033479952921600,274.7879216308594,-2.9278554916381836,-3.311919689178467,1.4629669189453125
1741033479963126800,274.7981267089844,-3.300670862197876,-3.034951686859131,1.2161550521850586
1741033479973240600,274.80824047851564,-3.5075058937072754,-2.7227182388305664,1.0838091373443604
1741033479983341300,274.81834130859374,-3.407895803451538,-2.5140223503112793,1.1643528938293457
1741033479993442300,274.8284423828125,-3.060070037841797,-2.349853992462158,1.4946975708007812
1741033480003543000,274.83854296875,-2.521933078765869,-1.9993987083435059,1.8484101295471191
1741033480013643800,274.8486437988281,-2.387960195541382,-1.3481779098510742,2.1472835540771484
1741033480023744800,274.8587448730469,-2.594921112060547,-0.6619958877563477,2.543275833129883
1741033480033846300,274.86884619140625,-3.2913880348205566,0.20007991790771484,2.998997688293457
1741033480043947300,274.878947265625,-5.467849254608154,1.6543655395507812,3.5162134170532227
1741033480054048000,274.8890480957031,-8.652313232421875,3.072098731994629,3.608860969543457
1741033480064149000,274.8991489257813,-10.972541809082031,3.5753984451293945,3.0659399032592773
1741033480074249700,274.9092497558594,-10.839705467224121,3.200291633605957,2.4906835556030273
1741033480084350500,274.9193505859375,-9.748528480529785,2.614020347595215,2.2329792976379395
1741033480094451500,274.92945141601564,-8.672924995422363,2.518827438354492,2.4460527896881104
1741033480104552200,274.93955224609374,-7.182004928588867,2.7496557235717773,2.739105224609375
1741033480114653000,274.94965283203123,-5.8470540046691895,3.260906219482422,3.012248992919922
1741033480124754000,274.95975390625,-4.815743446350098,4.036966323852539,3.0187716484069824
1741033480134854700,274.9698547363281,-4.55656099319458,4.978335380554199,2.6284165382385254
1741033480144956200,274.9799560546875,-3.9937422275543213,5.805424690246582,2.018200397491455
1741033480155057200,274.99005712890624,-3.2929461002349854,6.234604835510254,1.1517531871795654
1741033480165158100,275.000158203125,-2.687561273574829,6.435227394104004,-0.03668498992919922
1741033480175259000,275.0102587890625,-1.9339468479156494,5.4002580642700195,-1.551724910736084
1741033480185359600,275.0203596191406,-1.1987402439117432,3.234063148498535,-2.1791021823883057
1741033480195460600,275.0304606933594,0.3255162239074707,1.3448381423950195,-1.193385362625122
1741033480205561300,275.04056127929687,1.1850972175598145,0.4614143371582031,-0.13037633895874023
1741033480215662000,275.050662109375,1.7218163013458252,0.5087156295776367,0.49763011932373047
1741033480225763000,275.06076318359374,2.958554983139038,1.5623369216918945,0.7089126110076904
1741033480235863800,275.07086376953123,3.5812489986419678,3.3283090591430664,0.842703104019165
1741033480245964800,275.08096484375,3.9427452087402344,4.835192680358887,0.8390842080116272
1741033480256065800,275.0910656738281,4.3424577713012695,5.671931266784668,0.9110190868377686
1741033480266167300,275.10116723632814,4.355973243713379,5.61248779296875,0.7851021885871887
1741033480276268000,275.11126806640624,4.45421028137207,4.818439483642578,0.4446449279785156
1741033480286368800,275.12136865234373,4.687138557434082,3.8286962509155273,0.4416170120239258
1741033480296469800,275.1314697265625,4.694577217102051,2.862076759338379,0.9031250476837158
1741033480306570500,275.1415705566406,4.641241550445557,2.1861629486083984,1.790178894996643
1741033480316671500,275.15167138671876,4.671178817749023,1.3973674774169922,2.600123405456543
1741033480326772200,275.16177221679686,4.3046441078186035,0.46755313873291016,3.184370994567871
1741033480336873000,275.171873046875,3.1309850215911865,-0.7882404327392578,3.1767590045928955
1741033480346974700,275.181974609375,3.4831786155700684,-1.6810460090637207,2.9514846801757812
1741033480357278500,275.19227856445315,9.086846351623535,-2.361971855163574,0.12210321426391602
1741033480367582000,275.20258203125,5.037649631500244,-5.003243446350098,0.8432127833366394
1741033480377845500,275.21284545898436,-3.056605815887451,-4.348312854766846,2.94142484664917
1741033480387972000,275.22297216796875,2.356480598449707,-4.433084964752197,6.0227131843566895
1741033480398072800,275.23307275390624,6.11034631729126,-4.746138572692871,7.087806224822998
1741033480408174000,275.2431740722656,8.031206130981445,-4.897670745849609,7.088449001312256
1741033480418275000,275.2532751464844,7.072567939758301,-5.767485618591309,5.8792724609375
1741033480428375600,275.26337548828127,5.127260684967041,-6.631021976470947,4.445563316345215
1741033480438595600,275.273595703125,3.286630392074585,-7.193103790283203,3.582406520843506
1741033480448899300,275.2838994140625,1.9281976222991943,-7.62908935546875,3.0445923805236816
1741033480459202300,275.29420239257814,1.323350191116333,-7.817168712615967,2.681581974029541
1741033480469369300,275.3043693847656,1.1467881202697754,-7.85988712310791,2.3919529914855957
1741033480479474400,275.3144743652344,1.410876989364624,-7.7598371505737305,2.1778082847595215
1741033480489575400,275.3245754394531,1.3098560571670532,-7.454981803894043,2.158642292022705
1741033480499676200,275.33467626953126,0.936425507068634,-7.110036849975586,2.236346483230591
1741033480509777000,275.34477685546875,0.9332778453826904,-6.606891632080078,2.2873806953430176
1741033480519878000,275.3548779296875,0.9750871062278748,-5.927820205688477,2.4152302742004395
1741033480529978600,275.364978515625,0.9552797079086304,-5.090505123138428,2.539802312850952
1741033480540079600,275.3750795898437,1.1487559080123901,-3.870457649230957,2.7804040908813477
1741033480550180400,275.3851804199219,1.6246496438980103,-2.273890972137451,2.855882167816162
1741033480560281000,275.3952810058594,2.181727170944214,-0.2058544158935547,2.798344612121582
1741033480570382000,275.40538208007814,2.6433067321777344,2.492116928100586,2.3512916564941406
1741033480580482800,275.41548291015624,2.922107219696045,5.537132263183594,1.3774586915969849
1741033480590584000,275.425583984375,2.969719409942627,7.685319900512695,-0.1560652256011963
1741033480600685300,275.4356853027344,4.307912826538086,7.767786026000977,-2.1210837364196777
1741033480610786000,275.4457861328125,5.6633758544921875,6.6061296463012695,-3.6573078632354736
1741033480620887000,275.45588696289065,6.121285915374756,4.847545623779297,-4.180156707763672
1741033480630987800,275.46598779296875,5.605712413787842,3.3065710067749023,-4.210668563842773
1741033480641088800,275.4760888671875,5.515016555786133,2.809846878051758,-4.518364906311035
1741033480651189500,275.486189453125,5.809595108032227,1.9147672653198242,-4.763927459716797
1741033480661290200,275.4962902832031,7.736305236816406,0.09981441497802734,-4.088120937347412
1741033480671391200,275.50639111328127,10.787970542907715,-0.7680082321166992,-3.510592222213745
1741033480681492000,275.51649194335937,11.62346076965332,0.3169689178466797,-1.3151681423187256
1741033480691592700,275.5265927734375,8.852306365966797,3.4208059310913086,1.5365811586380005
1741033480701693700,275.53669360351563,4.875148296356201,6.241769790649414,2.8556673526763916
1741033480711794700,275.5467946777344,2.184168815612793,7.853974342346191,3.2219314575195312
1741033480721896400,275.556896484375,0.9559106826782227,7.977560997009277,3.770050525665283
1741033480732093400,275.56709350585936,-0.7412333488464355,7.021236419677734,3.8169727325439453
1741033480742397000,275.57739697265623,-1.853601336479187,5.53281307220459,3.447803497314453
1741033480752700000,275.5876999511719,-2.0405080318450928,4.786524772644043,3.142764091491699
1741033480762885000,275.5978850097656,-1.706534504890442,5.102916717529297,2.9342145919799805
1741033480772994300,275.6079943847656,-1.3044487237930298,5.898801803588867,2.7904679775238037
1741033480783095300,275.6180952148438,-1.432088017463684,6.69309139251709,2.9481916427612305
1741033480793196000,275.6281960449219,-1.9536603689193726,7.079740524291992,3.2837913036346436
1741033480803296800,275.638296875,-2.1623220443725586,6.854030609130859,3.6994102001190186
1741033480813397800,275.64839770507814,-2.142312526702881,5.719058990478516,3.697587013244629
1741033480823498500,275.65849853515624,-2.257108688354492,3.9178590774536133,3.1265437602996826
1741033480833600300,275.6686003417969,-2.225273370742798,2.3682470321655273,2.51517915725708
1741033480843701000,275.6787009277344,-2.274252414703369,1.1617889404296875,2.2629401683807373
1741033480853801700,275.6888017578125,-2.2621941566467285,0.24814796447753906,2.2577035427093506
1741033480863902700,275.69890283203125,-2.077033519744873,-0.6191577911376953,2.260532855987549
1741033480874003500,275.70900341796874,-1.7405606508255005,-1.4058575630187988,2.406857490539551
1741033480884104400,275.7191044921875,-1.3171639442443848,-2.0642943382263184,2.4951109886169434
1741033480894205200,275.729205078125,-1.1725847721099854,-2.7172980308532715,2.605727195739746
1741033480904306000,275.7393059082031,-1.0901157855987549,-3.1413726806640625,2.7207820415496826
1741033480914407000,275.7494069824219,-0.6319947242736816,-3.3151140213012695,2.834193706512451
1741033480924508400,275.75950830078125,-0.031926631927490234,-3.271930694580078,3.006338357925415
1741033480934764500,275.7697646484375,-0.23249506950378418,-3.3390631675720215,3.091947555541992
1741033480945068000,275.78006811523437,-1.049591302871704,-3.8191018104553223,2.9454805850982666
1741033480955370800,275.79037084960936,-1.1994681358337402,-4.234225273132324,2.933992624282837
1741033480965505800,275.800505859375,-1.1612128019332886,-4.516867637634277,3.198817729949951
1741033480975606800,275.81060668945315,-0.6413041353225708,-4.628519058227539,3.504992961883545
1741033480985707500,275.82070751953125,-0.1564326286315918,-4.380392551422119,4.140705585479736
1741033480995808300,275.83080834960936,-0.7643313407897949,-4.0597453117370605,4.270802021026611
1741033481005909200,275.8409091796875,-1.3377323150634766,-4.168363094329834,3.90509295463562
1741033481016010000,275.8510100097656,-1.897876501083374,-4.032775402069092,3.4447128772735596
1741033481026110700,275.8611108398438,-2.370377779006958,-3.9504308700561523,2.852874279022217
1741033481036211700,275.8712116699219,-2.6717231273651123,-3.945507526397705,2.1460537910461426
1741033481046312400,275.8813125,-3.1048531532287598,-3.732029914855957,1.5942292213439941
1741033481056413400,275.89141333007814,-3.5379798412323,-3.414344310760498,1.1704864501953125
1741033481066514200,275.90151416015624,-3.6737892627716064,-2.8912787437438965,0.8662610054016113
1741033481076615700,275.9116157226562,-4.058625221252441,-2.2260422706604004,0.724125862121582
1741033481086716700,275.9217165527344,-6.979631423950195,-0.8753137588500977,0.7298047542572021
1741033481096817400,275.9318173828125,-10.86336612701416,0.7246809005737305,0.7214930057525635
1741033481106918400,275.94191845703125,-12.744039535522461,1.928969383239746,0.6823229789733887
1741033481117019100,275.95201904296874,-13.089852333068848,2.320162773132324,0.7654750347137451
1741033481127120100,275.9621201171875,-12.429003715515137,2.295163154602051,1.412348747253418
1741033481137220900,275.9722209472656,-10.698097229003906,2.1262569427490234,2.5784568786621094
1741033481147321600,275.9823215332031,-8.549927711486816,1.9921808242797852,3.1197428703308105
1741033481157422600,275.9924226074219,-7.115476608276367,2.232816696166992,2.9560885429382324
1741033481167523300,276.0025234375,-6.169797897338867,3.029200553894043,2.873814105987549
1741033481177624000,276.0126240234375,-5.159734725952148,4.276706695556641,2.9166457653045654
1741033481187725000,276.02272509765623,-4.244274139404297,5.631960868835449,3.3466362953186035
1741033481197825800,276.0328256835937,-3.455413818359375,6.629932403564453,3.8520421981811523
1741033481207926800,276.0429267578125,-2.783771276473999,7.285813331604004,3.4961204528808594
1741033481218028000,276.05302807617187,-2.128933906555176,7.76706600189209,2.726322889328003
1741033481228129300,276.06312939453124,-1.5910309553146362,7.553106307983398,1.435584306716919
1741033481238230000,276.07322998046874,-1.0133662223815918,5.801654815673828,-0.03304171562194824
1741033481248330800,276.0833308105469,0.27773332595825195,3.0543384552001953,-1.0307435989379883
1741033481258431700,276.093431640625,1.1123216152191162,1.1516122817993164,-0.26036715507507324
1741033481268532500,276.1035324707031,1.7550628185272217,0.0640106201171875,0.40807926654815674
1741033481278633500,276.11363354492187,2.6492550373077393,-0.023082733154296875,0.8528997898101807
1741033481288734200,276.12373413085936,3.676100492477417,0.7448749542236328,1.148661494255066
1741033481298835000,276.1338349609375,4.463617324829102,1.8230085372924805,1.1523549556732178
1741033481308936000,276.14393603515623,4.9479217529296875,3.2418012619018555,1.2011548280715942
1741033481319036700,276.1540366210937,5.41379976272583,4.633697509765625,1.4384328126907349
1741033481329137400,276.1641374511719,5.510677337646484,5.344683647155762,1.7902666330337524
1741033481339238400,276.17423828125,5.464375972747803,5.1670074462890625,2.135328531265259
1741033481349339100,276.18433911132814,5.431899070739746,4.297968864440918,2.3012897968292236
1741033481359440100,276.19444018554685,4.8810319900512695,3.1055402755737305,2.188229560852051
1741033481369541400,276.2045412597656,4.0526533126831055,2.2021751403808594,2.400214433670044
1741033481379642600,276.214642578125,3.466362714767456,1.7107620239257812,2.570483922958374
1741033481389743400,276.22474340820315,3.642519950866699,1.2070703506469727,2.753098964691162
1741033481399844000,276.23484399414065,5.068696022033691,0.44484710693359375,1.7772198915481567
1741033481409945000,276.24494506835936,10.021736145019531,-1.6507949829101562,-0.20579230785369873
1741033481420045800,276.2550458984375,6.785287380218506,-4.052295207977295,0.8047717213630676
1741033481430146600,276.265146484375,-5.166215896606445,-4.6227545738220215,1.489258885383606
1741033481440247600,276.2752475585938,-7.260592460632324,-3.3787307739257812,3.8471016883850098
1741033481450348300,276.2853483886719,1.4425389766693115,-3.076045036315918,6.363681793212891
1741033481460449300,276.29544921875,4.830107688903809,-3.453421115875244,6.902833938598633
1741033481470550000,276.30555004882814,5.451442241668701,-4.5994343757629395,6.063568592071533
1741033481480650800,276.31565063476563,4.846447944641113,-5.579896926879883,4.949036598205566
1741033481490751700,276.3257517089844,4.4250102043151855,-6.299223899841309,4.125594139099121
1741033481500852500,276.3358525390625,3.7194783687591553,-7.014060020446777,3.1503143310546875
1741033481510953500,276.3459533691406,2.701385021209717,-7.332614898681641,2.799160957336426
1741033481521054200,276.35605419921876,1.9828464984893799,-7.3525872230529785,2.567007303237915
1741033481531155500,276.36615551757814,1.6110849380493164,-7.405280113220215,2.344574451446533
1741033481541256700,276.3762565917969,1.5256919860839844,-7.458658218383789,2.0453710556030273
1741033481551357400,276.386357421875,1.6157482862472534,-7.2782301902771,1.9397268295288086
1741033481561458400,276.39645849609377,1.286041259765625,-6.742838382720947,2.1424787044525146
1741033481571559200,276.40655908203127,1.2997932434082031,-6.012997627258301,2.4488277435302734
1741033481581660000,276.41665991210937,1.4973225593566895,-5.178264141082764,2.718205213546753
1741033481591761000,276.42676098632813,1.8305513858795166,-4.471592903137207,2.745418071746826
1741033481601861600,276.4368615722656,2.0403101444244385,-3.823256492614746,2.514169692993164
1741033481611962600,276.4469626464844,2.454191207885742,-2.857151985168457,2.468935489654541
1741033481622063400,276.4570634765625,3.067653179168701,-1.510406494140625,2.637922763824463
1741033481632164000,276.4671640625,3.5577034950256348,0.18526744842529297,2.84726619720459
1741033481642265000,276.47726513671876,3.647334575653076,2.2013044357299805,2.7935280799865723
1741033481652365800,276.48736572265625,3.004438877105713,4.685185432434082,2.425976276397705
1741033481662466600,276.49746655273435,2.1751980781555176,7.067261695861816,1.2217113971710205
1741033481672567600,276.5075676269531,1.1633914709091187,8.416313171386719,-1.0799014568328857
1741033481682668300,276.5176682128906,2.982428550720215,7.103640556335449,-4.287734508514404
1741033481692769500,276.52776953125,6.01242733001709,4.408357620239258,-6.210337162017822
1741033481702870800,276.53787084960936,6.218001365661621,2.5801773071289062,-5.621942520141602
1741033481712971800,276.5479716796875,5.547497749328613,1.8849754333496094,-4.3018951416015625
1741033481723072500,276.5580725097656,5.01852560043335,2.363901138305664,-3.2197794914245605
1741033481733173200,276.5681733398437,3.95288348197937,3.4280929565429688,-2.5172858238220215
1741033481743274200,276.5782741699219,5.0135955810546875,3.9240570068359375,-1.7021358013153076
1741033481753375000,276.588375,9.774983406066895,3.3456716537475586,-0.5796868801116943
1741033481763476000,276.59847607421875,10.404311180114746,3.160938262939453,0.5050461292266846
1741033481773576700,276.60857666015625,6.987570762634277,3.977311134338379,0.9480998516082764
1741033481783677400,276.61867749023435,3.874706983566284,3.9239912033081055,1.1677801609039307
1741033481793778400,276.6287783203125,1.6262218952178955,3.1742658615112305,1.6481444835662842
1741033481803879200,276.6388791503906,0.21306467056274414,2.6767959594726562,2.3665552139282227
1741033481813980000,276.64897998046877,-0.34569859504699707,2.5576295852661133,3.082683563232422
1741033481824081000,276.65908081054687,-0.5799564123153687,3.2104644775390625,3.695405960083008
1741033481834181600,276.669181640625,-0.748133659362793,4.460929870605469,4.42057991027832
1741033481844282600,276.67928271484374,-0.8038878440856934,5.575965881347656,4.964678764343262
1741033481854383900,276.6893837890625,-0.9963798522949219,6.247269630432129,5.218327045440674
1741033481864485000,276.6994851074219,-1.1387487649917603,6.090581893920898,4.976786136627197
1741033481874585900,276.7095859375,-1.439526081085205,5.310770034790039,4.0820512771606445
1741033481884686600,276.7196865234375,-1.6000924110412598,4.182674407958984,3.2925214767456055
1741033481894787600,276.72978759765624,-1.8028918504714966,2.83780574798584,2.776069164276123
1741033481904888300,276.7398884277344,-2.112659454345703,1.4435405731201172,2.402179479598999
1741033481914989000,276.7499890136719,-2.3480069637298584,0.3097496032714844,2.25209903717041
1741033481925090000,276.7600900878906,-2.4213004112243652,-0.7216243743896484,2.2305893898010254
1741033481935190800,276.7701906738281,-2.594186782836914,-1.7636094093322754,2.221937894821167
1741033481945291800,276.78029174804686,-2.6356961727142334,-2.5943684577941895,2.198047399520874
1741033481955392500,276.790392578125,-2.224213123321533,-3.1765193939208984,2.233290195465088
1741033481965493200,276.8004931640625,-1.5082809925079346,-3.5551867485046387,2.3165831565856934
1741033481975594200,276.8105942382812,-0.4314885139465332,-3.635906219482422,2.2660231590270996
1741033481985695000,276.8206950683594,1.0821914672851562,-3.371553421020508,1.9605350494384766
1741033481995796000,276.8307958984375,2.7328414916992188,-3.0332822799682617,1.7404611110687256
1741033482005896700,276.84089672851565,2.2543418407440186,-2.959798812866211,1.9655592441558838
1741033482015997400,276.85099755859375,0.8484938144683838,-2.9568896293640137,2.225987672805786
1741033482026099000,276.8610988769531,-0.22436237335205078,-2.8499755859375,2.682863473892212
1741033482036200000,276.8711999511719,-0.7188844680786133,-2.913236618041992,2.986492156982422
1741033482046301000,276.8813010253906,-0.27547454833984375,-2.5379881858825684,3.662443161010742
1741033482056401700,276.89140161132815,-0.06694436073303223,-1.8120388984680176,4.017853260040283
1741033482066502400,276.90150244140625,-0.7228701114654541,-1.531473159790039,3.847100257873535
1741033482076603400,276.91160327148435,-1.4229053258895874,-1.6449127197265625,3.415416717529297
1741033482086704000,276.9217041015625,-1.7774817943572998,-1.9851903915405273,3.04255747795105
1741033482096805000,276.9318051757813,-2.2592923641204834,-2.3287453651428223,2.7147464752197266
1741033482106905900,276.9419057617188,-2.576664686203003,-2.6169204711914062,2.362201690673828
1741033482117006600,276.9520065917969,-2.596855878829956,-2.8290038108825684,2.158295154571533
1741033482127107600,276.96210766601564,-2.7633628845214844,-2.9264421463012695,1.9940600395202637
1741033482137208300,276.97220825195313,-2.7229907512664795,-2.8078160285949707,2.0135111808776855
1741033482147309000,276.98230908203124,-2.6652934551239014,-2.3662967681884766,2.2727842330932617
1741033482157410000,276.99241015625,-2.459109306335449,-1.791989803314209,2.479715347290039
1741033482167510800,277.0025107421875,-2.4147117137908936,-0.9758725166320801,2.5770463943481445
1741033482177611800,277.01261181640626,-2.4807262420654297,-0.06211662292480469,2.6218020915985107
1741033482187712500,277.02271240234376,-3.4235711097717285,1.2757349014282227,3.019350528717041
1741033482197813200,277.03281323242186,-7.235180377960205,3.3604373931884766,3.9682092666625977
1741033482207914800,277.0429147949219,-11.517637252807617,5.790728569030762,4.9933295249938965
1741033482218015700,277.053015625,-12.266857147216797,7.125436782836914,5.47939395904541
1741033482228116700,277.06311669921877,-10.625580787658691,6.607210159301758,5.174456596374512
1741033482238217500,277.07321752929687,-7.9371795654296875,5.346344947814941,4.80455207824707
1741033482248318500,277.083318359375,-6.500460624694824,4.325717926025391,4.397990703582764
1741033482258419200,277.09341918945313,-6.547448635101318,4.086554527282715,3.8188135623931885
1741033482268520000,277.10352001953123,-6.882963180541992,4.542189598083496,2.9744091033935547
1741033482278621000,277.1136208496094,-6.53245210647583,4.870569229125977,1.9498443603515625
1741033482288721700,277.1237216796875,-5.121974945068359,4.893221855163574,1.0445544719696045
1741033482298822400,277.13382250976565,-3.3516321182250977,4.838210105895996,-0.2565474510192871
1741033482308923400,277.14392333984375,-2.880770683288574,4.189984321594238,-1.594728708267212
1741033482319024000,277.15402416992185,-1.8948315382003784,2.629086494445801,-2.2660512924194336
1741033482329125000,277.164125,-0.49324464797973633,0.8986959457397461,-2.1723594665527344
1741033482339225900,277.1742258300781,0.12732625007629395,-0.17452239990234375,-1.7161674499511719
1741033482349326600,277.1843266601563,1.0024147033691406,-0.2462615966796875,-1.0522301197052002
1741033482359427600,277.1944274902344,1.475616455078125,0.6722011566162109,-0.18376994132995605
1741033482369528300,277.2045283203125,1.8318347930908203,2.074892044067383,0.6481442451477051
1741033482379629000,277.21462915039064,2.0692837238311768,3.4190731048583984,1.4234254360198975
1741033482389730800,277.2247307128906,2.3632264137268066,4.332791328430176,1.8404513597488403
1741033482399831600,277.2348315429688,2.83329439163208,4.304594993591309,1.6204402446746826
1741033482409932500,277.2449326171875,3.277106761932373,3.4999561309814453,1.0523415803909302
1741033482420033300,277.255033203125,3.8316755294799805,2.520965576171875,0.5027360916137695
1741033482430135000,277.26513500976563,4.355944633483887,1.457366943359375,0.3419588804244995
1741033482440270800,277.27527075195314,4.650640964508057,0.34507179260253906,0.6944231986999512
1741033482450574600,277.28557470703123,4.770667552947998,-0.7131891250610352,1.1421254873275757
1741033482460877800,277.2958779296875,4.505190372467041,-1.816352367401123,1.1303421258926392
1741033482471112200,277.3061123046875,2.683137893676758,-2.5312347412109375,1.012744426727295
1741033482481232400,277.316232421875,0.9920972585678101,-2.7775187492370605,1.3672504425048828
1741033482491333000,277.3263330078125,-0.12836605310440063,-2.4419851303100586,1.9534363746643066
1741033482501434000,277.33643408203125,-3.7547764778137207,-1.6825871467590332,2.54141902923584
1741033482511534800,277.34653491210935,-0.7798165082931519,-1.7721796035766602,2.504953384399414
1741033482521635600,277.3566354980469,6.1705732345581055,-3.2621045112609863,0.8156141042709351
1741033482531736600,277.3667365722656,9.369668960571289,-4.941535472869873,3.2423129081726074
1741033482541838000,277.37683813476565,9.757292747497559,-5.639586448669434,4.6630449295043945
1741033482551939000,277.38693896484375,8.85493278503418,-6.224365711212158,5.004823207855225
1741033482562039800,277.39703979492185,7.633599758148193,-7.021015644073486,4.075955390930176
1741033482572140800,277.4071408691406,6.851925849914551,-6.795387268066406,4.2997941970825195
1741033482582241500,277.4172414550781,4.595422744750977,-7.076251983642578,3.1830801963806152
1741033482592342300,277.42734228515627,2.8093929290771484,-7.243135452270508,2.454652786254883
1741033482602443300,277.437443359375,1.870516061782837,-7.25594425201416,2.248077630996704
1741033482612544000,277.4475439453125,1.3208308219909668,-7.129565238952637,2.1072871685028076
1741033482622644700,277.45764477539063,0.8264147043228149,-7.041721820831299,1.8400135040283203
1741033482632745700,277.4677458496094,0.7842292785644531,-6.844504356384277,1.6951143741607666
1741033482642846500,277.4778464355469,1.1370335817337036,-6.490056037902832,1.6950148344039917
1741033482652947500,277.4879475097656,1.639320731163025,-5.888182640075684,1.7864854335784912
1741033482663048200,277.4980480957031,1.9671019315719604,-5.167325019836426,1.9450827836990356
1741033482673149000,277.50814892578126,2.182478904724121,-4.052334785461426,2.205726385116577
1741033482683250000,277.51825,2.095755100250244,-2.209913730621338,2.6010429859161377
1741033482693350700,277.5283505859375,1.8066682815551758,0.8076295852661133,3.0037057399749756
1741033482703451600,277.5384516601562,1.3984185457229614,5.106304168701172,3.5915985107421875
1741033482713552400,277.5485524902344,1.0853766202926636,9.290839195251465,3.5380375385284424
1741033482723653000,277.5586530761719,2.5828468799591064,11.086634635925293,1.751737117767334
1741033482733755000,277.5687548828125,4.697303295135498,9.857855796813965,-1.595613956451416
1741033482743855600,277.57885571289063,5.459429740905762,7.60899543762207,-4.444485664367676
1741033482753956600,277.58895654296873,5.536298751831055,5.756194114685059,-6.256094932556152
1741033482764057300,277.5990573730469,5.406449317932129,4.035382270812988,-7.469613552093506
1741033482774158000,277.6091579589844,5.282497882843018,2.8928422927856445,-6.856619834899902
1741033482784259000,277.61925903320315,6.402246475219727,2.1542816162109375,-4.340530872344971
1741033482794359800,277.62935986328125,9.888703346252441,2.7283363342285156,-1.76138174533844
1741033482804460800,277.63946069335935,11.152339935302734,3.4357919692993164,-0.2948852777481079
1741033482814561500,277.6495615234375,7.187100410461426,5.03016471862793,0.2977854013442993
1741033482824662300,277.6596623535156,3.4242162704467773,6.374386787414551,0.9942708611488342
1741033482834763300,277.6697631835938,1.409970998764038,6.0884552001953125,1.754652500152588
1741033482844864000,277.6798640136719,0.12896513938903809,4.67279052734375,2.1470510959625244
1741033482854964700,277.68996484375,-0.7343971729278564,3.630453109741211,2.713160514831543
1741033482865065700,277.70006567382814,-0.9403805732727051,3.485748291015625,3.430481195449829
1741033482875166500,277.71016650390624,-0.8794569969177246,4.172706604003906,4.03960657119751
1741033482885267500,277.7202673339844,-0.8223727941513062,5.009218215942383,4.480944633483887
1741033482895368200,277.7303681640625,-0.9150099754333496,5.674319267272949,4.8101115226745605
1741033482905469000,277.7404689941406,-1.3201004266738892,5.933045387268066,4.731520652770996
1741033482915570000,277.75056982421876,-1.804379940032959,5.535892486572266,4.286506652832031
1741033482925671000,277.7606708984375,-2.106020927429199,4.16524600982666,3.5262107849121094
1741033482935772400,277.7707724609375,-2.308608293533325,2.292051315307617,2.8734679222106934
1741033482945873200,277.780873046875,-2.60870361328125,0.5816717147827148,2.417478322982788
1741033482955974100,277.79097412109377,-2.728071451187134,-0.7327051162719727,2.188098430633545
1741033482966075000,277.80107495117187,-2.7815628051757812,-1.7514829635620117,2.157658338546753
1741033482976175600,277.81117553710936,-2.7841410636901855,-2.509145736694336,2.2014589309692383
1741033482986276600,277.82127661132813,-2.592252254486084,-3.078603744506836,2.3231024742126465
1741033482996377300,277.83137744140623,-2.225005626678467,-3.5964765548706055,2.390742540359497
1741033483006478000,277.8414780273437,-1.835038423538208,-3.9760398864746094,2.4161014556884766
1741033483016579000,277.8515791015625,-1.4626379013061523,-4.209756374359131,2.4428510665893555
1741033483026679800,277.8616796875,-1.2711676359176636,-4.435883522033691,2.410860538482666
1741033483036780800,277.87178076171875,-1.0760676860809326,-4.671999454498291,2.3662641048431396
1741033483046881500,277.88188159179685,-1.116502046585083,-4.789890766143799,2.3124866485595703
1741033483056982300,277.89198217773435,-1.1719317436218262,-4.892572402954102,2.2742362022399902
1741033483067083300,277.9020832519531,-1.231067419052124,-5.159090042114258,2.2357101440429688
1741033483077184000,277.9121840820313,-1.6057249307632446,-5.216856956481934,2.240234375
1741033483087284700,277.92228466796877,-2.1136598587036133,-5.225498199462891,2.1732592582702637
1741033483097385700,277.9323857421875,-2.404207229614258,-5.173031330108643,2.0079991817474365
1741033483107486500,277.94248657226564,-2.65116024017334,-4.817256450653076,1.7747275829315186
1741033483117587500,277.95258740234374,-2.8467438220977783,-4.414699077606201,1.4650877714157104
1741033483127688700,277.9626887207031,-2.8730273246765137,-3.965066432952881,1.09326171875
1741033483137790000,277.9727900390625,-2.9188480377197266,-3.315217971801758,0.7763626575469971
1741033483147890700,277.982890625,-3.0742063522338867,-2.5714869499206543,0.4881711006164551
1741033483157991400,277.99299145507814,-3.3701179027557373,-1.7374553680419922,0.2795255184173584
1741033483168092400,278.00309252929685,-3.643130302429199,-0.9090943336486816,0.11253571510314941
1741033483178193200,278.0131931152344,-3.9235477447509766,-0.11694049835205078,0.06854748725891113
1741033483188294100,278.0232941894531,-4.1742963790893555,0.7138690948486328,0.13968586921691895
1741033483198395000,278.0333947753906,-4.455635070800781,1.7491283416748047,0.37443089485168457
1741033483208495600,278.04349560546876,-4.924314498901367,3.066831588745117,0.7146570682525635
1741033483218596600,278.0535966796875,-5.288302421569824,4.492240905761719,1.2697467803955078
1741033483228722200,278.06372216796876,-5.454239845275879,5.810724258422852,1.928762435913086
1741033483239025700,278.07402563476563,-5.345250129699707,6.753487586975098,2.5902044773101807
1741033483249329200,278.0843291015625,-4.9224534034729,6.90030574798584,3.0423316955566406
1741033483259573000,278.0945729980469,-4.131488800048828,6.255258560180664,2.8721487522125244
1741033483269694700,278.10469482421877,-3.5031540393829346,5.477952003479004,2.0583701133728027
1741033483279795500,278.11479541015626,-3.302438735961914,5.008395195007324,0.7530297040939331
1741033483289897000,278.12489697265624,-3.194188117980957,4.7924394607543945,-0.8250787258148193
1741033483299998000,278.134998046875,-2.788625717163086,4.882437705993652,-2.0413525104522705
1741033483310099000,278.1450988769531,-1.8828492164611816,5.518162727355957,-2.653696298599243
1741033483320199700,278.1551997070313,-0.7727315425872803,6.195217132568359,-3.2464182376861572
1741033483330300400,278.1653005371094,0.9103264808654785,6.4239606857299805,-3.558223009109497
1741033483340401400,278.1754013671875,2.9191346168518066,5.825965881347656,-3.6461026668548584
1741033483350502100,278.18550219726563,4.908750057220459,4.724790573120117,-3.3998587131500244
1741033483360603100,278.19560302734374,5.983541965484619,3.063693046569824,-2.6307549476623535
1741033483370704000,278.2057038574219,5.777815818786621,0.9654903411865234,-1.5950217247009277
1741033483380804600,278.2158046875,4.485762119293213,-0.7444586753845215,-0.40387392044067383
1741033483390905600,278.2259055175781,3.2874536514282227,-1.7055940628051758,0.40568578243255615
1741033483401006300,278.23600634765626,2.3279829025268555,-1.3182272911071777,0.8378517031669617
1741033483411107300,278.246107421875,1.6400518417358398,0.25975513458251953,0.7965073585510254
1741033483421208000,278.2562080078125,1.2186315059661865,2.010746955871582,0.5284323692321777
1741033483431308800,278.2663088378906,0.8534293174743652,3.021656036376953,0.5104185342788696
1741033483441409800,278.2764099121094,1.0307965278625488,2.5219736099243164,0.5297514200210571
1741033483451510500,278.2865104980469,1.2826497554779053,1.2666139602661133,0.7592217922210693
1741033483461611300,278.296611328125,2.079934597015381,0.021396636962890625,1.0107781887054443
1741033483471712300,278.30671215820314,2.851471185684204,-0.7786130905151367,1.7413032054901123
1741033483481813000,278.31681298828124,3.4650681018829346,-1.2575311660766602,2.750138759613037
1741033483491914000,278.3269140625,2.5643105506896973,-1.6460165977478027,2.731205463409424
1741033483502015500,278.3370153808594,1.3341989517211914,-2.282884120941162,1.951643705368042
1741033483512116500,278.34711645507815,1.5713169574737549,-2.9510750770568848,1.6230647563934326
1741033483522217200,278.35721728515625,1.8294872045516968,-3.7857913970947266,1.3918452262878418
1741033483532318000,278.36731787109375,3.6166133880615234,-4.5714311599731445,0.44474756717681885
1741033483542419000,278.3774189453125,8.34483528137207,-4.72153377532959,-0.9836900234222412
1741033483552519700,278.3875197753906,5.527568817138672,-5.949990749359131,-0.6620388031005859
1741033483562620400,278.3976203613281,-0.07661908864974976,-6.463930130004883,0.2320406436920166
1741033483572721400,278.4077214355469,-6.293955326080322,-6.279692649841309,0.15904176235198975
1741033483582822100,278.417822265625,-6.1274261474609375,-5.480096817016602,1.530760407447815
1741033483592923100,278.42792309570314,-0.21827250719070435,-5.209503650665283,3.287174701690674
1741033483603024000,278.43802392578124,2.3693885803222656,-5.378222942352295,4.092076301574707
1741033483613124600,278.44812451171873,3.453155994415283,-5.736429691314697,4.048850059509277
1741033483623226000,278.45822607421877,3.8876633644104004,-6.043452262878418,3.53670597076416
1741033483633458400,278.4684584960938,3.285613775253296,-6.333893775939941,2.841416835784912
1741033483643762200,278.47876220703125,2.8841257095336914,-6.369196891784668,2.6544270515441895
1741033483654065000,278.48906494140624,2.444915533065796,-6.175063133239746,2.5823988914489746
1741033483664220700,278.499220703125,2.0190329551696777,-5.853516578674316,2.65438175201416
1741033483674323700,278.50932373046874,1.5988061428070068,-5.276972770690918,2.7990529537200928
1741033483684424700,278.5194248046875,1.5715734958648682,-4.6128740310668945,2.761366605758667
1741033483694526200,278.5295261230469,1.8295639753341675,-3.7549853324890137,2.4892988204956055
1741033483704627000,278.539626953125,2.321016788482666,-2.619934558868408,2.215064525604248
1741033483714728000,278.54972802734375,3.051654815673828,-0.7593984603881836,2.2919163703918457
1741033483724828700,278.55982861328124,3.190288543701172,1.775979995727539,2.848970413208008
1741033483734929700,278.5699296875,3.118319511413574,4.135672569274902,3.0613646507263184
1741033483745030400,278.5800305175781,2.643887758255005,5.557232856750488,2.2822842597961426
1741033483755131100,278.5901311035156,1.8267544507980347,5.589006423950195,0.44514620304107666
1741033483765232000,278.60023217773437,1.0432192087173462,4.637569427490234,-2.352647304534912
1741033483775332900,278.61033276367186,0.8269104957580566,3.2473812103271484,-5.430534362792969
1741033483785433600,278.62043359375,1.7521181106567383,2.2154245376586914,-7.999725818634033
1741033483795534600,278.63053466796873,3.9662108421325684,1.6046524047851562,-8.883137702941895
1741033483805635300,278.6406352539062,5.5475873947143555,1.8644332885742188,-7.847080230712891
1741033483815736300,278.650736328125,5.763521194458008,2.1462392807006836,-6.024517059326172
1741033483825837000,278.66083715820315,5.206175804138184,2.373965263366699,-3.8998444080352783
1741033483835937800,278.67093774414064,6.639080047607422,1.8401641845703125,-2.253969430923462
1741033483846038800,278.68103881835935,10.191256523132324,0.9691162109375,-1.158029556274414
1741033483856139500,278.69113940429685,10.093456268310547,1.8993797302246094,0.18547797203063965
1741033483866240300,278.701240234375,6.708077430725098,4.698505401611328,1.1086311340332031
1741033483876341200,278.7113413085938,3.325953483581543,6.854423522949219,1.5161751508712769
1741033483886442000,278.72144189453127,1.4715797901153564,7.470926284790039,1.7537803649902344
1741033483896543000,278.73154296875,1.2283148765563965,6.2220354080200195,1.8960978984832764
1741033483906644000,278.74164404296874,0.9326889514923096,4.043399810791016,2.0075387954711914
1741033483916745500,278.7517453613281,0.32686877250671387,2.5739831924438477,2.2870688438415527
1741033483926846200,278.7618461914063,-0.441011905670166,2.570220947265625,2.5492098331451416
1741033483936947000,278.7719470214844,-0.7961879968643188,3.586726188659668,2.998476982116699
1741033483947048000,278.7820478515625,-1.0016074180603027,4.882413864135742,3.7584729194641113
1741033483957148700,278.79214868164064,-1.103513240814209,5.648120880126953,4.455844879150391
1741033483967249700,278.80224975585935,-1.0447291135787964,5.588324546813965,4.936559200286865
1741033483977350400,278.8123503417969,-1.012465476989746,4.764479637145996,4.9480462074279785
1741033483987451100,278.822451171875,-1.4035727977752686,3.484903335571289,4.497401714324951
1741033483997552000,278.83255224609377,-1.939549207687378,2.0173425674438477,3.8443045616149902
1741033484007652900,278.84265283203126,-2.367445945739746,0.6075000762939453,3.2153310775756836
1741033484017753600,278.85275366210936,-2.522040367126465,-0.6584129333496094,2.833850860595703
1741033484027854600,278.8628544921875,-2.553708553314209,-1.743661880493164,2.6354751586914062
1741033484037955300,278.8729553222656,-2.6074371337890625,-2.6806445121765137,2.5339841842651367
1741033484048056300,278.8830563964844,-2.6806724071502686,-3.400024890899658,2.6069109439849854
1741033484058157000,278.8931569824219,-2.7869327068328857,-3.9817075729370117,2.651670217514038
1741033484068257800,278.9032578125,-2.7957754135131836,-4.415195465087891,2.7511801719665527
1741033484078358800,278.91335888671875,-2.6948885917663574,-4.792778968811035,2.845975637435913
1741033484088459500,278.92345947265625,-2.6033782958984375,-5.084542274475098,2.908029317855835
1741033484098560300,278.93356030273435,-2.576273202896118,-5.306816577911377,2.926367998123169
1741033484108661200,278.9436611328125,-2.494495391845703,-5.37405252456665,2.9650588035583496
1741033484118762000,278.9537619628906,-2.2895965576171875,-5.281335353851318,2.998781204223633
1741033484128863000,278.9638630371094,-1.4791719913482666,-4.892911911010742,3.041093349456787
1741033484138964500,278.97396459960936,0.08857321739196777,-4.20372200012207,3.2494122982025146
1741033484149065500,278.9840654296875,-0.027032852172851562,-3.6516666412353516,3.0273122787475586
1741033484159166200,278.9941662597656,-1.048113226890564,-3.5382447242736816,2.7137882709503174
1741033484169267000,279.0042668457031,-1.4611461162567139,-3.053022861480713,2.6211602687835693
1741033484179368000,279.0143679199219,-1.9037374258041382,-2.213165283203125,2.381436347961426
1741033484189468700,279.02446875,-2.8508529663085938,-1.3004131317138672,1.6965596675872803
1741033484199569700,279.03456958007814,-3.4362692832946777,-0.6719751358032227,0.8634607791900635
1741033484209670400,279.04467041015624,-3.8936314582824707,-0.40170764923095703,-0.164625883102417
1741033484219771100,279.0547712402344,-4.324154376983643,-0.16767024993896484,-0.9164950847625732
1741033484229872000,279.0648720703125,-4.792440414428711,0.07359027862548828,-1.3378469944000244
1741033484239972900,279.0749729003906,-5.060116767883301,0.1997842788696289,-1.6546950340270996
1741033484250073600,279.0850734863281,-5.195578575134277,0.3631000518798828,-1.7323112487792969
1741033484260174600,279.09517456054687,-5.219695091247559,0.9369192123413086,-1.417593002319336
1741033484270275300,279.105275390625,-5.3799591064453125,1.7874937057495117,-0.969383716583252
1741033484280376300,279.1153762207031,-5.480004787445068,2.677227020263672,-0.47081899642944336
1741033484290477000,279.1254770507812,-5.325659275054932,3.5384960174560547,0.16730999946594238
1741033484300577800,279.1355778808594,-4.705804347991943,4.250791549682617,0.935443639755249
1741033484310678800,279.1456787109375,-4.1876912117004395,4.691642761230469,1.4137113094329834
1741033484320779500,279.15577954101565,-3.6812992095947266,4.843475341796875,1.415306568145752
1741033484330881300,279.16588134765624,-3.242053508758545,4.601198196411133,0.9568917751312256
1741033484341005000,279.1760051269531,-2.9901578426361084,4.17171573638916,-0.03400731086730957
1741033484351308800,279.18630883789064,-2.8387632369995117,3.939006805419922,-1.0238707065582275
1741033484361612000,279.1966120605469,-3.019941806793213,4.160503387451172,-1.5802977085113525
1741033484371856600,279.2068566894531,-2.5769922733306885,4.557816505432129,-2.4827303886413574
1741033484381979400,279.2169794921875,-2.0650229454040527,5.021524429321289,-3.3749186992645264
1741033484392080100,279.227080078125,-1.2632131576538086,5.373300552368164,-3.707711696624756
1741033484402181000,279.23718115234374,-0.01687145233154297,5.266587257385254,-3.002614974975586
1741033484412281900,279.24728173828123,1.4826409816741943,4.412096977233887,-1.7665605545043945
1741033484422382800,279.2573828125,2.63767671585083,2.8463478088378906,-0.7545205354690552
1741033484432483600,279.2674836425781,2.951622724533081,1.009552001953125,-0.2438873052597046
1741033484442584300,279.27758422851565,2.948578357696533,-0.29277610778808594,-0.16906726360321045
1741033484452685300,279.28768530273436,2.705956220626831,-0.44153404235839844,-0.13273966312408447
1741033484462786000,279.2977861328125,2.400322675704956,0.6654863357543945,-0.06601893901824951
1741033484472886800,279.30788671875,2.116056203842163,2.216273307800293,0.13758647441864014
1741033484482987800,279.3179877929687,1.8771770000457764,3.2725915908813477,0.3577324151992798
1741033484493088500,279.3280886230469,1.751335859298706,3.613461494445801,0.6768247485160828
1741033484503189500,279.338189453125,1.4737420082092285,3.528066635131836,0.7995306253433228
1741033484513290200,279.34829028320314,1.3820042610168457,3.0774660110473633,0.7841485142707825
1741033484523391000,279.35839086914064,1.6282784938812256,2.294257164001465,0.6753666996955872
1741033484533492000,279.3684919433594,1.9157557487487793,1.6116924285888672,0.5683402419090271
1741033484543592700,279.3785927734375,3.5843780040740967,1.1723241806030273,-0.25399529933929443
1741033484553693400,279.388693359375,6.63338565826416,0.6324081420898438,-0.7523280382156372
1741033484563794400,279.39879443359376,4.8871965408325195,-0.3748435974121094,-0.2848849296569824
1741033484573895200,279.40889526367187,1.607872486114502,-1.4916915893554688,0.2969341278076172
1741033484583996200,279.41899609375,0.1372915506362915,-2.7110466957092285,0.8593450784683228
1741033484594097400,279.4290974121094,-4.653990745544434,-3.743258476257324,0.473813533782959
1741033484604198700,279.4391987304688,-7.923388957977295,-3.7435407638549805,1.6255347728729248
1741033484614299400,279.44929931640627,-1.1894761323928833,-3.64707088470459,3.9093356132507324
1741033484624400100,279.45940014648437,3.4740705490112305,-3.9038805961608887,6.098583698272705
1741033484634501000,279.46950122070314,4.8374457359313965,-4.450071334838867,6.390183448791504
1741033484644601900,279.47960180664063,4.575817584991455,-4.94947624206543,6.200174331665039
1741033484654702800,279.4897028808594,3.95564603805542,-5.574647903442383,5.567737102508545
1741033484664840200,279.4998400878906,3.2244458198547363,-6.235923767089844,4.615826606750488
1741033484675144000,279.51014404296876,2.5234744548797607,-6.581850528717041,3.9828171730041504
1741033484685447200,279.520447265625,1.794252872467041,-6.902365684509277,3.4031214714050293
1741033484695681300,279.5306813964844,1.242018699645996,-7.117887496948242,2.8361854553222656
1741033484705801000,279.54080102539064,1.151284098625183,-7.3118486404418945,2.2846219539642334
1741033484715901700,279.55090161132813,0.8598083257675171,-7.411769866943359,1.924285650253296
1741033484726002700,279.5610026855469,0.5196382999420166,-7.43149471282959,1.4393954277038574
1741033484736103400,279.571103515625,0.7994918823242188,-7.044395446777344,1.2694875001907349
1741033484746204200,279.5812041015625,1.2552714347839355,-6.233119964599609,1.3746623992919922
1741033484756305200,279.59130517578126,1.491553544998169,-5.384114742279053,1.3700156211853027
1741033484766406000,279.60140600585936,1.959704041481018,-4.383375644683838,1.447304129600525
1741033484776506600,279.61150659179685,2.4458742141723633,-3.1084671020507812,1.5330028533935547
1741033484786607600,279.6216076660156,2.8269011974334717,-1.4927568435668945,1.6217310428619385
1741033484796708400,279.6317082519531,3.261838912963867,0.3887453079223633,1.5786638259887695
1741033484806810000,279.64181005859376,2.9931559562683105,2.638040542602539,1.5213240385055542
1741033484816910800,279.65191088867186,2.450039863586426,4.94227409362793,1.120786428451538
1741033484827011800,279.66201171875,2.0021519660949707,6.537817001342773,0.12359797954559326
1741033484837112600,279.6721125488281,2.1274895668029785,6.646617889404297,-1.964281439781189
1741033484847213300,279.6822133789062,3.302189826965332,5.605432510375977,-4.2512712478637695
1741033484857314300,279.6923142089844,4.461366176605225,4.11946964263916,-5.564047813415527
1741033484867415000,279.7024150390625,4.895853042602539,3.04946231842041,-5.574239730834961
1741033484877515800,279.71251586914065,4.751427173614502,2.93255615234375,-4.99450159072876
1741033484887616800,279.72261669921875,4.580602645874023,3.0415687561035156,-4.676680564880371
1741033484897717500,279.73271752929685,5.544121742248535,2.990629196166992,-3.965649127960205
1741033484907818500,279.7428186035156,7.833200454711914,3.0037612915039062,-2.368252754211426
1741033484917919200,279.7529191894531,10.292400360107422,3.1561098098754883,-0.5705108642578125
1741033484928020700,279.76302075195315,9.171504974365234,4.187973976135254,0.9900349974632263
1741033484938300700,279.77330078125,5.629640579223633,5.681775093078613,1.788604497909546
1741033484948604200,279.78360424804686,2.7322680950164795,6.203635215759277,2.0756142139434814
1741033484958887400,279.7938874511719,0.5934069156646729,5.200893402099609,2.256804943084717
1741033484969017300,279.80401733398435,-0.32662153244018555,3.9665679931640625,2.4134349822998047
1741033484979118300,279.8141184082031,-0.6387683153152466,3.464405059814453,2.643048048019409
1741033484989219000,279.8242189941406,-0.6588529348373413,3.931844711303711,3.1591789722442627
1741033484999319800,279.83431982421877,-0.433823823928833,5.037981986999512,3.9287588596343994
1741033485009420800,279.8444208984375,-0.4823281764984131,6.2462310791015625,4.617609024047852
1741033485019522000,279.85452197265624,-1.0256885290145874,7.052969932556152,5.1631317138671875
1741033485029623300,279.8646232910156,-1.8455368280410767,7.0225830078125,5.257504463195801
1741033485039724000,279.8747241210938,-2.456751823425293,6.113868713378906,4.8937578201293945
1741033485049825000,279.8848249511719,-2.654588222503662,3.948554039001465,3.9349136352539062
1741033485059925800,279.89492578125,-2.695387840270996,1.5309534072875977,2.8979647159576416
1741033485070026500,279.90502661132814,-2.6849465370178223,-0.2725400924682617,2.260277509689331
1741033485080127500,279.91512744140624,-2.8543715476989746,-1.4986839294433594,1.929072380065918
1741033485090228200,279.9252282714844,-2.975558280944824,-2.2862744331359863,1.8020302057266235
1741033485100329000,279.9353288574219,-3.003222703933716,-2.837766647338867,1.7770204544067383
1741033485110430000,279.9454299316406,-2.9140615463256836,-3.3743720054626465,1.8552417755126953
1741033485120530700,279.95553076171876,-2.7745914459228516,-3.884420871734619,2.0060007572174072
1741033485130631700,279.96563159179686,-2.696016788482666,-4.345712184906006,2.1240005493164062
1741033485140732400,279.975732421875,-2.6610159873962402,-4.705682754516602,2.243638277053833
1741033485150833200,279.9858332519531,-2.603156805038452,-5.006073951721191,2.357534885406494
1741033485160934100,279.9959340820312,-2.462559461593628,-5.268054008483887,2.4291961193084717
1741033485171035000,280.0060349121094,-2.40744948387146,-5.511384010314941,2.4639954566955566
1741033485181135600,280.0161354980469,-2.391515016555786,-5.662332534790039,2.4702560901641846
1741033485191236600,280.02623657226565,-2.3660566806793213,-5.710162162780762,2.446122169494629
1741033485201337300,280.03633740234375,-2.190098524093628,-5.512664794921875,2.45357084274292
1741033485211438300,280.04643823242185,-1.102363109588623,-4.823051929473877,2.521167516708374
1741033485221539000,280.0565390625,-0.31238508224487305,-3.8460402488708496,2.4476397037506104
1741033485231639800,280.0666398925781,-1.2618663311004639,-3.1492795944213867,2.1212902069091797
1741033485241740800,280.07674072265627,-1.954372525215149,-2.5114502906799316,1.850569725036621
1741033485251841500,280.08684155273437,-2.617783308029175,-2.056830883026123,1.4446015357971191
1741033485261942500,280.09694262695314,-3.4174671173095703,-1.6774845123291016,0.7984751462936401
1741033485272043300,280.10704321289063,-3.550008773803711,-1.2289409637451172,0.04634404182434082
1741033485282144000,280.11714404296873,-3.514904499053955,-0.6762981414794922,-0.41858434677124023
1741033485292245000,280.1272448730469,-3.624537944793701,-0.09580039978027344,-0.7376677989959717
1741033485302346000,280.1373459472656,-3.868253469467163,0.1306629180908203,-0.8811004161834717
1741033485312447500,280.14744750976564,-4.063525199890137,0.3267698287963867,-0.8226456642150879
1741033485322548500,280.15754858398435,-4.158288478851318,0.7680721282958984,-0.6018538475036621
1741033485332733400,280.1677333984375,-4.099560737609863,1.5122690200805664,-0.19186758995056152
1741033485343037200,280.178037109375,-3.8810067176818848,2.4565744400024414,0.30361413955688477
1741033485353340200,280.18834008789065,-3.5232722759246826,3.3584823608398438,0.8439338207244873
1741033485363535000,280.19853515625,-3.230149745941162,4.008820533752441,1.2741488218307495
1741033485373646300,280.2086462402344,-3.033421516418457,4.387070655822754,1.3779568672180176
1741033485383747300,280.21874731445314,-2.8300483226776123,4.445915222167969,1.0211501121520996
1741033485393848000,280.22884814453124,-2.5636422634124756,4.174986839294434,0.2605947256088257
1741033485403948800,280.23894873046873,-2.2814855575561523,3.9814939498901367,-0.557380199432373
1741033485414049800,280.2490498046875,-1.4734852313995361,3.877939224243164,-1.424821376800537
1741033485424150500,280.2591506347656,-0.532573938369751,3.826127052307129,-2.190509796142578
1741033485434251500,280.26925146484376,0.5813338756561279,3.8853111267089844,-2.642275333404541
1741033485444352300,280.27935229492186,1.6160569190979004,4.279605865478516,-3.2204031944274902
1741033485454453000,280.28945288085936,2.9465785026550293,4.610944747924805,-3.6537094116210938
1741033485464554000,280.2995539550781,5.548983097076416,4.572676658630371,-3.8981823921203613
1741033485474654700,280.3096547851562,8.478609085083008,4.072758674621582,-3.1423254013061523
1741033485484755700,280.3197556152344,8.18607234954834,3.354037284851074,-1.4114599227905273
1741033485494856400,280.3298564453125,4.780012607574463,1.767867088317871,-0.5113084316253662
1741033485504957200,280.33995727539065,2.2068703174591064,-0.02459239959716797,-0.6196813583374023
1741033485515058200,280.35005810546875,0.8945636749267578,-0.8957719802856445,-1.1377333402633667
1741033485525159400,280.3601594238281,0.8071835041046143,-0.33223915100097656,-1.4169892072677612
1741033485535403800,280.3704038085938,1.5117781162261963,0.9485530853271484,-1.4990153312683105
1741033485545707500,280.38070751953126,2.4057774543762207,2.651845932006836,-0.999047040939331
1741033485556010200,280.39101025390624,4.468279838562012,3.9291563034057617,0.38192927837371826
1741033485566157000,280.40115698242187,5.9205193519592285,3.9775829315185547,1.7379295825958252
1741033485576258000,280.41125805664063,6.7408881187438965,2.86715030670166,2.509539842605591
1741033485586358800,280.42135888671874,6.311807155609131,1.4366693496704102,2.284658908843994
1741033485596459500,280.43145947265623,3.7616043090820312,0.24874305725097656,1.0836886167526245
1741033485606560500,280.441560546875,-0.5915946960449219,-0.813298225402832,-0.6649461984634399
1741033485616661200,280.4516611328125,-4.1689934730529785,-1.8176069259643555,-1.7185269594192505
1741033485626762000,280.46176196289065,-4.51488733291626,-2.3924856185913086,-0.8167178630828857
1741033485636863000,280.47186303710936,-1.630692958831787,-2.5597872734069824,0.5813784003257751
1741033485646963700,280.48196362304685,0.04027998447418213,-2.8767805099487305,1.7592558860778809
1741033485657064700,280.4920646972656,0.8644562363624573,-3.1002163887023926,2.6703929901123047
1741033485667165400,280.5021655273438,1.4386022090911865,-3.6191601753234863,3.1026506423950195
1741033485677266200,280.51226611328127,2.0906405448913574,-4.126545429229736,3.312741756439209
1741033485687367200,280.5223671875,2.051272392272949,-4.671583652496338,3.0575168132781982
1741033485697468000,280.53246801757814,1.5000226497650146,-5.134716987609863,2.874166488647461
1741033485707568600,280.54256860351563,1.3894505500793457,-5.401256084442139,2.7125680446624756
1741033485717669600,280.5526696777344,1.1542353630065918,-5.811553955078125,2.6313693523406982
1741033485727770400,280.5627702636719,0.6667416095733643,-6.246061325073242,2.527039051055908
1741033485737871400,280.5728713378906,0.25723445415496826,-6.498951435089111,2.508305549621582
1741033485747972000,280.58297216796876,0.12027227878570557,-6.696606636047363,2.410898447036743
1741033485758072800,280.59307275390626,-0.09126317501068115,-6.817699432373047,2.2157537937164307
1741033485768173800,280.603173828125,-0.12439525127410889,-6.919388771057129,1.9693268537521362
1741033485778274600,280.6132746582031,-0.047020554542541504,-6.974649429321289,1.7765347957611084
1741033485788375600,280.6233754882812,0.1865983009338379,-6.755491733551025,1.725236177444458
1741033485798476300,280.6334763183594,0.47064435482025146,-6.204755783081055,1.764919400215149
1741033485808577500,280.64357763671876,0.7616147994995117,-5.385595321655273,1.873833179473877
1741033485818678800,280.6536787109375,1.082415223121643,-4.217998027801514,2.095332622528076
1741033485828779500,280.66377954101563,1.5250799655914307,-2.69309139251709,2.234292507171631
1741033485838880500,280.6738806152344,1.5455653667449951,-0.7137775421142578,2.3455018997192383
1741033485848981200,280.6839812011719,1.7895653247833252,1.8791093826293945,2.367095947265625
1741033485859082000,280.69408203125,1.5281165838241577,4.423759460449219,2.051905870437622
1741033485869183000,280.70418286132815,0.672909140586853,6.342463493347168,1.293447494506836
1741033485879283700,280.71428369140625,-0.057062625885009766,6.934817314147949,0.2766813039779663
1741033485889384700,280.724384765625,0.010407090187072754,5.7974138259887695,-1.026306390762329
1741033485899485400,280.7344853515625,0.24587738513946533,3.827622413635254,-2.3916444778442383
1741033485909586200,280.7445861816406,-0.5622358322143555,2.58807373046875,-3.9765360355377197
1741033485919687200,280.7546872558594,-1.1292030811309814,1.890512466430664,-6.189403057098389
1741033485929836500,280.76483642578125,-1.1572998762130737,1.6806821823120117,-7.276153564453125
1741033485940140300,280.7751403808594,-0.5046422481536865,1.7476024627685547,-7.332531929016113
1741033485950443500,280.7854436035156,2.2463583946228027,1.3616867065429688,-6.782121658325195
1741033485960667600,280.79566772460936,5.447685241699219,0.9867057800292969,-6.102338790893555
1741033485970785300,280.8057854003906,9.610984802246094,0.42431068420410156,-5.485301971435547
1741033485980886000,280.8158859863281,14.210840225219727,0.08002090454101562,-4.524209022521973
1741033485990987000,280.8259870605469,14.157567977905273,1.6396722793579102,-2.527489423751831
1741033486001087700,280.8360876464844,9.954283714294434,4.072089195251465,-0.487510085105896
1741033486011188500,280.8461884765625,6.047253608703613,5.629057884216309,0.7509397864341736
1741033486021289500,280.85628955078124,2.109532117843628,6.311490058898926,2.036536693572998
1741033486031390200,280.86639013671873,0.04365682601928711,5.6345319747924805,2.9172372817993164
1741033486041491200,280.8764912109375,-0.9975736141204834,3.721604347229004,2.3796205520629883
1741033486051592000,280.8865920410156,-1.200676679611206,2.212090492248535,1.8323438167572021
1741033486061692700,280.8966926269531,-1.292386770248413,1.9456911087036133,1.709810733795166
1741033486071793700,280.90679370117186,-1.2532082796096802,2.706462860107422,1.9192018508911133
1741033486081895200,280.91689526367185,-1.1398844718933105,4.037423133850098,2.426245927810669
1741033486091996200,280.92699609375,-1.050594687461853,5.327783584594727,3.1285481452941895
1741033486102097000,280.9370969238281,-1.4456918239593506,6.13508415222168,3.722443103790283
1741033486112198000,280.9471979980469,-2.0122880935668945,6.013132095336914,3.9746460914611816
1741033486122298600,280.95729858398437,-2.4960527420043945,4.656100273132324,3.646676778793335
1741033486132399400,280.9673994140625,-2.7767562866210938,2.584080696105957,2.918315887451172
1741033486142500400,280.97750024414063,-2.8136603832244873,0.7218303680419922,2.2592380046844482
1741033486152601000,280.98760107421873,-2.6408400535583496,-0.67730712890625,2.04044771194458
1741033486162701800,280.9977019042969,-2.4664974212646484,-1.7775144577026367,2.0308783054351807
1741033486172802800,281.007802734375,-2.309427499771118,-2.5608973503112793,2.129364252090454
1741033486182903600,281.01790356445315,-2.2590181827545166,-3.104194164276123,2.366225481033325
1741033486193004500,281.02800463867186,-2.1526923179626465,-3.6485419273376465,2.477759838104248
1741033486203105300,281.03810522460935,-2.095961809158325,-4.132400989532471,2.511441230773926
1741033486213206000,281.0482060546875,-1.9503772258758545,-4.631526470184326,2.4833450317382812
1741033486223307000,281.0583071289062,-1.8494410514831543,-5.072105407714844,2.4205737113952637
1741033486233407700,281.0684077148438,-1.8196899890899658,-5.449127674102783,2.363680362701416
1741033486243508500,281.0785085449219,-1.6179616451263428,-5.784097671508789,2.350412607192993
1741033486253609500,281.088609375,-1.5421805381774902,-6.09037971496582,2.321338415145874
1741033486263710200,281.09871020507813,-1.5313656330108643,-6.234297752380371,2.309217929840088
1741033486273811200,281.1088112792969,-1.5449336767196655,-6.2644734382629395,2.310570240020752
1741033486283912000,281.1189118652344,-1.677196741104126,-6.0236921310424805,2.384420394897461
1741033486294012700,281.1290126953125,-1.8637535572052002,-5.497503280639648,2.502563953399658
1741033486304113700,281.13911376953126,-1.9440803527832031,-4.770780563354492,2.5941131114959717
1741033486314214400,281.14921435546876,-1.9644598960876465,-3.914490222930908,2.6318864822387695
1741033486324315400,281.1593154296875,-2.0094809532165527,-2.978994369506836,2.609673500061035
1741033486334416100,281.169416015625,-2.1628267765045166,-2.0878353118896484,2.4996185302734375
1741033486344516900,281.1795168457031,-2.3294854164123535,-1.172567367553711,2.335629463195801
1741033486354617900,281.1896179199219,-2.5149173736572266,-0.27166080474853516,2.1166257858276367
1741033486364718600,281.1997185058594,-2.6507327556610107,0.6437892913818359,1.9558136463165283
1741033486374819300,281.2098193359375,-2.7579827308654785,1.4624958038330078,1.7588272094726562
1741033486384920300,281.21992041015625,-2.862548351287842,2.2368364334106445,1.5571889877319336
1741033486395021000,281.23002099609374,-3.0009660720825195,2.9778900146484375,1.2936357259750366
1741033486405122000,281.2401220703125,-2.9274773597717285,3.5651321411132812,0.8630406260490417
1741033486415223600,281.2502236328125,-2.6648991107940674,3.9833145141601562,0.2451220154762268
1741033486425324500,281.26032446289065,-2.2281808853149414,4.061298370361328,-0.722672700881958
1741033486435425300,281.27042529296875,-2.0257821083068848,3.8059158325195312,-1.6274771690368652
1741033486445526000,281.28052612304685,-1.8588111400604248,3.7134265899658203,-2.3271255493164062
1741033486455627000,281.290626953125,-1.9089009761810303,3.7831621170043945,-2.876906394958496
1741033486465727700,281.3007277832031,-1.8744442462921143,3.97701358795166,-3.513643741607666
1741033486475828500,281.3108283691406,-1.5387239456176758,4.192060470581055,-3.908785820007324
1741033486485929500,281.3209294433594,-0.7210445404052734,4.326849937438965,-4.54988956451416
1741033486496030200,281.3310302734375,0.24138331413269043,5.0021467208862305,-4.957944869995117
1741033486506131200,281.34113110351564,1.5769965648651123,5.840025901794434,-4.939988136291504
1741033486516232000,281.35123193359374,3.3675646781921387,6.3224029541015625,-4.47403621673584
1741033486526332700,281.3613327636719,4.745235443115234,6.045257568359375,-3.9502429962158203
1741033486536433700,281.37143359375,5.251703262329102,4.4358415603637695,-3.5946576595306396
1741033486546534400,281.3815344238281,5.158846855163574,1.9285898208618164,-3.5924935340881348
1741033486556635400,281.39163549804687,4.347907066345215,-0.20399093627929688,-3.2011947631835938
1741033486566736100,281.40173608398436,3.2906198501586914,-1.3592548370361328,-2.0944697856903076
1741033486576836900,281.4118369140625,2.748229742050171,-1.3855581283569336,-1.2526061534881592
1741033486586937900,281.4219377441406,2.3857784271240234,-0.7152280807495117,-0.4923825263977051
1741033486597038600,281.4320385742187,2.035325288772583,0.3702058792114258,-0.20041483640670776
1741033486607139300,281.4421394042969,1.3165135383605957,1.7436628341674805,-0.26111704111099243
1741033486617240300,281.452240234375,0.004536580294370651,2.789590835571289,-0.6384016275405884
1741033486627341000,281.46234106445314,0.17622366547584534,2.8287134170532227,-0.5212877988815308
1741033486637442000,281.47244213867185,1.299002766609192,2.253666877746582,-0.00507354736328125
1741033486647542800,281.4825427246094,2.2576699256896973,1.8408746719360352,0.6453444957733154
1741033486657643500,281.4926435546875,2.546436071395874,1.531595230102539,1.093117117881775
1741033486667744500,281.50274462890627,2.0863876342773438,0.9207305908203125,1.346515417098999
1741033486677845200,281.51284521484376,1.3755565881729126,0.11949539184570312,1.2110698223114014
1741033486687946000,281.52294604492187,1.0151180028915405,-0.810333251953125,1.198426365852356
1741033486698047000,281.533046875,0.4501672387123108,-1.761662483215332,1.2992777824401855
1741033486708147700,281.5431477050781,0.34393465518951416,-2.5841498374938965,1.4666632413864136
1741033486718248700,281.5532487792969,0.16532936692237854,-3.4216041564941406,1.9094011783599854
1741033486728349400,281.5633493652344,0.14853805303573608,-3.9940333366394043,2.5316033363342285
1741033486738450200,281.5734501953125,0.04171904921531677,-4.269419193267822,3.3000099658966064
1741033486748551200,281.58355126953126,0.05513972043991089,-4.494961738586426,3.9126033782958984
1741033486758652400,281.59365234375,-0.3342505097389221,-4.854596138000488,3.9130890369415283
1741033486768753700,281.6037536621094,-0.3329918384552002,-5.20918607711792,3.9642374515533447
1741033486778854400,281.6138544921875,-0.3432454466819763,-5.4723286628723145,3.9548094272613525
1741033486788955400,281.6239553222656,-0.4844260513782501,-5.689250469207764,3.7519092559814453
1741033486799056100,281.63405615234376,-0.5150180459022522,-5.981709957122803,3.4402177333831787
1741033486809156900,281.64415698242186,-0.4488987326622009,-6.278318405151367,2.9939305782318115
1741033486819257900,281.6542578125,-0.250075101852417,-6.415942192077637,2.4495203495025635
1741033486829358600,281.6643586425781,-0.009917259216308594,-6.374412536621094,1.8843656778335571
1741033486839459300,281.6744592285156,0.07684469223022461,-6.163602352142334,1.4330902099609375
1741033486849560300,281.6845603027344,0.25808489322662354,-5.695033073425293,1.1681809425354004
1741033486859661000,281.6946611328125,0.6861931085586548,-5.103614330291748,1.1007506847381592
1741033486869762000,281.70476196289064,0.9698323011398315,-4.352535724639893,1.1439281702041626
1741033486879862800,281.71486279296874,1.1556358337402344,-3.5822300910949707,1.0926414728164673
1741033486889963500,281.72496362304685,1.306065559387207,-2.831815719604492,1.0579203367233276
1741033486900064500,281.735064453125,1.4911242723464966,-1.9534578323364258,1.1517724990844727
1741033486910165200,281.7451652832031,1.786869764328003,-0.9220418930053711,1.27078378200531
1741033486920266000,281.7552658691406,1.9474446773529053,0.3906536102294922,1.3307828903198242
1741033486930367000,281.76536694335937,1.8638663291931152,2.053704261779785,1.3759689331054688
1741033486940467700,281.7754677734375,1.332392930984497,3.7881650924682617,1.1999812126159668
1741033486950568700,281.7855686035156,0.23895370960235596,5.409255027770996,0.6768336296081543
1741033486960669400,281.79566943359373,-0.658549964427948,6.401885986328125,-0.38692399859428406
1741033486970770200,281.8057702636719,-0.7602826356887817,6.053325653076172,-2.070033073425293
1741033486980871200,281.81587109375,0.5263633728027344,4.915105819702148,-4.146883487701416
1741033486990972000,281.82597192382815,0.9018687009811401,3.9665613174438477,-5.21495246887207
1741033487001073000,281.83607299804686,1.1403250694274902,3.370431900024414,-5.42395544052124
1741033487011173600,281.84617358398435,2.420661449432373,2.733494758605957,-5.136205673217773
1741033487021274400,281.8562744140625,4.162939071655273,2.191873550415039,-4.524080276489258
1741033487031375400,281.8663752441406,8.70372200012207,0.9597110748291016,-3.442229747772217
1741033487041476000,281.8764760742188,14.214712142944336,0.45259666442871094,-2.7764272689819336
1741033487051576800,281.8865769042969,16.225675582885742,1.2184514999389648,-2.2469217777252197
1741033487061677800,281.896677734375,11.958845138549805,2.05703067779541,-1.149057388305664
1741033487071778600,281.90677856445313,6.870040416717529,2.750272750854492,-0.11992549896240234
1741033487081879600,281.9168796386719,3.2864890098571777,2.872044563293457,0.45844757556915283
1741033487091980300,281.9269802246094,0.9253153800964355,3.095294952392578,1.3912450075149536
1741033487102081000,281.9370810546875,-0.335968017578125,3.0923585891723633,2.1889750957489014
1741033487112182000,281.94718212890626,-0.7702351808547974,2.9850034713745117,3.138420581817627
1741033487122282800,281.95728271484376,-1.118569254875183,3.2051429748535156,3.9675397872924805
1741033487132384300,281.96738427734374,-1.3082059621810913,4.014318466186523,4.7102532386779785
1741033487142485200,281.9774853515625,-1.586013913154602,4.999903678894043,5.1751790046691895
1741033487152586000,281.9875859375,-1.967389464378357,5.657240867614746,5.469053745269775
1741033487162687000,281.99768701171877,-2.341792345046997,5.70346736907959,5.481789588928223
1741033487172787700,282.00778759765626,-2.729853630065918,5.176340103149414,5.172385215759277
1741033487182888700,282.017888671875,-2.710960865020752,3.9478206634521484,4.23447322845459
1741033487192989400,282.02798950195313,-2.6816179752349854,2.1516942977905273,3.1074323654174805
1741033487203090200,282.0380900878906,-2.5243160724639893,0.23215198516845703,2.216535806655884
1741033487213191200,282.0481911621094,-2.366570472717285,-1.2825517654418945,1.6429510116577148
1741033487223292000,282.0582919921875,-2.240018606185913,-2.356391429901123,1.4380396604537964
1741033487233393000,282.06839282226565,-2.2443490028381348,-3.177764892578125,1.4188398122787476
1741033487243493600,282.07849365234375,-2.3602685928344727,-3.8873167037963867,1.3789393901824951
1741033487253594400,282.08859448242185,-2.4708287715911865,-4.442737579345703,1.3704379796981812
1741033487263695400,282.0986953125,-2.528989791870117,-4.848649978637695,1.3310816287994385
1741033487273796000,282.1087961425781,-2.4697153568267822,-5.118032932281494,1.3345993757247925
1741033487283896800,282.1188967285156,-2.4938223361968994,-5.302101135253906,1.3555415868759155
1741033487293997800,282.1289978027344,-2.52522349357605,-5.407966613769531,1.3928146362304688
1741033487304098600,282.1390986328125,-2.505462646484375,-5.492796421051025,1.4198719263076782
1741033487314199600,282.14919946289064,-2.4255943298339844,-5.526566028594971,1.4580458402633667
1741033487324300300,282.15930029296874,-2.330406427383423,-5.4673638343811035,1.5250192880630493
1741033487334401000,282.1694011230469,-2.188614845275879,-5.304598808288574,1.6283302307128906
1741033487344502000,282.179501953125,-2.0892515182495117,-5.181095600128174,1.6962769031524658
1741033487354602800,282.1896027832031,-2.18388032913208,-4.991323471069336,1.7149897813796997
1741033487364703500,282.19970336914065,-2.233386516571045,-4.513876914978027,1.8319602012634277
1741033487374804500,282.20980444335936,-1.3220748901367188,-3.7531347274780273,2.0516529083251953
1741033487384905200,282.2199052734375,0.41554534435272217,-2.9719467163085938,2.2390084266662598
1741033487395006200,282.2300061035156,-1.036437749862671,-1.8925766944885254,2.3407928943634033
1741033487405107000,282.2401069335937,-4.326570510864258,-1.3027210235595703,1.9020285606384277
1741033487415207700,282.2502077636719,-5.4838457107543945,-0.5746612548828125,1.1184049844741821
1741033487425308700,282.26030859375,-5.55985689163208,-0.0008401870727539062,0.541754961013794
1741033487435409400,282.27040942382814,-5.435975074768066,0.67645263671875,0.17623591423034668
1741033487445510400,282.28051049804685,-4.810400009155273,1.486246109008789,-0.012680292129516602
1741033487455611100,282.2906110839844,-3.9470295906066895,2.6063461303710938,-0.18607556819915771
1741033487465711900,282.3007119140625,-3.592890739440918,3.8727846145629883,-0.28895044326782227
1741033487475812900,282.3108127441406,-3.326420307159424,5.01210880279541,-0.17095589637756348
1741033487485914400,282.32091430664065,-3.1054394245147705,5.7826995849609375,0.019994258880615234
1741033487496015400,282.33101538085936,-2.4190611839294434,5.723773956298828,-0.025872349739074707
1741033487506116000,282.3411162109375,-0.005044460296630859,5.093744277954102,-0.5867636203765869
1741033487516241700,282.35124169921875,1.0013208389282227,4.849612236022949,-1.2825804948806763
1741033487526545400,282.3615454101562,-0.29768824577331543,4.520517349243164,-2.072134017944336
1741033487536848600,282.3718486328125,-1.2668722867965698,4.268058776855469,-2.9550576210021973
1741033487547092700,282.3820927734375,-0.5449477434158325,4.485990524291992,-3.775714635848999
1741033487557214200,282.39221411132814,0.6363248825073242,5.224802017211914,-4.30483341217041
1741033487567315200,282.40231518554685,1.8774292469024658,5.92555046081543,-4.28594446182251
1741033487577416000,282.412416015625,2.7910702228546143,6.083148002624512,-3.622000217437744
1741033487587516700,282.4225166015625,3.3045976161956787,5.363762855529785,-2.6263859272003174
1741033487597617700,282.4326176757813,3.4791038036346436,3.463909149169922,-2.1123862266540527
1741033487607718400,282.4427185058594,2.8982577323913574,1.1552486419677734,-1.9951012134552002
1741033487617819400,282.4528193359375,2.3569178581237793,-0.6845264434814453,-2.177600622177124
1741033487627920100,282.46292016601564,1.589862585067749,-1.2961549758911133,-1.74190092086792
1741033487638020900,282.47302075195313,1.0213168859481812,-0.8372783660888672,-1.461679458618164
1741033487648121900,282.4831218261719,1.0303351879119873,0.1540985107421875,-1.2891117334365845
1741033487658222600,282.49322265625,1.2185715436935425,1.4912481307983398,-0.9495671391487122
1741033487668323300,282.5033232421875,1.777646541595459,2.5106687545776367,-0.31467562913894653
1741033487678424300,282.51342431640626,2.6754097938537598,2.7607908248901367,0.4002629220485687
1741033487688525000,282.52352514648436,3.706538677215576,2.4107589721679688,1.243387222290039
1741033487698626000,282.5336259765625,4.269755840301514,1.688608169555664,1.586205244064331
1741033487708726800,282.5437268066406,2.98311448097229,0.7441444396972656,0.8995398283004761
1741033487718827500,282.5538276367187,1.3288406133651733,0.001247406005859375,0.19849693775177002
1741033487728928500,282.5639284667969,0.2047038972377777,-0.8313150405883789,-0.21757066249847412
1741033487739029200,282.574029296875,-0.02158050239086151,-1.6953487396240234,-0.006785988807678223
1741033487749130200,282.58413012695314,0.15512263774871826,-2.3246073722839355,0.6651001572608948
1741033487759231000,282.59423095703124,0.8975111842155457,-2.705420970916748,1.5069059133529663
1741033487769331700,282.6043317871094,1.2755643129348755,-2.8937721252441406,2.4410555362701416
1741033487779432700,282.6144326171875,1.6557629108428955,-3.0250563621520996,3.531890392303467
1741033487789534200,282.6245341796875,1.6895127296447754,-3.48348331451416,4.077180862426758
1741033487799635200,282.63463525390625,1.6909433603286743,-4.041380405426025,4.16302490234375
1741033487809736000,282.64473583984375,1.3128199577331543,-4.31744909286499,4.291968822479248
1741033487819836700,282.65483666992185,0.5550037622451782,-4.614504814147949,4.277719497680664
1741033487829937700,282.6649377441406,-0.19089774787425995,-5.099338531494141,3.896812915802002
1741033487840038400,282.6750383300781,-0.8402225375175476,-5.426645755767822,3.5333402156829834
1741033487850139400,282.6851394042969,-1.2717061042785645,-5.573126316070557,3.202043056488037
1741033487860240100,282.695240234375,-1.1964970827102661,-5.763440132141113,2.9486708641052246
1741033487870340900,282.7053408203125,-1.023966908454895,-6.167835235595703,2.588338851928711
1741033487880441900,282.71544189453124,-0.6491656303405762,-6.347023963928223,2.329511880874634
1741033487890542600,282.72554248046873,-0.21055340766906738,-6.371531009674072,2.170069694519043
1741033487900643300,282.7356433105469,0.3226642608642578,-6.279056072235107,2.274557590484619
1741033487910744300,282.7457443847656,0.6470531225204468,-6.059896469116211,2.277977705001831
1741033487920845000,282.75584497070315,1.1010812520980835,-5.62647819519043,2.088052988052368
1741033487930946000,282.76594604492186,1.6490048170089722,-5.041810512542725,1.8828370571136475
1741033487941046800,282.776046875,1.9936432838439941,-4.385132312774658,1.670546054840088
1741033487951147500,282.7861474609375,2.4426088333129883,-3.5382747650146484,1.4908934831619263
1741033487961248500,282.7962485351562,2.8893914222717285,-2.3376636505126953,1.3987679481506348
1741033487971349200,282.8063493652344,3.330841541290283,-0.7678508758544922,1.3090142011642456
1741033487981450200,282.8164501953125,3.9182655811309814,1.4231061935424805,1.2189559936523438
1741033487991551000,282.82655102539064,4.147364616394043,4.651209831237793,1.0277620553970337
1741033488001651700,282.83665161132814,2.772836208343506,7.991588592529297,0.46852046251296997
1741033488011752700,282.8467526855469,1.0820789337158203,10.285207748413086,-1.1298807859420776
1741033488021853400,282.856853515625,1.814143419265747,9.685117721557617,-4.0856122970581055
1741033488031954200,282.8669541015625,3.482041358947754,6.99653434753418,-6.220127582550049
1741033488042055200,282.87705517578127,1.400490164756775,5.421168327331543,-6.255358695983887
1741033488052156000,282.88715600585937,0.6818926334381104,4.578618049621582,-5.442198753356934
1741033488062257000,282.8972568359375,1.9770843982696533,3.644068717956543,-4.718365669250488
1741033488072357600,282.9073576660156,3.370358467102051,2.5623626708984375,-3.588179588317871
1741033488082458400,282.9174582519531,6.548428535461426,1.545248031616211,-2.450045585632324
1741033488092559400,282.9275593261719,9.694962501525879,1.068878173828125,-1.5185222625732422
1741033488102660000,282.93766015625,10.137360572814941,1.1746282577514648,-0.7733542919158936
1741033488112760800,282.9477607421875,7.500801086425781,2.068169593811035,-0.4602322578430176
1741033488122861800,282.95786181640625,5.619677543640137,2.233973503112793,0.2991536855697632
1741033488132962600,282.96796264648435,3.5255556106567383,1.7271537780761719,1.3148010969161987
1741033488143063600,282.9780634765625,1.6627724170684814,1.2501487731933594,2.2597310543060303
1741033488153164300,282.9881643066406,0.9403285980224609,1.04107666015625,3.1507349014282227
1741033488163266000,282.99826611328126,0.947441577911377,1.7210397720336914,3.911436080932617
1741033488173366800,283.00836669921875,0.6270201206207275,3.088390350341797,4.790148735046387
1741033488183467500,283.01846752929686,0.22436928749084473,4.554224014282227,5.600815296173096
1741033488193568500,283.0285686035156,-0.808890700340271,5.725081443786621,6.170341968536377
1741033488203669200,283.0386691894531,-1.9122018814086914,6.132724761962891,6.228918552398682
1741033488213770200,283.0487702636719,-2.3717572689056396,5.643047332763672,5.890625
1741033488223871000,283.05887109375,-2.0967772006988525,4.202240943908691,5.107590675354004
1741033488233971700,283.0689716796875,-1.5138537883758545,2.0658769607543945,4.092106819152832
1741033488244072700,283.07907275390625,-1.735816478729248,0.3528146743774414,3.3078861236572266
1741033488254173400,283.08917333984374,-2.2068796157836914,-0.7262172698974609,2.8830342292785645
1741033488264274200,283.0992741699219,-2.4314355850219727,-1.7093911170959473,2.608670949935913
1741033488274375200,283.1093752441406,-2.528984308242798,-2.5127105712890625,2.3460302352905273
1741033488284476000,283.1194758300781,-2.601957321166992,-3.189474582672119,2.1161298751831055
1741033488294577000,283.12957690429687,-2.651848554611206,-3.762472152709961,1.9565956592559814
1741033488304677600,283.139677734375,-2.7711663246154785,-4.314286708831787,1.8325742483139038
1741033488314778400,283.1497783203125,-2.9172635078430176,-4.81232213973999,1.7230048179626465
1741033488324879400,283.15987939453123,-2.984208106994629,-5.137747287750244,1.7116838693618774
1741033488334980000,283.1699799804687,-2.887544870376587,-5.338555335998535,1.7805521488189697
1741033488345080800,283.1800808105469,-2.8030195236206055,-5.515377998352051,1.86255943775177
1741033488355181800,283.19018188476565,-2.8119664192199707,-5.624698638916016,1.940765619277954
1741033488365282600,283.20028247070314,-2.844327211380005,-5.609073638916016,2.016416072845459
1741033488375383600,283.21038354492185,-2.8607146739959717,-5.362271308898926,2.127437114715576
1741033488385484300,283.220484375,-2.8780596256256104,-4.857007026672363,2.2533576488494873
1741033488395585000,283.2305849609375,-2.9275617599487305,-4.261472225189209,2.404019594192505
1741033488405686000,283.2406860351563,-2.8946428298950195,-3.6446571350097656,2.5319252014160156
1741033488415786800,283.2507868652344,-2.910273551940918,-2.9778218269348145,2.5878307819366455
1741033488425887700,283.2608876953125,-2.92887020111084,-2.2830405235290527,2.5693554878234863
1741033488435988500,283.27098852539064,-2.8307716846466064,-1.5906367301940918,2.478689670562744
1741033488446089200,283.28108911132813,-1.8221397399902344,-0.881464958190918,2.4983596801757812
1741033488456190200,283.2911901855469,0.7213658094406128,-0.14805030822753906,2.566218852996826
1741033488466291000,283.301291015625,0.5049618482589722,0.7781887054443359,2.2211391925811768
1741033488476391700,283.3113916015625,-3.048186779022217,1.7072324752807617,1.3229460716247559
1741033488486492700,283.32149267578126,-5.254809379577637,2.250123977661133,-0.3267543315887451
1741033488496593400,283.33159350585936,-6.45833683013916,2.2565717697143555,-1.785555362701416
1741033488506694700,283.3416945800781,-6.592837333679199,2.7751808166503906,-2.5352349281311035
1741033488516796000,283.3517958984375,-6.478202819824219,3.2046079635620117,-2.9011404514312744
1741033488526897000,283.36189697265627,-6.212485313415527,3.631183624267578,-2.879424571990967
1741033488536997600,283.37199755859376,-5.851390838623047,3.9423160552978516,-2.8083484172821045
1741033488547098400,283.38209838867186,-5.390639781951904,4.226078987121582,-2.441079616546631
1741033488557199400,283.39219946289063,-4.444514751434326,4.408695220947266,-2.121394634246826
1741033488567300000,283.4023000488281,-3.3472118377685547,4.408905029296875,-2.0084047317504883
1741033488577400800,283.4124008789062,-2.042309284210205,4.305063247680664,-2.1931509971618652
1741033488587501800,283.4225017089844,-1.0316519737243652,4.471519470214844,-2.548337697982788
1741033488597602600,283.4326025390625,-0.42999792098999023,5.08829402923584,-2.868112325668335
1741033488607703600,283.44270361328125,0.8303650617599487,5.902255058288574,-2.9907703399658203
1741033488617804300,283.45280419921875,1.7029941082000732,6.306145668029785,-3.178250312805176
1741033488627918000,283.46291796875,1.5622502565383911,5.782787322998047,-2.765277862548828
1741033488638221600,283.4732216796875,1.6600089073181152,3.7721805572509766,-1.7787058353424072
1741033488648525000,283.4835251464844,1.9503521919250488,1.0204238891601562,-1.308095097541809
1741033488658768600,283.4937685546875,2.4816341400146484,-0.9124727249145508,-1.098506212234497
1741033488668881000,283.503880859375,2.7372632026672363,-1.7660818099975586,-1.0339716672897339
1741033488679003600,283.51400366210936,2.0231800079345703,-1.415069580078125,-0.9043580293655396
1741033488689104400,283.5241044921875,0.714657723903656,-0.2329082489013672,-0.7809652090072632
1741033488699205400,283.5342053222656,0.050204575061798096,1.098525047302246,-0.9034558534622192
1741033488709306000,283.5443061523437,-0.1808156669139862,2.1877193450927734,-1.0791517496109009
1741033488719407000,283.5544069824219,-0.08273562788963318,2.8718347549438477,-0.7850502729415894
1741033488729507800,283.5645078125,0.815625786781311,3.0539398193359375,-0.25943100452423096
1741033488739608600,283.57460864257814,1.6028285026550293,2.925577163696289,0.1779559850692749
1741033488749709600,283.58470947265624,1.2026488780975342,2.3193416595458984,0.49466073513031006
1741033488759810300,283.5948103027344,-0.5972058176994324,1.3702106475830078,0.3849823474884033
1741033488769911000,283.6049111328125,-1.5034953355789185,0.29805660247802734,0.7016533613204956
1741033488780012000,283.6150119628906,-0.2953510880470276,-0.5092611312866211,1.7630236148834229
1741033488790112800,283.62511279296876,1.7322847843170166,-1.271224021911621,2.8563714027404785
1741033488800213800,283.6352138671875,2.7195615768432617,-2.1649651527404785,3.2491540908813477
1741033488810314500,283.645314453125,3.0762929916381836,-2.930182456970215,3.201462507247925
1741033488820415200,283.6554152832031,2.7808408737182617,-3.407998561859131,3.367335557937622
1741033488830516200,283.6655161132812,2.5581135749816895,-3.6509194374084473,3.7210347652435303
1741033488840617000,283.6756169433594,2.837230682373047,-3.9684462547302246,4.217013359069824
1741033488850718000,283.6857180175781,2.2069413661956787,-4.333254337310791,4.236903667449951
1741033488860818700,283.69581860351565,1.8930996656417847,-4.676130294799805,3.9989473819732666
1741033488870919400,283.70591943359375,1.5319973230361938,-4.905121326446533,3.803914785385132
1741033488881020400,283.7160205078125,0.7185301780700684,-5.265075206756592,3.505347490310669
1741033488891121200,283.72612109375,-0.15095579624176025,-5.527523040771484,3.3315186500549316
1741033488901222000,283.7362219238281,-0.7403106689453125,-5.854432106018066,3.1055891513824463
1741033488911323000,283.7463229980469,-1.082388162612915,-6.163740634918213,2.8971593379974365
1741033488921423600,283.7564235839844,-1.2313179969787598,-6.475976943969727,2.609881639480591
1741033488931524600,283.76652465820314,-1.2885884046554565,-6.635235786437988,2.373642683029175
1741033488941626000,283.7766262207031,-0.9352822303771973,-6.638360977172852,2.2500336170196533
1741033488951727000,283.7867270507812,-0.11751818656921387,-6.395544052124023,2.156775951385498
1741033488961827800,283.7968278808594,0.49866342544555664,-5.920345306396484,2.1738009452819824
1741033488971928600,283.8069284667969,0.8927716016769409,-5.327019214630127,2.0905115604400635
1741033488982029600,283.81702954101564,1.3659112453460693,-4.483127593994141,2.017669200897217
1741033488992130300,283.82713037109374,1.7679119110107422,-3.4674596786499023,2.000410795211792
1741033489002231000,283.83723095703124,2.436190605163574,-2.270022392272949,2.026752233505249
1741033489012332000,283.84733203125,3.0925774574279785,-0.8130531311035156,2.0408060550689697
1741033489022432800,283.8574328613281,3.488879680633545,1.1558952331542969,2.04833984375
1741033489032533800,283.86753369140627,3.465719699859619,3.5635786056518555,1.7459510564804077
1741033489042634500,283.87763452148437,2.73663067817688,6.1725616455078125,1.0099406242370605
1741033489052735200,283.8877353515625,1.0712511539459229,8.115411758422852,-0.17709004878997803
1741033489062836200,283.8978361816406,-0.2009822130203247,8.630447387695312,-2.25353741645813
1741033489072937000,283.90793701171873,1.292995572090149,7.200669288635254,-4.983844757080078
1741033489083038000,283.9180378417969,2.9041945934295654,4.752013206481934,-6.478358268737793
1741033489093138700,283.928138671875,2.2755496501922607,3.642815589904785,-6.0909223556518555
1741033489103239400,283.93823950195315,2.392148494720459,3.3500165939331055,-5.502075672149658
1741033489113340400,283.94834033203125,3.8164498805999756,2.4289064407348633,-4.874621868133545
1741033489123441200,283.95844116210935,6.625884056091309,1.0889644622802734,-3.8189265727996826
1741033489133542000,283.9685419921875,9.48788833618164,-0.6847372055053711,-2.6147918701171875
1741033489143643000,283.9786428222656,12.094521522521973,-0.9231081008911133,-1.1373143196105957
1741033489153743600,283.98874365234377,11.190778732299805,0.5859413146972656,-0.01848578453063965
1741033489163844600,283.9988447265625,7.301610946655273,2.5781517028808594,0.5518824458122253
1741033489173945300,284.0089453125,4.778369903564453,3.7894763946533203,1.241373062133789
1741033489184046000,284.01904614257813,2.1653966903686523,4.015276908874512,1.856251835823059
1741033489194147000,284.02914697265624,0.5215260982513428,3.7547597885131836,2.2874197959899902
1741033489204247800,284.0392478027344,-0.10029816627502441,3.6939258575439453,3.143908977508545
1741033489214348500,284.0493486328125,-0.21757078170776367,3.964350700378418,4.201456069946289
1741033489224449500,284.0594494628906,-0.5981550216674805,4.558271408081055,4.907293319702148
1741033489234550300,284.06955029296876,-1.2468184232711792,5.152800559997559,5.158286094665527
1741033489244651300,284.0796513671875,-2.1529340744018555,5.705277442932129,5.31580924987793
1741033489254752000,284.089751953125,-2.684103012084961,5.8913774490356445,5.497832775115967
1741033489264853800,284.0998537597656,-2.8040077686309814,5.294371604919434,5.334928512573242
1741033489274954500,284.10995458984377,-3.0884552001953125,3.622786521911621,4.607363700866699
1741033489285055200,284.12005517578126,-3.082573413848877,1.7717533111572266,3.667228937149048
1741033489295156200,284.13015625,-2.558633327484131,0.16951656341552734,2.8519959449768066
1741033489305257000,284.14025708007813,-2.1809487342834473,-1.1812334060668945,2.172581672668457
1741033489315358000,284.15035791015623,-2.178842306137085,-2.164961814880371,1.8132908344268799
1741033489325458700,284.1604587402344,-2.4780774116516113,-2.939192295074463,1.6908953189849854
1741033489335559400,284.1705593261719,-2.6692306995391846,-3.4879283905029297,1.759384274482727
1741033489345660400,284.18066040039065,-2.805891513824463,-3.9547061920166016,1.8707083463668823
1741033489355761200,284.19076123046875,-2.804076910018921,-4.374396800994873,1.957493782043457
1741033489365862000,284.20086181640625,-2.871450662612915,-4.695892333984375,2.029045581817627
1741033489375963000,284.210962890625,-2.8732500076293945,-4.987306594848633,2.1122994422912598
1741033489386063600,284.2210637207031,-2.8613553047180176,-5.221917629241943,2.145282030105591
1741033489396164600,284.2311645507813,-2.8627824783325195,-5.441356182098389,2.1149232387542725
1741033489406265300,284.2412653808594,-2.741776943206787,-5.630242824554443,2.0889127254486084
1741033489416366000,284.25136596679687,-2.601560592651367,-5.724282264709473,2.018937349319458
1741033489426467000,284.26146704101564,-2.5246171951293945,-5.6313557624816895,1.9225866794586182
1741033489436567800,284.27156787109374,-2.5151004791259766,-5.244242191314697,1.9297783374786377
1741033489446668500,284.28166845703123,-2.554187774658203,-4.5912017822265625,1.9948573112487793
1741033489456769500,284.29176953125,-2.6903719902038574,-3.822455883026123,2.037724256515503
1741033489466870300,284.3018703613281,-2.86525559425354,-3.0644712448120117,2.109163761138916
1741033489476971300,284.31197119140626,-2.9019627571105957,-2.2768349647521973,2.1497180461883545
1741033489487072000,284.32207202148436,-3.0070395469665527,-1.514183521270752,2.0819568634033203
1741033489497172700,284.3321728515625,-3.0045347213745117,-0.8286266326904297,1.968695878982544
1741033489507273700,284.3422736816406,-2.9057226181030273,-0.1617870330810547,1.8719568252563477
1741033489517374500,284.3523745117187,-2.918452024459839,0.57476806640625,1.7587908506393433
1741033489527475200,284.3624750976563,-2.880491256713867,1.3130149841308594,1.5644078254699707
1741033489537576200,284.372576171875,-2.9311647415161133,2.137234687805176,1.2896977663040161
1741033489547677000,284.38267700195314,-2.98146390914917,3.0047073364257812,0.9125013947486877
1741033489557778000,284.39277783203124,-2.991454601287842,3.8429393768310547,0.38347327709198
1741033489567878700,284.4028786621094,-2.856046199798584,4.491142272949219,-0.43292009830474854
1741033489577980400,284.41298046875,-2.585355281829834,4.666825294494629,-1.2198277711868286
1741033489588081200,284.4230810546875,-2.747912645339966,4.5564374923706055,-2.206575870513916
1741033489598182000,284.43318188476565,-2.3560914993286133,4.184999465942383,-2.958618402481079
1741033489608283000,284.44328295898435,-1.4493592977523804,3.9460201263427734,-3.4521117210388184
1741033489618383600,284.45338354492185,-0.4282360076904297,3.835134506225586,-3.7605972290039062
1741033489628484600,284.4634846191406,0.9008073806762695,3.785508155822754,-3.748607635498047
1741033489638585300,284.4735854492188,2.139310836791992,4.2134504318237305,-3.5831949710845947
1741033489648686000,284.48368603515627,3.626736640930176,5.09439754486084,-3.4896678924560547
1741033489658787000,284.493787109375,4.891551971435547,5.899991989135742,-3.498971939086914
1741033489668887800,284.5038876953125,6.144787311553955,5.8536577224731445,-3.4075493812561035
1741033489678988500,284.51398852539063,5.433119773864746,4.958682060241699,-2.3244450092315674
1741033489689089500,284.5240895996094,3.842252016067505,2.461027145385742,-2.0374674797058105
1741033489699190300,284.5341901855469,2.2991061210632324,0.023713111877441406,-2.0241267681121826
1741033489709291300,284.5442912597656,0.8996412754058838,-1.4958643913269043,-1.7598811388015747
1741033489719392000,284.55439208984376,0.011687755584716797,-1.9467387199401855,-1.3956882953643799
1741033489729492700,284.56449267578125,-0.7064489126205444,-1.024062156677246,-1.1923696994781494
1741033489739593700,284.57459375,-0.5981082916259766,0.5289888381958008,-1.1891160011291504
1741033489749694500,284.5846945800781,0.6232213973999023,2.0742950439453125,-0.8683347105979919
1741033489759795200,284.5947951660156,2.547903537750244,3.077731132507324,0.023406803607940674
1741033489769896200,284.6048962402344,4.88284158706665,3.321608543395996,1.4618849754333496
1741033489779997000,284.6149968261719,5.353360176086426,2.7692670822143555,1.9717018604278564
1741033489790098000,284.62509790039064,4.643908977508545,2.0054473876953125,1.6778565645217896
1741033489800198700,284.63519873046874,3.2386136054992676,1.1578483581542969,0.6969794034957886
1741033489810299400,284.64529931640624,1.8304585218429565,0.10542011260986328,-0.46596038341522217
1741033489820400400,284.655400390625,0.9052772521972656,-0.9065933227539062,-1.5728191137313843
1741033489830501000,284.6655012207031,0.30113685131073,-1.883680820465088,-1.743943214416504
1741033489840602000,284.67560205078127,-0.790176510810852,-2.611330986022949,-1.1622387170791626
1741033489850702800,284.68570288085937,-2.03126859664917,-2.9893603324890137,-0.16975009441375732
1741033489860803600,284.69580346679686,-2.475428819656372,-3.16902494430542,0.7955192923545837
1741033489870904600,284.7059045410156,-1.6578896045684814,-3.3872408866882324,1.8390851020812988
1741033489881005300,284.71600537109373,-0.041576087474823,-3.6948251724243164,2.842156410217285
1741033489891106800,284.72610693359377,1.0557245016098022,-4.013513565063477,3.7279677391052246
1741033489901207800,284.73620776367187,1.2531663179397583,-4.20389461517334,4.420898914337158
1741033489911308500,284.74630859375,0.7785571813583374,-4.454287528991699,4.71358585357666
1741033489921409500,284.75640942382813,0.4619061350822449,-4.844558238983154,4.601536750793457
1741033489931510300,284.76651025390623,0.5828129649162292,-5.269721508026123,4.471553802490234
1741033489941611300,284.776611328125,0.6629879474639893,-5.677988052368164,4.354335784912109
1741033489951712000,284.7867119140625,0.7274013161659241,-6.029723167419434,4.263837814331055
1741033489961812700,284.79681274414065,0.33486467599868774,-6.538729190826416,3.8643314838409424
1741033489971913700,284.80691381835936,0.0619853138923645,-6.890057563781738,3.472238779067993
1741033489982014500,284.81701440429686,-0.2623227834701538,-7.07902193069458,2.9995265007019043
1741033489992115200,284.827115234375,-0.6120258569717407,-6.992854118347168,2.689343214035034
1741033490002216200,284.8372163085937,-0.4756529927253723,-6.51763916015625,2.452219247817993
1741033490012317000,284.8473168945313,0.20283162593841553,-5.805826663970947,2.286494731903076
1741033490022418000,284.85741796875,0.9121854305267334,-4.945553302764893,2.1630101203918457
1741033490032518700,284.8675185546875,1.20433509349823,-4.101436138153076,1.9250541925430298
1741033490042619400,284.87761938476564,1.7280763387680054,-3.038261890411377,1.779411792755127
1741033490052720400,284.88772045898435,2.027066230773926,-1.7037434577941895,1.6609911918640137
1741033490062821000,284.8978210449219,2.2144079208374023,0.03207683563232422,1.5531935691833496
1741033490072922000,284.9079221191406,2.517077684402466,2.505803108215332,1.3752095699310303
1741033490083022800,284.91802294921877,2.710721969604492,5.321165084838867,0.9042277932167053
1741033490093123600,284.92812353515626,1.847518801689148,7.978752136230469,-0.03412908315658569
1741033490103224600,284.938224609375,0.6361004114151001,9.3662109375,-2.3550262451171875
1741033490113325300,284.9483251953125,1.1548306941986084,8.51486873626709,-4.996861457824707
1741033490123426000,284.9584260253906,1.9746782779693604,6.549954414367676,-6.482667922973633
1741033490133527000,284.9685270996094,1.825483798980713,4.78842830657959,-6.46513557434082
1741033490143627800,284.9786276855469,3.2741336822509766,3.2605581283569336,-5.624395370483398
1741033490153728800,284.98872875976565,5.521055221557617,1.6764411926269531,-4.526753902435303
1741033490163829500,284.99882958984375,7.718325614929199,0.7566566467285156,-3.5439512729644775
1741033490173930200,285.00893017578124,10.203651428222656,0.43044281005859375,-2.37243914604187
1741033490184031200,285.01903125,11.017304420471191,0.6204566955566406,-1.5505694150924683
1741033490194132000,285.0291320800781,9.204177856445312,0.6585321426391602,-1.4678248167037964
1741033490204233500,285.0392333984375,5.8560028076171875,1.2084159851074219,-1.7383414506912231
1741033490214334500,285.04933447265626,4.034438610076904,1.4937410354614258,-1.4696906805038452
1741033490224435200,285.05943530273436,2.6462273597717285,1.3689470291137695,-0.04584026336669922
1741033490234536200,285.0695361328125,1.523334264755249,1.4847211837768555,1.9673680067062378
1741033490244637000,285.0796369628906,1.2885143756866455,2.1288537979125977,3.419717311859131
1741033490254738000,285.0897380371094,0.6512875556945801,3.357807159423828,4.875295162200928
1741033490264838700,285.0998386230469,0.3528439998626709,4.8265886306762695,6.106148719787598
1741033490274939400,285.109939453125,-0.00710296630859375,6.1296539306640625,6.763395309448242
1741033490285040400,285.12004028320314,-0.9541783332824707,7.097954750061035,7.158974647521973
1741033490295141000,285.13014111328124,-1.920893907546997,7.278230667114258,7.1148762702941895
1741033490305242000,285.1402421875,-2.233015537261963,6.3529157638549805,6.470401763916016
1741033490315342800,285.1503427734375,-1.8955020904541016,4.2597551345825195,5.2475409507751465
1741033490325443600,285.1604436035156,-1.8465195894241333,2.0044126510620117,4.028191566467285
1741033490335544600,285.17054467773437,-2.583423614501953,0.35818004608154297,3.107295274734497
1741033490345645300,285.18064526367186,-2.8833930492401123,-1.0156755447387695,2.4637489318847656
1741033490355746000,285.19074609375,-2.8269546031951904,-2.0922398567199707,2.0577645301818848
1741033490365847000,285.2008469238281,-2.810933828353882,-2.920100212097168,1.7685261964797974
1741033490375947800,285.2109477539062,-2.900827646255493,-3.5640482902526855,1.6099414825439453
1741033490386048800,285.221048828125,-2.9710607528686523,-4.094079494476318,1.539783239364624
1741033490396149500,285.2311494140625,-2.999767780303955,-4.544197082519531,1.5721925497055054
1741033490406250200,285.24125024414064,-3.037217140197754,-4.955781936645508,1.6597180366516113
1741033490416351200,285.25135131835935,-3.0874361991882324,-5.265737056732178,1.7620185613632202
1741033490426452000,285.26145190429685,-3.0634286403656006,-5.493997097015381,1.8450791835784912
1741033490436552700,285.271552734375,-3.0142006874084473,-5.693370819091797,1.9052064418792725
1741033490446653700,285.2816538085938,-2.913491725921631,-5.82072114944458,1.9718314409255981
1741033490456754400,285.29175439453127,-2.8026516437530518,-5.855818748474121,1.9941506385803223
1741033490466855400,285.30185546875,-2.7758476734161377,-5.7067108154296875,2.030181884765625
1741033490476956200,285.3119560546875,-2.7934324741363525,-5.323701858520508,2.0720436573028564
1741033490487057000,285.32205688476563,-2.920856237411499,-4.7630510330200195,2.1154720783233643
1741033490497158000,285.3321579589844,-2.9944019317626953,-4.037914752960205,2.182849168777466
1741033490507258600,285.3422585449219,-2.9342894554138184,-3.066196918487549,2.2224793434143066
1741033490517360000,285.3523601074219,-1.63724684715271,-1.8569426536560059,2.3383066654205322
1741033490527462000,285.3624619140625,2.0588552951812744,-0.6279153823852539,2.363673210144043
1741033490537741800,285.37274194335936,3.8882761001586914,0.5726041793823242,2.6047816276550293
1741033490548045300,285.3830454101562,-2.137641429901123,0.5691328048706055,2.2106552124023438
1741033490558328600,285.39332861328126,-5.22570276260376,0.177276611328125,0.8807932138442993
1741033490568458500,285.4034584960938,-6.80976676940918,0.2302865982055664,-0.7550516128540039
1741033490578559200,285.4135593261719,-8.653770446777344,0.42751026153564453,-2.524763345718384
1741033490588660200,285.42366015625,-9.178390502929688,1.1016168594360352,-3.0741002559661865
1741033490598761000,285.43376098632814,-8.7665376663208,1.7801313400268555,-3.2358765602111816
1741033490608862000,285.44386206054685,-8.410759925842285,2.3980302810668945,-2.950839042663574
1741033490618962700,285.4539626464844,-7.641537666320801,3.042750358581543,-2.0804872512817383
1741033490629063400,285.4640634765625,-6.276179790496826,3.5600013732910156,-0.8356074094772339
1741033490639164400,285.4741643066406,-4.497424125671387,4.046445846557617,0.20341157913208008
1741033490649265200,285.48426513671876,-3.124661445617676,4.661811828613281,0.8639625310897827
1741033490659366000,285.49436596679686,-1.9913227558135986,5.136727333068848,1.0237810611724854
1741033490669467000,285.504466796875,-1.0385403633117676,5.45986270904541,0.7119102478027344
1741033490679567600,285.5145676269531,0.561742901802063,6.018922805786133,-0.08235907554626465
1741033490689668600,285.5246687011719,1.4300048351287842,6.8771162033081055,-1.2146028280258179
1741033490699769300,285.5347692871094,0.9761803150177002,7.385951995849609,-2.549365997314453
1741033490709870000,285.5448701171875,0.6398221254348755,6.77940559387207,-3.5697765350341797
1741033490719971000,285.55497119140625,1.4939271211624146,4.696409225463867,-3.2349419593811035
1741033490730071800,285.56507177734375,2.5139379501342773,2.1203460693359375,-1.9581711292266846
1741033490740172500,285.57517260742185,3.0771658420562744,0.12968158721923828,-1.2996971607208252
1741033490750273500,285.5852734375,2.9732882976531982,-0.806248664855957,-0.9653881788253784
1741033490760374500,285.5953745117188,2.4834322929382324,-0.6389446258544922,-0.903241753578186
1741033490770476000,285.60547607421876,1.6781883239746094,0.596588134765625,-0.8422368764877319
1741033490780576800,285.61557666015625,1.155035138130188,1.9553728103637695,-0.7428196668624878
1741033490790677800,285.625677734375,0.7175532579421997,3.0544118881225586,-0.7287770509719849
1741033490800778500,285.6357785644531,0.9539473056793213,3.6564178466796875,-0.6645667552947998
1741033490810879200,285.6458791503906,1.9376394748687744,3.335696220397949,-0.3804006576538086
1741033490820980200,285.6559802246094,2.286512613296509,2.688849449157715,0.07671141624450684
1741033490831081000,285.6660810546875,2.3083865642547607,1.8431673049926758,0.21095168590545654
1741033490841182000,285.67618188476564,2.0055744647979736,1.1477689743041992,0.2048337459564209
1741033490851282700,285.68628271484374,1.6643671989440918,0.5242528915405273,0.13149595260620117
1741033490861383400,285.6963835449219,0.11960439383983612,-0.3420734405517578,0.11934125423431396
1741033490871484400,285.706484375,-2.0938258171081543,-1.2998895645141602,0.6718829870223999
1741033490881585200,285.7165852050781,-2.009059190750122,-2.204228401184082,1.8376017808914185
1741033490891686000,285.7266857910156,0.13150654733181,-2.749260902404785,3.4844095706939697
1741033490901787000,285.73678686523436,1.7843669652938843,-2.979915142059326,4.959205627441406
1741033490911887600,285.7468876953125,2.7931506633758545,-3.2414941787719727,6.103662014007568
1741033490921988600,285.7569885253906,2.752577066421509,-3.487250804901123,6.917788505554199
1741033490932089300,285.7670893554687,2.1817994117736816,-4.225139617919922,6.564645767211914
1741033490942190000,285.7771901855469,0.7805281281471252,-5.034147262573242,5.866145610809326
1741033490952291000,285.787291015625,0.9307950735092163,-5.744813919067383,5.301699161529541
1741033490962391800,285.79739184570315,0.7275717258453369,-6.25950813293457,4.502236843109131
1741033490972492500,285.80749243164064,0.47995418310165405,-6.803165435791016,3.5021846294403076
1741033490982593500,285.81759350585935,0.33108699321746826,-7.228724479675293,2.538609504699707
1741033490992694300,285.8276943359375,0.22411388158798218,-7.369205474853516,2.0007083415985107
1741033491002795300,285.8377951660156,0.5957029461860657,-7.345921516418457,1.8720033168792725
1741033491012896000,285.84789599609377,0.9265920519828796,-7.33509635925293,1.6183162927627563
1741033491022996700,285.85799682617187,0.5806980729103088,-7.117552280426025,1.4005510807037354
1741033491033097700,285.86809765625,0.9739691019058228,-6.7085161209106445,1.3215281963348389
1741033491043198500,285.87819848632813,1.6503714323043823,-6.06247615814209,1.4493212699890137
1741033491053299500,285.8882995605469,2.1154985427856445,-5.280869483947754,1.5866743326187134
1741033491063400200,285.8984001464844,2.584913969039917,-4.459405422210693,1.8323326110839844
1741033491073501200,285.9085012207031,3.0210511684417725,-3.304680347442627,2.0844345092773438
1741033491083602700,285.91860278320314,3.443202018737793,-1.8968124389648438,2.3138937950134277
1741033491093703400,285.92870336914064,3.72109317779541,-0.08146286010742188,2.4223573207855225
1741033491103804400,285.9388044433594,3.6071178913116455,2.3499441146850586,2.4729599952697754
1741033491113905200,285.9489052734375,3.008695602416992,5.231005668640137,2.041194438934326
1741033491124006400,285.95900634765627,1.501908302307129,7.97157096862793,0.9539738297462463
1741033491134239000,285.9692390136719,-0.5554409027099609,9.342689514160156,-0.9648194909095764
1741033491144542500,285.97954248046875,-0.7741496562957764,8.725875854492188,-4.823622703552246
1741033491154845400,285.98984545898435,1.78992760181427,5.891435623168945,-7.7041120529174805
1741033491165001200,286.0000012207031,1.4443379640579224,3.5364503860473633,-7.820728302001953
1741033491175104300,286.0101042480469,1.0850498676300049,2.2290725708007812,-6.609732627868652
1741033491185205000,286.020205078125,2.628283739089966,1.3570404052734375,-4.853091239929199
1741033491195305700,286.0303056640625,5.27449893951416,0.6960964202880859,-3.147258996963501
1741033491205406700,286.04040673828126,8.434993743896484,0.5627727508544922,-1.9282647371292114
1741033491215507500,286.05050756835936,10.077937126159668,1.3451728820800781,-0.9026342630386353
1741033491225608400,286.0606083984375,9.782794952392578,1.9951553344726562,-0.9032851457595825
1741033491235709200,286.0707092285156,7.767112731933594,3.1664648056030273,-1.234100580215454
1741033491245810000,286.0808098144531,6.638842582702637,3.7736263275146484,-0.563003420829773
1741033491255911000,286.0909108886719,4.887880325317383,3.8831405639648438,0.5579955577850342
1741033491266011600,286.10101171875,2.2704429626464844,3.4214582443237305,2.049236536026001
1741033491276112600,286.11111254882815,1.454927921295166,3.3418712615966797,3.255594253540039
1741033491286213400,286.12121337890625,1.4060587882995605,3.661937713623047,4.522554397583008
1741033491296314000,286.13131420898435,0.8163769245147705,4.116293907165527,5.344664573669434
1741033491306415000,286.1414150390625,0.2036762237548828,4.528927803039551,5.894427299499512
1741033491316515800,286.1515158691406,-0.6390866041183472,4.883064270019531,6.29592752456665
1741033491326616600,286.1616164550781,-1.8451570272445679,4.9521894454956055,6.407624244689941
1741033491336718300,286.17171826171875,-2.4468212127685547,4.438409805297852,6.070774555206299
1741033491346819000,286.18181909179685,-2.1877281665802,3.4834651947021484,5.4020586013793945
1741033491356920000,286.1919201660156,-1.5496970415115356,2.3481855392456055,4.644006729125977
1741033491367020800,286.2020207519531,-1.7708734273910522,1.4266834259033203,4.009096145629883
1741033491377121800,286.2121218261719,-1.91719388961792,0.3521232604980469,3.4656412601470947
1741033491387222500,286.2222224121094,-2.131965398788452,-0.7508401870727539,3.135836124420166
1741033491397323300,286.2323232421875,-2.483076810836792,-1.899714469909668,2.831897735595703
1741033491407424300,286.24242431640624,-2.6899003982543945,-3.0054473876953125,2.6547048091888428
1741033491417525000,286.25252490234374,-2.74564528465271,-3.789311408996582,2.5571563243865967
1741033491427625700,286.2626257324219,-2.7284345626831055,-4.354462623596191,2.4725875854492188
1741033491437726700,286.2727268066406,-2.747553825378418,-4.796412944793701,2.4235336780548096
1741033491447827500,286.2828273925781,-2.6651723384857178,-5.114722728729248,2.4644203186035156
1741033491457928400,286.29292846679687,-2.6328797340393066,-5.404287338256836,2.445474624633789
1741033491468029200,286.303029296875,-2.699418067932129,-5.63192081451416,2.4202098846435547
1741033491478130000,286.3131298828125,-2.644958734512329,-5.775060653686523,2.4325413703918457
1741033491488231000,286.3232309570312,-2.470818281173706,-5.810781478881836,2.4465925693511963
1741033491498331600,286.3333315429687,-2.3606479167938232,-5.684507846832275,2.497488260269165
1741033491508432600,286.3434326171875,-2.343410015106201,-5.354209899902344,2.565523147583008
1741033491518533400,286.35353344726565,-2.384531021118164,-4.843757152557373,2.6428709030151367
1741033491528634000,286.36363403320314,-2.5110247135162354,-4.205458164215088,2.7269034385681152
1741033491538735000,286.37373510742185,-2.571197509765625,-3.378769874572754,2.8145787715911865
1741033491548835800,286.3838359375,-2.3919005393981934,-2.3828282356262207,2.8213675022125244
1741033491558936600,286.3939365234375,-0.5485367178916931,-1.1799774169921875,2.772240161895752
1741033491569037600,286.40403759765627,5.721613883972168,0.0010004043579101562,2.5259156227111816
1741033491579138300,286.41413818359376,5.981807231903076,0.2872447967529297,2.6706316471099854
1741033491589239300,286.4242392578125,-3.701866865158081,-0.4759387969970703,2.0674681663513184
1741033491599340000,286.43434008789063,-8.801797866821289,-0.4117908477783203,-0.0861656665802002
1741033491609440800,286.4444406738281,-10.868400573730469,0.07557201385498047,-1.9335689544677734
1741033491619541800,286.4545417480469,-11.974579811096191,0.5048494338989258,-2.759284496307373
1741033491629642500,286.464642578125,-11.991971969604492,0.7565898895263672,-2.974520444869995
1741033491639743200,286.4747431640625,-11.026161193847656,0.6434812545776367,-2.7584187984466553
1741033491649844200,286.48484423828126,-9.580641746520996,0.8401708602905273,-1.9678022861480713
1741033491659945000,286.49494506835936,-8.227657318115234,1.516641616821289,-0.9866046905517578
1741033491670046700,286.5050466308594,-6.816893100738525,2.595412254333496,0.14759838581085205
1741033491680147500,286.5151474609375,-5.3187055587768555,3.923964500427246,1.3173161745071411
1741033491690248400,286.52524853515627,-3.683722734451294,5.236915588378906,2.278333902359009
1741033491700349200,286.53534912109376,-2.0797808170318604,6.008837699890137,2.727062225341797
1741033491710450000,286.54544995117186,-0.6888419985771179,6.146101951599121,2.4802632331848145
1741033491720551000,286.5555510253906,0.8846145868301392,6.191137313842773,1.5837382078170776
1741033491730651600,286.5656516113281,2.6500399112701416,6.174782752990723,0.21502792835235596
1741033491740752600,286.5757526855469,1.932397723197937,5.930248260498047,-1.155048131942749
1741033491750853400,286.5858532714844,1.3123784065246582,5.271764755249023,-2.471799850463867
1741033491760954000,286.5959541015625,1.8242666721343994,4.23496150970459,-2.8767151832580566
1741033491771055000,286.60605517578125,3.018279552459717,2.571049690246582,-2.416111469268799
1741033491781155800,286.61615576171874,3.7401087284088135,0.9485158920288086,-1.4624543190002441
1741033491791256600,286.6262565917969,3.6246960163116455,-0.3254270553588867,-0.7867538928985596
1741033491801357600,286.6363576660156,3.3445231914520264,-0.8155479431152344,-0.3668125867843628
1741033491811458300,286.6464582519531,2.952633857727051,-0.33676815032958984,-0.4788088798522949
1741033491821559300,286.6565593261719,2.306954860687256,1.1494340896606445,-0.6229074001312256
1741033491831660000,286.66665991210937,1.6227123737335205,2.675874710083008,-0.5003297328948975
1741033491841760800,286.6767607421875,1.0531065464019775,3.36627197265625,-0.2509223222732544
1741033491851861800,286.68686181640624,0.8006229996681213,3.021407127380371,0.07557117938995361
1741033491861962500,286.69696240234373,2.618659019470215,1.9393234252929688,0.12087535858154297
1741033491872063200,286.7070632324219,3.7734339237213135,1.0442934036254883,0.2055799961090088
1741033491882164200,286.7171643066406,3.17332124710083,0.4605703353881836,0.5092639923095703
1741033491892265000,286.72726489257815,2.0127148628234863,-0.19435691833496094,0.6256614923477173
1741033491902366000,286.73736596679686,1.427363634109497,-1.133225440979004,0.5370316505432129
1741033491912466700,286.747466796875,-2.2293736934661865,-2.1366138458251953,-0.09846103191375732
1741033491922567400,286.7575673828125,-5.620137691497803,-2.3772053718566895,-0.18971741199493408
1741033491932669000,286.7676689453125,-2.2786314487457275,-2.5334548950195312,1.2409154176712036
1741033491942913300,286.77791333007815,0.6937869787216187,-3.0734920501708984,2.2478532791137695
1741033491953216800,286.788216796875,1.8552918434143066,-3.645568370819092,2.7052836418151855
1741033491963519700,286.7985197753906,2.1911733150482178,-4.066479682922363,2.922480344772339
1741033491973666600,286.80866650390624,2.7501235008239746,-4.474271297454834,3.254403829574585
1741033491983767300,286.8187673339844,2.7029335498809814,-5.004453182220459,3.4909305572509766
1741033491993868300,286.8288684082031,2.755392074584961,-5.2464118003845215,4.0039215087890625
1741033492003969000,286.8389689941406,2.3762576580047607,-5.588834285736084,3.8378453254699707
1741033492014069800,286.84906982421876,1.6976110935211182,-5.890623092651367,3.65572452545166
1741033492024170800,286.85917065429686,1.0394573211669922,-6.1272735595703125,3.5971150398254395
1741033492034271500,286.869271484375,0.44528818130493164,-6.197589874267578,3.7165369987487793
1741033492044372500,286.87937255859373,0.10040271282196045,-6.244664192199707,3.52397084236145
1741033492054473200,286.8894731445312,-0.1004486083984375,-6.217470169067383,3.1863083839416504
1741033492064574000,286.8995739746094,-0.09490084648132324,-6.22972297668457,3.0005674362182617
1741033492074675000,286.90967504882815,0.09477293491363525,-6.193992614746094,2.777909755706787
1741033492084775700,286.91977563476564,0.4221658706665039,-5.931658744812012,2.5530447959899902
1741033492094876400,286.92987646484374,0.9529613256454468,-5.365190029144287,2.44415283203125
1741033492104977400,286.9399772949219,1.552945613861084,-4.63343620300293,2.322939395904541
1741033492115078100,286.950078125,2.1679139137268066,-3.7479538917541504,2.293067455291748
1741033492125179100,286.96017919921877,2.722355842590332,-2.571437358856201,2.267740488052368
1741033492135279900,286.97027978515627,3.084547996520996,-0.9313631057739258,2.3368561267852783
1741033492145380600,286.98038061523437,3.307525157928467,1.219222068786621,2.5987930297851562
1741033492155481600,286.99048168945313,3.0639827251434326,4.039188385009766,2.660566806793213
1741033492165582300,287.0005822753906,2.587155818939209,7.124137878417969,2.451927661895752
1741033492175683000,287.01068310546873,1.0908877849578857,9.394906997680664,1.0462210178375244
1741033492185784000,287.0207841796875,-0.010258674621582031,9.141410827636719,-2.2896595001220703
1741033492195884800,287.030884765625,-0.030709266662597656,6.7546234130859375,-5.95085334777832
1741033492205985800,287.04098583984376,-0.12352514266967773,4.838343620300293,-7.177500247955322
1741033492216086500,287.05108642578125,0.21949243545532227,3.5784645080566406,-6.771711349487305
1741033492226187800,287.0611877441406,2.160717010498047,2.2603044509887695,-5.832151889801025
1741033492236288500,287.0712885742187,5.441637992858887,1.150191307067871,-4.824981212615967
1741033492246520300,287.08152026367185,9.238035202026367,0.4121236801147461,-3.396710157394409
1741033492256823800,287.0918237304688,12.037860870361328,0.3315143585205078,-2.3748416900634766
1741033492267126800,287.1021267089844,12.736862182617188,0.8070087432861328,-1.2380372285842896
1741033492277284000,287.1122841796875,8.901209831237793,1.8870563507080078,-1.4085298776626587
1741033492287387100,287.12238720703124,6.108295440673828,2.580291748046875,-1.413899540901184
1741033492297488100,287.1324880371094,3.963913679122925,2.4410743713378906,-0.3308756351470947
1741033492307588900,287.1425888671875,2.6616861820220947,2.693413734436035,1.2892860174179077
1741033492317689600,287.1526896972656,1.5862445831298828,3.03533935546875,2.385672092437744
1741033492327790600,287.16279052734376,0.48613929748535156,3.8570337295532227,3.389254093170166
1741033492337891300,287.17289135742186,0.4966573715209961,4.711109161376953,4.379776954650879
1741033492347992300,287.1829924316406,0.15639543533325195,5.441340446472168,5.333591461181641
1741033492358093000,287.1930930175781,-0.6031665802001953,5.812700271606445,5.985473155975342
1741033492368193800,287.2031938476562,-1.382768154144287,5.747998237609863,6.3430867195129395
1741033492378294800,287.2132946777344,-1.8054245710372925,5.25642204284668,6.342679023742676
1741033492388395500,287.2233955078125,-2.0842487812042236,4.167603492736816,5.8726606369018555
1741033492398496300,287.23349633789064,-2.2543935775756836,2.6131858825683594,5.0639848709106445
1741033492408597200,287.24359716796874,-2.4852328300476074,1.106292724609375,3.9886703491210938
1741033492418698000,287.2536979980469,-2.5539517402648926,-0.09990787506103516,3.141672134399414
1741033492428799000,287.2637990722656,-2.536259412765503,-0.9872751235961914,2.49520206451416
1741033492438899700,287.2738996582031,-2.710540533065796,-1.7550764083862305,2.100189208984375
1741033492449000400,287.28400048828127,-2.8669686317443848,-2.5165672302246094,1.982827067375183
1741033492459101400,287.29410131835937,-2.916278600692749,-3.2383179664611816,2.007685899734497
1741033492469202200,287.3042021484375,-2.8533527851104736,-3.8243236541748047,2.1057684421539307
1741033492479303000,287.3143029785156,-2.734844923019409,-4.276859283447266,2.242830276489258
1741033492489404000,287.32440380859373,-2.742856502532959,-4.6455817222595215,2.379199504852295
1741033492499504600,287.3345046386719,-2.741563320159912,-4.988375663757324,2.4597795009613037
1741033492509605600,287.3446057128906,-2.7030763626098633,-5.2403411865234375,2.527782917022705
1741033492519706400,287.35470629882815,-2.6130223274230957,-5.3897318840026855,2.581043243408203
1741033492529807000,287.36480712890625,-2.5403904914855957,-5.468876361846924,2.6018173694610596
1741033492539908000,287.374908203125,-2.487414598464966,-5.342594146728516,2.6378302574157715
1741033492550008800,287.3850087890625,-2.475161552429199,-5.050385475158691,2.6780073642730713
1741033492560110300,287.3951103515625,-2.5562901496887207,-4.514309406280518,2.713749408721924
1741033492570211300,287.40521142578126,-2.6854517459869385,-3.8572139739990234,2.7101998329162598
1741033492580312300,287.41531225585936,-2.8388261795043945,-3.105841636657715,2.7013728618621826
1741033492590413000,287.4254130859375,-2.9855823516845703,-2.2935738563537598,2.6312601566314697
1741033492600513800,287.435513671875,-2.816333055496216,-1.4279232025146484,2.5996673107147217
1741033492610614800,287.4456147460937,-1.834573745727539,-0.6124515533447266,2.5978944301605225
1741033492620715500,287.4557155761719,0.2166959047317505,0.07481193542480469,2.504211902618408
1741033492630816300,287.4658161621094,2.054805278778076,0.6761331558227539,2.2171859741210938
1741033492640917200,287.47591723632814,-0.6369526386260986,0.8854513168334961,1.6381233930587769
1741033492651018000,287.48601806640625,-4.506955623626709,0.9721469879150391,0.1415421962738037
1741033492661119000,287.49611889648435,-6.779986381530762,0.8484468460083008,-1.9543309211730957
1741033492671219700,287.5062197265625,-8.70503044128418,1.0612411499023438,-3.3296327590942383
1741033492681320400,287.5163205566406,-9.253775596618652,1.306656837463379,-3.857058525085449
1741033492691421400,287.52642138671877,-9.850430488586426,1.4738454818725586,-3.9743146896362305
1741033492701522200,287.53652221679687,-9.474920272827148,1.5591516494750977,-3.691027879714966
1741033492711623000,287.54662280273436,-8.30373764038086,1.6663942337036133,-2.9900007247924805
1741033492721724000,287.55672387695313,-6.690385818481445,1.9233160018920898,-2.1701183319091797
1741033492731824600,287.56682470703123,-5.355658054351807,2.5364255905151367,-1.3999918699264526
1741033492741925600,287.5769255371094,-4.32105827331543,3.3567676544189453,-0.9083945751190186
1741033492752026400,287.5870263671875,-3.4437689781188965,4.5121870040893555,-0.6009918451309204
1741033492762127000,287.59712719726565,-2.5659656524658203,5.901224136352539,-0.49838292598724365
1741033492772228000,287.60722802734375,-1.8127530813217163,7.332627296447754,-0.6061292886734009
1741033492782328800,287.61732885742185,-0.9198883175849915,8.04522705078125,-0.9953900575637817
1741033492792429800,287.6274299316406,-0.24066898226737976,7.844064712524414,-1.305084466934204
1741033492802530600,287.6375305175781,0.4787769913673401,6.123011589050293,-1.4543159008026123
1741033492812631300,287.6476313476563,1.4166735410690308,3.417424201965332,-1.2611157894134521
1741033492822732500,287.65773266601565,2.1099696159362793,0.8936653137207031,-0.9769943952560425
1741033492833427700,287.668427734375,4.031283378601074,-0.25603294372558594,-0.902337908744812
1741033492843528200,287.67852807617186,4.801103591918945,-0.4013328552246094,-0.5944597721099854
1741033492853629000,287.68862890625,3.2193799018859863,0.3747892379760742,-0.21117794513702393
1741033492863729700,287.6987297363281,1.3321001529693604,1.9007959365844727,0.1768782138824463
1741033492873830700,287.7088305664063,1.091970443725586,3.3288965225219727,0.6210280656814575
1741033492883931400,287.7189313964844,2.173322916030884,3.754561424255371,1.1197912693023682
1741033492894033000,287.72903295898436,2.561446189880371,3.188990592956543,1.3820240497589111
1741033492904134000,287.7391337890625,2.5533740520477295,2.3349714279174805,1.3551409244537354
1741033492914235000,287.74923486328123,2.6002726554870605,1.6628446578979492,1.3811265230178833
1741033492924335600,287.7593356933594,2.381640911102295,1.0806083679199219,1.4772589206695557
1741033492934436400,287.7694362792969,0.7303377985954285,0.3969602584838867,1.5588167905807495
1741033492944537300,287.77953735351565,-1.225926399230957,-0.22240447998046875,1.8437796831130981
1741033492954638000,287.78963818359375,-0.402143657207489,-0.9102096557617188,2.823141098022461
1741033492964738800,287.79973876953125,1.0617477893829346,-1.5644006729125977,3.8949437141418457
1741033492974839800,287.80983984375,1.4701629877090454,-2.240833282470703,4.561121940612793
1741033492984940500,287.8199404296875,1.8525364398956299,-2.9243974685668945,4.961877822875977
1741033492995041500,287.8300415039063,2.2712244987487793,-3.6157727241516113,5.1601433753967285
1741033493005142300,287.8401423339844,2.2067623138427734,-4.432446002960205,4.833567142486572
1741033493015243000,287.85024291992187,2.0845839977264404,-5.273118495941162,4.221510410308838
1741033493025344000,287.86034399414064,1.8239682912826538,-5.685433387756348,3.923543930053711
1741033493035444700,287.87044482421874,1.4307526350021362,-5.929224967956543,3.621370315551758
1741033493045545500,287.88054541015623,1.1176364421844482,-6.186626434326172,3.4092140197753906
1741033493055646500,287.890646484375,1.350354552268982,-6.458887100219727,3.1193034648895264
1741033493065747200,287.9007473144531,1.387107253074646,-6.615544319152832,2.9118080139160156
1741033493075848200,287.91084814453126,1.4166207313537598,-6.705873966217041,2.5634121894836426
1741033493085949000,287.92094897460936,1.4647876024246216,-6.7054338455200195,2.1904051303863525
1741033493096049700,287.93104956054685,1.5136830806732178,-6.588967323303223,1.9498882293701172
1741033493106150700,287.9411506347656,1.5763497352600098,-6.365530967712402,1.7898814678192139
1741033493116251400,287.9512514648437,1.6359405517578125,-5.839896202087402,1.808395504951477
1741033493126352100,287.9613520507813,1.7399976253509521,-5.02734899520874,1.8561720848083496
1741033493136453000,287.971453125,1.7776970863342285,-4.1090407371521,1.8200891017913818
1741033493146553900,287.98155395507814,1.8826459646224976,-2.8987436294555664,1.8511072397232056
1741033493156654800,287.99165478515624,1.9692645072937012,-1.282881736755371,1.8545500040054321
1741033493166755600,288.0017556152344,1.9574854373931885,0.693232536315918,1.7335033416748047
1741033493176856300,288.0118562011719,1.5782407522201538,2.8446273803710938,1.3610258102416992
1741033493186957300,288.0219572753906,1.061833381652832,5.204581260681152,0.6169686913490295
1741033493197058000,288.03205810546876,0.4807610511779785,6.910797119140625,-0.3211280107498169
1741033493207159000,288.04215893554687,-0.36756429076194763,7.053934097290039,-2.2050180435180664
1741033493217260500,288.05226049804685,-0.3537006378173828,5.648837089538574,-4.668630123138428
1741033493227361500,288.0623615722656,-0.028617501258850098,3.7348499298095703,-6.098750591278076
1741033493237462300,288.0724621582031,-0.5858287215232849,2.0820541381835938,-5.818055629730225
1741033493247563000,288.08256298828127,-0.8804647326469421,1.333662986755371,-4.958535194396973
1741033493257664000,288.0926640625,-0.4553496837615967,1.04205322265625,-4.176164627075195
1741033493267764700,288.1027646484375,2.7184977531433105,0.9776678085327148,-3.2902345657348633
1741033493277865500,288.11286547851563,7.032864570617676,1.0102624893188477,-2.793658971786499
1741033493287966500,288.1229665527344,10.992106437683105,1.364945411682129,-2.58685564994812
1741033493298067200,288.1330671386719,13.515511512756348,1.9282941818237305,-2.176682710647583
1741033493308168200,288.1431682128906,10.90721321105957,3.61496639251709,-1.4346635341644287
1741033493318269000,288.15326904296876,7.233669281005859,4.959710121154785,-1.041942834854126
1741033493328369700,288.16336962890625,5.871694087982178,4.504256248474121,0.019921302795410156
1741033493338470700,288.173470703125,3.179225206375122,3.530064582824707,1.1035852432250977
1741033493348571400,288.1835712890625,0.8317885398864746,2.487002372741699,1.8441100120544434
1741033493358672100,288.1936721191406,-0.3355259895324707,1.9369897842407227,2.591914176940918
1741033493368773000,288.2037731933594,-0.7700315713882446,2.112950325012207,3.2887115478515625
1741033493378873900,288.2138737792969,-0.5740094184875488,3.0187721252441406,4.094664573669434
1741033493388974800,288.22397485351564,-0.360836386680603,4.410628318786621,4.770779609680176
1741033493399075600,288.23407568359374,-0.32933151721954346,5.523515701293945,5.326396942138672
1741033493409176300,288.24417626953124,-0.5129473209381104,5.7477312088012695,5.631895065307617
1741033493419277300,288.25427734375,-0.6891711950302124,4.970136642456055,5.622949123382568
1741033493429378300,288.26437841796877,-0.9321473240852356,3.3482704162597656,5.246379375457764
1741033493439515600,288.274515625,-1.7481303215026855,1.606440544128418,4.378989219665527
1741033493449819100,288.28481909179686,-2.4062323570251465,0.11816978454589844,3.4994688034057617
1741033493460122600,288.29512255859373,-2.6689000129699707,-1.136281967163086,2.9756436347961426
1741033493470357000,288.30535693359377,-2.6408486366271973,-2.128795623779297,2.625072479248047
1741033493480477200,288.3154772949219,-2.6109602451324463,-2.9514613151550293,2.389108657836914
1741033493490578000,288.3255778808594,-2.3727123737335205,-3.553907871246338,2.3392107486724854
1741033493500678700,288.3356787109375,-2.2965943813323975,-4.066583633422852,2.377405881881714
1741033493510779600,288.34577954101565,-2.4012982845306396,-4.471807956695557,2.3946681022644043
1741033493520880400,288.35588037109375,-2.433270215988159,-4.769073963165283,2.448838472366333
1741033493530981400,288.3659814453125,-2.3925490379333496,-5.037766456604004,2.4772708415985107
1741033493541082000,288.37608203125,-2.264376401901245,-5.218076229095459,2.477417230606079
1741033493551182800,288.3861828613281,-2.170576572418213,-5.333521842956543,2.418227195739746
1741033493561283800,288.3962839355469,-2.089620351791382,-5.360386848449707,2.3370277881622314
1741033493571384600,288.40638452148437,-1.9907913208007812,-5.208178997039795,2.284163475036621
1741033493581485300,288.4164853515625,-2.0238804817199707,-4.819427967071533,2.2477471828460693
1741033493591586300,288.42658642578124,-2.059448480606079,-4.189532279968262,2.1884448528289795
1741033493601687000,288.43668701171873,-1.273895263671875,-3.231700897216797,2.0877232551574707
1741033493611788000,288.4467880859375,0.6522542238235474,-2.185382843017578,1.9748108386993408
1741033493621888800,288.456888671875,0.3257541358470917,-1.5563607215881348,1.6410785913467407
1741033493631989500,288.46698950195315,-4.510032653808594,-1.4123930931091309,0.8061267137527466
1741033493642090500,288.47709057617186,-7.455235004425049,-1.3219718933105469,-0.27777886390686035
1741033493652191200,288.48719116210935,-7.741655349731445,-1.4214859008789062,-0.5404424667358398
1741033493662292000,288.4972919921875,-7.446671485900879,-1.6624269485473633,-0.3429107666015625
1741033493672393000,288.5073930664062,-6.813573360443115,-1.5882105827331543,0.07329487800598145
1741033493682493700,288.5174936523438,-6.193057537078857,-1.0432929992675781,0.4853637218475342
1741033493692594700,288.5275947265625,-5.679132461547852,-0.0767974853515625,0.8251981735229492
1741033493702695400,288.5376953125,-5.2443647384643555,1.2213621139526367,1.062636137008667
1741033493712796200,288.54779614257814,-4.548279285430908,2.6027679443359375,1.2378435134887695
1741033493722897200,288.5578972167969,-3.3626983165740967,3.822373390197754,1.4752341508865356
1741033493732998000,288.5679978027344,-1.486134648323059,4.537289619445801,1.2826087474822998
1741033493743099000,288.5780988769531,0.9232330322265625,5.009245872497559,0.707880973815918
1741033493753199600,288.58819970703127,1.0984866619110107,5.1868896484375,0.13006854057312012
1741033493763300400,288.59830029296876,0.3820079565048218,4.914484024047852,-0.5165828466415405
1741033493773401300,288.6084013671875,-0.33551865816116333,4.337684631347656,-1.5612258911132812
1741033493783502300,288.61850244140624,-0.5971289873123169,3.912898063659668,-2.837491512298584
1741033493793603800,288.6286037597656,-0.2915826439857483,4.1156415939331055,-4.014717102050781
1741033493803704600,288.63870458984377,0.31700170040130615,4.68782901763916,-4.60325813293457
1741033493813805300,288.64880541992187,0.6831815242767334,4.930265426635742,-4.139276027679443
1741033493823906800,288.65890673828125,1.2019298076629639,4.247496604919434,-2.7716832160949707
1741033493834139100,288.66913916015625,1.5722302198410034,2.8230552673339844,-1.57497239112854
1741033493844443000,288.6794428710937,1.3689011335372925,1.1646747589111328,-1.139155626296997
1741033493854745600,288.6897456054688,0.9691169261932373,0.04074859619140625,-1.0653131008148193
1741033493864901600,288.69990161132813,0.686150848865509,-0.2767820358276367,-1.1906465291976929
1741033493875004400,288.71000439453127,0.35677599906921387,0.31394004821777344,-1.4246275424957275
1741033493885105200,288.72010522460937,0.05167171359062195,1.4540891647338867,-1.6659939289093018
1741033493895206100,288.7302060546875,-0.1060582846403122,2.5053014755249023,-2.0102109909057617
1741033493905307000,288.74030688476563,0.4588812589645386,3.128171920776367,-1.9485535621643066
1741033493915408000,288.7504079589844,1.3391697406768799,3.2237157821655273,-1.102340579032898
1741033493925508900,288.7605087890625,1.6854708194732666,2.968505859375,-0.0882643461227417
1741033493935682000,288.77068212890623,1.78924560546875,2.350558280944824,0.5031272172927856
1741033493945985500,288.7809855957031,1.9607926607131958,1.6558828353881836,0.8168911337852478
1741033493956288800,288.79128881835936,0.2064414769411087,0.6745061874389648,0.48528623580932617
1741033493966493400,288.8014934082031,-1.1772643327713013,-0.39201831817626953,-0.0005851984024047852
1741033493976606700,288.81160668945313,-1.4398317337036133,-1.2847394943237305,0.23628520965576172
1741033493986708200,288.8217082519531,-0.07263453304767609,-1.8671684265136719,1.1113022565841675
1741033493996809200,288.8318093261719,0.9489256143569946,-2.527242660522461,1.8957433700561523
1741033494006910200,288.84191015625,1.586837649345398,-3.226515293121338,2.1262450218200684
1741033494017011000,288.85201098632814,1.8148167133331299,-3.902940273284912,2.2632484436035156
1741033494027111700,288.86211157226563,1.9145119190216064,-4.511074066162109,2.3554913997650146
1741033494037212700,288.8722126464844,2.204690456390381,-4.939589977264404,2.643965721130371
1741033494047313400,288.8823134765625,2.168546676635742,-5.137012481689453,3.075640916824341
1741033494057414400,288.8924143066406,1.5086796283721924,-5.443583011627197,3.4463419914245605
1741033494067515100,288.90251513671876,0.7131984829902649,-5.786688804626465,3.5076918601989746
1741033494077615900,288.91261596679686,0.1398487091064453,-6.169683933258057,3.4178466796875
1741033494087716900,288.922716796875,-0.19497442245483398,-6.611177921295166,3.233518123626709
1741033494097817600,288.9328176269531,-0.2222691774368286,-6.863124370574951,3.0601131916046143
1741033494107918300,288.9429184570312,-0.011966228485107422,-7.043707847595215,2.8840906620025635
1741033494118019300,288.9530192871094,0.3653937578201294,-7.091640472412109,2.7045352458953857
1741033494128120000,288.9631201171875,0.7773418426513672,-6.897542953491211,2.5445377826690674
1741033494138221000,288.97322094726565,1.145043969154358,-6.484764099121094,2.4906392097473145
1741033494148321800,288.98332177734375,1.5364819765090942,-5.794459819793701,2.4912004470825195
1741033494158422500,288.99342260742185,1.8014947175979614,-4.813918590545654,2.5573692321777344
1741033494168523500,289.0035234375,2.193132162094116,-3.560215473175049,2.8288369178771973
1741033494178624300,289.0136242675781,2.6833624839782715,-2.189011573791504,3.133373737335205
1741033494188725000,289.02372509765627,2.8436899185180664,-0.5539741516113281,3.469728946685791
1741033494198826000,289.03382592773437,2.813136100769043,1.4238386154174805,3.7970595359802246
1741033494208926700,289.0439267578125,2.51576828956604,3.71639347076416,3.825252056121826
1741033494219027700,289.05402783203124,1.6224486827850342,5.8553314208984375,3.187614917755127
1741033494229128400,289.06412841796873,0.5706384181976318,7.509173393249512,1.898362398147583
1741033494239229200,289.0742292480469,-0.918056845664978,7.928319931030273,0.33482635021209717
1741033494249330200,289.084330078125,-2.101900815963745,6.869501113891602,-2.1249043941497803
1741033494259431000,289.09443090820315,-2.2297778129577637,4.959589004516602,-4.990859508514404
1741033494269532000,289.10453198242186,-2.7444286346435547,3.5067577362060547,-6.194896697998047
1741033494279632600,289.11463256835935,-3.560027599334717,2.516143798828125,-6.646842002868652
1741033494289733400,289.1247333984375,-2.394160747528076,1.2854671478271484,-6.561104774475098
1741033494299834400,289.1348344726562,0.2541167736053467,0.024236679077148438,-6.261221885681152
1741033494309935000,289.1449350585938,5.489884376525879,-0.8206758499145508,-5.784984588623047
1741033494320035800,289.1550358886719,12.029528617858887,-0.9594249725341797,-5.14933967590332
1741033494330136800,289.16513671875,17.46477508544922,0.35638904571533203,-3.412980556488037
1741033494340238300,289.17523828125,15.074542045593262,3.4750003814697266,-0.8410147428512573
1741033494350339300,289.1853393554687,9.368907928466797,5.168871879577637,-0.06947541236877441
1741033494360440000,289.1954401855469,5.339556694030762,4.667411804199219,0.16205978393554688
1741033494370541000,289.205541015625,1.7334845066070557,3.453770637512207,1.0222934484481812
1741033494380641800,289.21564184570315,-0.7518550157546997,2.345630645751953,1.531334400177002
1741033494390742500,289.22574243164064,-1.8570332527160645,1.5966367721557617,1.9222341775894165
1741033494400843500,289.23584350585935,-1.9554564952850342,1.6274394989013672,2.338042974472046
1741033494410944300,289.2459443359375,-1.398525595664978,2.4464855194091797,2.7018442153930664
1741033494421045000,289.256044921875,-1.046621561050415,3.790341377258301,3.2235028743743896
1741033494431146000,289.26614599609377,-1.1114877462387085,5.304840087890625,3.9119620323181152
1741033494441246700,289.27624682617187,-1.375472068786621,6.224043846130371,4.447049617767334
1741033494451347700,289.28634765625,-1.4912567138671875,5.942609786987305,4.626507759094238
1741033494461448400,289.29644848632813,-1.5578300952911377,4.116215705871582,4.247252464294434
1741033494471549200,289.3065490722656,-1.8040988445281982,1.6755561828613281,3.307438850402832
1741033494481650200,289.3166501464844,-2.139218330383301,-0.2005290985107422,2.4805169105529785
1741033494491751000,289.3267509765625,-2.359766721725464,-1.3744010925292969,2.0056333541870117
1741033494501852000,289.33685180664065,-2.441929817199707,-2.195655345916748,1.7472734451293945
1741033494511952600,289.34695263671875,-2.5262458324432373,-2.9079365730285645,1.6351441144943237
1741033494522053400,289.35705346679686,-2.5793185234069824,-3.479949951171875,1.6251957416534424
1741033494532154400,289.367154296875,-2.5361948013305664,-4.015199661254883,1.6601879596710205
1741033494542255000,289.3772551269531,-2.4439425468444824,-4.428232192993164,1.7623438835144043
1741033494552355800,289.3873559570313,-2.3542349338531494,-4.775018215179443,1.8623521327972412
1741033494562456800,289.3974567871094,-2.203833818435669,-5.076777458190918,1.9700373411178589
1741033494572557600,289.4075576171875,-2.0938687324523926,-5.376501560211182,2.027252197265625
1741033494582658600,289.41765844726564,-1.967211365699768,-5.6133270263671875,2.053957939147949
1741033494592759300,289.42775927734374,-1.7999653816223145,-5.849701881408691,2.0380282402038574
1741033494602860000,289.4378601074219,-1.6927107572555542,-5.918588638305664,2.0279345512390137
1741033494612961000,289.4479609375,-1.6752815246582031,-5.7227325439453125,1.9907420873641968
1741033494623061800,289.4580617675781,-1.7554363012313843,-5.247838497161865,1.9261093139648438
1741033494633162500,289.46816259765626,-1.9072872400283813,-4.545174598693848,1.9008212089538574
1741033494643263500,289.47826342773436,-2.0846595764160156,-3.7183303833007812,1.8423819541931152
1741033494653364200,289.4883642578125,-2.210834503173828,-2.8854451179504395,1.7492579221725464
1741033494663465200,289.49846533203123,-2.2617664337158203,-2.1365489959716797,1.615599274635315
1741033494673566000,289.5085659179687,-2.400380849838257,-1.5376601219177246,1.436972975730896
1741033494683666700,289.5186667480469,-2.6168105602264404,-1.059412956237793,1.196272611618042
1741033494693767700,289.528767578125,-2.507770538330078,-0.5274572372436523,0.8993187546730042
1741033494703868400,289.53886840820314,-2.380596876144409,-0.010873794555664062,0.4217512607574463
1741033494713969400,289.54896948242185,-2.6222071647644043,0.5537147521972656,-0.0736008882522583
1741033494724071000,289.5590708007812,-2.8157432079315186,1.2441558837890625,-0.4697004556655884
1741033494734172000,289.569171875,-2.8410091400146484,2.129749298095703,-0.6154358386993408
1741033494744272600,289.5792727050781,-2.6587512493133545,2.968830108642578,-0.5726808309555054
1741033494754373400,289.58937329101565,-2.3688321113586426,3.7832746505737305,-0.3961014747619629
1741033494764474400,289.59947436523436,-1.932540774345398,4.319018363952637,-0.2805938720703125
1741033494774575000,289.6095751953125,-1.4049209356307983,4.396482467651367,-0.4429194927215576
1741033494784675800,289.61967578125,-1.057159185409546,4.326218605041504,-0.8736491203308105
1741033494794776800,289.6297768554688,-0.617438793182373,4.289274215698242,-1.4804766178131104
1741033494804877600,289.6398776855469,-0.08622586727142334,4.385608673095703,-2.153319835662842
1741033494814978600,289.649978515625,0.3132966160774231,4.553938865661621,-2.8585994243621826
1741033494825079300,289.66007934570314,0.6718175411224365,4.890509605407715,-3.521876096725464
1741033494835180000,289.67017993164063,0.9854288101196289,5.381168365478516,-4.238104820251465
1741033494845281000,289.6802810058594,1.619735836982727,5.989011764526367,-4.445103168487549
1741033494855381800,289.6903818359375,2.395098924636841,6.09500789642334,-4.266537189483643
1741033494865482500,289.700482421875,3.258244037628174,5.037952423095703,-3.4787113666534424
1741033494875583500,289.71058349609376,2.9377951622009277,3.1140670776367188,-2.320281744003296
1741033494885684200,289.72068432617186,2.1262404918670654,0.8655624389648438,-1.9470760822296143
1741033494895785200,289.73078515625,1.330770492553711,-0.8510675430297852,-1.8736546039581299
1741033494905886000,289.7408859863281,0.549055278301239,-1.5643634796142578,-1.5893259048461914
1741033494915986700,289.7509865722656,-0.05065926909446716,-1.2483406066894531,-1.4510308504104614
1741033494926087700,289.7610876464844,-0.5011239051818848,-0.15924453735351562,-1.409517526626587
1741033494936188400,289.7711884765625,0.2417314648628235,1.3346233367919922,-0.9820488691329956
1741033494946289400,289.78128930664064,0.7732639312744141,2.67714786529541,-0.3970416784286499
1741033494956390100,289.79139013671875,1.046173334121704,3.372926712036133,0.2798178195953369
1741033494966491000,289.80149096679685,1.489437460899353,3.233607292175293,0.8450295925140381
1741033494976592000,289.811591796875,1.8881913423538208,2.456134796142578,1.1200482845306396
1741033494986692600,289.8216926269531,1.5409247875213623,1.2325668334960938,0.9311458468437195
1741033494996793300,289.83179345703127,0.7838276624679565,0.07439231872558594,0.6376385688781738
1741033495006894300,289.84189428710937,-0.1838771104812622,-0.9167051315307617,0.342779278755188
1741033495016995000,289.8519951171875,-0.6249291896820068,-1.5681867599487305,0.3866227865219116
1741033495027096000,289.86209594726563,-0.4929847717285156,-2.0995821952819824,0.681955873966217
1741033495037196800,289.87219677734373,-0.04429933428764343,-2.739368438720703,1.0609064102172852
1741033495047297500,289.8822976074219,0.32201021909713745,-3.388655185699463,1.51069974899292
1741033495057398500,289.8923984375,0.4132763147354126,-3.8410873413085938,1.8890055418014526
1741033495067499300,289.90249926757815,0.49897629022598267,-4.398816108703613,1.9405219554901123
1741033495077600000,289.91260009765625,0.6271596550941467,-5.0054755210876465,1.9448387622833252
1741033495087701000,289.92270092773435,0.7174854874610901,-5.5021562576293945,2.205775737762451
1741033495097801700,289.9328017578125,1.0973751544952393,-5.679861068725586,2.6819396018981934
1741033495107902700,289.9429028320312,0.8656002283096313,-5.942750453948975,2.9671895503997803
1741033495118003500,289.9530034179688,0.6755825281143188,-6.09587287902832,3.161088466644287
1741033495128104200,289.9631042480469,0.5577775239944458,-6.180429458618164,3.1725826263427734
1741033495138206000,289.9732060546875,0.34504246711730957,-6.231423377990723,3.0949816703796387
1741033495148306700,289.983306640625,0.09182441234588623,-6.221571445465088,3.114349842071533
1741033495158407700,289.9934077148437,-0.17615783214569092,-6.273961067199707,2.9398763179779053
1741033495168508400,290.0035083007813,-0.3448580503463745,-6.199637413024902,2.6214451789855957
1741033495178609400,290.013609375,-0.24273109436035156,-5.799834251403809,2.3999247550964355
1741033495188710100,290.02371020507815,0.018559694290161133,-5.085944652557373,2.326080083847046
1741033495198811000,290.03381079101564,0.37896621227264404,-4.148406505584717,2.3252015113830566
1741033495208912000,290.04391186523435,0.7668981552124023,-3.0904407501220703,2.3684885501861572
1741033495219012600,290.0540126953125,1.1408700942993164,-1.956794261932373,2.333169460296631
1741033495229113300,290.06411328125,1.4675008058547974,-0.6004600524902344,2.356748104095459
1741033495239214300,290.07421435546877,1.6161810159683228,1.0212831497192383,2.163506507873535
1741033495249315000,290.08431518554687,1.6607069969177246,2.6394052505493164,1.693343162536621
1741033495259416000,290.094416015625,1.600854754447937,4.0509796142578125,1.1034574508666992
1741033495269516800,290.10451684570313,1.1065024137496948,4.8875322341918945,0.053640782833099365
1741033495279617500,290.1146174316406,0.28241050243377686,5.182027816772461,-0.99772047996521
1741033495289718500,290.1247185058594,-0.6154381036758423,4.836503028869629,-2.11077880859375
1741033495299819300,290.1348193359375,-0.5754373073577881,4.038629531860352,-4.090845584869385
1741033495309920000,290.144919921875,0.29081273078918457,3.1156692504882812,-5.674344062805176
1741033495320021000,290.15502099609375,0.6023530960083008,2.674083709716797,-6.494175910949707
1741033495330121700,290.16512182617186,1.3130159378051758,2.3723840713500977,-6.713659286499023
1741033495340222700,290.17522265625,3.9202370643615723,2.184354782104492,-6.787952899932861
1741033495350323500,290.1853234863281,7.674566268920898,2.590010643005371,-5.685673713684082
1741033495360424200,290.1954240722656,12.484500885009766,2.749654769897461,-3.0162668228149414
1741033495370525200,290.2055251464844,15.51966667175293,3.027719497680664,-0.38009166717529297
1741033495380626000,290.2156259765625,12.70242691040039,3.8547983169555664,1.1319879293441772
1741033495390726700,290.2257265625,7.074184894561768,4.473596572875977,1.3551100492477417
1741033495400827600,290.23582763671874,2.9095282554626465,4.282447814941406,1.142174243927002
1741033495410928400,290.2459284667969,0.4909782409667969,3.4171628952026367,1.0218253135681152
1741033495421029400,290.256029296875,-0.7296099662780762,2.6269264221191406,1.362128496170044
1741033495431130000,290.2661301269531,-1.1702686548233032,2.4616403579711914,2.1252808570861816
1741033495441230800,290.27623095703126,-1.1535351276397705,2.872982978820801,3.1082499027252197
1741033495451331800,290.28633178710936,-1.0033622980117798,3.569631576538086,4.005558490753174
1741033495461432600,290.2964326171875,-1.2517411708831787,3.9321765899658203,4.565036296844482
1741033495471533600,290.3065334472656,-1.721775770187378,4.212926864624023,4.976921558380127
1741033495481634300,290.3166342773437,-2.267636299133301,4.130247116088867,5.030877113342285
1741033495491735000,290.3267351074219,-2.7246127128601074,3.8905038833618164,4.9499430656433105
1741033495501836000,290.3368359375,-2.8834002017974854,2.8834896087646484,4.481105804443359
1741033495511936800,290.34693676757814,-2.8289411067962646,1.1256895065307617,3.485016345977783
1741033495522037800,290.35703784179685,-2.650961399078369,-0.4613332748413086,2.5979695320129395
1741033495532199000,290.3671989746094,-2.381927251815796,-1.6312928199768066,2.029383659362793
1741033495542502700,290.37750268554686,-2.236436367034912,-2.426130771636963,1.788973331451416
1741033495552806000,290.3878059082031,-2.148308038711548,-3.0074009895324707,1.7313823699951172
1741033495563020800,290.39802075195314,-2.266115427017212,-3.474989891052246,1.774253487586975
1741033495573136600,290.40813671875,-2.6134281158447266,-3.8710989952087402,1.900122880935669
1741033495583237400,290.4182373046875,-2.8235316276550293,-4.121815204620361,2.0507001876831055
1741033495593338400,290.42833837890623,-2.900914430618286,-4.347901344299316,2.1509315967559814
1741033495603439000,290.4384392089844,-2.9524240493774414,-4.51579475402832,2.2133522033691406
1741033495613539800,290.4485397949219,-3.0450351238250732,-4.690241813659668,2.2375400066375732
1741033495623640800,290.45864086914065,-3.0166449546813965,-4.851792812347412,2.1927425861358643
1741033495633741600,290.46874145507815,-2.9459314346313477,-4.859827995300293,2.208916187286377
1741033495643842600,290.47884252929686,-2.8488755226135254,-4.668982028961182,2.2620341777801514
1741033495653943300,290.488943359375,-2.845665216445923,-4.43699312210083,2.280755043029785
1741033495664044000,290.4990439453125,-2.949615001678467,-4.089986801147461,2.2611289024353027
1741033495674145000,290.5091450195313,-3.0841457843780518,-3.5649867057800293,2.1998157501220703
1741033495684245800,290.5192458496094,-3.201551914215088,-2.884230613708496,2.142244815826416
1741033495694346800,290.5293466796875,-3.259462833404541,-2.1163430213928223,2.0938479900360107
1741033495704447500,290.53944750976564,-3.260732650756836,-1.4520726203918457,1.9948041439056396
1741033495714548200,290.54954833984374,-3.2713887691497803,-0.9144525527954102,1.8223278522491455
1741033495724649500,290.5596494140625,-3.22299861907959,-0.40946102142333984,1.524390459060669
1741033495734750500,290.5697504882813,-3.0056405067443848,0.12957000732421875,1.1482336521148682
1741033495744982000,290.57998193359373,-2.6245436668395996,0.7301778793334961,0.46697938442230225
1741033495755285800,290.59028564453126,-2.9030003547668457,1.1539640426635742,-0.2857778072357178
1741033495765588500,290.60058837890625,-3.33974027633667,1.5963640213012695,-1.1241788864135742
1741033495775745300,290.6107453613281,-3.612678289413452,2.0578689575195312,-1.7410800457000732
1741033495785849000,290.6208491210937,-3.5394997596740723,2.3935232162475586,-1.9425297975540161
1741033495796152600,290.6311525878906,-3.440584659576416,2.637814521789551,-1.9202824831008911
1741033495806456000,290.6414560546875,-3.003200054168701,2.7631664276123047,-1.698935627937317
1741033495816711400,290.65171142578123,-2.640146493911743,2.879833221435547,-1.5061630010604858
1741033495826822000,290.66182177734373,-2.2575671672821045,3.0178794860839844,-1.2891662120819092
1741033495836946700,290.67194677734375,-1.886601209640503,3.034876823425293,-1.1117383241653442
1741033495847047400,290.68204736328124,-1.4288654327392578,2.9800987243652344,-1.4015003442764282
1741033495857148400,290.6921484375,-1.0358798503875732,3.378045082092285,-1.8691074848175049
1741033495867249200,290.7022492675781,-0.7063395977020264,4.403886795043945,-2.3556466102600098
1741033495877350000,290.7123498535156,-0.1649380922317505,5.627092361450195,-2.5577824115753174
1741033495887451000,290.72245092773437,0.7418245077133179,6.283425331115723,-2.416433334350586
1741033495897551600,290.73255151367186,1.6617095470428467,6.255273818969727,-2.107663154602051
1741033495907652600,290.74265258789063,2.611030101776123,5.089491844177246,-1.4906765222549438
1741033495917753300,290.75275341796873,2.869415283203125,2.7903079986572266,-1.0166760683059692
1741033495927854800,290.7628547363281,2.522451877593994,0.5742635726928711,-1.012685775756836
1741033495938146800,290.7731467285156,2.276515007019043,-0.7162771224975586,-1.0420690774917603
1741033495948449300,290.78344921875,1.7056344747543335,-0.8171110153198242,-1.0949695110321045
1741033495958722600,290.79372265625,1.6485263109207153,0.15181922912597656,-1.1650973558425903
1741033495968850400,290.8038503417969,1.6951013803482056,1.3142127990722656,-1.054948091506958
1741033495978951200,290.813951171875,1.9121997356414795,2.026106834411621,-0.7859429121017456
1741033495989052200,290.82405224609374,2.6927969455718994,2.3845033645629883,-0.006090044975280762
1741033495999153000,290.83415283203124,3.743001937866211,2.3895339965820312,0.9803686141967773
1741033496009253600,290.8442536621094,4.2551398277282715,2.0569419860839844,1.1276222467422485
1741033496019354600,290.8543547363281,2.327430248260498,1.4358797073364258,0.49746060371398926
1741033496029456000,290.8644558105469,0.19191312789916992,0.7177228927612305,-0.3989522457122803
1741033496039557000,290.87455712890625,0.5393747091293335,-0.24512863159179688,-0.5865901112556458
1741033496049657900,290.88465795898435,1.3350392580032349,-1.1479740142822266,0.3774834871292114
1741033496059758800,290.8947587890625,1.7177581787109375,-1.518570899963379,1.7059831619262695
1741033496069859600,290.9048596191406,0.9965298771858215,-1.9227638244628906,2.771742343902588
1741033496079960300,290.9149602050781,1.0082194805145264,-2.3491249084472656,3.5334081649780273
1741033496090061300,290.92506127929687,1.2001514434814453,-2.6303257942199707,4.047755718231201
1741033496100162000,290.935162109375,1.295630693435669,-2.9479265213012695,4.210317611694336
1741033496110262800,290.9452626953125,0.7697329521179199,-3.4932823181152344,4.440912246704102
1741033496120363800,290.95536376953123,0.3854410648345947,-4.183112144470215,4.198186874389648
1741033496130464500,290.9654645996094,0.23041975498199463,-4.801877498626709,3.873636245727539
1741033496140565500,290.9755654296875,-0.09111166000366211,-5.437539100646973,3.4034008979797363
1741033496150666200,290.98566625976565,-0.4991225004196167,-6.062216758728027,2.758733034133911
1741033496160767000,290.99576708984375,-0.634909987449646,-6.620032787322998,2.148621082305908
1741033496170868000,291.00586791992185,-0.6837859153747559,-7.042126655578613,1.6722726821899414
1741033496180968700,291.01596875,-0.7781497836112976,-7.282475471496582,1.3425378799438477
1741033496191069700,291.0260695800781,-0.7162588834762573,-7.150302886962891,1.1359823942184448
1741033496201170400,291.0361704101563,-0.45761120319366455,-6.565530776977539,1.1238949298858643
1741033496211271200,291.0462712402344,0.06978464126586914,-5.592597007751465,1.366876482963562
1741033496221372200,291.0563720703125,0.44956398010253906,-4.613091945648193,1.6663129329681396
1741033496231473000,291.06647290039064,0.9072732925415039,-3.7374181747436523,1.8848050832748413
1741033496241573600,291.07657373046874,1.5372041463851929,-2.9153943061828613,2.004859685897827
1741033496251674600,291.0866745605469,2.0052483081817627,-2.063262939453125,1.9220261573791504
1741033496261775400,291.096775390625,2.5510897636413574,-1.1839275360107422,1.7844632863998413
1741033496271876400,291.10687646484377,2.7428836822509766,-0.2523612976074219,1.546479344367981
1741033496281977000,291.11697705078126,2.772860527038574,0.9219160079956055,1.1825183629989624
1741033496292077800,291.12707788085936,2.561678886413574,2.08193302154541,0.7202358841896057
1741033496302178800,291.1371787109375,2.283583641052246,2.773728370666504,0.21140027046203613
1741033496312279600,291.1472795410156,1.7203160524368286,3.2617902755737305,-0.3226054012775421
1741033496322380300,291.1573803710937,1.0752474069595337,3.5596227645874023,-1.1624853610992432
1741033496332481300,291.1674812011719,1.7361494302749634,3.561306953430176,-2.6232428550720215
1741033496342582000,291.17758203125,2.835036277770996,3.05771541595459,-4.243496894836426
1741033496352683000,291.18768310546875,2.8005919456481934,2.7887277603149414,-4.646774768829346
1741033496362783700,291.19778369140624,2.363236665725708,2.945185661315918,-4.634338855743408
1741033496372884500,291.2078845214844,2.4470608234405518,3.545818328857422,-4.589739799499512
1741033496382985500,291.2179853515625,3.6985576152801514,4.298398971557617,-4.1730475425720215
1741033496393086200,291.2280861816406,7.068341255187988,4.252511024475098,-3.0160584449768066
1741033496403187200,291.2381872558594,10.045045852661133,3.539356231689453,-1.5177371501922607
1741033496413288000,291.24828784179687,9.80356216430664,3.0067291259765625,-0.31033188104629517
1741033496423388700,291.258388671875,6.362161636352539,3.7558040618896484,0.4689371585845947
1741033496433489700,291.26848974609373,3.3536880016326904,4.851301193237305,1.0742050409317017
1741033496443590700,291.2785905761719,1.3967530727386475,5.104754447937012,1.9225738048553467
1741033496453691400,291.28869140625,0.3870868682861328,4.362668991088867,2.694066047668457
1741033496463792000,291.2987922363281,-0.16084909439086914,3.396455764770508,2.9566140174865723
1741033496473893000,291.30889306640626,-0.682471513748169,2.9528884887695312,3.245243549346924
1741033496483993900,291.31899389648436,-1.2068629264831543,3.0604286193847656,3.829890251159668
1741033496494094800,291.3290947265625,-1.7547273635864258,3.3736019134521484,4.386041641235352
1741033496504195600,291.3391955566406,-2.002314329147339,3.911449432373047,4.962878227233887
1741033496514296300,291.3492963867188,-2.405993700027466,4.192922592163086,5.129284381866455
1741033496524397300,291.3593972167969,-2.8372061252593994,4.106390953063965,4.809357643127441
1741033496534498000,291.369498046875,-3.2006912231445312,3.402273178100586,3.921726703643799
1741033496544598800,291.37959887695314,-2.6877849102020264,1.8838129043579102,2.6319057941436768
1741033496554699800,291.38969970703124,-1.5424686670303345,0.5087490081787109,1.704190969467163
1741033496564800500,291.3998005371094,-1.180312991142273,-0.5414085388183594,1.2076890468597412
1741033496574901500,291.4099016113281,-1.4443039894104004,-1.4147672653198242,1.136767864227295
1741033496585002200,291.4200021972656,-1.9828567504882812,-2.162565231323242,1.2654826641082764
1741033496595103000,291.43010302734376,-2.214860439300537,-2.584428310394287,1.4676952362060547
1741033496605204000,291.44020385742186,-2.350022792816162,-2.9223709106445312,1.656774878501892
1741033496615304700,291.4503046875,-2.579972267150879,-3.33614444732666,1.7689776420593262
1741033496625405400,291.4604055175781,-2.6847984790802,-3.7135257720947266,1.8802330493927002
1741033496635506400,291.4705063476562,-2.738416910171509,-4.00862455368042,1.9131789207458496
1741033496645607200,291.4806071777344,-2.790055513381958,-4.298357009887695,1.8933427333831787
1741033496655708200,291.49070825195315,-2.7811570167541504,-4.538983345031738,1.9017428159713745
1741033496665809000,291.50080883789065,-2.778272867202759,-4.786866664886475,1.7601925134658813
1741033496675909600,291.51090966796875,-2.7161331176757812,-4.933046817779541,1.61301589012146
1741033496686010600,291.5210107421875,-2.6592297554016113,-4.882810592651367,1.5030088424682617
1741033496696112000,291.5311120605469,-2.639033794403076,-4.592761516571045,1.508972406387329
1741033496706213000,291.5412131347656,-2.5964813232421875,-4.229048728942871,1.535222053527832
1741033496716313900,291.55131396484376,-2.621856212615967,-3.7914414405822754,1.5588371753692627
1741033496726415600,291.56141552734374,-2.565873622894287,-3.3542232513427734,1.5401816368103027
1741033496736707300,291.5717072753906,-2.5294442176818848,-2.9079370498657227,1.4749163389205933
1741033496747010800,291.5820107421875,-2.4412841796875,-2.464554786682129,1.4011883735656738
1741033496757284000,291.5922841796875,-2.4145610332489014,-2.0498046875,1.3269169330596924
1741033496767412000,291.6024118652344,-2.4236161708831787,-1.6135683059692383,1.2507853507995605
1741033496777513000,291.6125129394531,-2.434225559234619,-1.0760278701782227,1.2488157749176025
1741033496787613700,291.62261376953126,-2.3613779544830322,-0.40157318115234375,1.2514290809631348
1741033496797714700,291.63271459960936,-2.27636456489563,0.3718833923339844,1.1044161319732666
1741033496807815400,291.6428154296875,-2.2628440856933594,1.193741798400879,0.9514814615249634
1741033496817916200,291.6529162597656,-2.227778911590576,2.0456056594848633,0.7290685772895813
1741033496828017200,291.6630170898438,-2.0354392528533936,2.737240791320801,0.4213588535785675
1741033496838118000,291.6731179199219,-1.9158077239990234,3.2450027465820312,0.004864990711212158
1741033496848218600,291.6832185058594,-1.6353076696395874,3.3371267318725586,-0.8488224148750305
1741033496858319600,291.69331958007814,-1.200775384902954,3.2162399291992188,-1.6397101879119873
1741033496868420400,291.70342041015624,-0.26833438873291016,3.159425735473633,-2.219231605529785
1741033496878521300,291.7135212402344,0.8513844013214111,3.0770254135131836,-3.003577709197998
1741033496888622000,291.7236220703125,2.26186203956604,3.1343727111816406,-3.7816593647003174
1741033496898722800,291.7337229003906,3.5671744346618652,3.647693634033203,-3.938066244125366
1741033496908823800,291.74382373046876,4.864301681518555,4.252049446105957,-4.56019401550293
1741033496918924500,291.75392456054686,6.135712623596191,4.574285507202148,-6.10491418838501
1741033496929025300,291.764025390625,7.178595542907715,5.001304626464844,-6.657777309417725
1741033496939126300,291.7741262207031,6.599846839904785,5.754640579223633,-5.1013994216918945
1741033496949227000,291.7842270507812,4.513008117675781,6.4489593505859375,-2.27980637550354
1741033496959328000,291.7943278808594,2.3398640155792236,4.979257583618164,-0.6650586128234863
1741033496969428700,291.8044287109375,0.8531360626220703,1.662184715270996,-1.2543411254882812
1741033496979529500,291.81452954101565,-0.1453937292098999,-0.49887561798095703,-2.0373897552490234
1741033496989630500,291.82463037109375,-1.011265516281128,-1.234029769897461,-2.3456380367279053
1741033496999731200,291.83473120117185,-1.7345014810562134,-1.0618610382080078,-2.3732903003692627
1741033497009832200,291.8448322753906,-2.3534393310546875,-0.10127830505371094,-2.1594953536987305
1741033497019933000,291.8549328613281,-2.1377716064453125,1.1614503860473633,-1.6737970113754272
1741033497030033700,291.86503369140627,-0.8707987666130066,2.141484260559082,-0.9279061555862427
1741033497040134700,291.875134765625,0.4628286361694336,2.34158992767334,-0.28334498405456543
1741033497050235400,291.8852353515625,1.4641668796539307,1.740921974182129,0.25215739011764526
1741033497060336000,291.89533618164063,1.7591729164123535,0.7868633270263672,0.3884321451187134
1741033497070437000,291.90543701171873,1.5657762289047241,0.05837535858154297,0.22514277696609497
1741033497080537900,291.9155378417969,0.9868149757385254,-0.6266450881958008,-0.015774164348840714
1741033497090638800,291.9256389160156,-0.39656001329421997,-1.1706676483154297,-0.17484965920448303
1741033497100739600,291.93573950195315,-1.0526800155639648,-1.5830917358398438,0.0809316486120224
1741033497110840300,291.94584033203125,-1.403456211090088,-1.877223014831543,0.6537703275680542
1741033497120941300,291.95594140625,-0.3316105604171753,-1.9626379013061523,1.8851284980773926
1741033497131042000,291.9660419921875,0.866883397102356,-1.9715523719787598,3.1708271503448486
1741033497141142800,291.9761428222656,0.8844592571258545,-2.308663845062256,3.443068504333496
1741033497151243800,291.9862438964844,0.5666110515594482,-2.815471649169922,3.2470412254333496
1741033497161344500,291.9963444824219,0.3503814935684204,-3.371738910675049,3.2201473712921143
1741033497171445500,292.00644555664064,0.2754298448562622,-3.917297840118408,3.0839810371398926
1741033497181546200,292.01654614257814,0.043212175369262695,-4.387340068817139,2.8152456283569336
1741033497191647000,292.02664697265624,-0.2924022674560547,-4.8571977615356445,2.3257389068603516
1741033497201748000,292.036748046875,-0.45011305809020996,-5.205197811126709,1.8565032482147217
1741033497211848700,292.0468486328125,-0.5021877288818359,-5.573339462280273,1.3957152366638184
1741033497221949700,292.05694970703127,-0.5298001766204834,-5.9352898597717285,1.065290093421936
1741033497232050400,292.06705053710937,-0.5120565891265869,-6.292815208435059,0.9284206032752991
1741033497242151200,292.07715112304686,-0.38067150115966797,-6.543820858001709,0.9574008584022522
1741033497252252200,292.0872521972656,-0.2592356204986572,-6.526288032531738,1.2253353595733643
1741033497262353700,292.0973537597656,0.41144633293151855,-5.944477558135986,1.658092975616455
1741033497272454700,292.10745458984377,0.8752667903900146,-5.027592658996582,1.9787323474884033
1741033497282555400,292.11755541992187,1.4217352867126465,-4.183436393737793,2.1737444400787354
1741033497292656000,292.12765625,2.0166609287261963,-3.4232091903686523,2.106466770172119
1741033497302757000,292.13775708007813,2.6190719604492188,-2.590240478515625,1.8896198272705078
1741033497312857900,292.14785791015623,2.7187952995300293,-1.806070327758789,1.602445125579834
1741033497322958800,292.1579587402344,3.066422700881958,-1.1127996444702148,1.080648422241211
1741033497333059600,292.1680595703125,3.088587999343872,0.0718069076538086,0.5819908976554871
1741033497343160300,292.17816040039065,2.224733829498291,1.7661247253417969,0.22912105917930603
1741033497353261300,292.18826123046875,0.5526120662689209,3.6991662979125977,0.14771893620491028
1741033497363362000,292.19836206054686,-1.0141210556030273,5.614823341369629,-0.41307303309440613
1741033497373462800,292.208462890625,0.38910889625549316,6.720095634460449,-2.098153591156006
1741033497383563800,292.2185637207031,3.8222453594207764,5.577676773071289,-4.542496681213379
1741033497393664500,292.2286645507813,4.171627998352051,3.5459070205688477,-5.900948524475098
1741033497403765500,292.238765625,3.191868543624878,2.484246253967285,-5.823389053344727
1741033497413866200,292.2488662109375,3.5439884662628174,2.062366485595703,-5.503988265991211
1741033497423967000,292.25896704101564,5.2399797439575195,2.11907958984375,-5.048815727233887
1741033497434068000,292.26906787109374,8.954068183898926,2.3552026748657227,-3.614208221435547
1741033497444168700,292.2791687011719,11.50143814086914,2.487405776977539,-0.9782494306564331
1741033497454269700,292.2892697753906,8.204763412475586,3.001589775085449,1.1139202117919922
1741033497464370400,292.2993703613281,3.88154673576355,4.177272796630859,2.6128671169281006
1741033497474471200,292.30947119140626,0.19346213340759277,5.4235734939575195,2.75395131111145
1741033497484572200,292.319572265625,-1.27743661403656,5.064301490783691,2.715700387954712
1741033497494673000,292.3296728515625,-0.8913909196853638,3.7099056243896484,2.6997857093811035
1741033497504773600,292.3397736816406,-0.8384236097335815,2.9740447998046875,2.731712579727173
1741033497514874600,292.3498745117187,-0.9899345636367798,3.122385025024414,3.105686664581299
1741033497524975400,292.3599753417969,-1.4531283378601074,3.681666374206543,3.695232391357422
1741033497535076400,292.37007641601565,-2.1433005332946777,4.533926010131836,4.618615627288818
1741033497545177000,292.38017700195314,-3.298811435699463,4.977397918701172,5.34321928024292
1741033497555277800,292.39027783203124,-3.8432555198669434,4.662874221801758,5.350673198699951
1741033497565378800,292.40037890625,-3.929110527038574,3.4749250411987305,4.461119174957275
1741033497575479600,292.4104794921875,-3.440554141998291,1.7720584869384766,3.084587812423706
1741033497585580300,292.4205803222656,-2.510636806488037,0.3749685287475586,1.8699908256530762
1741033497595681300,292.4306813964844,-2.0356364250183105,-0.6040143966674805,1.1539851427078247
1741033497605782000,292.44078198242187,-2.1523404121398926,-1.2723093032836914,0.8998417854309082
1741033497615883000,292.45088305664063,-2.417267322540283,-1.7845144271850586,0.9461774826049805
1741033497625983700,292.4609836425781,-2.4536616802215576,-2.1746482849121094,1.0644495487213135
1741033497636084500,292.47108447265623,-2.712019920349121,-2.4685754776000977,1.2244412899017334
1741033497646185500,292.481185546875,-3.0091123580932617,-2.8215560913085938,1.316690444946289
1741033497656286200,292.4912861328125,-3.15195894241333,-3.16892147064209,1.3838906288146973
1741033497666387200,292.50138720703126,-3.1105151176452637,-3.481729030609131,1.4254438877105713
1741033497676488000,292.51148803710936,-3.0181732177734375,-3.7760586738586426,1.4133579730987549
1741033497686588700,292.52158862304685,-2.984992265701294,-4.048279285430908,1.3813788890838623
1741033497696689700,292.5316896972656,-2.97231388092041,-4.254428386688232,1.378781795501709
1741033497706790400,292.5417902832031,-2.937955856323242,-4.478972434997559,1.378725528717041
1741033497716891100,292.5518911132813,-2.920395851135254,-4.6526384353637695,1.348962426185608
1741033497726992100,292.5619921875,-2.889204502105713,-4.608962535858154,1.3549385070800781
1741033497737092900,292.5720927734375,-2.897433042526245,-4.329680442810059,1.4339280128479004
1741033497747193900,292.58219384765624,-2.86665940284729,-3.8504834175109863,1.5601832866668701
1741033497757294600,292.5922946777344,-2.821140766143799,-3.3610377311706543,1.6407520771026611
1741033497767395300,292.6023952636719,-2.8826355934143066,-2.8893818855285645,1.6524450778961182
1741033497777496300,292.6124963378906,-2.902343511581421,-2.4552245140075684,1.6527783870697021
1741033497787597000,292.62259716796876,-2.858151435852051,-2.0567331314086914,1.6395981311798096
1741033497797697800,292.63269775390626,-2.7341384887695312,-1.6696906089782715,1.6462254524230957
1741033497807798800,292.642798828125,-2.6736433506011963,-1.3012514114379883,1.6176742315292358
1741033497817899500,292.6528994140625,-2.621019124984741,-0.8512287139892578,1.5323539972305298
1741033497828000500,292.6630004882812,-2.6115007400512695,-0.2854747772216797,1.4726518392562866
1741033497838101200,292.6731013183594,-2.568795680999756,0.5065345764160156,1.4467425346374512
1741033497848202000,292.6832019042969,-2.4904818534851074,1.3782377243041992,1.3441797494888306
1741033497858303000,292.69330297851565,-2.406346321105957,2.34002685546875,1.2115620374679565
1741033497868403700,292.70340380859375,-2.2696824073791504,3.06192684173584,0.8925567269325256
1741033497878504400,292.71350439453124,-1.8748258352279663,3.4433727264404297,0.3443073034286499
1741033497888605400,292.72360546875,-1.3555692434310913,3.4257593154907227,-0.22234416007995605
1741033497898706200,292.7337060546875,-0.8601993322372437,3.120274543762207,-1.0144314765930176
1741033497908807200,292.74380712890627,-0.07290053367614746,2.790332794189453,-1.6847279071807861
1741033497918908000,292.75390795898437,1.3025472164154053,2.503946304321289,-2.5076582431793213
1741033497929008600,292.76400854492186,2.8498053550720215,2.747079849243164,-2.8189265727996826
1741033497939109600,292.77410961914063,4.91412353515625,3.4129981994628906,-3.5514113903045654
1741033497949210400,292.78421044921873,8.199058532714844,3.734546661376953,-5.92655086517334
1741033497959311400,292.7943112792969,11.491857528686523,4.620311737060547,-6.356843948364258
1741033497969412000,292.804412109375,8.727237701416016,7.693493843078613,-1.9355137348175049
1741033497979512800,292.81451293945315,4.725306034088135,8.372361183166504,1.1689903736114502
1741033497989613800,292.82461376953125,2.1219375133514404,4.292586326599121,0.11108297109603882
1741033497999714600,292.83471459960936,1.0107896327972412,0.2704601287841797,-1.737511157989502
1741033498009815300,292.84481518554685,0.30479323863983154,-1.811293125152588,-2.282449722290039
1741033498019916300,292.8549162597656,-0.35850298404693604,-2.477633476257324,-1.9793757200241089
1741033498030017000,292.8650170898438,-0.6091545820236206,-2.2739639282226562,-1.9652910232543945
1741033498040118000,292.8751179199219,-0.6227168440818787,-1.0016326904296875,-1.9850300550460815
1741033498050218800,292.88521875,-0.10469639301300049,0.8358783721923828,-1.443053960800171
1741033498060319500,292.89531958007814,0.7600377798080444,2.056410789489746,-0.4357048273086548
1741033498070420500,292.90542041015624,1.8977609872817993,2.23397159576416,0.5030251145362854
1741033498080521200,292.9155212402344,2.6193490028381348,1.9754400253295898,1.1041275262832642
1741033498090622000,292.9256220703125,3.1422300338745117,1.7411346435546875,1.5960417985916138
1741033498100723000,292.9357229003906,2.952353000640869,1.5095796585083008,1.9875900745391846
1741033498110823700,292.94582373046876,2.1972522735595703,1.2642650604248047,2.228523015975952
1741033498120924700,292.95592456054686,0.6759237051010132,0.7651948928833008,2.388596534729004
1741033498131025400,292.966025390625,-1.1982498168945312,-0.20301246643066406,2.654336452484131
1741033498141126100,292.9761262207031,-1.720693826675415,-1.0758867263793945,3.456728219985962
1741033498151227100,292.9862270507812,-1.052167296409607,-1.6707630157470703,4.586080551147461
1741033498161327900,292.9963278808594,-0.11892116069793701,-1.8430509567260742,5.399357795715332
1741033498171428900,293.00642895507815,0.38978636264801025,-2.2665252685546875,5.3122639656066895
1741033498181529600,293.01652954101564,0.3814185857772827,-3.2288479804992676,4.5189924240112305
1741033498191630300,293.02663037109374,0.4394524097442627,-4.335391521453857,3.6513195037841797
1741033498201731300,293.0367314453125,0.49050021171569824,-5.157060146331787,2.83705997467041
1741033498211832000,293.04683203125,0.46084725856781006,-5.707303524017334,2.168308973312378
1741033498221932800,293.0569328613281,0.29204046726226807,-6.033046245574951,1.825445294380188
1741033498232033800,293.06703369140627,0.1442110538482666,-6.171723365783691,1.4223583936691284
1741033498242134500,293.07713452148437,-0.02694880962371826,-6.2237443923950195,1.020424723625183
1741033498252235500,293.08723559570313,-0.1601928472518921,-6.08652400970459,0.7206282615661621
1741033498262336300,293.0973361816406,-0.32809317111968994,-5.846940994262695,0.5682017207145691
1741033498272437000,293.10743701171873,-0.2309885025024414,-5.492937088012695,0.6353626847267151
1741033498282538000,293.1175380859375,0.08247542381286621,-5.028448104858398,0.846468448638916
1741033498292639200,293.12763916015626,0.4816315174102783,-4.552680015563965,1.0185436010360718
1741033498302740500,293.13774047851564,0.8140518665313721,-4.0944976806640625,1.178749442100525
1741033498312841200,293.14784130859374,1.0293092727661133,-3.7622952461242676,1.271375060081482
1741033498322942000,293.15794189453123,1.2477855682373047,-3.5187840461730957,1.3808350563049316
1741033498333043000,293.16804296875,1.602238655090332,-3.0945000648498535,1.4885729551315308
1741033498343143700,293.1781437988281,2.1242423057556152,-2.4868783950805664,1.5304417610168457
1741033498353244700,293.18824462890626,2.590378999710083,-1.586378574371338,1.3979618549346924
1741033498363345400,293.19834545898436,2.93351149559021,-0.40363311767578125,1.1347429752349854
1741033498373446100,293.20844604492186,3.103363037109375,1.0610179901123047,0.7896031737327576
1741033498383547100,293.2185471191406,2.9440624713897705,2.7362794876098633,0.45515766739845276
1741033498393647900,293.2286479492187,1.6954104900360107,4.433110237121582,0.043272487819194794
1741033498403748900,293.2387487792969,0.13104236125946045,5.505383491516113,-0.29913946986198425
1741033498413849900,293.24884985351565,-0.26716387271881104,5.790685653686523,-1.5846879482269287
1741033498424046800,293.259046875,0.18284618854522705,5.210575103759766,-3.4432554244995117
1741033498434350300,293.2693503417969,0.13727831840515137,4.210842132568359,-4.619776248931885
1741033498444653300,293.2796533203125,0.559058666229248,3.391998291015625,-5.68871545791626
1741033498454838500,293.2898386230469,0.9202117919921875,3.2235145568847656,-6.696654796600342
1741033498464947700,293.2999477539062,2.937413215637207,2.4490842819213867,-7.207822322845459
1741033498475048700,293.3100485839844,8.706314086914062,0.8052005767822266,-6.123836040496826
1741033498485149400,293.3201494140625,13.433026313781738,-0.3573427200317383,-3.3640241622924805
1741033498495250200,293.33025024414064,13.57099723815918,0.1199951171875,-0.5317985415458679
1741033498505351200,293.34035107421874,9.131887435913086,1.5203981399536133,0.9740164875984192
1741033498515452000,293.35045190429685,4.272268295288086,2.54196834564209,1.3635332584381104
1741033498525552600,293.360552734375,0.3890187740325928,3.3143234252929688,1.8108742237091064
1741033498535653600,293.3706535644531,-0.7933268547058105,3.39923095703125,1.9940826892852783
1741033498545754400,293.38075439453127,-1.145224928855896,3.525845527648926,2.330878257751465
1741033498555855400,293.39085546875,-1.1556628942489624,4.041522979736328,3.128434896469116
1741033498565956000,293.4009560546875,-0.803917407989502,4.895587921142578,4.127089500427246
1741033498576056800,293.4110568847656,-1.0675231218338013,5.492361068725586,4.708916187286377
1741033498586157800,293.42115771484373,-1.8816642761230469,5.5715837478637695,4.847362041473389
1741033498596258600,293.4312585449219,-2.4177932739257812,5.338837623596191,4.985897541046143
1741033498606359300,293.441359375,-2.8051905632019043,4.789084434509277,4.799526214599609
1741033498616460300,293.45146020507815,-3.157965660095215,3.627328872680664,4.067251682281494
1741033498626561000,293.46156103515625,-2.990720272064209,2.149242401123047,3.0762414932250977
1741033498636662000,293.471662109375,-2.5624194145202637,0.8086624145507812,2.286935329437256
1741033498646762800,293.4817626953125,-2.483259677886963,-0.33295631408691406,1.791792869567871
1741033498656863500,293.4918635253906,-2.6649270057678223,-1.4515399932861328,1.474379062652588
1741033498666964500,293.5019645996094,-2.847694158554077,-2.338305950164795,1.3815830945968628
1741033498677065200,293.5120651855469,-2.9885964393615723,-3.0082597732543945,1.3390992879867554
1741033498687166200,293.52216625976564,-3.164862632751465,-3.5785322189331055,1.358945608139038
1741033498697267000,293.53226684570313,-3.2309458255767822,-4.058663368225098,1.3681985139846802
1741033498707367700,293.54236767578124,-3.2874855995178223,-4.485325813293457,1.3132179975509644
1741033498717468700,293.55246875,-3.211679458618164,-4.800861358642578,1.3210134506225586
1741033498727569400,293.5625693359375,-3.1377511024475098,-4.922758102416992,1.418818712234497
1741033498737670100,293.5726701660156,-3.1162972450256348,-4.975078105926514,1.5030875205993652
1741033498747771100,293.58277124023436,-3.147644519805908,-4.954677581787109,1.5978032350540161
1741033498757871900,293.59287182617186,-3.1931886672973633,-4.861758708953857,1.693361520767212
1741033498767972900,293.6029729003906,-3.226433277130127,-4.716089248657227,1.7496418952941895
1741033498778073600,293.6130734863281,-3.218426465988159,-4.534295558929443,1.7789379358291626
1741033498788174300,293.6231743164063,-3.2175583839416504,-4.220062732696533,1.7263813018798828
1741033498798275300,293.633275390625,-3.3229546546936035,-3.7085909843444824,1.664710521697998
1741033498808376000,293.6433759765625,-3.5131969451904297,-3.0512094497680664,1.6401500701904297
1741033498818476800,293.65347680664064,-3.667976140975952,-2.364680767059326,1.6026372909545898
1741033498828577800,293.66357788085935,-3.8003299236297607,-1.7025961875915527,1.569178581237793
1741033498838678500,293.6736784667969,-3.8373982906341553,-1.1427021026611328,1.5871555805206299
1741033498848779500,293.6837795410156,-3.9078850746154785,-0.5460405349731445,1.6043113470077515
1741033498858880300,293.69388037109377,-3.9814915657043457,0.14009952545166016,1.6225310564041138
1741033498868981000,293.70398095703126,-3.9232802391052246,0.9783830642700195,1.6718270778656006
1741033498879082000,293.71408203125,-3.9201903343200684,2.0038108825683594,1.6585862636566162
1741033498889182700,293.7241826171875,-3.8822991847991943,3.0281543731689453,1.5243345499038696
1741033498899283500,293.7342834472656,-3.6221933364868164,4.040132522583008,1.2888621091842651
1741033498909384400,293.7443845214844,-3.138155221939087,4.777585029602051,0.8109050393104553
1741033498919485200,293.7544851074219,-2.6628262996673584,5.0329742431640625,0.14085018634796143
1741033498929586200,293.76458618164065,-2.5013234615325928,4.887720108032227,-0.6026031970977783
1741033498939687000,293.77468701171875,-2.136305332183838,4.469086647033691,-1.0360321998596191
1741033498949787600,293.78478759765625,-1.2613866329193115,3.901487350463867,-1.4905542135238647
1741033498959888600,293.794888671875,-0.3624262809753418,3.5247745513916016,-2.0464940071105957
1741033498969989400,293.8049892578125,0.9678025245666504,3.5832366943359375,-2.3793115615844727
1741033498980090400,293.8150903320313,2.1473145484924316,4.403837203979492,-2.748117446899414
1741033498990191000,293.8251911621094,3.999004364013672,5.5283708572387695,-3.053539276123047
1741033499000291800,293.83529174804687,6.020013809204102,6.462673187255859,-3.239471673965454
1741033499010392800,293.84539282226564,7.129396438598633,6.76894474029541,-2.7714455127716064
1741033499020493600,293.85549365234374,6.3514251708984375,5.26848030090332,-1.877388834953308
1741033499030594300,293.86559423828123,3.7949554920196533,2.3579940795898438,-1.7161694765090942
1741033499040695300,293.8756953125,1.4485540390014648,0.07010364532470703,-1.8204257488250732
1741033499050796000,293.8857961425781,-0.08620858192443848,-1.2311620712280273,-1.7857584953308105
1741033499060897000,293.89589697265626,-1.0072729587554932,-1.507211685180664,-1.53059720993042
1741033499070997800,293.90599780273436,-1.451775312423706,-0.9222126007080078,-0.9392775893211365
1741033499081098500,293.91609838867186,-1.2829811573028564,0.1270771026611328,-0.37348681688308716
1741033499091199500,293.9261994628906,-0.7505712509155273,1.2624616622924805,0.13364112377166748
1741033499101300200,293.9363002929687,0.1628732681274414,1.958359718322754,0.6786255240440369
1741033499111401000,293.9464008789063,1.2945706844329834,2.150019645690918,1.1599740982055664
1741033499121502000,293.956501953125,2.007227659225464,2.039414405822754,1.5123997926712036
1741033499131602700,293.96660278320314,2.849599599838257,1.7807903289794922,1.6116275787353516
1741033499141703700,293.97670361328124,3.9400978088378906,1.3976726531982422,1.156493902206421
1741033499151804400,293.98680444335935,7.886297225952148,0.9652223587036133,-0.5678989291191101
1741033499161905200,293.9969052734375,7.311652183532715,-0.41614437103271484,-1.3012938499450684
1741033499172006100,294.0070061035156,4.088559150695801,-1.7655510902404785,-0.5960934162139893
1741033499182107000,294.01710693359377,1.0124530792236328,-3.115994453430176,0.2858971953392029
1741033499192208000,294.02720776367187,0.049006640911102295,-3.938516616821289,0.9055243730545044
1741033499202308600,294.03730859375,0.13488680124282837,-4.571779727935791,1.426588535308838
1741033499212409300,294.0474094238281,-0.8871192336082458,-5.0763983726501465,1.8912713527679443
1741033499222510600,294.0575104980469,-3.0039138793945312,-5.132625579833984,2.2500486373901367
1741033499232719400,294.06771923828126,-2.9449262619018555,-4.899677276611328,3.4991188049316406
1741033499243022800,294.07802294921873,-1.585076093673706,-4.686273097991943,4.740721225738525
1741033499253325800,294.0883259277344,-0.781954288482666,-4.805376052856445,5.510962009429932
1741033499263501300,294.0985012207031,-0.39436641335487366,-4.911543369293213,5.907536029815674
1741033499273608400,294.1086083984375,0.1330927014350891,-5.208130836486816,5.880436897277832
1741033499283709200,294.1187092285156,0.35886818170547485,-5.694775104522705,5.268396377563477
1741033499293810200,294.12881005859373,-0.06365655362606049,-6.088130474090576,4.51712703704834
1741033499303911000,294.1389108886719,-0.2687687277793884,-6.287693977355957,3.832054376602173
1741033499314011600,294.14901171875,-0.2887153625488281,-6.261861324310303,3.256639003753662
1741033499324112600,294.15911254882815,0.36695390939712524,-5.877155303955078,2.774662494659424
1741033499334213400,294.16921337890625,1.3049308061599731,-5.318626403808594,2.372706413269043
1741033499344314400,294.179314453125,2.0387697219848633,-4.578248023986816,2.0990397930145264
1741033499354415000,294.1894150390625,2.653421401977539,-3.6395130157470703,1.877410888671875
1741033499364515800,294.1995158691406,3.3103597164154053,-2.570401191711426,1.623000979423523
1741033499374616800,294.2096169433594,4.003942966461182,-1.619051456451416,1.2427603006362915
1741033499384717600,294.2197175292969,4.743847846984863,-0.769434928894043,1.1418172121047974
1741033499394818300,294.229818359375,5.439131736755371,-0.23805904388427734,1.352075457572937
1741033499404919300,294.23991918945313,6.0455498695373535,0.46355247497558594,1.633220911026001
1741033499415020000,294.25002001953123,5.769624710083008,1.6473217010498047,1.5957653522491455
1741033499425121500,294.2601215820313,4.763030052185059,3.3927249908447266,1.3061039447784424
1741033499435389700,294.2703896484375,2.969149589538574,5.653424263000488,0.38468584418296814
1741033499445693200,294.2806931152344,0.5049722194671631,7.710474014282227,-1.7535130977630615
1741033499455986200,294.29098608398436,1.3939123153686523,7.921242713928223,-4.876197338104248
1741033499466118100,294.3011181640625,4.401737213134766,6.138666152954102,-6.1470794677734375
1741033499476219100,294.31121923828124,3.7296643257141113,4.976666450500488,-5.805314064025879
1741033499486319900,294.32131982421873,3.1172919273376465,4.96030330657959,-4.456460952758789
1741033499496420900,294.3314208984375,3.456026792526245,4.631568908691406,-2.8953800201416016
1741033499506521600,294.341521484375,5.129291534423828,3.618885040283203,-1.040181040763855
1741033499516622300,294.35162231445315,7.735247611999512,2.5329370498657227,0.35612982511520386
1741033499526723300,294.36172338867186,9.123405456542969,1.5773334503173828,0.9351903200149536
1741033499536824000,294.37182397460936,5.938153266906738,1.8577375411987305,0.6089458465576172
1741033499546925000,294.3819250488281,3.4849905967712402,1.7472305297851562,1.1612238883972168
1741033499557025800,294.3920258789062,2.63094162940979,0.9431924819946289,2.007512092590332
1741033499567126500,294.4021264648438,1.3033514022827148,0.7388734817504883,2.25846529006958
1741033499577227500,294.4122275390625,0.2700693607330322,1.1980056762695312,2.618800163269043
1741033499587328300,294.42232836914064,-0.17629122734069824,2.109020233154297,3.3233001232147217
1741033499597429000,294.43242895507814,-0.4003385305404663,3.281095504760742,4.204911708831787
1741033499607530000,294.44253002929685,-0.7774519920349121,4.269452095031738,5.163129806518555
1741033499617630700,294.4526306152344,-1.0915107727050781,4.933648109436035,6.103918075561523
1741033499627731700,294.4627316894531,-1.682612419128418,4.926052093505859,6.466609954833984
1741033499637832400,294.47283251953127,-2.2384045124053955,4.159311294555664,6.1785807609558105
1741033499647933200,294.48293310546876,-2.5247397422790527,2.5792675018310547,5.304817199707031
1741033499658034200,294.4930341796875,-2.214127779006958,0.8788070678710938,4.282435417175293
1741033499668135000,294.50313500976563,-1.2416149377822876,-0.23482894897460938,3.548084259033203
1741033499678235600,294.5132355957031,-1.2434262037277222,-1.1467962265014648,3.1485581398010254
1741033499688336600,294.5233366699219,-2.018289089202881,-2.0846047401428223,2.7932868003845215
1741033499698437400,294.5334372558594,-2.4930241107940674,-2.8305602073669434,2.5363874435424805
1741033499708538400,294.54353833007815,-2.6893272399902344,-3.4015445709228516,2.3108038902282715
1741033499718639000,294.55363916015625,-2.75510573387146,-3.7730703353881836,2.2077276706695557
1741033499728739800,294.56373974609374,-2.827716827392578,-4.026016712188721,2.2047922611236572
1741033499738840800,294.5738408203125,-2.9145469665527344,-4.140809059143066,2.2360408306121826
1741033499748941600,294.5839416503906,-3.0148367881774902,-4.2386369705200195,2.2105674743652344
1741033499759042600,294.5940424804688,-3.1413543224334717,-4.292201042175293,2.2033402919769287
1741033499769143300,294.6041433105469,-3.1037867069244385,-4.3253960609436035,2.221250057220459
1741033499779244000,294.614244140625,-2.973369836807251,-4.386630535125732,2.214745044708252
1741033499789345000,294.62434497070313,-2.768160343170166,-4.349242687225342,2.194680690765381
1741033499799445800,294.63444580078124,-2.557112455368042,-4.276785850524902,2.21573543548584
1741033499809546500,294.64454638671873,-2.4205551147460938,-4.170957565307617,2.226282835006714
1741033499819647500,294.6546474609375,-2.4893665313720703,-3.9175477027893066,2.234031915664673
1741033499829748200,294.6647482910156,-2.6431217193603516,-3.4638919830322266,2.191115140914917
1741033499839849200,294.67484912109376,-2.9337706565856934,-2.960829257965088,2.0670418739318848
1741033499849950000,294.68494995117186,-3.2295069694519043,-2.38413143157959,1.9015318155288696
1741033499860050700,294.69505078125,-3.5526905059814453,-1.6525073051452637,1.66489577293396
1741033499870151700,294.7051516113281,-3.650907039642334,-0.697422981262207,1.5213656425476074
1741033499880252400,294.7152524414063,-3.70316481590271,0.42267417907714844,1.2928555011749268
1741033499890353200,294.7253532714844,-3.884510040283203,1.6765508651733398,0.8977673053741455
1741033499900454100,294.7354541015625,-4.046457290649414,2.8962268829345703,0.6176561117172241
1741033499910555000,294.74555493164064,-4.244428634643555,3.9259767532348633,0.2547140121459961
1741033499920656000,294.75565576171874,-4.2242279052734375,4.61064338684082,-0.1359853744506836
1741033499930756600,294.7657565917969,-3.9247512817382812,4.795490264892578,-0.5908892154693604
1741033499940857300,294.775857421875,-3.5954017639160156,4.386568069458008,-1.059699296951294
1741033499950958300,294.7859582519531,-3.122748374938965,3.712468147277832,-1.5639140605926514
1741033499961059000,294.79605908203126,-2.909630060195923,3.2529850006103516,-2.0440149307250977
1741033499971160000,294.80616015625,-2.682467460632324,3.0819263458251953,-2.4461851119995117
1741033499981260800,294.8162607421875,-2.4303669929504395,3.218478202819824,-2.6792397499084473
1741033499991361500,294.8263615722656,-1.9802895784378052,3.549571990966797,-2.442873239517212
1741033500001462500,294.8364626464844,-1.629934549331665,4.097653388977051,-2.19260573387146
1741033500011563300,294.8465632324219,-1.4323338270187378,4.990644454956055,-2.198300361633301
1741033500021664000,294.8566640625,-0.8835312128067017,5.802074432373047,-2.4327125549316406
1741033500031765000,294.86676489257815,-0.2520582675933838,6.207447052001953,-2.791257381439209
1741033500041865700,294.87686572265625,0.6485745906829834,5.693185806274414,-2.7427806854248047
1741033500051966700,294.886966796875,1.4516558647155762,4.225920677185059,-2.186032772064209
1741033500062067500,294.8970673828125,1.6788804531097412,2.1903390884399414,-1.6981970071792603
1741033500072168200,294.9071682128906,1.670020341873169,0.36636829376220703,-1.4966102838516235
1741033500082269200,294.9172692871094,1.7712035179138184,-0.9821109771728516,-1.5527852773666382
1741033500092370000,294.92736987304687,2.042445182800293,-1.4789180755615234,-1.4058881998062134
1741033500102470700,294.937470703125,2.293045997619629,-0.7472076416015625,-1.1188173294067383
1741033500112571600,294.94757153320313,1.7185349464416504,0.7196474075317383,-0.9374899864196777
1741033500122672400,294.95767236328123,0.9748561382293701,1.8936357498168945,-0.8045631647109985
1741033500132773400,294.9677734375,0.3646591901779175,2.4463577270507812,-0.21521925926208496
1741033500142874000,294.9778740234375,0.5007071495056152,2.108043670654297,0.8197678327560425
1741033500152974800,294.98797485351565,1.488192081451416,1.096083641052246,1.6934900283813477
1741033500163075800,294.99807592773436,5.0649333000183105,0.26060009002685547,1.0592268705368042
1741033500173176600,295.00817651367186,7.133481502532959,-0.7029933929443359,0.4731638431549072
1741033500183277300,295.01827734375,4.778578281402588,-1.5861806869506836,0.27113890647888184
1741033500193378300,295.0283784179687,2.2617814540863037,-2.54506778717041,0.5116798877716064
1741033500203479000,295.0384790039063,1.216217279434204,-3.2980246543884277,0.6176489591598511
1741033500213580000,295.048580078125,1.0851620435714722,-3.975820541381836,0.2888716459274292
1741033500223680800,295.0586806640625,0.6302104592323303,-4.723847389221191,-0.14628255367279053
1741033500233781500,295.06878149414064,-1.4428009986877441,-5.140988349914551,-0.4996603727340698
1741033500243882500,295.07888256835935,-3.090749740600586,-5.061422348022461,-0.5240603685379028
1741033500253983200,295.0889831542969,-2.718245267868042,-4.938225746154785,-0.34615468978881836
1741033500264084200,295.0990842285156,-1.3014247417449951,-5.072107791900635,0.2713325023651123
1741033500274185000,295.10918505859377,0.10147541761398315,-5.06254243850708,0.9928033947944641
1741033500284285700,295.11928564453126,0.5813652276992798,-4.937924385070801,1.9880160093307495
1741033500294386700,295.12938671875,1.1617343425750732,-4.856260299682617,3.2328662872314453
1741033500304487400,295.1394873046875,1.0562317371368408,-5.018646717071533,3.7602591514587402
1741033500314588200,295.1495881347656,1.1378660202026367,-4.888453483581543,4.2427825927734375
1741033500324689200,295.1596892089844,1.2480729818344116,-4.531001091003418,4.869897842407227
1741033500334790000,295.1697897949219,1.4127479791641235,-4.342031002044678,5.095891952514648
1741033500344891000,295.17989086914065,1.307576298713684,-4.259975433349609,4.950308799743652
1741033500354991600,295.18999169921875,1.104228138923645,-4.234927654266357,4.6252264976501465
1741033500365092400,295.20009228515624,0.8996026515960693,-4.255135536193848,4.236730575561523
1741033500375193300,295.210193359375,0.9922981262207031,-3.9843950271606445,3.8914358615875244
1741033500385294000,295.2202941894531,1.1682038307189941,-3.3866333961486816,3.6399378776550293
1741033500395394800,295.2303947753906,1.6955232620239258,-2.437407970428467,3.5369997024536133
1741033500405495800,295.2404958496094,2.149480104446411,-1.0387592315673828,3.633439302444458
1741033500415596500,295.25059643554687,2.279498338699341,0.6824054718017578,3.5802152156829834
1741033500425697500,295.26069750976563,2.1499457359313965,2.317477226257324,3.2816457748413086
1741033500435798300,295.27079833984374,1.754083275794983,3.6585893630981445,2.700500965118408
1741033500445899000,295.28089892578123,1.3882044553756714,4.201218605041504,1.6420228481292725
1741033500456000000,295.291,0.30767619609832764,3.9719486236572266,0.059148430824279785
1741033500466100700,295.3011008300781,-1.440718412399292,3.5219011306762695,-2.2040419578552246
1741033500476201700,295.31120166015626,-1.7655340433120728,2.9874658584594727,-4.953042984008789
1741033500486302500,295.32130249023436,-1.0851010084152222,2.119673728942871,-6.616427421569824
1741033500496403200,295.3314033203125,0.5497502088546753,1.589111328125,-6.545737266540527
1741033500506504200,295.3415041503906,1.906221628189087,1.154860496520996,-5.863237380981445
1741033500516605000,295.3516049804688,3.7366249561309814,0.9908428192138672,-5.448434352874756
1741033500526705700,295.3617055664063,5.74735164642334,1.362839698791504,-4.853935241699219
1741033500536806700,295.371806640625,8.945510864257812,1.3517723083496094,-3.7667183876037598
1741033500546907400,295.38190747070314,12.599408149719238,1.3110237121582031,-2.623960494995117
1741033500557008400,295.39200830078124,14.669221878051758,1.8797235488891602,-1.878450632095337
1741033500567109000,295.4021091308594,12.702643394470215,2.8811216354370117,-1.2747657299041748
1741033500577209900,295.4122099609375,8.645548820495605,4.229250907897949,-0.5774408578872681
1741033500587310800,295.4223107910156,4.719283580780029,5.39365291595459,0.5062172412872314
1741033500597411600,295.43241162109376,1.066204309463501,5.825523376464844,1.3303204774856567
1741033500607512300,295.44251220703126,-1.0766030550003052,5.070087432861328,1.7564111948013306
1741033500617613300,295.45261328125,-1.460780143737793,3.6729345321655273,2.388697624206543
1741033500627714000,295.4627141113281,-0.8799002170562744,2.652803421020508,3.3533377647399902
1741033500637815000,295.4728149414062,-0.19701647758483887,2.4563074111938477,4.181097984313965
1741033500647915800,295.4829157714844,-0.34466099739074707,3.07755184173584,4.744513034820557
1741033500658016500,295.4930166015625,-1.129882574081421,4.194003105163574,5.169254302978516
1741033500668117500,295.50311743164065,-1.8385051488876343,4.826489448547363,5.451919078826904
1741033500678218200,295.51321826171875,-2.0362870693206787,4.629237174987793,5.373862266540527
1741033500688319200,295.5233193359375,-1.9824316501617432,3.343362808227539,4.703372955322266
1741033500698420000,295.533419921875,-1.8581993579864502,1.657456398010254,3.6899800300598145
1741033500708520700,295.5435207519531,-1.7293906211853027,0.14290809631347656,2.844688892364502
1741033500718621700,295.55362158203127,-1.9327855110168457,-1.125473976135254,2.389559268951416
1741033500728722400,295.56372241210937,-2.5182018280029297,-2.1831178665161133,2.197457790374756
1741033500738823200,295.5738232421875,-3.1002442836761475,-3.092759609222412,2.1078109741210938
1741033500748924200,295.58392407226563,-3.0971429347991943,-3.712646007537842,2.1559090614318848
1741033500759025000,295.59402490234373,-2.941075325012207,-4.1187052726745605,2.249753713607788
1741033500769126000,295.6041259765625,-2.8280680179595947,-4.420144081115723,2.3742728233337402
1741033500779226600,295.6142265625,-2.816101551055908,-4.736181259155273,2.443300247192383
1741033500789327400,295.62432739257815,-2.880608081817627,-4.956049919128418,2.4874916076660156
1741033500799428400,295.63442846679686,-2.942976713180542,-5.111629962921143,2.4884567260742188
1741033500809529000,295.64452905273436,-2.9378914833068848,-5.194857120513916,2.5076076984405518
1741033500819629800,295.6546298828125,-2.96877121925354,-5.120320796966553,2.503866195678711
1741033500829730800,295.6647307128906,-2.957984447479248,-4.907431602478027,2.528061628341675
1741033500839831600,295.6748315429688,-2.9910106658935547,-4.520019054412842,2.4945220947265625
1741033500849932500,295.6849326171875,-3.0385725498199463,-4.034605979919434,2.328868865966797
1741033500860033300,295.695033203125,-3.083329677581787,-3.404806613922119,2.136828899383545
1741033500870134000,295.70513403320314,-3.0548839569091797,-2.719869613647461,1.9630790948867798
1741033500880235000,295.71523510742185,-2.94449782371521,-1.9836606979370117,1.7880172729492188
1741033500890335700,295.7253356933594,-2.834749698638916,-1.280686855316162,1.610090732574463
1741033500900436500,295.7354365234375,-2.4573957920074463,-0.5179357528686523,1.4999780654907227
1741033500910537500,295.7455373535156,-0.3214731216430664,0.5482540130615234,1.4782073497772217
1741033500920638500,295.75563842773437,3.0178146362304688,1.6567926406860352,1.119596004486084
1741033500930740000,295.76573999023435,2.323887825012207,1.5892181396484375,0.9072165489196777
1741033500940887800,295.7758876953125,-2.723212242126465,0.7119245529174805,-0.027591228485107422
1741033500951191300,295.78619140625,-5.506373405456543,0.4851217269897461,-1.522148609161377
1741033500961411800,295.79641186523435,-7.390913009643555,0.9436254501342773,-2.541315793991089
1741033500971430100,295.80643017578126,-8.317590713500977,1.8832778930664062,-2.575258493423462
1741033500981543400,295.81654345703123,-8.992341995239258,2.9507455825805664,-2.197000741958618
1741033500991847000,295.8268469238281,-8.16628646850586,3.7442493438720703,-1.4127576351165771
1741033501002150000,295.83714990234375,-7.345028877258301,4.308437347412109,-0.7999954223632812
1741033501012452600,295.84745263671874,-6.114097595214844,4.705615043640137,-0.2975881099700928
1741033501022755300,295.85775537109373,-4.934891700744629,4.792576789855957,-0.3269343376159668
1741033501032932400,295.86793237304687,-3.6765594482421875,4.759324073791504,-0.267916202545166
1741033501043036700,295.87803662109377,-2.9740514755249023,4.940503120422363,-0.0425872802734375
1741033501053137400,295.8881374511719,-2.568833112716675,5.261167526245117,0.09376025199890137
1741033501063238100,295.89823803710937,-2.2324330806732178,5.610490798950195,-0.34102678298950195
1741033501073339100,295.90833911132813,-1.0566366910934448,5.742379188537598,-0.6737483739852905
1741033501083439900,295.91843994140623,0.05874204635620117,5.478405952453613,-0.740129828453064
1741033501093540600,295.9285405273437,1.4545271396636963,4.422907829284668,-0.9868526458740234
1741033501103641600,295.9386416015625,5.301173686981201,2.8647565841674805,-1.4089285135269165
1741033501113742300,295.94874243164065,5.956144332885742,1.322035789489746,-0.8799725770950317
1741033501123843600,295.95884350585936,3.92144513130188,-0.01689910888671875,-0.33544015884399414
1741033501134052400,295.9690522460937,2.304922342300415,-0.8320627212524414,0.04370605945587158
1741033501144355800,295.97935595703126,1.685423493385315,-0.7038135528564453,0.11364257335662842
1741033501154658800,295.98965893554686,1.4708296060562134,0.32120227813720703,0.07135951519012451
1741033501164834300,295.9998342285156,1.0488322973251343,1.652134895324707,-0.06593966484069824
1741033501174941400,296.00994140625,0.6342288255691528,2.713909149169922,-0.05775916576385498
1741033501185042200,296.02004223632815,0.7449830770492554,3.044785499572754,0.2941631078720093
1741033501195143200,296.03014306640625,1.2382129430770874,2.6973037719726562,0.7877432107925415
1741033501205244000,296.04024389648436,2.2910046577453613,1.9444904327392578,1.3067302703857422
1741033501215344600,296.0503447265625,3.121220111846924,1.1376590728759766,1.786222219467163
1741033501225445600,296.0604455566406,3.898561477661133,0.6134042739868164,2.056375741958618
1741033501235546400,296.0705463867188,6.56927490234375,-0.16229820251464844,0.9761756658554077
1741033501245647000,296.0806472167969,5.450019359588623,-1.7239513397216797,-0.15433788299560547
1741033501255748000,296.090748046875,2.566901922225952,-2.7382893562316895,-0.49030613899230957
1741033501265848800,296.10084887695314,-2.2424187660217285,-3.4868288040161133,-1.1347377300262451
1741033501275949800,296.11094970703124,-2.7346019744873047,-3.8693060874938965,-1.290524959564209
1741033501286050600,296.1210505371094,-1.0265746116638184,-4.260792255401611,-0.003535151481628418
1741033501296151300,296.1311513671875,-0.03487128019332886,-4.581944465637207,1.390797734260559
1741033501306252300,296.1412521972656,0.24228864908218384,-4.5840630531311035,2.8486831188201904
1741033501316353000,296.15135302734376,0.8931259512901306,-5.025024890899658,3.920574903488159
1741033501326454000,296.1614541015625,0.9531115889549255,-5.608536243438721,4.213918685913086
1741033501336554800,296.1715546875,1.137001395225525,-6.1254425048828125,4.346698760986328
1741033501346655500,296.1816555175781,1.344655990600586,-6.41190242767334,4.504297733306885
1741033501356756500,296.1917565917969,1.3967190980911255,-6.590799331665039,4.61803674697876
1741033501366857200,296.2018571777344,1.1723136901855469,-6.776639938354492,4.542303562164307
1741033501376958000,296.2119580078125,0.5245681405067444,-7.092767715454102,4.124912261962891
1741033501387059000,296.22205883789064,0.03233617544174194,-7.3394317626953125,3.5330471992492676
1741033501397159700,296.23215966796874,-0.16737359762191772,-7.236073017120361,3.0429985523223877
1741033501407260700,296.2422607421875,0.011537432670593262,-6.5816521644592285,2.8442180156707764
1741033501417361400,296.252361328125,0.3478868007659912,-5.6987996101379395,2.6633830070495605
1741033501427462100,296.2624621582031,0.5576795339584351,-4.717854022979736,2.4180636405944824
1741033501437563100,296.2725632324219,0.902487576007843,-3.4326329231262207,2.339293956756592
1741033501447663900,296.28266381835937,1.4093883037567139,-1.904003620147705,2.1519949436187744
1741033501457764600,296.2927646484375,1.860746145248413,-0.11705684661865234,1.9318796396255493
1741033501467865600,296.3028654785156,2.380966901779175,1.7816705703735352,1.6227954626083374
1741033501477966300,296.31296630859373,2.430912971496582,3.7176361083984375,1.1852071285247803
1741033501488067300,296.3230673828125,1.925661563873291,5.437228202819824,0.5271958112716675
1741033501498168000,296.33316796875,1.5594918727874756,6.472536087036133,-0.6963545680046082
1741033501508268800,296.34326879882815,2.4538702964782715,6.375786781311035,-2.6601076126098633
1741033501518369800,296.35336987304686,3.7031455039978027,4.996608734130859,-4.422504901885986
1741033501528470500,296.36347045898435,3.7198710441589355,3.6729984283447266,-4.863150596618652
1741033501538571500,296.3735715332031,3.2679355144500732,2.612942695617676,-5.095962047576904
1741033501548672300,296.3836723632813,3.2114310264587402,1.8663263320922852,-5.067360877990723
1741033501558773000,296.39377294921877,3.670475959777832,1.3915166854858398,-4.952445983886719
1741033501568874000,296.4038740234375,4.609527587890625,0.5371646881103516,-4.719057083129883
1741033501578974700,296.413974609375,7.126615524291992,-0.042285919189453125,-4.255086898803711
1741033501589075500,296.42407543945313,9.822378158569336,-0.22060871124267578,-3.141573190689087
1741033501599176400,296.4341765136719,10.83789348602295,0.5422830581665039,-1.432196855545044
1741033501609276700,296.4442766113281,9.6957368850708,2.606295585632324,0.1830209493637085
1741033501619377200,296.4543771972656,7.894423484802246,5.043279647827148,1.397010087966919
1741033501629478100,296.4644780273438,5.719357490539551,6.684530258178711,2.4643778800964355
1741033501639579000,296.4745788574219,3.3100993633270264,6.595019340515137,3.0631351470947266
1741033501649679600,296.4846796875,0.6293795108795166,5.035672187805176,2.875642776489258
1741033501659780600,296.49478051757814,-0.9562485218048096,3.586162567138672,3.3374390602111816
1741033501669881300,296.50488134765624,-1.325995683670044,3.0590248107910156,4.1852898597717285
1741033501679982300,296.514982421875,-1.4120807647705078,3.531259536743164,4.922094345092773
1741033501690083000,296.5250830078125,-1.5903992652893066,4.46457576751709,5.386663436889648
1741033501700183800,296.5351838378906,-1.6673214435577393,5.418985366821289,5.6490349769592285
1741033501710284800,296.54528491210937,-1.9042019844055176,6.131102561950684,5.7186503410339355
1741033501720385500,296.55538549804686,-2.112898588180542,6.1182708740234375,5.475189208984375
1741033501730486300,296.565486328125,-2.3044180870056152,4.836203575134277,4.4908223152160645
1741033501740587300,296.5755871582031,-2.0807416439056396,2.600595474243164,3.025041103363037
1741033501750688000,296.5856879882812,-2.118213653564453,0.46538352966308594,2.040924310684204
1741033501760789000,296.5957890625,-2.44808292388916,-1.1239776611328125,1.669756293296814
1741033501770889700,296.6058896484375,-2.6178112030029297,-2.2377309799194336,1.613964319229126
1741033501780990500,296.61599047851564,-2.547039747238159,-3.0356898307800293,1.7037584781646729
1741033501791091500,296.62609155273435,-2.356388807296753,-3.573521137237549,1.869049072265625
1741033501801192200,296.6361921386719,-2.3167240619659424,-3.978391170501709,2.06105375289917
1741033501811293200,296.6462932128906,-2.348724365234375,-4.304691314697266,2.2400214672088623
1741033501821394000,296.6563937988281,-2.4310951232910156,-4.665398120880127,2.3487908840179443
1741033501831494700,296.66649462890626,-2.408614158630371,-5.024097442626953,2.4199421405792236
1741033501841595600,296.676595703125,-2.2527358531951904,-5.357132434844971,2.48848032951355
1741033501851696400,296.6866962890625,-2.09893798828125,-5.648649215698242,2.5081663131713867
1741033501861797000,296.6967971191406,-1.9745216369628906,-5.886734962463379,2.504455089569092
1741033501871898000,296.7068981933594,-1.9063374996185303,-6.05327844619751,2.468308925628662
1741033501881998800,296.7169987792969,-1.942186713218689,-6.10656213760376,2.4179322719573975
1741033501892099800,296.7270998535156,-2.0813541412353516,-5.884772300720215,2.331056594848633
1741033501902200600,296.73720068359376,-2.2234702110290527,-5.421401023864746,2.3034064769744873
1741033501912301300,296.74730126953125,-2.3825364112854004,-4.7775678634643555,2.342068910598755
1741033501922402300,296.75740234375,-2.6059062480926514,-4.007281303405762,2.3828353881835938
1741033501932503000,296.7675029296875,-2.8585119247436523,-3.1453614234924316,2.4438374042510986
1741033501942603800,296.7776037597656,-3.228733539581299,-2.2411460876464844,2.4464948177337646
1741033501952704800,296.7877048339844,-3.5723307132720947,-1.2864952087402344,2.430846691131592
1741033501962805500,296.7978054199219,-3.897186756134033,-0.313140869140625,2.3857498168945312
1741033501972906500,296.80790649414064,-4.04887580871582,0.7332792282104492,2.3945891857147217
1741033501983007200,296.81800732421874,-3.96146297454834,1.8454084396362305,2.368773937225342
1741033501993108000,296.82810791015623,-3.7085328102111816,2.9968080520629883,2.2672274112701416
1741033502003209000,296.838208984375,-3.3323416709899902,4.0251617431640625,1.9477368593215942
1741033502013309700,296.8483098144531,-3.332496404647827,4.871797561645508,1.4251235723495483
1741033502023410700,296.85841064453126,-3.3011722564697266,5.271834373474121,0.6940470933914185
1741033502033511400,296.86851147460936,-3.069948196411133,5.104881286621094,-0.5754034519195557
1741033502043612200,296.87861206054686,-3.0058813095092773,4.4604692459106445,-1.848868727684021
1741033502053713200,296.8887131347656,-2.8289825916290283,3.905919075012207,-3.162813901901245
1741033502063814000,296.8988139648437,-2.669421434402466,3.4201784133911133,-3.878520965576172
1741033502073914600,296.9089145507813,-2.019205093383789,3.3389453887939453,-3.876636028289795
1741033502084015600,296.919015625,-0.7618510723114014,3.858412742614746,-3.672367572784424
1741033502094116400,296.92911645507814,0.5981719493865967,4.7619524002075195,-3.463742256164551
1741033502104217300,296.93921728515625,1.9083328247070312,5.851726531982422,-3.1307501792907715
1741033502114318000,296.94931811523435,3.2267394065856934,6.692691802978516,-2.869405746459961
1741033502124418800,296.9594187011719,4.2459635734558105,6.556722640991211,-2.6057333946228027
1741033502134519800,296.9695197753906,4.9683332443237305,4.888251304626465,-2.5124218463897705
1741033502144620500,296.97962060546877,4.614352226257324,2.129343032836914,-2.765287160873413
1741033502154721300,296.98972119140626,3.4047770500183105,-0.1241922378540039,-2.63498854637146
1741033502164822300,296.999822265625,2.2040727138519287,-1.2829246520996094,-1.9078043699264526
1741033502174923000,297.00992309570313,1.1745362281799316,-1.1952695846557617,-1.208599328994751
1741033502185024000,297.02002392578123,0.49565839767456055,-0.10267353057861328,-0.8988927602767944
1741033502195124700,297.0301247558594,0.9498653411865234,1.4030847549438477,-0.544015109539032
1741033502205225500,297.0402255859375,2.4446682929992676,2.792971611022949,-0.05740553140640259
1741033502215326500,297.05032641601565,4.048367023468018,3.554349899291992,0.7828983068466187
1741033502225427500,297.06042749023436,4.670331954956055,3.6418533325195312,1.3133631944656372
1741033502235612400,297.0706123046875,4.3653178215026855,2.9663047790527344,0.980617344379425
1741033502245916200,297.0809162597656,3.4216835498809814,1.683457374572754,-0.08520758152008057
1741033502256219100,297.09121923828127,2.1417934894561768,0.04688739776611328,-1.2178200483322144
1741033502266414000,297.1014140625,-0.08426302671432495,-1.321542739868164,-1.727958083152771
1741033502276525300,297.111525390625,-2.010183811187744,-2.277210235595703,-1.463325023651123
1741033502286626300,297.12162622070315,-2.2301383018493652,-2.590099334716797,-0.38572973012924194
1741033502296727000,297.13172705078125,-0.7724820375442505,-2.581714630126953,1.1295816898345947
1741033502306828000,297.141828125,0.8998932838439941,-2.5913429260253906,2.463632106781006
1741033502316928800,297.1519287109375,2.7487716674804688,-2.7724432945251465,3.6420915126800537
1741033502327029500,297.1620295410156,3.520545721054077,-3.4215354919433594,3.9332971572875977
1741033502337130500,297.1721306152344,3.725020408630371,-3.779294490814209,4.179311752319336
1741033502347231200,297.1822312011719,2.88570499420166,-4.242369651794434,4.21669340133667
1741033502357332000,297.19233203125,2.0321362018585205,-4.735419273376465,3.984408378601074
1741033502367433000,297.20243286132813,1.3242063522338867,-5.2787041664123535,3.7334275245666504
1741033502377533700,297.21253369140624,0.7695416212081909,-5.8753252029418945,3.2705368995666504
1741033502387634700,297.222634765625,0.2227991819381714,-6.382227897644043,2.7766823768615723
1741033502397735400,297.2327353515625,-0.5914998650550842,-6.869071006774902,2.2850708961486816
1741033502407836200,297.2428361816406,-1.15761399269104,-7.059535026550293,2.1439943313598633
1741033502417937200,297.25293725585936,-1.5201640129089355,-7.158143043518066,2.009723663330078
1741033502428038000,297.26303784179686,-1.4855873584747314,-7.135474681854248,1.8836586475372314
1741033502438138000,297.27313818359374,-1.3305507898330688,-7.000164031982422,1.8004285097122192
1741033502448238800,297.28323876953124,-0.9338772296905518,-6.6935529708862305,1.6645169258117676
1741033502458339600,297.2933395996094,-0.1684095859527588,-6.160411834716797,1.7205533981323242
1741033502468440300,297.3034404296875,0.3295990228652954,-5.441083908081055,1.92219877243042
1741033502478541300,297.3135412597656,0.8415327072143555,-4.592377185821533,2.0625648498535156
1741033502488642000,297.32364208984376,1.497294545173645,-3.382038116455078,2.2396786212921143
1741033502498742800,297.33374267578125,2.1738333702087402,-1.7397732734680176,2.600084066390991
1741033502508843800,297.34384375,2.840277910232544,0.4909019470214844,3.0594029426574707
1741033502518944500,297.3539445800781,3.0986931324005127,3.514017105102539,3.277111053466797
1741033502529045500,297.3640454101562,2.607573986053467,6.708641052246094,2.8516845703125
1741033502539146200,297.3741462402344,1.1727195978164673,8.922990798950195,1.4147992134094238
1741033502549247000,297.3842470703125,-0.47604799270629883,9.254446983337402,-1.5581549406051636
1741033502559348000,297.39434790039064,-0.29000139236450195,6.9005632400512695,-4.8021111488342285
1741033502569448700,297.40444873046874,0.379414439201355,3.8987016677856445,-6.335134029388428
1741033502579549700,297.4145498046875,0.2054452896118164,1.8079071044921875,-6.573554992675781
1741033502589650400,297.424650390625,1.331993818283081,0.8141279220581055,-6.9608306884765625
1741033502599751200,297.4347512207031,2.516116142272949,0.9981117248535156,-7.121981143951416
1741033502609852200,297.44485205078126,5.039732933044434,0.7728328704833984,-6.509072780609131
1741033502619953000,297.45495288085937,10.282083511352539,0.4622964859008789,-5.020402908325195
1741033502630053600,297.4650537109375,13.997187614440918,1.1258306503295898,-2.677652359008789
1741033502640154600,297.4751545410156,12.982349395751953,2.5811023712158203,-0.6336787939071655
1741033502650255400,297.48525537109373,8.410882949829102,4.1265974044799805,0.17444443702697754
1741033502660356400,297.4953564453125,4.39413595199585,4.912280082702637,0.43671369552612305
1741033502670457000,297.50545703125,0.7217423915863037,5.014301300048828,0.7672721743583679
1741033502680557800,297.51555786132815,-1.4670116901397705,4.381433486938477,0.8036120533943176
1741033502690658800,297.52565893554686,-1.889434814453125,3.431638717651367,1.1860265731811523
1741033502700759600,297.53575952148435,-1.4886798858642578,2.828929901123047,1.8586490154266357
1741033502710860300,297.5458603515625,-1.1587913036346436,3.0283546447753906,2.5946836471557617
1741033502720961300,297.5559611816406,-0.9737622737884521,3.9731407165527344,3.347487449645996
1741033502731062000,297.56606201171877,-1.1083707809448242,5.317312240600586,4.093686580657959
1741033502741163000,297.5761630859375,-1.544330358505249,6.316089630126953,4.707803726196289
1741033502751263700,297.586263671875,-1.7963520288467407,6.03287410736084,4.812155246734619
1741033502761364500,297.59636450195313,-1.849039077758789,4.138604164123535,4.146435260772705
1741033502771465500,297.6064655761719,-1.8263599872589111,1.9871501922607422,3.1226863861083984
1741033502781566200,297.6165661621094,-1.7639756202697754,0.2964963912963867,2.352149486541748
1741033502791667200,297.6266672363281,-1.7712644338607788,-1.0456790924072266,1.9873390197753906
1741033502801768000,297.6367678222656,-2.0418002605438232,-2.130716323852539,1.89113450050354
1741033502811868700,297.64686865234376,-2.2560033798217773,-2.9199585914611816,1.8829545974731445
1741033502821969700,297.6569697265625,-2.290011405944824,-3.518136501312256,1.965682864189148
1741033502832070400,297.6670703125,-2.188164472579956,-4.045018196105957,2.0536234378814697
1741033502842171100,297.6771711425781,-2.1889095306396484,-4.482791423797607,2.1321771144866943
1741033502852272000,297.6872722167969,-2.1571786403656006,-4.838982582092285,2.196401834487915
1741033502862372900,297.6973728027344,-2.1366076469421387,-5.081841945648193,2.243673801422119
1741033502872473900,297.70747387695315,-2.1592626571655273,-5.297483921051025,2.2732226848602295
1741033502882574600,297.71757470703125,-2.2288031578063965,-5.528688430786133,2.2713658809661865
1741033502892675300,297.72767529296874,-2.296438217163086,-5.690038681030273,2.281632900238037
1741033502902776300,297.7377763671875,-2.3335301876068115,-5.772243976593018,2.2850441932678223
1741033502912877000,297.747876953125,-2.306262969970703,-5.701420307159424,2.3503599166870117
1741033502922977800,297.7579777832031,-2.3453903198242188,-5.504374027252197,2.411633014678955
1741033502933078800,297.76807885742187,-2.4806315898895264,-5.037547588348389,2.46028208732605
1741033502943179500,297.77817944335936,-2.6241884231567383,-4.358760356903076,2.4359817504882812
1741033502953280500,297.78828051757813,-2.8258323669433594,-3.5641884803771973,2.351980686187744
1741033502963380500,297.79838037109374,-2.9836955070495605,-2.7196502685546875,2.2989182472229004
1741033502973481200,297.8084812011719,-3.062681198120117,-1.86329984664917,2.222989082336426
1741033502983582000,297.81858203125,-3.035571575164795,-0.9493780136108398,2.135589122772217
1741033502993683000,297.8286828613281,-3.194941520690918,0.018404006958007812,1.9857025146484375
1741033503003783700,297.83878369140626,-3.316815137863159,0.9055118560791016,1.8714556694030762
1741033503013884700,297.848884765625,-3.383545398712158,1.861872673034668,1.7387874126434326
1741033503023985400,297.8589853515625,-3.536442756652832,2.819334030151367,1.593629002571106
1741033503034086100,297.8690861816406,-3.499000072479248,3.785885810852051,1.3094135522842407
1741033503044187100,297.8791872558594,-3.4117164611816406,4.508918762207031,0.89338219165802
1741033503054288000,297.8892878417969,-3.311934232711792,4.823088645935059,0.19817960262298584
1741033503064388900,297.89938891601565,-3.255110025405884,4.69859504699707,-0.41516780853271484
1741033503074489600,297.90948950195315,-2.9229044914245605,4.455571174621582,-1.0156110525131226
1741033503084590300,297.91959033203125,-2.760403871536255,4.194696426391602,-1.555586576461792
1741033503094691300,297.92969140625,-2.4779133796691895,3.972527503967285,-1.9550986289978027
1741033503104792000,297.9397919921875,-2.0781359672546387,3.776688575744629,-2.6060736179351807
1741033503114892800,297.9498928222656,-1.8360581398010254,3.737407684326172,-3.0436501502990723
1741033503124993800,297.9599938964844,-0.5229014158248901,4.034702301025391,-3.4452905654907227
1741033503135094500,297.97009448242187,0.6986804008483887,4.7816267013549805,-3.7913379669189453
1741033503145195500,297.98019555664064,2.0928866863250732,5.500424385070801,-3.8062589168548584
1741033503155296300,297.99029614257813,3.6910481452941895,5.561164855957031,-3.579538583755493
1741033503165397000,298.00039697265623,5.123832702636719,4.7063798904418945,-3.1603071689605713
1741033503175498000,298.010498046875,5.87387752532959,2.880986213684082,-2.3919146060943604
1741033503185598700,298.0205986328125,5.100571632385254,0.5921316146850586,-2.103085994720459
1741033503195699500,298.03069946289065,3.82948637008667,-1.0324268341064453,-2.086761474609375
1741033503205800400,298.04080053710936,2.561497688293457,-1.3081989288330078,-1.5916600227355957
1741033503215901200,298.05090112304686,1.8885360956192017,-0.6395492553710938,-1.0771970748901367
1741033503226002200,298.0610021972656,2.1472582817077637,0.4670381546020508,-0.6489234566688538
1741033503236103000,298.0711030273437,3.5058131217956543,1.4069585800170898,-0.490742027759552
1741033503246203600,298.0812036132813,4.210851669311523,1.8428401947021484,-0.355624794960022
1741033503256304600,298.0913046875,4.256422996520996,1.7805376052856445,-0.1692209243774414
1741033503266405400,298.1014052734375,3.6840193271636963,1.3868789672851562,-0.03039097785949707
1741033503276506000,298.11150610351564,2.5473623275756836,0.7657699584960938,-0.41025614738464355
1741033503286607000,298.12160717773435,0.453342080116272,0.03750419616699219,-1.006126880645752
1741033503296707800,298.1317077636719,-1.8879717588424683,-0.7437620162963867,-1.5186495780944824
1741033503306808800,298.1418088378906,-2.692331314086914,-1.588862419128418,-1.3897395133972168
1741033503316909600,298.15190966796877,-2.068206787109375,-2.4093337059020996,-0.7107297778129578
1741033503327010300,298.16201025390626,-0.9725615978240967,-2.930520534515381,0.47668564319610596
1741033503337111300,298.172111328125,-0.14806145429611206,-3.161470413208008,1.6041009426116943
1741033503347212000,298.1822119140625,0.5393387675285339,-3.209230899810791,2.551957368850708
1741033503357313000,298.19231298828123,1.0723822116851807,-3.6252169609069824,3.0921967029571533
1741033503367413800,298.2024138183594,1.6003555059432983,-4.017918586730957,3.539609909057617
1741033503377514500,298.2125144042969,1.804962396621704,-4.177019119262695,3.824597120285034
1741033503387615500,298.22261547851565,1.6486029624938965,-4.227949619293213,3.990549087524414
1741033503397716200,298.23271630859375,1.2200164794921875,-4.647624969482422,3.8841497898101807
1741033503407817000,298.24281689453124,0.7567346096038818,-5.184203624725342,3.569905996322632
1741033503417918000,298.25291796875,0.11973679065704346,-5.520874977111816,3.3427507877349854
1741033503428019500,298.26301953125,-0.49502336978912354,-5.9138994216918945,3.1225368976593018
1741033503438299400,298.2732993164062,-0.8303859233856201,-6.342334747314453,2.9098258018493652
1741033503448603000,298.28360278320315,-0.9063735008239746,-6.603268623352051,2.8169658184051514
1741033503458885400,298.29388549804685,-0.7301095724105835,-6.565179824829102,2.6529502868652344
1741033503469016000,298.30401611328125,-0.45038902759552,-6.118325233459473,2.59428334236145
1741033503479116800,298.31411669921874,-0.012255191802978516,-5.23295259475708,2.6931865215301514
1741033503489217800,298.3242177734375,0.6198499202728271,-4.320016860961914,2.7236289978027344
1741033503499318500,298.3343186035156,1.1489371061325073,-3.42396879196167,2.813119888305664
1741033503509419000,298.3444189453125,1.8747025728225708,-2.455880641937256,2.856627941131592
1741033503519519500,298.35451953125,2.5517423152923584,-1.3270206451416016,2.752206325531006
1741033503529620200,298.3646201171875,2.993046760559082,0.015895843505859375,2.688847541809082
1741033503539721000,298.37472094726564,2.7174224853515625,1.5923423767089844,2.5873003005981445
1741033503549822000,298.38482202148435,2.063465118408203,3.162327766418457,2.022343397140503
1741033503559922700,298.39492260742185,0.8033034801483154,4.45865535736084,1.2209175825119019
1741033503570023700,298.4050236816406,-0.9240045547485352,5.645885467529297,0.23328015208244324
1741033503580124400,298.4151245117188,-2.609102725982666,6.005694389343262,-1.0892157554626465
1741033503590225200,298.42522509765627,-2.2490084171295166,5.129127502441406,-3.1847434043884277
1741033503600326100,298.435326171875,-0.8166741728782654,3.4983091354370117,-5.537240028381348
1741033503610427000,298.44542700195314,-0.3628891706466675,2.232022285461426,-6.687615394592285
1741033503620527900,298.45552783203124,0.32169055938720703,1.1719303131103516,-6.386096477508545
1741033503630665200,298.4656652832031,2.1147074699401855,0.6947841644287109,-5.464861869812012
1741033503640969000,298.4759689941406,5.484035968780518,0.8767862319946289,-4.895492076873779
1741033503651272200,298.48627221679686,9.765168190002441,0.10094833374023438,-4.120904922485352
1741033503661506300,298.49650634765624,13.15739631652832,-0.19980525970458984,-3.02287220954895
1741033503671626000,298.5066259765625,13.437150955200195,0.1623859405517578,-1.7775304317474365
1741033503681726700,298.51672680664063,10.568321228027344,1.6999454498291016,-0.754296064376831
1741033503691827700,298.52682763671874,7.20677375793457,3.190800666809082,-0.3355058431625366
1741033503701928400,298.5369284667969,4.6064605712890625,3.618806838989258,0.023696064949035645
1741033503712029200,298.547029296875,1.5432665348052979,3.6608152389526367,0.644374668598175
1741033503722130200,298.5571301269531,-0.6673474311828613,3.565932273864746,1.3451907634735107
1741033503732231000,298.56723095703126,-1.4494192600250244,3.371283531188965,1.9161053895950317
1741033503742331600,298.57733154296875,-1.1477527618408203,3.440056800842285,2.8400886058807373
1741033503752432600,298.5874326171875,-0.7566535472869873,4.052850723266602,3.671680450439453
1741033503762533400,298.5975334472656,-0.6360311508178711,5.038270950317383,4.238070011138916
1741033503772634400,298.6076342773438,-0.770889401435852,5.995633125305176,4.673074722290039
1741033503782735000,298.6177351074219,-0.8500922918319702,6.332952499389648,4.946343898773193
1741033503792835800,298.6278359375,-1.0826760530471802,5.705831527709961,4.8377485275268555
1741033503802936800,298.63793676757814,-1.4520361423492432,4.04376220703125,4.129800319671631
1741033503813037600,298.64803759765624,-1.675587773323059,2.195061683654785,3.338925838470459
1741033503823138300,298.65813818359373,-1.9335438013076782,0.6326656341552734,2.8929176330566406
1741033503833239300,298.6682392578125,-2.4033432006835938,-0.6181554794311523,2.67372989654541
1741033503843340000,298.6783400878906,-2.7003843784332275,-1.5173215866088867,2.6433801651000977
1741033503853441000,298.68844091796876,-2.708102226257324,-2.3322558403015137,2.6544055938720703
1741033503863541800,298.69854174804686,-2.677652359008789,-2.9923086166381836,2.743237018585205
1741033503873642500,298.708642578125,-2.569669485092163,-3.6359100341796875,2.7650582790374756
1741033503883743500,298.7187434082031,-2.5289974212646484,-4.23795223236084,2.716317653656006
1741033503893844200,298.7288442382812,-2.5515220165252686,-4.753063678741455,2.589570999145508
1741033503903945200,298.7389453125,-2.4968156814575195,-5.239578723907471,2.4649882316589355
1741033503914046000,298.7490458984375,-2.3533782958984375,-5.649099826812744,2.361370801925659
1741033503924146700,298.75914672851565,-2.226102352142334,-5.9491071701049805,2.2823596000671387
1741033503934247700,298.76924755859375,-2.0578501224517822,-6.151334762573242,2.236292839050293
1741033503944348400,298.77934838867185,-1.9359642267227173,-6.2388482093811035,2.225537061691284
1741033503954449200,298.78944921875,-1.7979285717010498,-6.151177883148193,2.248378276824951
1741033503964550100,298.7995500488281,-1.7990506887435913,-5.912038326263428,2.2145986557006836
1741033503974650600,298.8096506347656,-1.8399559259414673,-5.471360683441162,2.197742462158203
1741033503984750800,298.8197507324219,-1.9405869245529175,-4.883853435516357,2.16117525100708
1741033503994851800,298.82985180664065,-2.0611929893493652,-4.207146644592285,2.1133780479431152
1741033504004952600,298.83995263671875,-2.2179837226867676,-3.4746627807617188,2.074862480163574
1741033504015053300,298.85005322265624,-2.4313273429870605,-2.7253212928771973,2.080907106399536
1741033504025154800,298.8601547851562,-2.5551817417144775,-2.0062432289123535,2.0550131797790527
1741033504035255300,298.8702553710938,-2.6416664123535156,-1.1790733337402344,1.948844075202942
1741033504045511200,298.88051123046876,-2.8094069957733154,-0.18021297454833984,1.8222947120666504
1741033504055814700,298.8908146972656,-2.973682403564453,0.9631671905517578,1.6650733947753906
1741033504066116600,298.90111669921873,-2.9978652000427246,2.2821779251098633,1.472806453704834
1741033504076252400,298.91125244140625,-2.9975485801696777,3.680206298828125,1.196858525276184
1741033504086353200,298.92135327148435,-3.015227794647217,5.068384170532227,0.7757920622825623
1741033504096454100,298.9314541015625,-2.748852252960205,5.868701934814453,0.04278767108917236
1741033504106555000,298.9415549316406,-2.4753828048706055,5.814624786376953,-0.7966213226318359
1741033504116655900,298.95165576171877,-2.330440044403076,5.323235511779785,-1.9183166027069092
1741033504126756900,298.9617568359375,-2.395200729370117,4.822357177734375,-2.815620183944702
1741033504136858000,298.97185815429685,-2.1252946853637695,4.365123748779297,-3.611504554748535
1741033504147053800,298.9820537109375,-1.6564875841140747,4.092185974121094,-4.170921325683594
1741033504157357600,298.9923576660156,-0.4628373384475708,4.074684143066406,-4.688809394836426
1741033504167660500,299.00266064453126,1.1697527170181274,4.6315507888793945,-4.925769805908203
1741033504177846300,299.01284619140625,2.602294445037842,5.639839172363281,-4.650001525878906
1741033504187955700,299.0229558105469,3.6938512325286865,6.591402053833008,-3.711414098739624
1741033504198056400,299.03305639648437,4.5338335037231445,6.7162628173828125,-2.6825780868530273
1741033504208157400,299.04315747070314,5.4287848472595215,5.173953056335449,-2.1270651817321777
1741033504218258200,299.05325805664063,5.116116523742676,2.27850341796875,-2.384875774383545
1741033504228359200,299.0633591308594,3.834916591644287,-0.22410202026367188,-2.4654440879821777
1741033504238460000,299.0734599609375,2.504573345184326,-1.599076271057129,-2.142185688018799
1741033504248560600,299.083560546875,1.6313207149505615,-1.9495725631713867,-1.6015708446502686
1741033504258661600,299.09366162109376,0.9573557376861572,-1.2959585189819336,-1.07944917678833
1741033504268762400,299.10376245117186,1.231872320175171,-0.36693668365478516,-0.7097872495651245
1741033504278863000,299.11386303710935,2.1653213500976562,0.7484464645385742,-0.44932234287261963
1741033504288964000,299.1239641113281,3.22609806060791,1.4927129745483398,-0.15399456024169922
1741033504299064800,299.1340649414062,3.4750776290893555,1.3328828811645508,0.24979591369628906
1741033504309166000,299.144166015625,3.379993438720703,0.7895326614379883,0.728160560131073
1741033504319387000,299.1543869628906,3.0866410732269287,0.26932430267333984,0.8584226369857788
1741033504329690400,299.1646904296875,2.454702138900757,-0.25370121002197266,0.5378619432449341
1741033504339992600,299.17499267578125,1.3398330211639404,-1.0019168853759766,-0.10366785526275635
1741033504350158800,299.1851589355469,0.07731963694095612,-1.8750476837158203,-0.6413425207138062
1741033504360264000,299.1952639160156,-1.564972162246704,-2.565826416015625,-0.8117901086807251
1741033504370364700,299.2053647460938,-2.4077179431915283,-2.925459861755371,-0.3425329923629761
1741033504380465700,299.2154655761719,-1.954223871231079,-3.3144278526306152,0.2566695213317871
1741033504390566400,299.22556640625,-1.007765531539917,-3.782754898071289,0.7881523966789246
1741033504400667100,299.23566723632814,-0.031162649393081665,-4.020013809204102,1.2943775653839111
1741033504410768100,299.24576806640624,0.4060576558113098,-4.267180442810059,1.7069902420043945
1741033504420868900,299.2558688964844,0.5849283337593079,-4.715297698974609,1.9550120830535889
1741033504430970000,299.2659702148438,0.9989177584648132,-4.766005516052246,2.637150764465332
1741033504441664800,299.2766647949219,1.1758936643600464,-4.702786445617676,3.597744941711426
1741033504451765200,299.28676513671877,0.7313211560249329,-5.046833038330078,3.840280532836914
1741033504461866000,299.2968659667969,0.34142184257507324,-5.235230922698975,3.797065019607544
1741033504471966500,299.30696655273437,0.26592057943344116,-5.301756381988525,3.80439829826355
1741033504482067200,299.31706713867186,0.21554291248321533,-5.447107315063477,3.7257418632507324
1741033504492168200,299.3271682128906,0.26058483123779297,-5.578386306762695,3.7147839069366455
1741033504502269000,299.3372690429687,0.05561411380767822,-5.796411037445068,3.453505039215088
1741033504512369700,299.3473696289062,-0.12110888957977295,-5.9717254638671875,3.101196527481079
1741033504522470700,299.357470703125,-0.10500514507293701,-5.99383544921875,2.671103000640869
1741033504532571400,299.3675712890625,0.3231654167175293,-5.628579139709473,2.3486716747283936
1741033504542672400,299.37767236328125,0.7744436264038086,-4.863544464111328,2.2272398471832275
1741033504552773000,299.38777319335935,1.2810001373291016,-3.9550867080688477,2.1480183601379395
1741033504562873900,299.3978737792969,1.662016749382019,-2.8089189529418945,2.103196382522583
1741033504572974800,299.4079748535156,2.1154470443725586,-1.2539024353027344,2.143842935562134
1741033504583075600,299.41807568359377,2.4593992233276367,0.8623085021972656,2.17185378074646
1741033504593176600,299.4281765136719,2.0997977256774902,3.628337860107422,1.974298119544983
1741033504603277300,299.43827734375,1.4987647533416748,6.396566390991211,1.3079053163528442
1741033504613378000,299.4483779296875,0.30773818492889404,8.409369468688965,0.10709506273269653
1741033504623479000,299.45847900390623,-0.9758778810501099,8.719939231872559,-2.228172540664673
1741033504633579800,299.4685798339844,0.1961888074874878,6.771427154541016,-5.078036308288574
1741033504643680500,299.4786804199219,1.178259015083313,4.456637382507324,-6.6008195877075195
1741033504653781500,299.48878149414065,0.5849030017852783,3.7376890182495117,-6.427375316619873
1741033504663882200,299.49888232421876,1.2880785465240479,2.677128791809082,-6.119552135467529
1741033504673983200,299.50898315429686,3.159414529800415,1.0740909576416016,-6.51741886138916
1741033504684084000,299.519083984375,6.578090667724609,-0.2852001190185547,-6.186708927154541
1741033504694184700,299.5291848144531,11.340813636779785,-1.309093952178955,-5.1327996253967285
1741033504704285700,299.5392856445313,14.719295501708984,-1.1134839057922363,-2.8833727836608887
1741033504714386400,299.5493864746094,11.47019100189209,1.5445985794067383,-0.7197520732879639
1741033504724487200,299.55948706054687,7.80274772644043,4.372322082519531,0.019130945205688477
1741033504734588200,299.56958813476564,4.660623073577881,6.175539016723633,0.9472258687019348
1741033504744689000,299.57968896484374,1.232264757156372,6.010019302368164,1.7441109418869019
1741033504754790000,299.5897897949219,-0.6326167583465576,4.322610855102539,1.9245109558105469
1741033504764890600,299.599890625,-1.1699267625808716,2.9918622970581055,2.1219027042388916
1741033504774991400,299.6099914550781,-0.8785276412963867,2.536111831665039,2.407454013824463
1741033504785092400,299.62009228515626,-0.9484091997146606,3.197286605834961,2.791809320449829
1741033504795193000,299.63019311523436,-1.3748606443405151,4.790504455566406,3.4277052879333496
1741033504805293300,299.64029321289064,-1.652698278427124,6.295466423034668,4.197175979614258
1741033504815394000,299.65039404296874,-1.8280181884765625,6.870002746582031,4.773670196533203
1741033504825494800,299.6604948730469,-1.952125072479248,6.055481910705566,4.759366989135742
1741033504835595500,299.6705954589844,-1.9083266258239746,3.8632116317749023,4.030458450317383
1741033504845696500,299.6806965332031,-1.8647270202636719,1.7414627075195312,3.17478084564209
1741033504855797200,299.69079736328126,-2.198502540588379,0.2565450668334961,2.580845832824707
1741033504865898200,299.70089819335936,-2.377603054046631,-0.8662395477294922,2.270313262939453
1741033504875999000,299.7109990234375,-2.3378639221191406,-1.900197982788086,2.213158369064331
1741033504886099700,299.721099609375,-2.3118159770965576,-2.879159450531006,2.2860074043273926
1741033504896200700,299.7312006835937,-2.1667468547821045,-3.7640957832336426,2.3703699111938477
1741033504906301400,299.7413015136719,-2.1396002769470215,-4.46914529800415,2.429441452026367
1741033504916402200,299.7514020996094,-2.154728889465332,-4.995129108428955,2.4889132976531982
1741033504926503200,299.76150317382815,-2.0727639198303223,-5.333561897277832,2.5440845489501953
1741033504936604000,299.77160400390625,-1.9750618934631348,-5.566226005554199,2.6327064037323
1741033504946705000,299.78170483398435,-1.9007246494293213,-5.802725315093994,2.661024570465088
1741033504956805600,299.7918056640625,-1.857469081878662,-5.978597164154053,2.7091994285583496
1741033504966906400,299.80190625,-1.8659067153930664,-6.06484842300415,2.7440006732940674
1741033504977007400,299.81200732421877,-1.8419115543365479,-6.075566291809082,2.7352263927459717
1741033504987108000,299.82210815429687,-1.828577995300293,-5.8963623046875,2.6666669845581055
1741033504997208800,299.83220874023436,-1.8450673818588257,-5.52694034576416,2.6019716262817383
1741033505007309800,299.84230981445313,-1.8390382528305054,-4.956429481506348,2.6012942790985107
1741033505017410600,299.85241064453123,-1.758114218711853,-4.250278472900391,2.6272366046905518
1741033505027511600,299.8625114746094,-1.7625186443328857,-3.5655789375305176,2.626918315887451
1741033505037612300,299.8726123046875,-1.8315715789794922,-2.9500842094421387,2.5865581035614014
1741033505047713000,299.88271313476565,-1.929808259010315,-2.283041000366211,2.512989044189453
1741033505057814000,299.89281396484375,-2.22758412361145,-1.4646539688110352,2.4363138675689697
1741033505067914800,299.90291479492186,-2.63248348236084,-0.40697765350341797,2.3480095863342285
1741033505078015500,299.91301538085935,-3.1273458003997803,0.8384885787963867,2.2823591232299805
1741033505088116500,299.9231164550781,-3.4417884349823,2.1905555725097656,2.256885290145874
1741033505098217200,299.9332172851563,-3.7056174278259277,3.47628116607666,2.3119373321533203
1741033505108318200,299.9433181152344,-3.7854976654052734,4.620102882385254,2.3985068798065186
1741033505118418400,299.95341845703126,-3.7333364486694336,5.3822784423828125,2.488560199737549
1741033505128519000,299.96351879882815,-3.356746196746826,5.618828773498535,2.2994067668914795
1741033505138620000,299.97361987304686,-2.764791488647461,5.481131553649902,1.6153762340545654
1741033505148720600,299.983720703125,-2.4079198837280273,5.196943283081055,0.48082971572875977
1741033505158821400,299.9938212890625,-2.220397710800171,4.938962936401367,-0.7407054901123047
1741033505168923100,300.0039230957031,-2.3509461879730225,5.006152153015137,-2.100661516189575
1741033505179214800,300.01421484375,-2.8356690406799316,5.116970062255859,-3.237138271331787
1741033505189518300,300.02451831054685,-2.847555637359619,4.9164581298828125,-4.474424362182617
1741033505199784400,300.0347844238281,-2.1072535514831543,4.538233757019043,-6.125953197479248
1741033505209920300,300.04492016601563,-1.30129075050354,4.947111129760742,-6.30584192276001
1741033505220021000,300.05502099609373,0.2318277359008789,5.3043670654296875,-5.1335930824279785
1741033505230122000,300.0651220703125,1.9121863842010498,4.915386199951172,-3.9440574645996094
1741033505240222700,300.07522265625,2.9993340969085693,3.869917869567871,-2.7758522033691406
1741033505250323200,300.0853232421875,3.725282669067383,1.9661102294921875,-2.5895941257476807
1741033505260423700,300.09542358398437,3.5450878143310547,-0.3987407684326172,-3.328429698944092
1741033505270524400,300.1055244140625,2.8299150466918945,-2.0494894981384277,-3.7291290760040283
1741033505280625200,300.11562524414063,2.610184669494629,-2.4086132049560547,-2.8863606452941895
1741033505290726100,300.12572607421873,2.6979775428771973,-1.476567268371582,-1.8011705875396729
1741033505300827000,300.1358269042969,3.2185933589935303,-0.27257251739501953,-1.588421106338501
1741033505310928000,300.1459279785156,4.031257152557373,1.1643075942993164,-0.9960720539093018
1741033505321028600,300.15602856445315,4.011332988739014,2.238250732421875,-0.34300464391708374
1741033505331129300,300.16612939453125,3.747211456298828,2.5222091674804688,0.12843501567840576
1741033505341230300,300.17623022460936,3.560255527496338,2.3505449295043945,0.5033864378929138
1741033505351331000,300.1863310546875,4.108640670776367,2.2311697006225586,0.9595707654953003
1741033505361431800,300.1964318847656,3.997006893157959,1.7991695404052734,1.134552001953125
1741033505371532800,300.2065327148438,3.7065956592559814,0.8569622039794922,0.9512066841125488
1741033505381633500,300.2166335449219,3.373173952102661,-0.368133544921875,0.2621288299560547
1741033505391734500,300.22673461914064,2.5793800354003906,-1.4190473556518555,-0.12888026237487793
1741033505401835300,300.23683520507814,1.1957837343215942,-2.4553380012512207,-0.24698591232299805
1741033505411936000,300.24693603515624,-0.2110423445701599,-3.15096378326416,-0.1858220100402832
1741033505422037000,300.257037109375,-0.8789398074150085,-3.6069321632385254,0.14815938472747803
1741033505432137700,300.2671376953125,-1.0102814435958862,-3.879889488220215,0.40375059843063354
1741033505442238500,300.2772385253906,-1.0983282327651978,-4.2716474533081055,0.5235410332679749
1741033505452339500,300.28733935546876,-1.3593112230300903,-4.781208038330078,0.5719485878944397
1741033505462440200,300.29744018554686,-1.548774003982544,-5.201852798461914,0.6453536152839661
1741033505472541200,300.3075412597656,-1.695595622062683,-5.615107536315918,0.8896973133087158
1741033505482642000,300.3176418457031,-1.6495113372802734,-6.077044486999512,1.2942537069320679
1741033505492742700,300.3277426757812,-1.448894739151001,-6.390750885009766,1.9227887392044067
1741033505502843600,300.33784375,-1.1300721168518066,-6.551089286804199,2.8194873332977295
1741033505512944400,300.3479443359375,-0.5959733724594116,-6.690728187561035,3.430298328399658
1741033505523045400,300.35804541015625,-0.43381646275520325,-6.900077819824219,3.622097969055176
1741033505533206800,300.3682067871094,-0.323935329914093,-6.930494785308838,3.7351269721984863
1741033505543510300,300.37851025390626,0.12723708152770996,-6.648647308349609,3.929384231567383
1741033505553813000,300.38881298828124,0.6144545078277588,-6.160893440246582,4.134642601013184
1741033505564027600,300.3990275878906,1.0875775814056396,-5.667989253997803,4.067901611328125
1741033505574143500,300.4091435546875,1.7883416414260864,-4.947756290435791,3.953587055206299
1741033505584244200,300.419244140625,2.4436254501342773,-3.8655834197998047,3.893200635910034
1741033505594345200,300.42934521484375,2.8867697715759277,-2.465700149536133,3.923405885696411
1741033505604446000,300.43944604492185,3.122100353240967,-0.7279777526855469,4.033729553222656
1741033505614546000,300.4495458984375,3.1941752433776855,1.246835708618164,4.055436134338379
1741033505624646700,300.4596467285156,2.6696786880493164,3.3346567153930664,3.8569817543029785
1741033505634747600,300.4697475585937,2.116734743118286,5.038918495178223,3.311633586883545
1741033505644848400,300.4798483886719,1.389021635055542,6.1227617263793945,2.034140110015869
1741033505654949400,300.48994946289065,0.38795578479766846,6.472611427307129,0.6056439280509949
1741033505665050000,300.50005004882814,-0.3700484037399292,5.834454536437988,-0.8603144884109497
1741033505675150800,300.51015087890624,-1.6574206352233887,4.528554916381836,-2.604969024658203
1741033505685251800,300.520251953125,-1.8858778476715088,3.22324275970459,-4.6743974685668945
1741033505695352600,300.5303525390625,-1.3463150262832642,2.259331703186035,-5.751497268676758
1741033505705453300,300.5404533691406,-1.0649160146713257,1.9312925338745117,-6.0083417892456055
1741033505715554300,300.55055419921877,-0.31243181228637695,1.040492057800293,-6.414614677429199
1741033505725655000,300.56065502929687,3.354057788848877,-0.33293628692626953,-6.808957099914551
1741033505735756000,300.57075610351563,8.562715530395508,-0.9880390167236328,-6.47589111328125
1741033505745856800,300.5808566894531,13.678955078125,-0.9295511245727539,-4.902863025665283
1741033505755957500,300.59095751953123,14.988941192626953,1.1634330749511719,-2.4881560802459717
1741033505766058500,300.60105859375,11.277087211608887,3.9255638122558594,-0.9843841791152954
1741033505776159200,300.6111591796875,7.27271842956543,5.301459312438965,-0.2698022127151489
1741033505786260000,300.62126000976565,3.207000494003296,5.352107048034668,0.6039946675300598
1741033505796361000,300.63136083984375,0.36031389236450195,4.828620910644531,1.2960827350616455
1741033505806461700,300.64146166992185,-0.8202440738677979,4.380364418029785,1.5681217908859253
1741033505816562700,300.6515627441406,-0.5039670467376709,4.589116096496582,2.1213600635528564
1741033505826663400,300.6616633300781,-0.11882662773132324,5.131200790405273,2.7343175411224365
1741033505836764200,300.6717641601563,-0.5486321449279785,5.661320686340332,3.1581268310546875
1741033505846865200,300.681865234375,-1.1208302974700928,6.033355712890625,3.633045196533203
1741033505856966000,300.6919658203125,-1.523878812789917,5.842752456665039,4.094770431518555
1741033505867067000,300.70206689453124,-2.032108783721924,4.512384414672852,3.894463062286377
1741033505877167600,300.7121677246094,-2.5327975749969482,2.496603012084961,3.0562219619750977
1741033505887268400,300.7222683105469,-2.6055853366851807,0.7580442428588867,2.329718828201294
1741033505897368800,300.7323688964844,-2.5756032466888428,-0.3919515609741211,1.9101836681365967
1741033505907469300,300.7424692382813,-2.7688345909118652,-1.2418546676635742,1.756962537765503
1741033505917570000,300.7525700683594,-2.8686232566833496,-1.930678367614746,1.7407499551773071
1741033505927671000,300.76267114257814,-2.826087236404419,-2.538595676422119,1.8560779094696045
1741033505937771800,300.77277172851564,-2.60288667678833,-3.0936741828918457,1.9727307558059692
1741033505947872500,300.78287255859374,-2.3179736137390137,-3.6109657287597656,2.0543253421783447
1741033505957973500,300.7929733886719,-2.08842134475708,-4.0479350090026855,2.088670253753662
1741033505968074200,300.80307421875,-2.035951614379883,-4.440475940704346,2.0964155197143555
1741033505978175000,300.8131750488281,-2.0454535484313965,-4.707238674163818,2.143869400024414
1741033505988276000,300.82327587890626,-2.028347969055176,-4.928858757019043,2.1521189212799072
1741033505998376700,300.83337670898436,-1.9319665431976318,-5.1299333572387695,2.0998220443725586
1741033506008477700,300.8434777832031,-1.8356813192367554,-5.284215927124023,2.0536863803863525
1741033506018578400,300.8535783691406,-1.717045545578003,-5.309875011444092,2.059386968612671
1741033506028679200,300.8636791992187,-1.7343978881835938,-5.191748142242432,2.104362964630127
1741033506038780200,300.8737802734375,-1.8502470254898071,-4.897006988525391,2.172489881515503
1741033506048881000,300.883880859375,-2.0797572135925293,-4.303828239440918,2.195545196533203
1741033506058982000,300.89398193359375,-2.2923974990844727,-3.4721946716308594,2.143324375152588
1741033506069082600,300.90408251953124,-2.5018808841705322,-2.5287375450134277,2.0146050453186035
1741033506079183400,300.9141833496094,-2.6837315559387207,-1.5854244232177734,1.8057975769042969
1741033506089284400,300.9242844238281,-2.8557512760162354,-0.8722677230834961,1.5151560306549072
1741033506099385000,300.9343850097656,-2.922288179397583,-0.44467735290527344,1.2546958923339844
1741033506109485800,300.94448583984376,-3.0678293704986572,-0.2070446014404297,0.9897668957710266
1741033506119586800,300.9545869140625,-3.13002347946167,-0.046833038330078125,0.7637919187545776
1741033506129687600,300.9646875,-3.372143030166626,0.2759580612182617,0.5218838453292847
1741033506139788500,300.97478857421873,-3.4840705394744873,0.756321907043457,0.29401397705078125
1741033506149889300,300.98488916015623,-3.683440923690796,1.3004064559936523,0.07079696655273438
1741033506159989800,300.9949897460937,-3.7233524322509766,1.9873113632202148,-0.27085041999816895
1741033506170090000,301.0050900878906,-3.7294294834136963,2.6130495071411133,-0.561630129814148
1741033506180191000,301.01519091796877,-3.488593339920044,3.069913864135742,-0.763624906539917
1741033506190291700,301.02529174804687,-2.994511842727661,3.3387985229492188,-0.8986202478408813
1741033506200392700,301.03539282226564,-2.3858745098114014,3.371370315551758,-1.0051828622817993
1741033506210493400,301.04549340820313,-1.9441728591918945,3.4529314041137695,-1.150042176246643
1741033506220594200,301.05559423828123,-1.6834897994995117,3.6049375534057617,-1.548160433769226
1741033506230695200,301.0656950683594,-1.5961947441101074,3.8747425079345703,-1.9466872215270996
1741033506240796000,301.0757958984375,-1.2802962064743042,4.436330795288086,-2.326718330383301
1741033506250896600,301.08589672851565,-0.3065333366394043,5.190378189086914,-3.173229694366455
1741033506260997600,301.09599755859375,1.083342432975769,5.983680725097656,-3.9725770950317383
1741033506271098400,301.10609838867185,2.2858407497406006,6.1627702713012695,-4.340226173400879
1741033506281199400,301.1161994628906,3.0093374252319336,5.086568832397461,-4.070479393005371
1741033506291300000,301.1263000488281,3.514158248901367,3.055142402648926,-3.1122398376464844
1741033506301400800,301.1364008789063,3.4881386756896973,1.3178911209106445,-1.8843345642089844
1741033506311501800,301.1465017089844,3.0301127433776855,0.37299442291259766,-1.1216633319854736
1741033506321602800,301.15660278320314,2.3381600379943848,0.37620067596435547,-1.0792878866195679
1741033506331752200,301.1667521972656,1.5240727663040161,1.5033416748046875,-1.2950221300125122
1741033506342055700,301.1770556640625,1.0004370212554932,3.076846122741699,-1.4173269271850586
1741033506352264200,301.18726416015625,1.0303421020507812,3.9415388107299805,-1.1737955808639526
1741033506362449200,301.19744921875,1.8172404766082764,3.316202163696289,-0.5233174562454224
1741033506372675600,301.20767553710937,1.7961918115615845,2.1664466857910156,0.18982946872711182
1741033506382802000,301.21780200195315,1.5473428964614868,1.3603954315185547,0.4303992986679077
1741033506392902700,301.22790258789064,1.736948847770691,0.9508571624755859,0.4116959571838379
1741033506403003400,301.23800341796874,1.936319351196289,0.3832368850708008,0.3766707181930542
1741033506413103600,301.248103515625,1.7417899370193481,-0.45053672790527344,0.400421142578125
1741033506423204400,301.2582043457031,1.1119654178619385,-1.4727106094360352,0.6729616522789001
1741033506433305000,301.2683051757812,0.41722360253334045,-2.4236178398132324,1.0361425876617432
1741033506443406000,301.2784060058594,-0.22214999794960022,-3.2481236457824707,1.3627068996429443
1741033506453506800,301.2885068359375,-1.2588380575180054,-3.797494888305664,1.6670114994049072
1741033506463607600,301.29860766601564,-2.0182080268859863,-3.8695902824401855,2.301035165786743
1741033506473708500,301.30870849609374,-1.4754486083984375,-3.8347368240356445,3.3647165298461914
1741033506483809300,301.3188093261719,-0.13952907919883728,-3.966586112976074,4.4627838134765625
1741033506493910300,301.32891015625,0.9253571033477783,-4.469870090484619,5.1973676681518555
1741033506504011000,301.3390109863281,1.0435305833816528,-5.255509376525879,5.431076526641846
1741033506514111700,301.34911181640626,0.7021393775939941,-5.991329193115234,5.00490665435791
1741033506524212700,301.35921264648437,1.1173433065414429,-6.455428123474121,4.760945796966553
1741033506534313500,301.3693134765625,1.3670070171356201,-6.615318298339844,4.717010021209717
1741033506544414200,301.3794143066406,1.4950370788574219,-6.516768455505371,4.262803077697754
1741033506554515200,301.3895151367187,1.3501067161560059,-6.634113788604736,3.5191650390625
1741033506564616000,301.3996159667969,0.9417251348495483,-6.736967086791992,2.7209882736206055
1741033506574717000,301.4097170410156,0.675130307674408,-6.6483659744262695,2.04193115234375
1741033506584817700,301.41981762695315,0.7149468660354614,-6.355912208557129,1.547957181930542
1741033506594918400,301.42991845703125,0.8927006721496582,-5.803995132446289,1.3472739458084106
1741033506605019400,301.44001928710935,1.3938608169555664,-4.995389938354492,1.344429850578308
1741033506615120100,301.4501201171875,1.847155213356018,-4.036847114562988,1.2863672971725464
1741033506625220900,301.4602209472656,2.230790376663208,-3.043409824371338,1.1443686485290527
1741033506635321900,301.47032177734377,2.5715298652648926,-1.8749852180480957,1.001969337463379
1741033506645422600,301.4804226074219,2.814826488494873,-0.4381980895996094,0.9887089729309082
1741033506655523600,301.49052368164064,2.5703794956207275,1.1702680587768555,0.9423500299453735
1741033506665624300,301.50062426757813,2.0306856632232666,2.8679676055908203,0.9677557945251465
1741033506675724800,301.5107248535156,1.4546945095062256,4.82234001159668,0.6498867273330688
1741033506685825500,301.5208254394531,0.9228675365447998,6.695096969604492,0.2329692244529724
1741033506696046000,301.53104614257813,-0.3504653573036194,7.916264533996582,-0.7698322534561157
1741033506706349800,301.5413498535156,0.044426918029785156,6.608295440673828,-2.5925827026367188
1741033506716652800,301.55165283203127,1.9387924671173096,4.223785400390625,-4.499612808227539
1741033506726818300,301.561818359375,3.533137321472168,2.177535057067871,-5.547470569610596
1741033506736923400,301.57192333984375,4.2062788009643555,1.4304180145263672,-5.353468894958496
1741033506747024100,301.58202416992185,4.473215103149414,1.787933349609375,-5.0995988845825195
1741033506757124900,301.5921247558594,6.041299819946289,1.7666492462158203,-5.150941848754883
1741033506767225900,301.6022258300781,8.491729736328125,1.3167304992675781,-4.57982063293457
1741033506777326600,301.61232666015627,10.843877792358398,0.9965152740478516,-3.474569320678711
1741033506787427600,301.6224274902344,10.776484489440918,1.1370515823364258,-2.336480140686035
1741033506797528300,301.6325283203125,7.525067329406738,2.2662744522094727,-1.268548846244812
1741033506807629000,301.64262915039063,4.581377983093262,3.5733699798583984,-0.7475810050964355
1741033506817730000,301.65272998046873,3.0171055793762207,4.0630693435668945,-0.034996867179870605
1741033506827830800,301.6628308105469,1.7949283123016357,3.6505632400512695,0.8168761730194092
1741033506837931800,301.6729318847656,1.147716999053955,3.4576292037963867,1.966088056564331
1741033506848032500,301.6830324707031,0.7667484283447266,4.108033180236816,3.2923595905303955
1741033506858133200,301.69313330078126,0.5295722484588623,5.290895462036133,4.331599235534668
1741033506868234200,301.70323413085936,0.3195078372955322,6.856016159057617,5.125275135040283
1741033506878335000,301.7133349609375,-0.37249755859375,8.075539588928223,5.600366592407227
1741033506888435700,301.7234357910156,-1.5439345836639404,8.125554084777832,5.816928863525391
1741033506898536700,301.7335366210938,-2.336752414703369,6.700674057006836,5.677714824676514
1741033506908637400,301.7436374511719,-2.527074098587036,3.9271669387817383,5.07340669631958
1741033506918738400,301.75373852539065,-2.4427289962768555,1.5201129913330078,4.188834190368652
1741033506928839200,301.76383911132814,-2.3583385944366455,-0.07056140899658203,3.3523364067077637
1741033506938940000,301.77393994140624,-2.187377691268921,-1.171895980834961,2.7545969486236572
1741033506949041000,301.784041015625,-2.049422025680542,-1.9857382774353027,2.4058737754821777
1741033506959141600,301.7941416015625,-2.0406126976013184,-2.628661632537842,2.2595317363739014
1741033506969242400,301.8042424316406,-2.035123348236084,-3.2131991386413574,2.274420976638794
1741033506979342800,301.8143427734375,-2.1262075901031494,-3.8102364540100098,2.3912317752838135
1741033506989443300,301.824443359375,-2.1444034576416016,-4.349893569946289,2.495276689529419
1741033506999544000,301.8345439453125,-2.197968006134033,-4.810601711273193,2.5674684047698975
1741033507009645000,301.84464501953124,-2.1651151180267334,-5.167422294616699,2.6296916007995605
1741033507019745800,301.8547458496094,-2.1718506813049316,-5.45058536529541,2.6796188354492188
1741033507029846800,301.8648466796875,-2.2097764015197754,-5.616560935974121,2.7313344478607178
1741033507039947500,301.8749475097656,-2.1771295070648193,-5.756736755371094,2.7246601581573486
1741033507050048300,301.88504833984376,-2.1556386947631836,-5.838769435882568,2.691195487976074
1741033507060149200,301.89514916992186,-2.132077217102051,-5.771141052246094,2.5956058502197266
1741033507070250000,301.90525,-2.1424407958984375,-5.48651123046875,2.4739959239959717
1741033507080350700,301.9153508300781,-2.192544937133789,-4.986941814422607,2.357208490371704
1741033507090451700,301.9254516601562,-2.0769295692443848,-4.325215816497803,2.3218417167663574
1741033507100552400,301.9355524902344,-1.7385764122009277,-3.682344436645508,2.305171251296997
1741033507110653400,301.9456533203125,-1.004764437675476,-3.0489158630371094,2.3264217376708984
1741033507120754200,301.95575415039065,0.8113678693771362,-2.586562156677246,2.4420695304870605
1741033507130855000,301.96585498046875,2.0690016746520996,-2.015340805053711,2.339503049850464
1741033507140956000,301.97595581054685,-0.40102413296699524,-1.2712163925170898,1.8389663696289062
1741033507151056600,301.986056640625,-4.399508476257324,-0.8923625946044922,0.7372992038726807
1741033507161157400,301.9961574707031,-7.415733337402344,-0.1983957290649414,-0.6791446208953857
1741033507171258400,302.00625830078127,-9.64913272857666,0.5485296249389648,-1.3352651596069336
1741033507181359000,302.01635913085937,-9.532552719116211,1.0960988998413086,-0.8515989780426025
1741033507191460000,302.02646020507814,-8.832097053527832,1.5964183807373047,-0.23424863815307617
1741033507201560800,302.03656079101563,-8.043231010437012,2.1926116943359375,0.21279525756835938
1741033507211661600,302.04666162109373,-6.92401123046875,2.8113136291503906,0.5739279985427856
1741033507221761800,302.05676171875,-5.545943737030029,3.3769121170043945,1.031197190284729
1741033507231863300,302.06686328125,-4.2354512214660645,4.001021385192871,1.439094066619873
1741033507242167000,302.0771669921875,-2.845756769180298,4.507929801940918,1.580866813659668
1741033507252470300,302.08747021484373,-1.5899276733398438,4.92527961730957,1.3160802125930786
1741033507262733300,302.0977333984375,-0.9629772305488586,5.191093444824219,0.6873912811279297
1741033507272860000,302.10785986328125,-0.734660267829895,5.49281120300293,-0.13893842697143555
1741033507282960600,302.11796069335935,-0.814636766910553,5.791036605834961,-1.2769328355789185
1741033507293061400,302.1280612792969,-0.5850194096565247,6.16544246673584,-2.6139769554138184
1741033507303162400,302.1381623535156,2.524177074432373,5.895394325256348,-4.595559597015381
1741033507313263000,302.14826318359377,3.116608142852783,5.499200820922852,-5.326494216918945
1741033507323364000,302.15836401367187,2.945476531982422,4.229609489440918,-3.754638910293579
1741033507333464800,302.16846484375,2.7056031227111816,2.108485221862793,-1.9292908906936646
1741033507343565600,302.17856567382813,3.0484728813171387,0.29906654357910156,-0.49664831161499023
1741033507353666600,302.18866650390623,3.6694283485412598,-0.5620193481445312,0.0053713321685791016
1741033507363767300,302.1987673339844,3.7343101501464844,-0.1815052032470703,-0.3259965181350708
1741033507373868300,302.2088684082031,2.3119421005249023,0.9948329925537109,-0.868783712387085
1741033507383969000,302.21896899414065,1.0755025148391724,2.2914390563964844,-1.0890048742294312
1741033507394069800,302.22906982421875,2.1542763710021973,2.9954090118408203,-0.8895164728164673
1741033507404170800,302.23917065429686,3.650479555130005,3.3449716567993164,-0.03377985954284668
1741033507414271500,302.249271484375,3.8476028442382812,3.3370742797851562,1.1215407848358154
1741033507424372200,302.2593723144531,3.1788296699523926,3.0523529052734375,1.9645742177963257
1741033507434473200,302.2694731445313,1.9146994352340698,2.4214067459106445,1.8166782855987549
1741033507444574000,302.2795739746094,0.9207373261451721,1.3754968643188477,1.174889087677002
1741033507454675000,302.28967504882814,0.476461261510849,0.15075016021728516,1.0447864532470703
1741033507464775700,302.29977563476564,1.5039782524108887,-0.9728355407714844,1.3408901691436768
1741033507474876400,302.30987646484374,2.1487460136413574,-1.9404573440551758,1.946485161781311
1741033507484977400,302.3199772949219,2.1494269371032715,-2.7132411003112793,2.3939249515533447
1741033507495078100,302.330078125,2.254922389984131,-3.2070260047912598,2.5256922245025635
1741033507505179000,302.3401789550781,2.294105291366577,-3.6319761276245117,2.626849889755249
1741033507515280000,302.35027978515626,2.3812096118927,-4.065518379211426,2.67492938041687
1741033507525379800,302.3603798828125,2.4965548515319824,-4.596447467803955,2.572057008743286
1741033507535480600,302.37048046875,1.7084285020828247,-4.994123935699463,2.2210609912872314
1741033507545581600,302.38058154296874,1.184660792350769,-5.286561012268066,2.4216055870056152
1741033507555682300,302.3906823730469,0.9305164217948914,-5.639357089996338,2.559152126312256
1741033507565783000,302.4007829589844,0.577853798866272,-5.873644828796387,2.5964255332946777
1741033507575884000,302.4108840332031,0.26792967319488525,-6.118550777435303,2.685370445251465
1741033507585984800,302.42098486328126,-0.07865607738494873,-6.300102710723877,2.912020444869995
1741033507596085800,302.43108569335936,-0.19674837589263916,-6.512169361114502,3.1393840312957764
1741033507606186500,302.4411865234375,-0.17557311058044434,-6.672393798828125,3.296900987625122
1741033507616287200,302.4512873535156,-0.2932552099227905,-6.6765241622924805,3.376598358154297
1741033507626388200,302.4613881835937,-0.3116145133972168,-6.434170722961426,3.425273895263672
1741033507636489000,302.4714890136719,-0.2529255151748657,-5.94972038269043,3.370048999786377
1741033507646590000,302.48158984375,-0.1523228883743286,-5.276935577392578,3.122105121612549
1741033507656690700,302.49169067382815,0.06584644317626953,-4.530632019042969,2.746338129043579
1741033507666791400,302.50179150390625,0.5553618669509888,-3.6647682189941406,2.4066221714019775
1741033507676892400,302.51189233398435,1.117849349975586,-2.5543618202209473,2.3104758262634277
1741033507686993200,302.5219931640625,1.5865280628204346,-1.238180160522461,2.2532944679260254
1741033507697094000,302.5320939941406,2.0379276275634766,0.7287368774414062,1.9464359283447266
1741033507707195000,302.54219482421877,1.5012658834457397,3.425053596496582,1.4937944412231445
1741033507717295600,302.55229565429687,1.061490535736084,5.648531913757324,0.6783535480499268
1741033507727396600,302.56239672851564,0.33173513412475586,6.783391952514648,-0.6801557540893555
1741033507737497300,302.57249731445313,0.012601852416992188,6.638222694396973,-2.5500636100769043
1741033507747598000,302.58259814453123,0.8500676155090332,4.999081611633301,-4.8530049324035645
1741033507757699000,302.5926989746094,1.4807472229003906,3.4437665939331055,-5.8940277099609375
1741033507767799800,302.6027998046875,1.4001967906951904,2.7634658813476562,-6.5583062171936035
1741033507777900500,302.61290063476565,2.2770180702209473,1.7321367263793945,-7.017075538635254
1741033507788001000,302.6230009765625,4.156471252441406,0.5429534912109375,-6.94735050201416
1741033507798101500,302.6331015625,7.644723892211914,-0.11349105834960938,-6.081620216369629
1741033507808202200,302.6432021484375,10.923942565917969,-0.10926437377929688,-4.2148332595825195
1741033507818303200,302.65330322265623,12.85174560546875,0.7905311584472656,-1.9447600841522217
1741033507828404000,302.6634040527344,10.086380004882812,3.0706863403320312,0.008796453475952148
1741033507838505000,302.6735048828125,6.316606044769287,5.230252265930176,0.7048026323318481
1741033507848605700,302.68360571289065,3.365941047668457,6.40474796295166,0.856630802154541
1741033507858706400,302.69370654296876,0.7184062004089355,5.966524124145508,1.2753719091415405
1741033507868807400,302.70380737304686,-0.627530574798584,4.5171098709106445,1.5878722667694092
1741033507878908200,302.713908203125,-1.0460071563720703,3.553956985473633,1.905884027481079
1741033507889009000,302.7240087890625,-0.8605836629867554,3.541105270385742,2.1605262756347656
1741033507899110000,302.7341098632813,-0.7576866149902344,4.3769330978393555,2.4370193481445312
1741033507909210600,302.7442106933594,-1.0013177394866943,5.752712249755859,2.882230281829834
1741033507919311600,302.7543115234375,-1.1826107501983643,7.095005035400391,3.5076444149017334
1741033507929412400,302.76441235351564,-1.4663825035095215,7.767948150634766,4.1477274894714355
1741033507939513000,302.77451318359374,-1.7382633686065674,7.046468734741211,4.2861738204956055
1741033507949614000,302.7846140136719,-1.9117546081542969,4.845791816711426,3.787281036376953
1741033507959714800,302.79471484375,-2.1285393238067627,2.480278968811035,3.1763477325439453
1741033507969815600,302.8048156738281,-2.432321786880493,0.7600164413452148,2.6764988899230957
1741033507979916500,302.81491650390626,-2.411076307296753,-0.3842325210571289,2.4130167961120605
1741033507990017300,302.82501733398436,-2.3790481090545654,-1.3844752311706543,2.3008766174316406
1741033508000118300,302.8351181640625,-2.358396053314209,-2.258244037628174,2.346539258956909
1741033508010219000,302.8452189941406,-2.2548952102661133,-3.0172057151794434,2.494091510772705
1741033508020319700,302.8553198242187,-2.1557891368865967,-3.6802334785461426,2.5806143283843994
1741033508030420700,302.8654206542969,-2.0764503479003906,-4.258069038391113,2.6421544551849365
1741033508040521500,302.875521484375,-2.000056266784668,-4.768775939941406,2.739405393600464
1741033508050622200,302.88562231445314,-1.9953954219818115,-5.227382659912109,2.814924955368042
1741033508060722400,302.89572241210936,-1.9878463745117188,-5.587119102478027,2.8556101322174072
1741033508070823200,302.9058232421875,-1.7763512134552002,-5.890372276306152,2.8705310821533203
1741033508080924000,302.915923828125,-1.6142024993896484,-6.164455413818359,2.855111837387085
1741033508091025000,302.9260249023437,-1.4743542671203613,-6.313299179077148,2.808377504348755
1741033508101125600,302.9361257324219,-1.385298490524292,-6.350164413452148,2.6950042247772217
1741033508111226600,302.9462265625,-1.3713428974151611,-6.177872180938721,2.5603299140930176
1741033508121327400,302.95632739257815,-1.4944411516189575,-5.729579925537109,2.4184157848358154
1741033508131428000,302.96642797851564,-1.7188637256622314,-5.085227012634277,2.3382086753845215
1741033508141529000,302.97652905273435,-1.8862907886505127,-4.374687194824219,2.3087565898895264
1741033508151629800,302.9866298828125,-2.039478302001953,-3.654033660888672,2.2574825286865234
1741033508161730600,302.99673046875,-2.150367259979248,-2.9069995880126953,2.2370481491088867
1741033508171831600,303.00683154296877,-2.249173641204834,-2.0632286071777344,2.2646684646606445
1741033508181932300,303.01693237304687,-2.375607490539551,-1.1742467880249023,2.2732059955596924
1741033508192033300,303.027033203125,-2.545836925506592,-0.1675739288330078,2.1757612228393555
1741033508202134000,303.03713403320313,-3.0352253913879395,1.0003814697265625,1.9400968551635742
1741033508212234800,303.04723486328123,-3.6499593257904053,2.1732540130615234,1.5737972259521484
1741033508222335700,303.0573356933594,-4.285776138305664,3.2251739501953125,0.9984689950942993
1741033508232436500,303.0674365234375,-4.636532306671143,3.80751895904541,0.46376800537109375
1741033508242537200,303.077537109375,-4.442424297332764,4.1207075119018555,0.12859952449798584
1741033508252638200,303.08763818359375,-3.7372677326202393,4.0643205642700195,-0.16553807258605957
1741033508262739000,303.09773901367186,-3.2018887996673584,3.898447036743164,-0.4833526611328125
1741033508272840000,303.10783984375,-2.739628314971924,3.9376096725463867,-0.7731428146362305
1741033508282940700,303.1179406738281,-2.540661573410034,4.100480079650879,-1.1476529836654663
1741033508293041400,303.1280415039063,-2.4765989780426025,4.483389854431152,-1.4736485481262207
1741033508303142400,303.1381423339844,-2.221670150756836,4.686881065368652,-2.264552593231201
1741033508313243100,303.1482431640625,-1.3361417055130005,4.466474533081055,-3.4856910705566406
1741033508323343400,303.15834326171876,-0.2080526351928711,4.370984077453613,-4.1300530433654785
1741033508333444000,303.16844409179686,1.9330135583877563,4.679495811462402,-4.0593438148498535
1741033508343544800,303.178544921875,3.001580238342285,5.3051252365112305,-3.5764195919036865
1741033508353645600,303.1886455078125,3.5848283767700195,5.678947448730469,-2.9590485095977783
1741033508363746600,303.1987465820313,4.191854000091553,5.2876081466674805,-2.6550393104553223
1741033508373847300,303.2088474121094,4.7079668045043945,3.9021244049072266,-2.4553632736206055
1741033508383948300,303.2189482421875,4.565969944000244,1.7168607711791992,-2.2437334060668945
1741033508394049000,303.22904907226564,3.7077836990356445,-0.41607189178466797,-1.9525560140609741
1741033508404149800,303.23914965820313,2.450056791305542,-1.700118064880371,-1.6781010627746582
1741033508414250800,303.2492507324219,1.4940462112426758,-1.7841143608093262,-1.4525773525238037
1741033508424351700,303.2593518066406,0.8618577718734741,-0.8448047637939453,-1.182470440864563
1741033508434548700,303.269548828125,0.5582516193389893,0.31777000427246094,-1.1784847974777222
1741033508444852200,303.27985229492185,1.5918214321136475,1.5816650390625,-1.1597630977630615
1741033508455154700,303.29015478515623,3.2456750869750977,2.3510608673095703,-0.5039582252502441
1741033508465340400,303.3003403320312,4.006994724273682,2.417682647705078,0.47244906425476074
1741033508475449600,303.31044970703124,3.8620383739471436,2.0521059036254883,0.9803071022033691
1741033508485550600,303.3205505371094,1.6059486865997314,1.6036901473999023,0.7802630066871643
1741033508495651300,303.3306513671875,1.2386887073516846,1.0910425186157227,0.8543962240219116
1741033508505752000,303.340751953125,1.8656014204025269,0.15119266510009766,1.4340392351150513
1741033508515853000,303.35085302734376,1.918738842010498,-0.8497123718261719,1.8519179821014404
1741033508525953800,303.36095385742186,1.45667564868927,-1.6205902099609375,2.2056503295898438
1741033508536054800,303.3710546875,1.3416681289672852,-2.2304582595825195,2.23075532913208
1741033508546155500,303.3811555175781,1.4735323190689087,-2.9291152954101562,1.935699224472046
1741033508556256300,303.3912563476562,1.474690318107605,-3.625560760498047,1.2374885082244873
1741033508566357200,303.4013571777344,1.133703351020813,-4.301423072814941,0.672644317150116
1741033508576458000,303.4114580078125,0.6588321328163147,-4.879841327667236,0.544556200504303
1741033508586558700,303.42155883789064,-0.003616154193878174,-5.44110631942749,0.7339787483215332
1741033508596659700,303.43165966796874,-0.20014166831970215,-5.826498985290527,1.121999740600586
1741033508606760400,303.44176049804685,-0.0790177583694458,-6.057250022888184,1.5183610916137695
1741033508616861400,303.451861328125,0.11922609806060791,-6.125415802001953,2.025102138519287
1741033508626962700,303.4619626464844,-0.39743006229400635,-6.234566688537598,2.3614583015441895
1741033508637219000,303.47221899414063,-0.643463134765625,-6.225317478179932,2.648785352706909
1741033508647522600,303.4825224609375,-0.6657155752182007,-6.264926433563232,2.946650505065918
1741033508657825300,303.4928251953125,-0.6473818421363831,-6.010219573974609,3.5089545249938965
1741033508667959600,303.50295947265624,-0.10809195041656494,-5.602003574371338,3.897592544555664
1741033508678060300,303.5130603027344,0.28356075286865234,-5.060787200927734,4.200393199920654
1741033508688161300,303.5231613769531,0.48745644092559814,-4.732595920562744,4.216579914093018
1741033508698261800,303.53326171875,0.9458924531936646,-4.435517311096191,4.0938005447387695
1741033508708362000,303.5433620605469,1.3796606063842773,-4.176766872406006,3.8128957748413086
1741033508718463000,303.553462890625,1.5722198486328125,-3.715630531311035,3.534757137298584
1741033508728563700,303.56356372070314,1.9103498458862305,-3.1164298057556152,3.269618511199951
1741033508738664400,303.57366455078125,2.3977744579315186,-2.339533805847168,3.0073115825653076
1741033508748765400,303.58376538085935,2.855323553085327,-0.9316377639770508,2.917733669281006
1741033508758866200,303.5938662109375,3.4273390769958496,1.3442745208740234,2.9013900756835938
1741033508768967000,303.603966796875,3.1763882637023926,4.3608293533325195,2.613239049911499
1741033508779068400,303.614068359375,2.0466713905334473,7.31549072265625,1.7267146110534668
1741033508789312800,303.62431274414064,0.4300384521484375,9.074970245361328,-0.16675901412963867
1741033508799616500,303.6346164550781,-0.35849225521087646,8.645968437194824,-2.9529824256896973
1741033508809918200,303.6449182128906,-0.771996259689331,6.278050422668457,-5.292471885681152
1741033508820065800,303.6550656738281,-0.7112935781478882,4.179671287536621,-7.213300704956055
1741033508830191400,303.66519140625,0.32927417755126953,3.134243965148926,-8.376263618469238
1741033508840495000,303.6754951171875,2.5470802783966064,1.7084856033325195,-8.812390327453613
1741033508850798000,303.68579809570315,6.223156929016113,0.4511079788208008,-7.774011611938477
1741033508861042000,303.6960419921875,9.658977508544922,0.3495330810546875,-4.480112075805664
1741033508871163600,303.70616357421875,11.900585174560547,1.097029685974121,-1.7712658643722534
1741033508881264000,303.71626416015624,9.083932876586914,3.260014533996582,-0.505435585975647
1741033508891364900,303.72636474609374,6.5589189529418945,5.241768836975098,0.32981228828430176
1741033508901465600,303.7364655761719,3.5569255352020264,5.78371524810791,1.343372106552124
1741033508911566600,303.7465666503906,0.7444000244140625,4.717134475708008,1.5520074367523193
1741033508921667300,303.7566672363281,-0.9733219146728516,3.1267833709716797,1.2624257802963257
1741033508931768000,303.76676806640626,-1.4682774543762207,2.372272491455078,1.2806980609893799
1741033508941869000,303.776869140625,-0.6510500907897949,2.6342897415161133,1.7183482646942139
1741033508951969800,303.7869697265625,0.0699920654296875,3.740790367126465,2.3517491817474365
1741033508962070800,303.7970708007812,0.10615706443786621,5.129979133605957,2.8912620544433594
1741033508972171500,303.8071716308594,-0.0966804027557373,6.151252746582031,3.262028694152832
1741033508982272300,303.8172722167969,-0.38670873641967773,6.575773239135742,3.780334949493408
1741033508992373200,303.82737329101565,-0.7977726459503174,5.790846824645996,3.814908027648926
1741033509002474000,303.83747387695314,-1.1038671731948853,3.6891021728515625,3.34210205078125
1741033509012574700,303.84757470703124,-1.4354647397994995,1.4390830993652344,2.9157283306121826
1741033509022675700,303.85767578125,-1.7952563762664795,-0.15912818908691406,2.758742332458496
1741033509032776400,303.8677763671875,-2.152118682861328,-1.3023834228515625,2.5963995456695557
1741033509042877400,303.87787744140627,-2.279782295227051,-2.1583495140075684,2.5239815711975098
1741033509052978200,303.88797827148437,-2.214124917984009,-2.8639049530029297,2.525799036026001
1741033509063079000,303.89807885742186,-2.1502842903137207,-3.528660774230957,2.513843297958374
1741033509073180000,303.90817993164063,-2.105611801147461,-4.125558853149414,2.5298988819122314
1741033509083280600,303.91828076171873,-1.9756102561950684,-4.670323848724365,2.520280122756958
1741033509093381400,303.9283813476562,-1.8122093677520752,-5.147380352020264,2.5269930362701416
1741033509103482400,303.938482421875,-1.807244896888733,-5.482535362243652,2.582378387451172
1741033509113583000,303.9485830078125,-1.7646836042404175,-5.713401794433594,2.658952474594116
1741033509123684000,303.95868408203125,-1.698530673980713,-5.886789798736572,2.7046704292297363
1741033509133784800,303.96878491210936,-1.627880334854126,-6.059468746185303,2.6916041374206543
1741033509143885600,303.97888549804685,-1.5282056331634521,-6.150346755981445,2.66758131980896
1741033509153985800,303.98898583984374,-1.3997077941894531,-6.097253322601318,2.6683220863342285
1741033509164086500,303.99908642578123,-1.2988274097442627,-5.913304805755615,2.646165370941162
1741033509174187300,304.0091872558594,-1.3974751234054565,-5.5053911209106445,2.6058120727539062
1741033509184288300,304.0192883300781,-1.5004003047943115,-4.829306125640869,2.5753605365753174
1741033509194389000,304.02938891601565,-1.7694677114486694,-3.955068588256836,2.5229713916778564
1741033509204489700,304.03948974609375,-2.2211835384368896,-3.006875991821289,2.363159656524658
1741033509214590700,304.0495908203125,-2.615163803100586,-1.9929428100585938,2.0849547386169434
1741033509224691500,304.05969140625,-3.422740936279297,-0.9771547317504883,1.654834270477295
1741033509234792400,304.0697924804688,-4.582283020019531,0.011057853698730469,1.010096788406372
1741033509244893200,304.07989306640627,-5.4259138107299805,0.926234245300293,0.4998188018798828
1741033509254994000,304.0899938964844,-5.541065216064453,1.7161579132080078,0.35822176933288574
1741033509265095000,304.10009497070314,-5.484002590179443,2.3854494094848633,0.5618081092834473
1741033509275195600,304.11019555664063,-5.281035423278809,3.07720947265625,0.8052873015403748
1741033509285296400,304.12029638671873,-4.968274116516113,3.808121681213379,0.8028461933135986
1741033509295397400,304.1303974609375,-4.3877644538879395,4.312015533447266,0.5770390033721924
1741033509305498000,304.140498046875,-3.4162778854370117,4.478737831115723,0.2439969778060913
1741033509315599000,304.15059912109376,-2.3513660430908203,4.373735427856445,-0.21830034255981445
1741033509325699800,304.16069995117186,-1.632397174835205,4.282066345214844,-0.7859656810760498
1741033509335800600,304.17080053710936,-1.154459834098816,4.382641792297363,-1.378154993057251
1741033509345901600,304.1809016113281,-1.0580999851226807,4.387957572937012,-2.2390427589416504
1741033509356002300,304.1910021972656,-0.6536928415298462,4.084955215454102,-3.474740982055664
1741033509366103000,304.2011030273438,1.4236136674880981,3.600754737854004,-4.788517951965332
1741033509376204000,304.2112041015625,2.60636043548584,3.842625617980957,-5.127424240112305
1741033509386304800,304.2213046875,3.0293760299682617,4.561271667480469,-4.615123271942139
1741033509396405800,304.23140576171875,3.6304550170898438,4.963427543640137,-3.860854148864746
1741033509406506500,304.24150659179685,4.451498985290527,4.790651321411133,-3.352172374725342
1741033509416606700,304.2516066894531,5.0706281661987305,3.7536067962646484,-3.0968780517578125
1741033509426707500,304.2617075195312,4.881524562835693,1.793252944946289,-3.070664405822754
1741033509436809000,304.27180908203127,3.8058831691741943,-0.2229013442993164,-3.275343418121338
1741033509446909200,304.2819091796875,2.264665365219116,-1.300898551940918,-2.8452301025390625
1741033509457213000,304.292212890625,1.2891814708709717,-1.1372222900390625,-1.9345039129257202
1741033509467516200,304.30251611328123,0.9879286289215088,-0.15009117126464844,-1.2720973491668701
1741033509477780000,304.3127800292969,1.0483981370925903,1.2040462493896484,-0.6222013235092163
1741033509487906600,304.3229064941406,1.0544689893722534,2.4103050231933594,-0.11063969135284424
1741033509498007300,304.3330073242187,-0.10308591276407242,2.989720344543457,-0.006952643394470215
1741033509508108000,304.3431079101563,-0.019325748085975647,2.8339242935180664,0.24671292304992676
1741033509518209000,304.353208984375,1.4990800619125366,2.3504724502563477,0.8969650268554688
1741033509528309800,304.36330981445315,2.3698604106903076,1.876185417175293,1.698411226272583
1741033509538410500,304.37341040039064,2.4471638202667236,1.1626663208007812,2.0550179481506348
1741033509548511500,304.38351147460935,2.439504861831665,0.1398448944091797,1.9029865264892578
1741033509558612200,304.3936123046875,2.0965476036071777,-0.9270448684692383,1.4974262714385986
1741033509568713200,304.4037131347656,1.6250402927398682,-1.8803772926330566,1.1308189630508423
1741033509578814000,304.41381396484377,0.8479748368263245,-2.5095019340515137,1.0174227952957153
1741033509588914700,304.42391479492187,0.3895072340965271,-3.1779160499572754,0.982267439365387
1741033509599015700,304.434015625,0.24091143906116486,-3.8528285026550293,1.0610333681106567
1741033509609116400,304.44411645507813,-0.15073105692863464,-4.411080360412598,1.1615761518478394
1741033509619217400,304.4542175292969,-0.49646052718162537,-4.762598991394043,1.2407252788543701
1741033509629318100,304.4643181152344,-0.8205265402793884,-5.238433837890625,1.227340817451477
1741033509639419000,304.4744189453125,-0.8958536982536316,-5.488444805145264,1.6003613471984863
1741033509649519900,304.48451977539065,-0.6324330568313599,-5.625251293182373,2.275803804397583
1741033509659620600,304.49462060546875,-0.6354084014892578,-5.537636756896973,3.047072649002075
1741033509669721300,304.50472143554686,-0.8232094645500183,-5.632622718811035,3.4385204315185547
1741033509679822300,304.514822265625,-0.6882212162017822,-5.737442970275879,3.4392459392547607
1741033509689923000,304.5249230957031,-0.35788244009017944,-5.751717567443848,3.5315957069396973
1741033509700023600,304.5350234375,-0.10090053081512451,-5.740584373474121,3.6402783393859863
1741033509710124000,304.5451240234375,0.10326135158538818,-5.688897132873535,3.5815749168395996
1741033509720224800,304.5552248535156,0.16368043422698975,-5.427505970001221,3.4014501571655273
1741033509730325500,304.56532543945315,0.24597668647766113,-5.200929164886475,3.0553431510925293
1741033509740426500,304.57542651367186,0.4836404323577881,-4.85299015045166,2.7322449684143066
1741033509750527200,304.58552734375,0.7752001285552979,-4.288212776184082,2.5628108978271484
1741033509760628200,304.5956281738281,1.1301734447479248,-3.571855068206787,2.502086639404297
1741033509770729000,304.6057290039063,1.5418564081192017,-2.7876200675964355,2.4645094871520996
1741033509780829700,304.61582958984377,1.9582335948944092,-1.8755645751953125,2.289464235305786
1741033509790930700,304.6259306640625,2.3669142723083496,-0.724609375,2.1451432704925537
1741033509801031400,304.63603149414064,2.5501949787139893,0.9170246124267578,2.1019554138183594
1741033509811132200,304.64613208007813,2.077570915222168,3.0118532180786133,1.959958791732788
1741033509821233400,304.6562333984375,1.0287704467773438,5.116504669189453,1.6363433599472046
1741033509831418400,304.6664184570312,-0.6003518104553223,6.909331321716309,0.8842802047729492
1741033509841721900,304.6767219238281,-2.1765456199645996,7.372282028198242,-1.825831413269043
1741033509851906800,304.68690673828127,-1.4573149681091309,5.606453895568848,-4.802061557769775
1741033509862115300,304.697115234375,-0.2534116506576538,3.7432594299316406,-6.374309539794922
1741033509872317700,304.7073176269531,-0.06546783447265625,2.9822702407836914,-6.748431205749512
1741033509882431700,304.717431640625,0.9041192531585693,1.8348875045776367,-6.850142478942871
1741033509892532500,304.7275324707031,3.0571727752685547,0.7603521347045898,-6.9279985427856445
1741033509902633500,304.7376335449219,8.308424949645996,-0.1216135025024414,-6.656368732452393
1741033509912734200,304.7477341308594,13.474018096923828,0.3888111114501953,-4.740866184234619
1741033509922835000,304.7578349609375,14.861221313476562,1.4559650421142578,-2.1688318252563477
1741033509932936000,304.76793603515625,11.354879379272461,3.554410934448242,-0.7246235609054565
1741033509943036700,304.77803662109375,8.013556480407715,4.9723358154296875,0.43231117725372314
1741033509953137700,304.7881376953125,4.203948020935059,4.895792007446289,1.7170205116271973
1741033509963238400,304.79823828125,1.0351676940917969,4.015654563903809,2.0262858867645264
1741033509973339100,304.8083391113281,-0.8788855075836182,3.410686492919922,2.037975788116455
1741033509983440100,304.8184401855469,-1.3431364297866821,3.4850378036499023,2.1462182998657227
1741033509993540900,304.82854077148437,-0.9184011220932007,4.033295631408691,2.4785947799682617
1741033510003641600,304.8386416015625,-0.5658893585205078,4.981581687927246,3.02958345413208
1741033510013742600,304.84874267578124,-0.663701057434082,5.973349571228027,3.542515993118286
1741033510023843300,304.85884326171873,-1.0100836753845215,6.570517539978027,3.8519246578216553
1741033510033944300,304.8689443359375,-1.0559800863265991,6.215441703796387,4.043517589569092
1741033510044045000,304.8790451660156,-1.1534091234207153,4.5724592208862305,3.688594102859497
1741033510054145800,304.88914575195315,-1.446897029876709,2.329195976257324,2.9649062156677246
1741033510064246800,304.89924682617186,-1.8882020711898804,0.4558572769165039,2.402841806411743
1741033510074347500,304.90934741210935,-2.0734663009643555,-0.8863554000854492,2.029674768447876
1741033510084448300,304.9194482421875,-2.075496196746826,-1.763329029083252,1.9312238693237305
1741033510094549200,304.9295493164062,-1.9786863327026367,-2.5342955589294434,2.0254392623901367
1741033510104650000,304.9396499023438,-1.8679325580596924,-3.249680995941162,2.15787935256958
1741033510114751000,304.9497509765625,-1.7929372787475586,-3.8909144401550293,2.294668674468994
1741033510124851500,304.9598515625,-1.8488008975982666,-4.460877895355225,2.4302191734313965
1741033510134951700,304.96995166015626,-1.8488198518753052,-4.916197776794434,2.5528225898742676
1741033510145052400,304.98005249023436,-1.8758037090301514,-5.294407844543457,2.6500680446624756
1741033510155153400,304.9901533203125,-1.9223418235778809,-5.608002185821533,2.7242329120635986
1741033510165254100,305.0002541503906,-2.04345703125,-5.882212162017822,2.733091115951538
1741033510175355100,305.0103552246094,-2.0463647842407227,-6.097442150115967,2.677720069885254
1741033510185455900,305.0204558105469,-2.096204996109009,-6.17927360534668,2.6717395782470703
1741033510195556600,305.030556640625,-2.1316933631896973,-6.068911552429199,2.7586729526519775
1741033510205657600,305.04065771484375,-2.1504945755004883,-5.791597366333008,2.878251791000366
1741033510215758300,305.05075830078124,-2.1925840377807617,-5.4200615882873535,2.9731087684631348
1741033510225859300,305.060859375,-2.1517345905303955,-4.920459747314453,3.0596604347229004
1741033510235960000,305.0709599609375,-2.1239709854125977,-4.2157673835754395,3.03147292137146
1741033510246060800,305.0810607910156,-2.3162014484405518,-3.3170156478881836,2.936652660369873
1741033510256161800,305.09116186523437,-2.589479923248291,-2.2026638984680176,2.841811180114746
1741033510266262500,305.10126245117186,-2.776662826538086,-0.8902721405029297,2.771426200866699
1741033510276363300,305.11136328125,-2.679966449737549,0.4946279525756836,2.7142395973205566
1741033510286464300,305.12146435546873,-2.08564829826355,1.5875244140625,2.260063409805298
1741033510296565000,305.1315649414062,-2.7899036407470703,2.479534149169922,1.310867190361023
1741033510306666000,305.141666015625,-4.837834358215332,2.9853734970092773,0.033526062965393066
1741033510316766700,305.1517666015625,-5.959330081939697,2.8427352905273438,-1.1637498140335083
1741033510326867500,305.16186743164064,-6.381002426147461,2.3970518112182617,-1.8676639795303345
1741033510336968400,305.17196850585935,-6.350114345550537,2.1998395919799805,-2.4346771240234375
1741033510347069200,305.18206909179685,-5.701704502105713,2.2394332885742188,-2.3641977310180664
1741033510357170000,305.192169921875,-4.5185065269470215,2.807682991027832,-1.9080893993377686
1741033510367270100,305.2022702636719,-3.361283779144287,3.7582311630249023,-1.4955453872680664
1741033510377371000,305.2123708496094,-2.596122980117798,4.873203277587891,-1.2259095907211304
1741033510387471600,305.2224716796875,-1.9480969905853271,5.725137710571289,-1.2526323795318604
1741033510397572600,305.23257250976565,-1.6221143007278442,5.944528579711914,-1.923944115638733
1741033510407673300,305.24267333984375,-0.617877721786499,5.471475601196289,-3.097212314605713
1741033510417774300,305.2527744140625,0.9261455535888672,5.2046003341674805,-3.7498250007629395
1741033510427875000,305.262875,2.1253740787506104,5.299400329589844,-3.734747886657715
1741033510438012700,305.2730126953125,3.6368980407714844,5.349291801452637,-3.500105857849121
1741033510448316200,305.2833161621094,5.133949279785156,5.085740089416504,-3.1849660873413086
1741033510458536700,305.2935366210937,5.822214126586914,4.025856971740723,-2.7509846687316895
1741033510468555000,305.30355493164063,5.737805366516113,2.3191699981689453,-2.2889552116394043
1741033510478668300,305.3136682128906,4.787437438964844,0.2935323715209961,-2.0493111610412598
1741033510488971800,305.3239716796875,3.298157215118408,-0.9821567535400391,-1.6085294485092163
1741033510499274200,305.33427416992185,1.9285047054290771,-1.2178363800048828,-1.202407956123352
1741033510509576000,305.34457592773435,0.8358768224716187,-0.8738288879394531,-1.0432474613189697
1741033510519878700,305.3548786621094,0.3539253771305084,-0.012453079223632812,-1.1652382612228394
1741033510530004000,305.36500390625,0.441506564617157,1.1018800735473633,-1.2064138650894165
1741033510540172000,305.37517211914064,0.8212035894393921,1.919325828552246,-0.8640198707580566
1741033510550272800,305.38527270507814,1.1541122198104858,1.992879867553711,-0.2555887699127197
1741033510560373800,305.39537377929685,1.5515546798706055,1.4021129608154297,0.262750506401062
1741033510570474500,305.405474609375,1.8510229587554932,0.5869665145874023,0.5329693555831909
1741033510580575200,305.4155751953125,1.6936614513397217,-0.141265869140625,0.5718446969985962
1741033510590676200,305.42567626953127,0.9499715566635132,-0.7051143646240234,0.547713041305542
1741033510600777000,305.43577685546876,-1.0453665256500244,-1.333181381225586,0.1969587802886963
1741033510610878000,305.4458779296875,-2.570094347000122,-1.944826602935791,0.3411611318588257
1741033510620978700,305.4559787597656,-2.066495895385742,-2.3080782890319824,1.150322675704956
1741033510631079400,305.4660793457031,-0.5298715233802795,-2.606165885925293,2.125509738922119
1741033510641180400,305.4761804199219,0.3741872012615204,-2.9976882934570312,2.844799041748047
1741033510651281200,305.48628125,0.888308048248291,-3.48685359954834,3.3473572731018066
1741033510661382100,305.49638208007815,1.3809139728546143,-3.723605155944824,4.014980316162109
1741033510671483000,305.50648291015625,1.604034185409546,-4.0679755210876465,4.660263538360596
1741033510681583600,305.51658349609374,1.594567060470581,-4.634426593780518,5.171720504760742
1741033510691684600,305.5266845703125,1.035449743270874,-5.0486531257629395,5.669897079467773
1741033510701785300,305.5367854003906,0.5749483704566956,-5.3420562744140625,5.394275188446045
1741033510711886000,305.5468859863281,0.49043989181518555,-5.460744380950928,5.205132484436035
1741033510721987000,305.5569870605469,0.29423877596855164,-5.598824501037598,5.091358184814453
1741033510732087800,305.567087890625,0.15134790539741516,-5.887696266174316,4.354455471038818
1741033510742188500,305.5771884765625,0.08093222975730896,-6.023171424865723,3.893665313720703
1741033510752288800,305.58728881835935,0.24700647592544556,-6.057412624359131,3.528918743133545
1741033510762389500,305.59738940429685,0.6646357178688049,-6.001671314239502,3.026864767074585
1741033510772490200,305.607490234375,0.9955902099609375,-5.632241249084473,2.7527551651000977
1741033510782591200,305.6175913085938,1.2148956060409546,-4.9760966300964355,2.687349319458008
1741033510792692000,305.62769189453127,1.5790603160858154,-4.0405120849609375,2.727752923965454
1741033510802793000,305.63779296875,1.9439027309417725,-3.196765422821045,2.4966869354248047
1741033510812893700,305.64789379882814,2.307302236557007,-2.2374892234802246,2.2314138412475586
1741033510822995200,305.6579951171875,2.617960214614868,-1.1016101837158203,1.9564688205718994
1741033510833251300,305.6682512207031,2.6408190727233887,0.2662353515625,1.623641014099121
1741033510843554800,305.67855493164063,2.391883134841919,2.0491580963134766,1.4812262058258057
1741033510853856800,305.68885668945313,1.8449034690856934,4.022414207458496,0.9885643720626831
1741033510863991800,305.69899169921877,1.0287799835205078,6.465270042419434,0.2659340500831604
1741033510874092800,305.7090927734375,-0.19012069702148438,8.288484573364258,-1.478011131286621
1741033510884193500,305.71919360351563,-0.058150529861450195,7.420506477355957,-4.194936752319336
1741033510894294300,305.7292941894531,0.49909329414367676,5.5016984939575195,-6.196842193603516
1741033510904395300,305.7393952636719,-0.39864230155944824,4.325211524963379,-6.563146591186523
1741033510914496000,305.74949609375,0.11903691291809082,2.816610336303711,-6.567985534667969
1741033510924597200,305.75959716796876,2.6038241386413574,1.350973129272461,-6.268533229827881
1741033510934794000,305.7697939453125,5.861485481262207,-0.09605026245117188,-5.594595909118652
1741033510945097700,305.78009765625,8.393911361694336,-1.318830966949463,-4.662569999694824
1741033510955400200,305.7904001464844,11.017848014831543,-1.7304558753967285,-3.812354803085327
1741033510965585700,305.8005856933594,11.297870635986328,-0.7373638153076172,-2.739818572998047
1741033510975695000,305.8106950683594,8.687636375427246,1.2131900787353516,-2.0877935886383057
1741033510985795800,305.8207958984375,6.856430530548096,2.5651025772094727,-1.5710642337799072
1741033510995896800,305.8308967285156,4.223943710327148,3.2707462310791016,-0.5433423519134521
1741033511005997600,305.84099755859376,2.359478712081909,3.527106285095215,1.0439575910568237
1741033511016098300,305.85109838867186,1.5823595523834229,3.6804447174072266,2.5214157104492188
1741033511026199300,305.86119921875,1.270108699798584,4.062801361083984,3.744715690612793
1741033511036300000,305.8713000488281,1.1167216300964355,4.9045820236206055,4.603384494781494
1741033511046400800,305.8814008789063,0.8550207614898682,6.315090179443359,5.356807708740234
1741033511056501000,305.8915009765625,-0.12525224685668945,7.468701362609863,5.850502967834473
1741033511066601700,305.9016018066406,-1.0599806308746338,7.721920967102051,6.124598503112793
1741033511076702500,305.91170239257815,-1.5674512386322021,6.587335586547852,5.866535186767578
1741033511086803500,305.92180346679686,-1.860621452331543,4.628223419189453,5.0269598960876465
1741033511096904200,305.931904296875,-1.9181394577026367,2.6987648010253906,4.194275856018066
1741033511107005000,305.9420048828125,-2.071333646774292,1.0788145065307617,3.4670536518096924
1741033511117106000,305.9521059570312,-2.4414167404174805,-0.05066204071044922,2.9253268241882324
1741033511127206700,305.9622065429688,-2.808511972427368,-0.9333505630493164,2.568441390991211
1741033511137307600,305.9723076171875,-2.8140358924865723,-1.6948280334472656,2.518709182739258
1741033511147408400,305.98240844726564,-2.6433796882629395,-2.4549808502197266,2.5881998538970947
1741033511157509000,305.99250903320313,-2.4177327156066895,-3.248201847076416,2.655315399169922
1741033511167610000,306.0026101074219,-2.1999006271362305,-3.912416934967041,2.8170907497406006
1741033511177710800,306.0127109375,-2.029120922088623,-4.459124565124512,2.9185938835144043
1741033511187811600,306.0228115234375,-1.8598747253417969,-4.924196243286133,2.9569473266601562
1741033511197912600,306.03291259765626,-1.6781468391418457,-5.346450328826904,2.957765817642212
1741033511208013300,306.04301342773437,-1.5152642726898193,-5.704268455505371,2.8850910663604736
1741033511218114300,306.0531142578125,-1.4454466104507446,-5.974971771240234,2.8144259452819824
1741033511228215000,306.0632150878906,-1.3511370420455933,-6.190848350524902,2.745077610015869
1741033511238315800,306.0733156738281,-1.3096275329589844,-6.261368751525879,2.741870164871216
1741033511248416800,306.0834167480469,-1.3709076642990112,-6.143192768096924,2.7901642322540283
1741033511258517500,306.093517578125,-1.5104551315307617,-5.843303680419922,2.840768814086914
1741033511268617700,306.10361767578127,-1.6273384094238281,-5.3853936195373535,2.8771018981933594
1741033511278718500,306.11371850585937,-1.809198260307312,-4.7968645095825195,2.8784232139587402
1741033511288819200,306.12381909179686,-2.233154296875,-4.042497158050537,2.7566399574279785
1741033511298920000,306.133919921875,-2.8084607124328613,-3.1295833587646484,2.576709032058716
1741033511309021000,306.14402099609373,-3.6299517154693604,-2.088772773742676,2.345895767211914
1741033511319121700,306.1541215820312,-4.22395658493042,-1.0651302337646484,2.0038347244262695
1741033511329223400,306.16422338867187,-4.633657455444336,-0.16603946685791016,1.6883554458618164
1741033511339335400,306.17433544921874,-4.883293628692627,0.6747159957885742,1.4106147289276123
1741033511349639000,306.1846389160156,-4.939614295959473,1.5152521133422852,1.3019392490386963
1741033511359942100,306.1949421386719,-4.7578444480896,2.2496604919433594,1.354473352432251
1741033511370195700,306.20519580078127,-4.589360237121582,2.94234561920166,1.5209314823150635
1741033511380320800,306.2153208007812,-4.453498363494873,3.787191390991211,1.6917083263397217
1741033511390421500,306.2254213867187,-4.135753154754639,4.704217910766602,1.756672978401184
1741033511400522500,306.2355224609375,-3.508358955383301,5.402802467346191,1.392500400543213
1741033511410623200,306.24562329101565,-2.644650936126709,5.46274471282959,0.8012372255325317
1741033511420724000,306.25572387695314,-2.0390241146087646,5.319893836975098,-0.038295745849609375
1741033511430825000,306.26582495117185,-1.834470510482788,5.159750938415527,-1.1330599784851074
1741033511440925700,306.27592578125,-1.6669127941131592,5.097599983215332,-2.093512535095215
1741033511451026400,306.2860263671875,-1.6968061923980713,5.097202301025391,-3.04419207572937
1741033511461127400,306.29612744140627,-1.4654805660247803,4.879420280456543,-4.781749725341797
1741033511471228200,306.3062282714844,-0.45693278312683105,4.781020164489746,-6.56410026550293
1741033511481329200,306.3163291015625,0.9249095916748047,5.133441925048828,-7.079889297485352
1741033511491430000,306.32642993164063,2.1193079948425293,5.190461158752441,-5.570723533630371
1741033511501530600,306.3365305175781,2.9410622119903564,4.700371742248535,-3.5987677574157715
1741033511511631400,306.3466313476562,3.501779079437256,3.707782745361328,-2.5913338661193848
1741033511521731600,306.3567316894531,3.7826828956604004,1.9550867080688477,-2.4733071327209473
1741033511531832300,306.3668322753906,3.623321056365967,-0.12161064147949219,-2.8531718254089355
1741033511541933300,306.3769333496094,3.2247238159179688,-1.7160067558288574,-3.1122851371765137
1741033511552034000,306.38703393554687,2.0372371673583984,-2.3089723587036133,-2.6042041778564453
1741033511562134800,306.397134765625,1.848293423652649,-1.547530174255371,-1.9718610048294067
1741033511572235800,306.40723583984374,2.1401803493499756,-0.19919300079345703,-1.5339771509170532
1741033511582336500,306.41733642578123,1.5220848321914673,1.240799903869629,-1.0827034711837769
1741033511592437500,306.4274375,0.27118995785713196,2.1178159713745117,-0.8085845708847046
1741033511602538200,306.4375383300781,2.439999580383301,2.1108741760253906,0.3634835481643677
1741033511612639000,306.44763891601565,4.051435470581055,1.5590715408325195,1.7629554271697998
1741033511622740000,306.45773999023436,4.362741947174072,1.1239099502563477,2.596755027770996
1741033511632840700,306.4678408203125,4.575911521911621,0.4716634750366211,2.7168896198272705
1741033511642941400,306.47794140625,3.979752540588379,-0.7718410491943359,2.1076059341430664
1741033511653042400,306.4880424804688,2.738345146179199,-1.8878107070922852,1.443981647491455
1741033511663143200,306.49814306640627,1.5088635683059692,-2.815493583679199,1.0210464000701904
1741033511673244200,306.508244140625,0.4334579408168793,-3.483099937438965,0.6532604098320007
1741033511683345000,306.51834497070314,-0.18636956810951233,-3.7818679809570312,0.5764811038970947
1741033511693445600,306.52844555664063,-0.406253457069397,-3.923384189605713,0.24825191497802734
1741033511703546600,306.5385466308594,-0.5008604526519775,-4.1852240562438965,-0.4846930503845215
1741033511713647400,306.5486474609375,-0.5359293818473816,-4.450221538543701,-0.6943035125732422
1741033511723748000,306.558748046875,-0.44752758741378784,-4.759581565856934,-0.3432297706604004
1741033511733848600,306.5688486328125,-0.6764074563980103,-5.221789360046387,0.3634833097457886
1741033511743949000,306.5789489746094,-0.5610291957855225,-5.627862930297852,1.0871765613555908
1741033511754049800,306.5890498046875,-0.48868244886398315,-6.038640022277832,1.552710771560669
1741033511764150800,306.59915087890624,-0.49056941270828247,-6.184091091156006,1.9732270240783691
1741033511774251500,306.60925146484374,-0.6040486097335815,-6.057822227478027,2.44712233543396
1741033511784352500,306.6193525390625,-0.5969700217247009,-5.772233963012695,2.9837512969970703
1741033511794453200,306.6294533691406,-0.4175565242767334,-5.318428039550781,3.399127244949341
1741033511804554000,306.6395539550781,-0.20820927619934082,-4.835286617279053,3.6883978843688965
1741033511814655000,306.64965502929687,0.1246945858001709,-4.430233478546143,3.8714256286621094
1741033511824755700,306.65975561523436,0.49891817569732666,-4.0161237716674805,3.97318696975708
1741033511834856400,306.6698564453125,0.9212169647216797,-3.527909278869629,3.9628067016601562
1741033511844957400,306.67995751953123,1.5484825372695923,-2.9231081008911133,3.894627809524536
1741033511855058200,306.6900581054687,2.0884313583374023,-2.197230339050293,3.7742035388946533
1741033511865159200,306.7001591796875,2.431443452835083,-1.3101930618286133,3.683520793914795
1741033511875260000,306.71026000976565,2.5726780891418457,-0.20996570587158203,3.6615209579467773
1741033511885360600,306.72036059570314,2.1149981021881104,1.0436763763427734,3.557252883911133
1741033511895461600,306.73046166992185,1.3721001148223877,2.3630428314208984,3.3314950466156006
1741033511905562400,306.7405622558594,0.30151355266571045,3.6058406829833984,2.7929859161376953
1741033511915663000,306.7506630859375,-0.6066349148750305,4.523374557495117,1.9285640716552734
1741033511925764000,306.76076416015627,-2.5383541584014893,4.817045211791992,0.8381601572036743
1741033511935865600,306.77086547851565,-4.100785255432129,4.254010200500488,-1.2837601900100708
1741033511946133800,306.7811337890625,-4.056667804718018,3.496048927307129,-4.436246871948242
1741033511956437200,306.79143725585936,-3.282092332839966,2.411609649658203,-5.708197593688965
1741033511966539000,306.8015390625,-3.2260563373565674,1.5664968490600586,-5.84910774230957
1741033511976485600,306.8114855957031,-2.380192756652832,0.8223562240600586,-6.314568519592285
1741033511986789000,306.8217890625,0.5960710048675537,0.021536827087402344,-6.438775539398193
1741033511997033500,306.83203344726564,7.237175941467285,-1.0530214309692383,-7.225591659545898
1741033512007144000,306.84214404296876,14.542350769042969,-0.6419534683227539,-7.062985897064209
1741033512017336600,306.8523366699219,18.784626007080078,1.365386962890625,-4.211617946624756
1741033512027640000,306.86264013671877,17.121662139892578,3.5106935501098633,-1.6812341213226318
1741033512037943300,306.872943359375,10.920843124389648,5.199339866638184,0.1591864824295044
1741033512048148500,306.8831484375,6.177926063537598,5.1034746170043945,0.6489080190658569
1741033512058262000,306.8932619628906,2.011214017868042,4.313886642456055,0.803615152835846
1741033512068363500,306.9033635253906,-0.8756262063980103,3.509528160095215,0.8854533433914185
1741033512078620000,306.91361987304685,-2.2490642070770264,2.731560707092285,0.6050657033920288
1741033512088923400,306.9239233398437,-2.6408143043518066,2.1925268173217773,0.5159189701080322
1741033512099226000,306.93422607421877,-2.3769776821136475,2.2769880294799805,0.8471810817718506
1741033512109360400,306.9443603515625,-1.7901980876922607,3.2876367568969727,1.5330758094787598
1741033512119461000,306.9544611816406,-1.587437629699707,4.9330902099609375,2.5035946369171143
1741033512129598700,306.9645986328125,-1.8281198740005493,6.365072250366211,3.4650521278381348
1741033512139902200,306.9749020996094,-2.2613120079040527,6.802570343017578,4.053249359130859
1741033512150205400,306.98520532226564,-2.8062055110931396,5.376508712768555,3.7507987022399902
1741033512160439800,306.9954396972656,-2.9545693397521973,3.0855865478515625,2.966204881668091
1741033512170559200,307.00555932617186,-2.697284698486328,1.1229791641235352,2.299217462539673
1741033512180660200,307.01566015625,-2.2706940174102783,-0.2314615249633789,2.0095555782318115
1741033512190761000,307.0257609863281,-2.1276187896728516,-1.1905326843261719,1.9358652830123901
1741033512200861700,307.0358618164062,-2.096930503845215,-2.024158000946045,1.9510294198989868
1741033512210962700,307.0459626464844,-2.1239686012268066,-2.77377986907959,2.0486207008361816
1741033512221063400,307.0560634765625,-1.962186574935913,-3.5348105430603027,2.1285297870635986
1741033512231164400,307.06616430664064,-1.713754415512085,-4.131799697875977,2.202340841293335
1741033512241265200,307.07626513671875,-1.5096933841705322,-4.6216936111450195,2.300506830215454
1741033512251366000,307.08636596679685,-1.3494007587432861,-5.02016544342041,2.3413827419281006
1741033512261467000,307.096466796875,-1.2496731281280518,-5.396083831787109,2.3331634998321533
1741033512271567600,307.1065676269531,-1.2316950559616089,-5.749034881591797,2.292550802230835
1741033512281668600,307.1166687011719,-1.2721352577209473,-5.995445251464844,2.2448506355285645
1741033512291769300,307.12676928710937,-1.328054428100586,-6.167281150817871,2.1690640449523926
1741033512301870000,307.1368701171875,-1.3968932628631592,-6.229090213775635,2.1008081436157227
1741033512311971000,307.14697119140624,-1.4616602659225464,-6.1856489181518555,2.036176919937134
1741033512322071800,307.15707177734373,-1.5748525857925415,-5.811511039733887,2.0671041011810303
1741033512332172300,307.1671723632812,-1.629795789718628,-5.25592565536499,2.143663167953491
1741033512342272800,307.1772727050781,-1.6541160345077515,-4.450192451477051,2.3188135623931885
1741033512352373500,307.18737353515627,-1.7296072244644165,-3.497023582458496,2.46439790725708
1741033512362474200,307.19747412109376,-1.7229918241500854,-2.533041477203369,2.4905714988708496
1741033512372575200,307.2075751953125,-1.5253913402557373,-1.70703125,2.3999836444854736
1741033512382676000,307.21767602539063,-1.2913557291030884,-0.9023647308349609,2.1651456356048584
1741033512392776700,307.2277766113281,-1.1072338819503784,-0.041495323181152344,1.9065102338790894
1741033512402877700,307.2378776855469,-1.1866588592529297,0.9010848999023438,1.7549505233764648
1741033512412978400,307.247978515625,-1.3424208164215088,1.9785003662109375,1.6821976900100708
1741033512423079400,307.25807934570315,-1.387359619140625,2.9592514038085938,1.5157792568206787
1741033512433180200,307.26818017578125,-1.3407005071640015,3.9284534454345703,1.344878911972046
1741033512443281000,307.27828100585936,-1.0809051990509033,4.590033531188965,1.003574252128601
1741033512453382000,307.2883818359375,-0.5360202193260193,4.993904113769531,0.3798562288284302
1741033512463482600,307.2984826660156,-0.04397481679916382,4.836325645446777,-0.623213529586792
1741033512473583400,307.3085832519531,0.14489486813545227,4.317660331726074,-1.6752545833587646
1741033512483684400,307.3186843261719,-0.16567382216453552,3.8385372161865234,-2.705225706100464
1741033512493785000,307.32878515625,-0.2885332405567169,3.462442398071289,-3.7404868602752686
1741033512503886000,307.33888598632814,-0.381093293428421,3.344742774963379,-4.323598384857178
1741033512513986800,307.34898681640624,-0.32605016231536865,3.3317527770996094,-4.9664387702941895
1741033512524088300,307.3590883789062,0.041303008794784546,3.307744026184082,-5.690135478973389
1741033512534320600,307.3693205566406,0.4835126996040344,3.8216381072998047,-5.657862186431885
1741033512544624400,307.37962426757815,0.9928330183029175,4.468421936035156,-5.432565212249756
1741033512554749700,307.3897497558594,1.7453529834747314,4.449003219604492,-5.263880729675293
1741033512565017600,307.400017578125,2.8016154766082764,3.613327980041504,-5.6833815574646
1741033512575185200,307.41018505859375,3.0506231784820557,2.554342269897461,-5.299048900604248
1741033512585286100,307.4202861328125,2.1187734603881836,1.5496902465820312,-4.044557094573975
1741033512595387000,307.4303869628906,0.5644853711128235,0.7527704238891602,-2.665922164916992
1741033512605487600,307.4404875488281,-0.24758970737457275,-0.32552337646484375,-1.9609239101409912
1741033512615588600,307.4505886230469,-0.7674809694290161,-1.1760902404785156,-1.7029857635498047
1741033512625689300,307.460689453125,-0.7875394821166992,-0.8071308135986328,-1.2947546243667603
1741033512635790000,307.4707900390625,-0.33816394209861755,0.5724573135375977,-0.9582275152206421
1741033512645891000,307.48089111328125,0.14664903283119202,2.218629837036133,-0.9809385538101196
1741033512655991800,307.49099169921874,0.7684578895568848,3.2123823165893555,-0.5667566061019897
1741033512666092800,307.5010927734375,1.115030288696289,3.088189125061035,0.030815601348876953
1741033512676193500,307.5111936035156,1.3899128437042236,2.422478675842285,0.2866792678833008
1741033512686294300,307.5212941894531,1.7122578620910645,1.7280569076538086,0.3033186197280884
1741033512696395300,307.53139526367187,1.6580922603607178,1.0374326705932617,0.3156700134277344
1741033512706496000,307.54149609375,1.392176866531372,0.23818683624267578,0.32490837574005127
1741033512716597000,307.55159692382813,1.003960132598877,-0.6757307052612305,0.05739426612854004
1741033512726697700,307.56169775390623,0.4479975402355194,-1.4011363983154297,-0.20613253116607666
1741033512736798500,307.5717985839844,0.07480563223361969,-2.042525291442871,-0.166251540184021
1741033512746899500,307.5818994140625,-0.22331705689430237,-2.7162094116210938,0.10862851142883301
1741033512757000200,307.59200024414065,-0.37582316994667053,-3.345195770263672,0.47246646881103516
1741033512767101000,307.60210083007814,-0.5506414771080017,-3.8358798027038574,0.9342023134231567
1741033512777202000,307.61220190429685,-0.5782204866409302,-4.370547771453857,1.3760590553283691
1741033512787302400,307.62230249023435,-0.6386539936065674,-4.985959529876709,1.7801756858825684
1741033512797402600,307.6324025878906,-0.37188273668289185,-5.396176815032959,2.552294969558716
1741033512807503600,307.6425036621094,-0.21244436502456665,-5.56167459487915,3.5639257431030273
1741033512817604400,307.6526042480469,-0.037098243832588196,-5.628507137298584,4.541524887084961
1741033512827705000,307.662705078125,0.3561086356639862,-5.979796409606934,4.898409843444824
1741033512837806000,307.67280615234375,0.5991436243057251,-6.116097927093506,5.3127970695495605
1741033512847906800,307.68290673828125,0.49152690172195435,-6.034923553466797,5.575355052947998
1741033512858007800,307.6930078125,0.6677320599555969,-5.822161674499512,5.740758419036865
1741033512868108500,307.7031086425781,0.8470951914787292,-5.750924110412598,5.7276177406311035
1741033512878209300,307.7132092285156,1.2797141075134277,-5.700697422027588,5.312568664550781
1741033512888310300,307.7233103027344,1.688755750656128,-5.632501125335693,4.579562187194824
1741033512898411000,307.73341088867187,1.9303232431411743,-5.355806350708008,3.814084529876709
1741033512908511700,307.74351171875,2.2052102088928223,-4.768519878387451,3.3434669971466064
1741033512918612700,307.75361279296874,2.3295135498046875,-3.9182138442993164,3.1887600421905518
1741033512928713500,307.76371337890623,2.339646816253662,-2.7821459770202637,3.342592239379883
1741033512938814500,307.773814453125,2.4682130813598633,-1.3184032440185547,3.688697576522827
1741033512948915200,307.7839152832031,2.5415899753570557,0.5040988922119141,3.9770121574401855
1741033512959016000,307.79401586914065,2.321702003479004,2.385805130004883,4.0987958908081055
1741033512969117000,307.80411694335936,1.9309377670288086,4.350235939025879,3.8797218799591064
1741033512979217700,307.8142177734375,0.7081271409988403,6.313401222229004,3.5901694297790527
1741033512989318700,307.8243186035156,-0.660232424736023,7.460847854614258,2.8876445293426514
1741033512999419400,307.8344194335937,-2.036795139312744,6.674089431762695,1.6105802059173584
1741033513009520000,307.8445200195313,-3.6114554405212402,4.651700973510742,-0.04700160026550293
1741033513019621000,307.85462109375,-4.264142990112305,3.2794790267944336,-1.561813235282898
1741033513029721900,307.86472192382814,-2.5098564624786377,3.395000457763672,-4.333145618438721
1741033513039822600,307.87482250976564,-4.0924153327941895,3.4022254943847656,-6.88109016418457
1741033513049922800,307.8849228515625,-4.642735481262207,3.0819082260131836,-7.887347221374512
1741033513060023600,307.8950234375,-2.0037670135498047,0.7073030471801758,-9.22900676727295
1741033513070124300,307.9051242675781,5.118162155151367,-3.458043098449707,-11.2518892288208
1741033513080225300,307.9152253417969,13.104692459106445,-5.017805576324463,-11.675437927246094
1741033513090326000,307.9253259277344,15.672423362731934,-2.5156493186950684,-7.305319786071777
1741033513100426800,307.9354267578125,11.954479217529297,0.8370790481567383,-3.1815223693847656
1741033513110527700,307.94552783203125,8.524158477783203,3.006180763244629,-0.9263981580734253
1741033513120628500,307.95562841796874,5.298468589782715,4.467865943908691,1.190979242324829
1741033513130729500,307.9657294921875,1.9440367221832275,4.732556343078613,2.0551669597625732
1741033513140830200,307.9758303222656,-0.5957953929901123,3.441288948059082,1.169036626815796
1741033513150931000,307.9859309082031,-1.8273487091064453,2.6335010528564453,0.02248859405517578
1741033513161032000,307.99603198242187,-1.8470549583435059,2.981015205383301,-0.6812710762023926
1741033513171132700,308.00613256835936,-0.5849065780639648,4.2728376388549805,-0.6449429988861084
1741033513181233400,308.0162333984375,-0.32796669006347656,5.695032119750977,-0.1689434051513672
1741033513191334400,308.02633447265623,-1.1525038480758667,6.666648864746094,0.48669934272766113
1741033513201435100,308.0364350585937,-1.6819190979003906,6.655488967895508,1.2302265167236328
1741033513211536100,308.0465361328125,-1.253403902053833,5.343591690063477,1.8749144077301025
1741033513221636900,308.05663696289065,-1.2043874263763428,3.728949546813965,2.1551918983459473
1741033513231737600,308.06673754882814,-1.6380584239959717,2.2316198348999023,2.13803768157959
1741033513241838600,308.07683862304685,-2.111243486404419,0.9448947906494141,2.179577350616455
1741033513251939300,308.08693920898435,-2.322352170944214,-0.3246440887451172,2.3019180297851562
1741033513262040300,308.0970402832031,-2.3685991764068604,-1.4730520248413086,2.4817404747009277
1741033513272141000,308.1071411132813,-2.2178616523742676,-2.4762954711914062,2.6363179683685303
1741033513282241800,308.11724169921877,-2.112292528152466,-3.387148857116699,2.7204511165618896
1741033513292342800,308.1273427734375,-2.079096555709839,-4.036453723907471,2.816861152648926
1741033513302443500,308.13744360351564,-1.9973931312561035,-4.5561065673828125,2.9141592979431152
1741033513312543700,308.14754370117186,-1.8963778018951416,-4.9835124015808105,2.936523199081421
1741033513322644500,308.15764453125,-1.8103454113006592,-5.3468780517578125,2.9393155574798584
1741033513332745200,308.1677451171875,-1.8171603679656982,-5.667633056640625,2.8782873153686523
1741033513342846000,308.1778459472656,-1.7893567085266113,-5.935656547546387,2.8402018547058105
1741033513352947000,308.1879470214844,-1.7400670051574707,-6.132040023803711,2.798159599304199
1741033513363047700,308.19804760742187,-1.6720366477966309,-6.163623809814453,2.75805401802063
1741033513373148400,308.2081484375,-1.56736159324646,-6.026020050048828,2.6919219493865967
1741033513383249400,308.21824951171874,-1.4420089721679688,-5.659024238586426,2.628783941268921
1741033513393350100,308.22835009765623,-1.3484219312667847,-5.141209602355957,2.569321632385254
1741033513403451100,308.238451171875,-1.4217127561569214,-4.466917991638184,2.4807677268981934
1741033513413551900,308.2485517578125,-1.5502830743789673,-3.630445957183838,2.4232401847839355
1741033513423652900,308.25865283203126,-1.8870985507965088,-2.7915148735046387,2.4429032802581787
1741033513433826000,308.2688259277344,-2.3859732151031494,-1.9097418785095215,2.4652998447418213
1741033513444129500,308.27912963867186,-3.3901546001434326,-0.8729248046875,2.37302565574646
1741033513454432300,308.28943237304685,-4.61509895324707,0.2612295150756836,2.1665525436401367
1741033513464637200,308.29963720703125,-5.212416648864746,1.1684207916259766,1.9507721662521362
1741033513474751000,308.3097509765625,-5.248603820800781,1.8361787796020508,1.6829562187194824
1741033513484851700,308.3198518066406,-4.7554121017456055,2.376628875732422,1.6372294425964355
1741033513494952400,308.32995239257815,-3.999527931213379,2.7487220764160156,1.642043948173523
1741033513505053400,308.34005346679686,-2.813797950744629,3.124998092651367,1.636439561843872
1741033513515154200,308.350154296875,-2.224144220352173,3.638011932373047,1.542807698249817
1741033513525255200,308.3602551269531,-1.8408206701278687,4.094297409057617,1.2342281341552734
1741033513535356000,308.3703559570312,-1.5988973379135132,4.229783058166504,0.6150935888290405
1741033513545456600,308.3804565429688,-1.3802270889282227,4.152590751647949,-0.09616744518280029
1741033513555557600,308.3905576171875,-1.4617323875427246,4.048846244812012,-0.9190769195556641
1741033513565658400,308.40065844726564,-1.6306272745132446,3.802806854248047,-1.8527617454528809
1741033513575759000,308.41075903320314,-1.805382251739502,3.442009925842285,-2.966495990753174
1741033513585860000,308.4208601074219,-1.8662478923797607,3.1386022567749023,-3.7155933380126953
1741033513595961300,308.4309614257813,-1.613631010055542,3.2048025131225586,-4.806077480316162
1741033513606061800,308.4410617675781,-1.3298697471618652,4.068935394287109,-5.075136184692383
1741033513616269000,308.45126904296876,-0.601105272769928,4.869739532470703,-4.088718891143799
1741033513626442200,308.4614421386719,0.6710755825042725,4.688586235046387,-3.0030527114868164
1741033513636674600,308.4716745605469,1.7495474815368652,3.4320669174194336,-2.638118267059326
1741033513646978000,308.48197802734376,2.0790317058563232,1.6031742095947266,-2.160937786102295
1741033513657154000,308.49215405273435,2.1645214557647705,-0.21221446990966797,-1.975045084953308
1741033513667260400,308.5022604980469,2.814917802810669,-1.1811027526855469,-2.014845371246338
1741033513677361400,308.512361328125,3.2286622524261475,-1.073232650756836,-1.930030107498169
1741033513687462100,308.5224621582031,3.6385202407836914,0.03338909149169922,-1.7249919176101685
1741033513697563100,308.53256323242186,4.432000160217285,1.8678579330444336,-1.2111176252365112
1741033513707664000,308.54266381835936,4.646548748016357,3.509505271911621,-0.39526522159576416
1741033513717764600,308.5527646484375,4.412403583526611,4.186593055725098,0.34740960597991943
1741033513727865600,308.5628654785156,4.6561360359191895,4.000885963439941,1.0002357959747314
1741033513737966000,308.5729660644531,5.1823954582214355,3.2240962982177734,1.0803658962249756
1741033513748066300,308.58306640625,4.683082103729248,2.0834407806396484,0.34205782413482666
1741033513758167300,308.5931672363281,3.085214138031006,0.8741006851196289,-0.15711760520935059
1741033513768268000,308.60326806640626,1.8073910474777222,-0.3990182876586914,-0.4058891534805298
1741033513778368800,308.61336865234375,0.7299306392669678,-1.4516887664794922,-0.5100302696228027
1741033513788469800,308.6234697265625,-0.17721852660179138,-2.164177894592285,-0.32803022861480713
1741033513798570500,308.6335705566406,-0.6489090919494629,-2.7422986030578613,-0.03531348705291748
1741033513808671200,308.6436711425781,-1.0778130292892456,-3.4003567695617676,0.1924912929534912
1741033513818772200,308.6537722167969,-1.419783592224121,-3.910031795501709,0.4959128499031067
1741033513828873000,308.663873046875,-1.576699137687683,-4.481162071228027,0.8168305158615112
1741033513838974000,308.67397387695314,-1.444455623626709,-5.063510417938232,1.0144840478897095
1741033513849074700,308.68407470703124,-1.1535035371780396,-5.62921667098999,1.1679484844207764
1741033513859175400,308.6941755371094,-0.8525091409683228,-5.829866409301758,1.8259273767471313
1741033513869276400,308.7042763671875,-0.46174538135528564,-5.650756359100342,2.8584752082824707
1741033513879377200,308.7143771972656,-0.06338679790496826,-5.802708148956299,3.328953504562378
1741033513889478000,308.7244777832031,0.29267120361328125,-5.917219161987305,3.61515736579895
1741033513899579000,308.73457885742187,0.5553450584411621,-5.93951416015625,3.8250954151153564
1741033513909679600,308.7446796875,0.8013839721679688,-5.867071151733398,3.947312355041504
1741033513919780600,308.7547805175781,1.0289427042007446,-5.716040134429932,4.130993843078613
1741033513929881300,308.7648813476562,1.1319823265075684,-5.591956615447998,4.141554832458496
1741033513939982000,308.7749821777344,1.185150384902954,-5.369449615478516,3.935027599334717
1741033513950083000,308.7850830078125,0.9826247692108154,-5.1926398277282715,3.55295991897583
1741033513960183800,308.79518383789065,0.9577386379241943,-4.964563846588135,3.10298752784729
1741033513970284800,308.80528491210936,1.0349578857421875,-4.6206254959106445,2.7150771617889404
1741033513980385500,308.81538549804685,1.3629300594329834,-4.145027160644531,2.5434324741363525
1741033513990486300,308.825486328125,1.7432937622070312,-3.4112138748168945,2.5989418029785156
1741033514000587300,308.8355871582031,2.17421817779541,-2.296351909637451,2.7977330684661865
1741033514010688000,308.84568798828127,2.4098119735717773,-0.5103940963745117,3.02714204788208
1741033514020788000,308.8557880859375,2.6031126976013184,1.5295124053955078,3.4651198387145996
1741033514030889000,308.86588891601565,2.244370460510254,3.8431921005249023,3.689671039581299
1741033514040989700,308.87598974609375,1.8174763917922974,5.98116397857666,3.469315528869629
1741033514051090400,308.88609033203124,0.10856103897094727,7.299221038818359,2.5471432209014893
1741033514061191400,308.89619140625,-1.4954454898834229,6.840335845947266,0.9099464416503906
1741033514071292200,308.9062922363281,-2.039620876312256,5.013413429260254,-1.4061497449874878
1741033514081393000,308.9163928222656,-2.8350424766540527,3.579904556274414,-3.9019808769226074
1741033514091494000,308.9264938964844,-5.073040008544922,2.755032539367676,-8.100300788879395
1741033514101594600,308.9365947265625,-4.272709369659424,1.3490934371948242,-12.662242889404297
1741033514111695600,308.94669555664063,-0.16075801849365234,-0.5750255584716797,-15.03226089477539
1741033514121796400,308.95679638671874,4.356756210327148,-0.2698211669921875,-10.826964378356934
1741033514131897000,308.96689697265623,8.43407154083252,1.3382186889648438,-4.8459014892578125
1741033514141998000,308.976998046875,9.826628684997559,3.553619384765625,-1.189598560333252
1741033514152098800,308.9870988769531,5.938593864440918,5.903532028198242,-0.10033607482910156
1741033514162199600,308.99719946289065,4.731497764587402,6.419341087341309,0.5347579717636108
1741033514172300500,309.00730053710936,4.044449806213379,5.470985412597656,1.2926732301712036
1741033514182401300,309.0174013671875,2.254775047302246,4.233565330505371,0.8245532512664795
1741033514192502300,309.0275021972656,0.6743419170379639,3.6751766204833984,-0.4351668357849121
1741033514202603000,309.0376030273438,-0.5423526763916016,3.994577407836914,-1.4858994483947754
1741033514212703700,309.0477038574219,-0.9137520790100098,4.835686683654785,-1.6535191535949707
1741033514222804700,309.0578046875,-0.7523926496505737,6.033449172973633,-0.6781773567199707
1741033514232905500,309.06790551757814,-0.2130434513092041,6.993868827819824,0.9553085565567017
1741033514243006500,309.07800634765624,0.2214648723602295,7.109908103942871,2.335808753967285
1741033514253107200,309.0881071777344,-0.05721259117126465,6.107857704162598,2.755178451538086
1741033514263208000,309.0982080078125,-0.5997927188873291,4.194488525390625,2.4086239337921143
1741033514273309000,309.1083088378906,-0.9807971715927124,2.2737836837768555,2.118924617767334
1741033514283409700,309.11840966796876,-1.320622205734253,0.7739410400390625,1.9309954643249512
1741033514293510000,309.12851000976565,-1.6669307947158813,-0.5079841613769531,1.8953475952148438
1741033514303610600,309.13861059570314,-1.8327922821044922,-1.5710387229919434,2.170630693435669
1741033514313711400,309.14871142578124,-1.756870150566101,-2.5379605293273926,2.5327770709991455
1741033514323812000,309.15881201171874,-1.3681882619857788,-3.4393839836120605,2.8205835819244385
1741033514333913000,309.1689130859375,-1.1002544164657593,-4.247497081756592,2.9174509048461914
1741033514344013800,309.1790139160156,-0.9393647313117981,-4.904000282287598,2.9404773712158203
1741033514354114600,309.1891145019531,-0.7789894342422485,-5.433868408203125,2.98586368560791
1741033514364215600,309.19921557617187,-0.8547492027282715,-5.836686134338379,3.0367929935455322
1741033514374316300,309.20931640625,-1.023306965827942,-6.228370666503906,2.9567489624023438
1741033514384417300,309.2194172363281,-1.2066409587860107,-6.470898151397705,2.9502782821655273
1741033514394518000,309.22951806640623,-1.3381596803665161,-6.65863037109375,2.9653472900390625
1741033514404618800,309.2396186523437,-1.3096792697906494,-6.737224578857422,2.9943299293518066
1741033514414719700,309.2497197265625,-1.272312879562378,-6.71211051940918,3.0337817668914795
1741033514424820500,309.25982055664065,-1.2063401937484741,-6.478663444519043,3.052980661392212
1741033514434921500,309.26992138671875,-1.2830469608306885,-6.089076042175293,2.9572958946228027
1741033514445022200,309.28002221679685,-1.2974544763565063,-5.569001197814941,2.788353443145752
1741033514455123000,309.290123046875,-1.3332077264785767,-5.014435768127441,2.5306615829467773
1741033514465224000,309.3002238769531,-1.5695534944534302,-4.369690418243408,2.344780921936035
1741033514475324700,309.31032470703127,-1.9941260814666748,-3.6522703170776367,2.3092713356018066
1741033514485425400,309.32042529296876,-2.488821029663086,-2.8441152572631836,2.2636334896087646
1741033514495526400,309.3305263671875,-2.8077478408813477,-1.9852619171142578,2.258439064025879
1741033514505627100,309.34062719726563,-2.959913492202759,-1.1123380661010742,2.1448731422424316
1741033514515728100,309.35072802734373,-3.02109432220459,-0.31113338470458984,2.01149845123291
1741033514525828900,309.3608288574219,-3.054871082305908,0.4101276397705078,1.8787424564361572
1741033514535929600,309.3709296875,-2.997176170349121,1.2829723358154297,1.7848482131958008
1741033514546030600,309.3810305175781,-2.8370110988616943,2.4309301376342773,1.7786993980407715
1741033514556131300,309.39113134765626,-2.5879576206207275,3.8877248764038086,1.7374998331069946
1741033514566231800,309.40123168945314,-2.1966731548309326,5.23353385925293,1.6542329788208008
1741033514576332500,309.41133251953124,-1.4039127826690674,5.746331214904785,1.0082037448883057
1741033514586433500,309.42143359375,-0.02676481008529663,5.5638933181762695,-0.149236798286438
1741033514596665300,309.43166528320313,0.8383857011795044,4.929656982421875,-1.783093810081482
1741033514606968800,309.44196875,0.8676859140396118,4.534475326538086,-3.176793098449707
1741033514617271000,309.4522709960938,0.4592636227607727,4.495462417602539,-4.085507392883301
1741033514627428400,309.4624284667969,0.4456467628479004,4.649322509765625,-5.143310546875
1741033514637531400,309.47253149414064,1.3402135372161865,4.657608985900879,-6.958448886871338
1741033514647632100,309.48263208007813,2.947929859161377,5.1547441482543945,-7.315960884094238
1741033514657732900,309.49273291015623,5.197665691375732,5.796405792236328,-6.61017370223999
1741033514667833900,309.5028337402344,6.08130407333374,6.101146697998047,-4.894349575042725
1741033514677934600,309.5129345703125,5.446708679199219,5.479208946228027,-3.1143689155578613
1741033514688035600,309.52303564453126,3.9666330814361572,3.188178062438965,-2.24129319190979
1741033514698136300,309.53313623046876,2.208510398864746,0.48666954040527344,-2.117361068725586
1741033514708237000,309.54323706054686,1.4634060859680176,-1.6492033004760742,-1.985291600227356
1741033514718338000,309.5533381347656,0.9866859316825867,-2.4980483055114746,-2.242697238922119
1741033514728438800,309.5634387207031,0.6523259878158569,-1.5126962661743164,-2.6272616386413574
1741033514738539500,309.5735395507813,0.8119876980781555,0.5924577713012695,-2.5980496406555176
1741033514748640500,309.583640625,1.0264716148376465,2.4058313369750977,-1.939883828163147
1741033514758741200,309.5937412109375,1.2819687128067017,3.229445457458496,-0.6371114253997803
1741033514768842200,309.60384228515625,1.521574854850769,2.8857784271240234,0.36503779888153076
1741033514778943000,309.61394287109374,1.7054579257965088,2.03952693939209,0.6823517084121704
1741033514789043700,309.6240437011719,1.7152577638626099,1.2057619094848633,0.4459843635559082
1741033514799144700,309.6341447753906,1.291874647140503,0.5600757598876953,0.11448490619659424
1741033514809245400,309.6442453613281,0.6458806395530701,-0.1682424545288086,-0.29558539390563965
1741033514819346200,309.65434619140626,0.026378870010375977,-1.036376953125,-0.7605243921279907
1741033514829447200,309.664447265625,-0.3875305950641632,-1.791635513305664,-0.8432924747467041
1741033514839548000,309.6745478515625,-0.7246228456497192,-2.361245632171631,-0.5503164529800415
1741033514849648600,309.6846486816406,-1.1945394277572632,-2.759221076965332,-0.0315852165222168
1741033514859748900,309.6947487792969,-1.2503595352172852,-2.9939961433410645,0.5832939147949219
1741033514869849600,309.704849609375,-1.1374735832214355,-3.5055904388427734,1.0674687623977661
1741033514879950300,309.7149504394531,-0.775524914264679,-4.253136157989502,1.417198896408081
1741033514890051300,309.72505126953126,-0.25823086500167847,-5.087403774261475,1.7314144372940063
1741033514900152000,309.73515209960937,0.10569238662719727,-5.7242889404296875,2.129685163497925
1741033514910253000,309.74525317382813,0.4218982458114624,-6.19443416595459,2.584975004196167
1741033514920353800,309.7553537597656,0.7337213754653931,-6.350523948669434,3.1706581115722656
1741033514930454500,309.7654545898437,0.824400782585144,-6.257837295532227,3.770630121231079
1741033514940555500,309.7755554199219,0.9132324457168579,-6.031379699707031,4.206357002258301
1741033514950656300,309.78565625,0.8730608224868774,-5.8563385009765625,4.406115531921387
1741033514960757200,309.79575732421876,0.7219008207321167,-5.74772310256958,4.538009166717529
1741033514970858000,309.80585791015625,0.656295895576477,-5.666977405548096,4.633585453033447
1741033514980958700,309.81595874023435,0.4369856119155884,-5.629277229309082,4.5134782791137695
1741033514991059700,309.8260598144531,0.15158283710479736,-5.500643730163574,4.237827777862549
1741033515001160400,309.8361604003906,0.10286307334899902,-5.2770676612854,3.71459698677063
1741033515011261200,309.84626123046877,0.3535950183868408,-4.7333574295043945,3.3202412128448486
1741033515021362200,309.85636206054687,0.6511349678039551,-3.852476119995117,3.3712010383605957
1741033515031463000,309.866462890625,0.8433922529220581,-2.704843521118164,3.714491844177246
1741033515041564000,309.87656396484374,1.0769891738891602,-1.247426986694336,4.131346702575684
1741033515051664600,309.88666455078123,1.1540899276733398,0.6298236846923828,4.49752140045166
1741033515061765400,309.8967653808594,1.0594475269317627,2.7114601135253906,4.574634075164795
1741033515071866400,309.9068664550781,0.46069490909576416,4.801953315734863,4.353598117828369
1741033515081967000,309.91696704101565,-0.6050629615783691,6.11461067199707,3.467052936553955
1741033515092067800,309.92706787109375,-2.0332741737365723,5.907122611999512,1.7851214408874512
1741033515102168800,309.9371689453125,-2.41304349899292,4.331543922424316,-0.19332706928253174
1741033515112269600,309.94726953125,-2.8162899017333984,3.1886558532714844,-2.447983741760254
1741033515122369500,309.95736962890624,-5.123566627502441,2.822935104370117,-5.0253586769104
1741033515132470500,309.9674704589844,-7.215147972106934,2.6916732788085938,-7.33851432800293
1741033515142571300,309.9775712890625,-5.400403022766113,1.4138154983520508,-10.520848274230957
1741033515152672000,309.9876721191406,0.2375650405883789,-0.9289321899414062,-13.746628761291504
1741033515162773000,309.99777294921876,5.73756217956543,-1.4444689750671387,-11.600854873657227
1741033515172873700,310.00787377929686,11.400372505187988,0.7371120452880859,-6.26242208480835
1741033515182974700,310.017974609375,14.874246597290039,3.9851694107055664,-2.6238198280334473
1741033515193075500,310.0280754394531,11.336089134216309,7.181946754455566,-1.135155200958252
1741033515203176200,310.0381762695313,8.13572883605957,7.900031089782715,0.05177712440490723
1741033515213277200,310.0482770996094,4.935694217681885,5.893869400024414,0.7706665992736816
1741033515223378000,310.0583779296875,1.8034541606903076,3.3911237716674805,-0.2557237148284912
1741033515233479000,310.06847900390625,-0.14995431900024414,2.557474136352539,-1.3842854499816895
1741033515243579600,310.07857958984374,-1.3564585447311401,2.991008758544922,-1.9042668342590332
1741033515253680400,310.0886804199219,-1.7517974376678467,4.191920280456543,-1.5215446949005127
1741033515263781400,310.0987814941406,-1.597656011581421,5.385249137878418,-0.3080315589904785
1741033515273882000,310.1088820800781,-1.2382675409317017,5.805360794067383,1.0656752586364746
1741033515283982800,310.11898291015626,-0.9128881692886353,5.405160903930664,2.0002963542938232
1741033515294083800,310.12908374023436,-0.8027002811431885,4.4008893966674805,2.124601364135742
1741033515304184600,310.1391845703125,-0.8493820428848267,3.150442123413086,1.6851696968078613
1741033515314285600,310.14928564453123,-0.9005167484283447,1.9408683776855469,1.3716787099838257
1741033515324386300,310.1593862304687,-1.0866726636886597,0.7274274826049805,1.3004518747329712
1741033515334487000,310.1694870605469,-1.2981882095336914,-0.5814189910888672,1.395729660987854
1741033515344588000,310.17958813476565,-1.4504420757293701,-1.8639607429504395,1.7206945419311523
1741033515354688800,310.18968872070315,-1.507032871246338,-2.959845542907715,2.018077850341797
1741033515364789500,310.19978955078125,-1.541267991065979,-3.847127914428711,2.2132492065429688
1741033515374890500,310.20989038085935,-1.4358776807785034,-4.573264122009277,2.3263378143310547
1741033515384990700,310.21999072265623,-1.282773494720459,-5.273646831512451,2.3938891887664795
1741033515395091200,310.2300913085937,-1.2062677145004272,-5.855112075805664,2.3842194080352783
1741033515405192200,310.2401921386719,-1.14808988571167,-6.35603141784668,2.4121744632720947
1741033515415293000,310.25029296875,-1.1668148040771484,-6.713812828063965,2.4315922260284424
1741033515425394000,310.26039379882815,-1.1101698875427246,-6.9116363525390625,2.466224431991577
1741033515435495400,310.27049536132813,-1.0133174657821655,-6.9847612380981445,2.508619546890259
1741033515445787100,310.280787109375,-0.911795973777771,-6.956718444824219,2.5209028720855713
1741033515456090600,310.2910905761719,-0.854805052280426,-6.6811842918396,2.564101219177246
1741033515466364200,310.3013642578125,-0.9687052965164185,-6.232876777648926,2.633373260498047
1741033515476492000,310.3114919433594,-1.1215949058532715,-5.525657653808594,2.7723727226257324
1741033515486592800,310.3215927734375,-1.2984564304351807,-4.619169235229492,2.9377481937408447
1741033515496693800,310.33169384765625,-1.7781260013580322,-3.620208740234375,3.0861573219299316
1741033515506794500,310.34179443359375,-2.4612183570861816,-2.4959793090820312,3.3553547859191895
1741033515516895200,310.35189526367185,-3.160853385925293,-1.4662699699401855,3.3909010887145996
1741033515526996200,310.3619963378906,-3.8648247718811035,-0.6848688125610352,3.1312708854675293
1741033515537097000,310.3720969238281,-4.05094575881958,-0.14040660858154297,2.681983709335327
1741033515547197700,310.38219775390627,-4.077132701873779,0.12145519256591797,2.2213430404663086
1741033515557298700,310.39229858398437,-3.9811978340148926,0.3742341995239258,1.9941673278808594
1741033515567399400,310.4023994140625,-3.8104896545410156,0.8137893676757812,1.9792087078094482
1741033515577500400,310.41250048828124,-3.5546188354492188,1.6126861572265625,2.016550302505493
1741033515587601200,310.42260107421873,-3.324157238006592,2.6545772552490234,2.058119773864746
1741033515597703000,310.4327028808594,-3.0001890659332275,3.926229476928711,2.0937042236328125
1741033515608006400,310.44300634765625,-2.581051826477051,5.027743339538574,1.9372740983963013
1741033515618310000,310.4533098144531,-1.8542792797088623,5.448367118835449,1.3418899774551392
1741033515628573000,310.46357299804686,-0.8107935786247253,5.195557594299316,0.4759484529495239
1741033515638699300,310.47369921875,0.06821796298027039,4.740619659423828,-0.9473397731781006
1741033515648800300,310.48380029296874,0.40934693813323975,4.169455528259277,-2.1253111362457275
1741033515658901000,310.49390087890623,-0.052064210176467896,3.8385562896728516,-3.396435260772705
1741033515669001700,310.5040017089844,-0.42990249395370483,3.6832542419433594,-4.277591705322266
1741033515679102700,310.5141027832031,-0.16298820078372955,3.7015695571899414,-5.4853410720825195
1741033515689203500,310.52420336914065,0.7195245623588562,4.084242820739746,-6.070089340209961
1741033515699304200,310.53430419921875,2.7123234272003174,4.351356506347656,-5.519907474517822
1741033515709405200,310.5444052734375,4.703879356384277,4.197572708129883,-4.549215316772461
1741033515719506000,310.554505859375,5.668826103210449,3.408637046813965,-3.1317977905273438
1741033515729606100,310.5646062011719,4.894606590270996,1.8329315185546875,-2.2317745685577393
1741033515739707000,310.5747067871094,3.831786632537842,-0.2421131134033203,-1.903549313545227
1741033515749807600,310.5848076171875,2.7182352542877197,-1.6772241592407227,-2.196027994155884
1741033515759908400,310.59490844726565,1.7723982334136963,-0.9543170928955078,-2.1194324493408203
1741033515770009300,310.60500927734375,1.0875078439712524,1.1482343673706055,-1.9644715785980225
1741033515780110000,310.61511010742186,1.717240333557129,3.1568498611450195,-1.5778894424438477
1741033515790211000,310.6252111816406,2.814584493637085,4.497642517089844,-0.6859743595123291
1741033515800311800,310.6353117675781,3.4010469913482666,4.972071647644043,0.5645369291305542
1741033515810412500,310.6454125976563,3.4052937030792236,4.509981155395508,1.3296412229537964
1741033515820513500,310.6555134277344,3.4878342151641846,3.430922508239746,1.2947208881378174
1741033515830614300,310.6656142578125,3.5041003227233887,2.27738094329834,0.6630443334579468
1741033515840715300,310.67571533203125,2.8823935985565186,1.088923454284668,-0.08864247798919678
1741033515850816000,310.68581591796874,0.7097364664077759,-0.03049755096435547,-0.4737175703048706
1741033515860916700,310.6959167480469,-1.0892359018325806,-1.077622413635254,-0.4380652904510498
1741033515871017700,310.7060178222656,-1.7562779188156128,-1.8566665649414062,0.04554438591003418
1741033515881118500,310.7161184082031,-1.7117424011230469,-2.1939144134521484,0.7858924269676208
1741033515891219200,310.72621923828126,-1.2094135284423828,-2.4269657135009766,1.6724846363067627
1741033515901320200,310.7363203125,-0.4576394557952881,-3.0107855796813965,2.2304482460021973
1741033515911421000,310.7464208984375,0.08097785711288452,-3.7728261947631836,2.509342670440674
1741033515921522000,310.75652197265623,0.22117340564727783,-4.718001842498779,2.6196911334991455
1741033515931622700,310.7666225585937,0.2336869239807129,-5.448460578918457,2.761463165283203
1741033515941723400,310.7767233886719,0.2024850845336914,-6.0930986404418945,2.8846640586853027
1741033515951824400,310.78682446289065,0.09067237377166748,-6.343787670135498,3.379204511642456
1741033515961925000,310.79692504882814,-0.02794516086578369,-6.376077651977539,3.8804712295532227
1741033515972025600,310.80702563476564,-0.0842210054397583,-6.435710906982422,4.158041477203369
1741033515982126000,310.8171259765625,-0.28271663188934326,-6.540767669677734,4.091640472412109
1741033515992226800,310.8272268066406,-0.5838922262191772,-6.55743408203125,3.9120635986328125
1741033516002327600,310.8373276367187,-0.7560973167419434,-6.565545082092285,3.637566089630127
1741033516012428500,310.8474284667969,-0.8382924795150757,-6.549898624420166,3.255171298980713
1741033516022529300,310.857529296875,-0.6466895341873169,-6.3004961013793945,2.8159115314483643
1741033516032630300,310.86763037109375,-0.11108505725860596,-5.808112621307373,2.4873440265655518
1741033516042731000,310.87773095703125,0.2981013059616089,-5.213828086853027,2.4345624446868896
1741033516052831700,310.88783178710935,0.7374945878982544,-4.54010534286499,2.479086399078369
1741033516062932700,310.8979326171875,1.083482027053833,-3.721005916595459,2.643242597579956
1741033516073033500,310.9080334472656,1.4225465059280396,-2.697556972503662,2.885528326034546
1741033516083134200,310.91813427734377,1.6210875511169434,-1.3537263870239258,3.2620787620544434
1741033516093235200,310.92823510742187,1.6049160957336426,0.142822265625,3.5893585681915283
1741033516103336000,310.9383359375,1.0238921642303467,1.8989782333374023,3.532538652420044
1741033516113437000,310.94843701171874,0.25705599784851074,4.085423469543457,3.3872358798980713
1741033516123537700,310.95853759765623,-0.48631513118743896,5.802594184875488,3.2275447845458984
1741033516133638400,310.9686384277344,-1.9259297847747803,6.203629493713379,2.122311592102051
1741033516143739400,310.9787395019531,-2.902940273284912,5.000253677368164,0.8934897184371948
1741033516153840000,310.98884008789065,-3.3660101890563965,3.2456789016723633,-0.40842902660369873
1741033516163940900,310.99894091796875,-4.149224281311035,2.756532669067383,-2.2376205921173096
1741033516174041900,311.00904174804685,-4.600167274475098,2.6212100982666016,-5.241674900054932
1741033516184142600,311.019142578125,-4.629319190979004,2.395562171936035,-8.232736587524414
1741033516194243600,311.0292436523437,-1.5820353031158447,0.6319265365600586,-12.538286209106445
1741033516204344300,311.0393442382813,6.624680519104004,-1.7024555206298828,-16.43228530883789
1741033516214445000,311.0494450683594,11.402570724487305,-0.37401390075683594,-10.628896713256836
1741033516224545300,311.05954516601565,16.290180206298828,2.6817216873168945,-3.9620089530944824
1741033516234646000,311.06964599609375,14.380492210388184,6.022300720214844,-0.9421249628067017
1741033516244746800,311.07974682617186,9.508516311645508,6.98103141784668,-0.3475087881088257
1741033516254847700,311.08984765625,5.867312908172607,5.163995742797852,0.18795108795166016
1741033516264948500,311.0999484863281,3.1439802646636963,2.97420597076416,0.9752539396286011
1741033516275049200,311.1100493164063,1.4461655616760254,1.9617414474487305,0.8340389728546143
1741033516285150200,311.1201501464844,0.032425642013549805,2.3352746963500977,0.7076870203018188
1741033516295251000,311.1302509765625,-0.8406529426574707,3.7311763763427734,1.0911870002746582
1741033516305352000,311.14035205078125,-1.0562667846679688,5.457772254943848,1.8218833208084106
1741033516315452700,311.15045263671874,-1.0850571393966675,6.660283088684082,2.6736204624176025
1741033516325553400,311.1605534667969,-1.193593144416809,6.996061325073242,3.381495952606201
1741033516335654400,311.170654296875,-1.437148094177246,6.29764461517334,3.562131881713867
1741033516345755100,311.1807551269531,-1.279232144355774,4.7335309982299805,3.1957790851593018
1741033516355856000,311.19085595703126,-1.168849229812622,3.053316116333008,2.6109278202056885
1741033516365956900,311.20095678710936,-1.255753517150879,1.3591136932373047,2.119459390640259
1741033516376057600,311.2110576171875,-1.822907567024231,-0.05269813537597656,1.8276340961456299
1741033516386158600,311.22115869140623,-2.3829567432403564,-1.1009464263916016,1.7104500532150269
1741033516396259300,311.2312592773437,-2.713420867919922,-1.9905242919921875,1.6600148677825928
1741033516406360000,311.2413601074219,-2.7867469787597656,-2.7651333808898926,1.7486575841903687
1741033516416461000,311.2514609375,-2.6714980602264404,-3.4225707054138184,1.9373266696929932
1741033516426561800,311.26156176757814,-2.530952215194702,-4.0086541175842285,2.126055955886841
1741033516436662500,311.27166259765625,-2.4798877239227295,-4.507104873657227,2.230475425720215
1741033516446763500,311.28176342773435,-2.417520046234131,-4.966293811798096,2.2617244720458984
1741033516456864000,311.2918640136719,-2.339514970779419,-5.353929042816162,2.2795262336730957
1741033516466964200,311.3019641113281,-2.2064781188964844,-5.637394905090332,2.2944085597991943
1741033516477065200,311.3120651855469,-2.0886309146881104,-5.8163347244262695,2.3485872745513916
1741033516487166000,311.322166015625,-2.0136687755584717,-5.863699436187744,2.360280990600586
1741033516497266700,311.3322666015625,-1.976135492324829,-5.835455894470215,2.3777520656585693
1741033516507367700,311.34236767578125,-1.9487428665161133,-5.65402889251709,2.3996801376342773
1741033516517468400,311.35246850585935,-1.999268651008606,-5.343864440917969,2.4311089515686035
1741033516527569400,311.3625693359375,-2.0912468433380127,-4.937762260437012,2.4413745403289795
1741033516537670100,311.3726701660156,-2.168506383895874,-4.444282531738281,2.4062860012054443
1741033516547771000,311.38277099609377,-2.1393086910247803,-3.903329849243164,2.3111066818237305
1741033516557871900,311.39287182617187,-2.1046242713928223,-3.253328800201416,2.1503663063049316
1741033516567972600,311.40297265625,-1.9690500497817993,-2.4951343536376953,2.0128588676452637
1741033516578073600,311.41307348632813,-1.7295125722885132,-1.6610040664672852,1.7631620168685913
1741033516588174300,311.42317431640623,-1.4793212413787842,-0.7967519760131836,1.4607840776443481
1741033516598275000,311.4332751464844,-1.5177013874053955,-0.08960437774658203,1.0605801343917847
1741033516608376000,311.4433759765625,-1.8273627758026123,0.5411014556884766,0.5997833609580994
1741033516618476800,311.45347680664065,-1.9536583423614502,1.3051643371582031,0.10246133804321289
1741033516628578000,311.463578125,-2.1241776943206787,2.0097761154174805,-0.1034003496170044
1741033516638774800,311.47377490234373,-2.1728310585021973,2.8847646713256836,0.004780769348144531
1741033516649078500,311.48407861328127,-2.1295595169067383,3.681788444519043,0.08454704284667969
1741033516659251500,311.4942514648437,-2.001260995864868,4.21621036529541,-0.05062508583068848
1741033516669222000,311.50422192382814,-1.7836823463439941,4.310629844665527,-0.44583916664123535
1741033516679430400,311.5144304199219,-1.8036011457443237,4.024930000305176,-0.9902549982070923
1741033516689734000,311.52473388671876,-1.6066830158233643,3.599212646484375,-1.8373749256134033
1741033516700036900,311.53503686523436,-1.394737958908081,3.443880081176758,-2.587010622024536
1741033516710338600,311.54533862304686,-0.8971541523933411,3.5192527770996094,-3.2146873474121094
1741033516720617000,311.5556169433594,0.3540318012237549,3.6330690383911133,-4.614099502563477
1741033516730726000,311.5657258300781,1.5837254524230957,4.472979545593262,-5.3160786628723145
1741033516740874800,311.5758747558594,3.3213260173797607,5.567906379699707,-4.973366737365723
1741033516750975500,311.5859755859375,6.512596130371094,6.304282188415527,-4.0832037925720215
1741033516761076500,311.59607641601565,6.80976676940918,6.499089241027832,-3.6577088832855225
1741033516771177200,311.60617724609375,5.305796146392822,5.317157745361328,-3.1555404663085938
1741033516781277700,311.61627758789064,3.8758625984191895,2.8127241134643555,-2.686537265777588
1741033516791378200,311.62637817382813,3.2659478187561035,0.3422708511352539,-2.595583438873291
1741033516801479000,311.63647900390623,2.2842283248901367,-1.192488670349121,-2.135251760482788
1741033516811580000,311.6465798339844,0.8216605186462402,-1.4726524353027344,-1.4361467361450195
1741033516821680600,311.6566806640625,0.09672576189041138,-0.8305950164794922,-1.1562178134918213
1741033516831781400,311.66678149414065,0.35364264249801636,0.2588682174682617,-0.7690259218215942
1741033516841882400,311.67688232421875,0.7615149021148682,1.5346717834472656,-0.2228226661682129
1741033516851983000,311.68698315429685,1.1276044845581055,2.470932960510254,0.6480069160461426
1741033516862083800,311.69708374023435,1.5178210735321045,2.7528629302978516,1.4362577199935913
1741033516872184800,311.7071848144531,1.7222548723220825,2.1848974227905273,1.614071249961853
1741033516882285600,311.7172856445313,1.5195730924606323,1.3992223739624023,1.3293761014938354
1741033516892386600,311.7273864746094,0.6598244905471802,0.6395320892333984,0.8484928607940674
1741033516902487300,311.7374873046875,0.22127202153205872,0.03549766540527344,0.7200741767883301
1741033516912588000,311.74758813476564,0.25767600536346436,-0.48081493377685547,0.8895796537399292
1741033516922689300,311.7576892089844,0.3976476192474365,-1.2578411102294922,1.1509733200073242
1741033516932874200,311.7678742675781,0.7220995426177979,-2.221804618835449,1.2068936824798584
1741033516943177700,311.778177734375,1.2554816007614136,-2.9650626182556152,0.9883924722671509
1741033516953480400,311.78848046875,1.5699671506881714,-3.451444625854492,0.7466802000999451
1741033516963675600,311.7986755371094,1.7127721309661865,-3.8127174377441406,0.7741405963897705
1741033516973787100,311.808787109375,1.4100966453552246,-4.088917255401611,1.054196834564209
1741033516983888000,311.81888793945313,1.0796527862548828,-4.528714179992676,1.4354171752929688
1741033516993988900,311.82898876953124,0.897449791431427,-5.007230281829834,1.991617202758789
1741033517004089600,311.8390895996094,0.8307589292526245,-5.443430423736572,2.5667409896850586
1741033517014190300,311.8491904296875,0.5602140426635742,-5.635123252868652,3.1268951892852783
1741033517024291300,311.8592912597656,0.36294877529144287,-5.5705366134643555,3.666581630706787
1741033517034392000,311.86939208984376,0.07256996631622314,-5.646529197692871,3.7900915145874023
1741033517044492800,311.87949291992186,-0.30081069469451904,-5.714184284210205,3.6135263442993164
1741033517054593000,311.88959301757814,-0.3360835313796997,-5.693937301635742,3.4423069953918457
1741033517064693800,311.89969384765624,-0.07983958721160889,-5.682455062866211,3.19661808013916
1741033517074794800,311.9097946777344,0.24819457530975342,-5.611970901489258,2.8680832386016846
1741033517084895500,311.9198955078125,0.6199562549591064,-5.340189456939697,2.547652006149292
1741033517094996200,311.9299963378906,0.9110003709793091,-4.799663543701172,2.2814996242523193
1741033517105097200,311.94009716796876,1.1496648788452148,-4.041067123413086,2.074096202850342
1741033517115198000,311.95019799804686,1.451444149017334,-3.238389492034912,1.9379768371582031
1741033517125299500,311.9602995605469,1.6668810844421387,-2.320234775543213,1.8888949155807495
1741033517135543800,311.9705437011719,1.8089330196380615,-1.1882085800170898,1.8811602592468262
1741033517145847300,311.98084741210937,1.7084202766418457,0.28481388092041016,1.7596373558044434
1741033517156150000,311.99114990234375,1.3418997526168823,1.8945531845092773,1.7896456718444824
1741033517166296000,312.0012961425781,1.0392664670944214,3.416903495788574,1.5295324325561523
1741033517176397000,312.01139697265626,0.3800528049468994,4.319170951843262,1.0351543426513672
1741033517186497800,312.02149780273436,-0.8451247215270996,4.090193748474121,0.04250013828277588
1741033517196598500,312.0315986328125,-1.81577730178833,3.2331600189208984,-1.5460824966430664
1741033517206699500,312.0416994628906,-1.189866542816162,2.475651741027832,-3.628333806991577
1741033517216800300,312.0518002929688,-1.6478790044784546,2.057729721069336,-5.171698093414307
1741033517226901200,312.0619013671875,-2.4089622497558594,1.9323434829711914,-6.149173736572266
1741033517237002000,312.072001953125,-1.895666241645813,2.271307945251465,-6.20895528793335
1741033517247102700,312.08210278320314,1.5231266021728516,1.2170801162719727,-6.275628089904785
1741033517257203700,312.09220361328124,7.221220970153809,-0.19550418853759766,-5.681795120239258
1741033517267304400,312.1023044433594,14.013530731201172,-1.7478971481323242,-4.605113983154297
1741033517277405200,312.1124052734375,15.661031723022461,-1.6506013870239258,-2.6510205268859863
1741033517287506200,312.1225061035156,10.731979370117188,1.2068939208984375,-1.2255067825317383
1741033517297607000,312.13260693359376,8.637443542480469,3.7806692123413086,-0.3182656764984131
1741033517307708000,312.1427080078125,6.836457252502441,5.542962074279785,0.2808408737182617
1741033517317807900,312.15280786132814,3.7743687629699707,6.791619300842285,1.1551778316497803
1741033517327908600,312.16290869140624,1.407444715499878,6.711172103881836,1.5821027755737305
1741033517338009300,312.17300927734374,0.003907203674316406,6.3538103103637695,1.6339805126190186
1741033517348110300,312.1831103515625,-0.3459165096282959,6.509188652038574,2.1228725910186768
1741033517358211000,312.1932111816406,-0.33937740325927734,7.039200782775879,3.1341404914855957
1741033517368312000,312.20331201171877,-0.28426384925842285,7.3399763107299805,4.3440775871276855
1741033517378412800,312.21341284179687,-0.967842698097229,6.916383743286133,5.197432041168213
1741033517388513500,312.22351342773436,-1.8768391609191895,5.740594863891602,5.405326843261719
1741033517398614800,312.23361474609374,-2.48675537109375,4.189155578613281,5.024909973144531
1741033517408799700,312.2437998046875,-2.752394676208496,2.7316713333129883,4.2852983474731445
1741033517419103500,312.254103515625,-2.5194005966186523,1.6117658615112305,3.504148483276367
1741033517429405700,312.26440576171876,-2.0103538036346436,0.5853652954101562,2.726846933364868
1741033517439600000,312.2746000976563,-1.916038155555725,-0.41785526275634766,2.359142303466797
1741033517449712400,312.28471240234376,-2.2491464614868164,-1.4326763153076172,2.266141891479492
1741033517459813400,312.2948134765625,-2.3816051483154297,-2.3332643508911133,2.255418539047241
1741033517469914000,312.3049140625,-2.350900173187256,-3.0936193466186523,2.293144941329956
1741033517480014800,312.3150148925781,-2.266604423522949,-3.8606863021850586,2.233753204345703
1741033517490115800,312.3251157226563,-2.217170238494873,-4.500783920288086,2.1239705085754395
1741033517500216600,312.3352165527344,-2.1823270320892334,-4.9393720626831055,2.029682159423828
1741033517510317300,312.3453173828125,-2.111114978790283,-5.28304386138916,1.9748352766036987
1741033517520418600,312.35541845703125,-1.959517240524292,-5.516096115112305,1.959222435951233
1741033517530519800,312.3655197753906,-1.9213428497314453,-5.659406661987305,1.9801559448242188
1741033517540691700,312.37569165039065,-1.9275540113449097,-5.706654071807861,2.0020480155944824
1741033517550995200,312.3859951171875,-1.9129968881607056,-5.603473663330078,1.973410964012146
1741033517561298000,312.3962978515625,-1.817636489868164,-5.300265312194824,1.9393447637557983
1741033517571503400,312.40650341796874,-1.623529314994812,-4.762125015258789,2.011138677597046
1741033517581617400,312.41661743164065,-0.430191308259964,-3.991041660308838,2.1193389892578125
1741033517591718100,312.42671826171875,1.3450428247451782,-3.2841272354125977,2.103372573852539
1741033517601819000,312.43681884765624,0.7108578681945801,-3.0795655250549316,1.4918525218963623
1741033517611920000,312.446919921875,-1.3886531591415405,-3.3024420738220215,0.6626191139221191
1741033517622020600,312.4570205078125,-3.2670702934265137,-3.3587303161621094,-0.26271045207977295
1741033517632121300,312.4671213378906,-4.732940196990967,-3.247264862060547,-0.9893863201141357
1741033517642222300,312.47722241210937,-5.569859027862549,-3.0428881645202637,-1.1423131227493286
1741033517652323000,312.48732299804686,-5.745640277862549,-2.8047261238098145,-0.7337274551391602
1741033517662423000,312.49742309570314,-5.672943115234375,-2.5158543586730957,-0.23370444774627686
1741033517672524000,312.50752392578124,-5.477401256561279,-1.9112167358398438,0.2556593418121338
1741033517682624800,312.5176247558594,-5.11406135559082,-0.8971118927001953,0.6444294452667236
1741033517692725500,312.5277255859375,-4.587030410766602,0.5234441757202148,1.2083735466003418
1741033517702826500,312.5378264160156,-3.871147632598877,2.1833057403564453,1.9451136589050293
1741033517712927200,312.54792724609376,-3.243036985397339,3.8423566818237305,2.634922981262207
1741033517723028200,312.5580283203125,-2.501504421234131,5.05269718170166,3.0946078300476074
1741033517733129000,312.56812890625,-1.4760808944702148,5.258493423461914,2.7685697078704834
1741033517743229700,312.5782297363281,-0.5783799290657043,5.050751686096191,1.948871374130249
1741033517753330700,312.5883305664062,-0.3611360788345337,4.659732818603516,0.758906900882721
1741033517763431400,312.5984313964844,-0.49607032537460327,4.173932075500488,-0.4490131139755249
1741033517773532200,312.6085322265625,-0.6547835469245911,4.027673721313477,-1.6932437419891357
1741033517783633200,312.61863305664065,0.09702646732330322,4.727311134338379,-2.8792901039123535
1741033517793734000,312.62873388671875,2.158726215362549,5.985101699829102,-4.509757041931152
1741033517803835000,312.6388349609375,2.5758352279663086,7.247956275939941,-6.28986120223999
1741033517813935600,312.648935546875,2.655689001083374,7.133915901184082,-6.3837127685546875
1741033517824036400,312.6590363769531,3.7527756690979004,4.706765174865723,-4.1147356033325195
1741033517834137300,312.6691374511719,4.38885498046875,1.8061590194702148,-1.924888014793396
1741033517844238000,312.67923803710937,3.848550796508789,-0.12665462493896484,-0.8371062278747559
1741033517854338600,312.68933862304686,2.568026065826416,-0.774444580078125,-0.7272505760192871
1741033517864439000,312.69943896484375,1.6059472560882568,-0.022108078002929688,-1.0207562446594238
1741033517874539800,312.70953979492185,0.9187519550323486,1.8746891021728516,-1.089565396308899
1741033517884640500,312.719640625,0.4457070231437683,4.085422515869141,-1.0998685359954834
1741033517894741500,312.7297414550781,1.311057448387146,5.395088195800781,-0.8213019371032715
1741033517904842200,312.73984228515627,2.8587117195129395,5.219903945922852,-0.1403501033782959
1741033517914943200,312.7499431152344,4.011478900909424,4.086313247680664,0.562812328338623
1741033517925044700,312.76004467773436,3.47206449508667,2.7495317459106445,0.9231557846069336
1741033517935145000,312.77014501953124,2.690713882446289,1.4531888961791992,0.652664303779602
1741033517945424600,312.78042456054686,1.3180046081542969,0.16614627838134766,-0.08113622665405273
1741033517955728100,312.79072802734373,-1.3436248302459717,-0.9651308059692383,-0.5836279392242432
1741033517966010600,312.8010107421875,-3.3567004203796387,-1.9118528366088867,-0.4143582582473755
1741033517976142000,312.81114208984377,-2.4425930976867676,-2.4059672355651855,0.542413592338562
1741033517986243000,312.8212431640625,0.06590833514928818,-2.6939258575439453,1.5263952016830444
1741033517996343800,312.83134375,1.0692023038864136,-3.0936641693115234,2.1225786209106445
1741033518006444500,312.84144458007813,1.7269700765609741,-3.44979190826416,2.433037042617798
1741033518016545500,312.8515456542969,2.3782100677490234,-3.8526148796081543,2.519742250442505
1741033518026646300,312.8616462402344,2.8533661365509033,-4.711294651031494,2.24296498298645
1741033518036747000,312.8717470703125,3.805263042449951,-5.276010513305664,2.668193817138672
1741033518046848000,312.88184790039065,3.4706854820251465,-5.6723737716674805,3.216745615005493
1741033518056948700,312.89194873046876,2.453059673309326,-5.741628646850586,3.75488018989563
1741033518067049700,312.9020498046875,1.4953796863555908,-5.6971755027771,4.22114896774292
1741033518077150500,312.912150390625,0.6057325601577759,-5.849156379699707,4.3697991371154785
1741033518087251200,312.9222512207031,-0.13824665546417236,-5.972825050354004,4.247059345245361
1741033518097351400,312.9323513183594,-0.7070268988609314,-6.151232719421387,3.9005074501037598
1741033518107452200,312.9424521484375,-0.7904298901557922,-6.44611120223999,3.474741220474243
1741033518117553000,312.9525529785156,-0.4938877820968628,-6.800845146179199,2.9014782905578613
1741033518127654000,312.96265380859376,0.07474720478057861,-7.068142890930176,2.201240062713623
1741033518137754600,312.97275463867186,0.4642469882965088,-6.99288272857666,1.7157520055770874
1741033518147855400,312.98285546875,0.8430420160293579,-6.57157039642334,1.3754862546920776
1741033518157956400,312.9929562988281,1.0689058303833008,-5.782517910003662,1.3332669734954834
1741033518168057000,313.0030571289063,1.1198604106903076,-4.907506465911865,1.2646331787109375
1741033518178158000,313.0131579589844,1.4690228700637817,-3.8483147621154785,1.322982668876648
1741033518188258800,313.0232587890625,1.7969043254852295,-2.4225244522094727,1.6335760354995728
1741033518198359600,313.03335961914064,1.810986042022705,-0.5320749282836914,1.960858702659607
1741033518208460500,313.04346044921874,1.940913438796997,2.2151479721069336,2.3992056846618652
1741033518218561300,313.0535612792969,1.7132900953292847,5.236730575561523,2.618483781814575
1741033518228662000,313.063662109375,0.4807283878326416,7.780003547668457,2.2599782943725586
1741033518238763000,313.0737629394531,-1.0140414237976074,8.24464225769043,0.6015927791595459
1741033518248863700,313.08386376953126,-0.9059403538703918,6.256436347961426,-2.1312389373779297
1741033518258964700,313.09396484375,-0.862425684928894,3.7877235412597656,-4.5139665603637695
1741033518269065500,313.1040654296875,-1.4714382886886597,2.383328437805176,-6.146343231201172
1741033518279166200,313.1141662597656,-1.4932703971862793,1.4637460708618164,-7.405543804168701
1741033518289267000,313.1242668457031,0.764742374420166,0.5286149978637695,-7.894759654998779
1741033518299367200,313.1343671875,5.046341896057129,-0.4259309768676758,-7.149278163909912
1741033518309468000,313.1444680175781,10.213518142700195,-0.5848474502563477,-5.063931941986084
1741033518319569000,313.15456884765626,14.981884002685547,0.4407978057861328,-2.2621192932128906
1741033518329669600,313.16466967773437,13.813920974731445,3.6534996032714844,-0.26004326343536377
1741033518339770400,313.17477026367186,10.426377296447754,6.430370330810547,0.5416855812072754
1741033518349871400,313.1848713378906,6.25557804107666,7.755572319030762,1.1871206760406494
1741033518359972000,313.19497216796873,2.069563627243042,7.262026786804199,1.441266655921936
1741033518370072800,313.2050727539062,-0.4448695182800293,6.789825439453125,1.186739206314087
1741033518380173800,313.215173828125,-1.0133898258209229,6.879358291625977,1.103835105895996
1741033518390274600,313.22527465820315,-0.6871912479400635,6.973987579345703,1.4322761297225952
1741033518400375600,313.23537548828125,-0.32728099822998047,6.91700553894043,2.4457974433898926
1741033518410476300,313.24547631835935,-0.6599504947662354,6.652234077453613,3.589735984802246
1741033518420577000,313.2555769042969,-1.3362399339675903,6.247690200805664,4.39711856842041
1741033518430678000,313.2656779785156,-2.0856852531433105,5.492881774902344,4.622523307800293
1741033518440778800,313.27577880859377,-2.599487066268921,4.271293640136719,4.207352161407471
1741033518450879700,313.2858796386719,-2.5949785709381104,2.9100217819213867,3.5392467975616455
1741033518460980500,313.29598046875,-2.5572991371154785,1.5525131225585938,2.857062339782715
1741033518471081200,313.30608129882813,-2.501887559890747,0.2393655776977539,2.442958354949951
1741033518481182500,313.3161823730469,-2.5183534622192383,-0.9915523529052734,2.3842523097991943
1741033518491343600,313.32634350585937,-2.495759963989258,-1.9500393867492676,2.4912710189819336
1741033518501552000,313.33655224609373,-2.529696464538574,-2.7999048233032227,2.6263649463653564
1741033518511574500,313.3465744628906,-2.4541807174682617,-3.4939961433410645,2.7491979598999023
1741033518521585000,313.3565849609375,-2.401191473007202,-4.045879364013672,2.771284341812134
1741033518531805000,313.3668049316406,-2.344465732574463,-4.543741703033447,2.796466588973999
1741033518542108400,313.3771083984375,-2.3278090953826904,-4.881939888000488,2.858320951461792
1741033518552411000,313.38741088867187,-2.2631003856658936,-5.131185531616211,2.8755552768707275
1741033518562577700,313.3975776367187,-2.195218563079834,-5.232377529144287,2.93109393119812
1741033518572683000,313.4076831054688,-1.2921292781829834,-5.100210666656494,3.0491580963134766
1741033518582783700,313.41778369140627,1.7432774305343628,-4.592450141906738,3.236845016479492
1741033518592884500,313.4278845214844,4.163399696350098,-4.199086666107178,3.342414379119873
1741033518602985500,313.4379853515625,3.13377046585083,-4.70688009262085,3.082528829574585
1741033518613086200,313.44808618164063,-0.1687173843383789,-5.645144939422607,2.453704833984375
1741033518623187200,313.4581872558594,-2.1005923748016357,-6.357254981994629,1.6934595108032227
1741033518633348600,313.4683486328125,-3.533951759338379,-6.3696208000183105,1.2866106033325195
1741033518643652000,313.47865209960935,-5.3748698234558105,-5.3926897048950195,1.1903964281082153
1741033518653954800,313.4889548339844,-7.054103851318359,-4.204761505126953,1.0848915576934814
1741033518664169500,313.49916943359375,-7.807308197021484,-3.462191581726074,1.0168362855911255
1741033518674285300,313.50928540039064,-7.380016803741455,-3.54557466506958,0.8054879903793335
1741033518684386000,313.51938598632813,-6.336071968078613,-4.0709757804870605,0.48905205726623535
1741033518694487000,313.5294870605469,-5.46666145324707,-4.450015544891357,0.4149515628814697
1741033518704587800,313.539587890625,-4.8863301277160645,-4.3672943115234375,0.5882096290588379
1741033518714687700,313.5496877441406,-4.986717224121094,-3.664895534515381,0.7982699871063232
1741033518724788500,313.55978857421877,-5.481826305389404,-2.4512319564819336,0.986842155456543
1741033518734889500,313.5698894042969,-6.185647010803223,-0.9252910614013672,1.2121047973632812
1741033518745003000,313.5800029296875,-6.698462963104248,1.03924560546875,1.8284869194030762
1741033518755306800,313.590306640625,-6.551623344421387,3.405263900756836,3.019256591796875
1741033518765610000,313.60060986328125,-5.315817832946777,5.584565162658691,4.688360214233398
1741033518775863300,313.61086328125,-3.432379961013794,7.144586563110352,6.138012409210205
1741033518785987600,313.6209875488281,-1.6161293983459473,7.370491981506348,6.346981525421143
1741033518796088300,313.63108837890627,-0.29595136642456055,6.173114776611328,5.142778396606445
1741033518806189300,313.6411892089844,0.04455411434173584,4.32578182220459,3.167384147644043
1741033518816290000,313.6512900390625,-0.09691572189331055,2.963667869567871,1.2022101879119873
1741033518826391000,313.66139111328124,-0.3746708631515503,2.7361907958984375,-0.591948390007019
1741033518836491800,313.67149169921873,1.807610034942627,3.500979423522949,-2.542471408843994
1741033518846592500,313.6815925292969,4.212705612182617,5.114394187927246,-4.081984043121338
1741033518856693500,313.6916936035156,4.386453628540039,6.452234268188477,-5.310477256774902
1741033518866794200,313.70179418945315,4.909285545349121,6.690206527709961,-5.386229038238525
1741033518876895000,313.71189501953126,5.604748725891113,5.690145492553711,-3.7525224685668945
1741033518886996000,313.72199584960936,6.8597517013549805,3.8074817657470703,-2.0993921756744385
1741033518897096700,313.7320966796875,6.876080513000488,1.4761323928833008,-1.874853253364563
1741033518907197700,313.7421977539062,5.9010515213012695,-0.4102773666381836,-2.225083351135254
1741033518917298400,313.7522983398438,4.581032752990723,-0.8425378799438477,-2.180148124694824
1741033518927399200,313.7623991699219,4.004093170166016,0.10251426696777344,-1.2930885553359985
1741033518937499100,313.7724990234375,4.825263023376465,0.9354972839355469,-1.1892259120941162
1741033518947600100,313.78260009765626,6.709556579589844,1.739781379699707,-0.9756178855895996
1741033518957700900,313.79270092773436,7.5461015701293945,2.2838544845581055,-0.054808616638183594
1741033518967801900,313.8028017578125,5.778563499450684,2.2186145782470703,0.2911520004272461
1741033518977902600,313.8129025878906,3.0068907737731934,1.6201791763305664,-0.024683356285095215
1741033518988003300,313.8230034179688,1.4836066961288452,0.9787406921386719,-0.44616854190826416
1741033518998104300,313.8331042480469,1.0285112857818604,0.12081527709960938,-0.45985472202301025
1741033519008205000,313.843205078125,1.2834372520446777,-0.585881233215332,0.025099635124206543
1741033519018306000,313.85330615234375,1.3269556760787964,-1.3409414291381836,0.7142695188522339
1741033519028407600,313.8634074707031,0.5834493637084961,-1.9984874725341797,1.123392105102539
1741033519038687500,313.8736875,-0.04675796627998352,-2.5891199111938477,1.1673409938812256
1741033519048991000,313.8839909667969,-0.0742761492729187,-2.905862331390381,0.9255815148353577
1741033519059274000,313.89427392578125,0.22168785333633423,-2.7969236373901367,0.5814166069030762
1741033519069404200,313.9044040527344,0.4108046889305115,-2.712996006011963,0.12021350860595703
1741033519079505000,313.9145048828125,0.2727668285369873,-2.741466999053955,-0.23050284385681152
1741033519089606000,313.92460595703125,-0.18790483474731445,-3.172604560852051,-0.124642014503479
1741033519099706600,313.93470654296874,-0.6146644949913025,-3.8798956871032715,0.2655307650566101
1741033519109807400,313.9448073730469,-0.7963054776191711,-4.678180694580078,0.7197285890579224
1741033519119908400,313.9549084472656,-0.8625356554985046,-5.213027477264404,1.152174711227417
1741033519130009000,313.9650090332031,-0.8636151552200317,-5.637798309326172,1.6086432933807373
1741033519140109300,313.975109375,-0.8898638486862183,-5.790999889373779,2.078364372253418
1741033519150210000,313.9852099609375,-0.8539646863937378,-5.753271102905273,2.4796862602233887
1741033519160310800,313.99531079101564,-0.7106903791427612,-5.697506904602051,2.674675464630127
1741033519170411500,314.00541162109374,-0.30137741565704346,-5.421115875244141,2.8769452571868896
1741033519180512500,314.0155124511719,0.1793828010559082,-5.0052313804626465,2.971064329147339
1741033519190613200,314.02561328125,0.404102087020874,-4.570416450500488,3.02376651763916
1741033519200714000,314.0357138671875,0.5069084167480469,-4.303051948547363,3.073760986328125
1741033519210815000,314.04581494140626,0.5968284606933594,-4.082830905914307,3.0196588039398193
1741033519220915700,314.05591577148436,0.8427879810333252,-3.7153444290161133,2.8122470378875732
1741033519231016700,314.0660166015625,0.9226751327514648,-3.142550468444824,2.632024049758911
1741033519241118200,314.0761181640625,0.7981903553009033,-2.4724597930908203,2.496999740600586
1741033519251278000,314.0862780761719,0.38309574127197266,-1.6507844924926758,2.3983500003814697
1741033519261581600,314.09658154296875,-0.13502180576324463,-0.6330547332763672,2.392012119293213
1741033519271884300,314.10688427734374,-0.6569356918334961,0.4721260070800781,2.4404053688049316
1741033519282099500,314.11709936523437,-0.9374749064445496,1.509016990661621,2.390794277191162
1741033519292215600,314.12721557617186,-1.139710783958435,2.186573028564453,2.006319284439087
1741033519302316500,314.13731665039063,-1.2181131839752197,2.463977813720703,1.3194382190704346
1741033519312417300,314.1474172363281,-1.1392319202423096,2.3367481231689453,0.22397583723068237
1741033519322518000,314.1575180664062,-1.1245167255401611,2.076610565185547,-1.2806334495544434
1741033519332619000,314.1676188964844,-1.8899048566818237,1.982187271118164,-3.579303741455078
1741033519342719000,314.1777189941406,-2.4210164546966553,1.7207059860229492,-6.20809268951416
1741033519352819700,314.18781982421876,-2.2277514934539795,1.2805719375610352,-10.000138282775879
1741033519362920700,314.19792065429687,-0.3914676904678345,1.319291114807129,-11.285189628601074
1741033519373021400,314.208021484375,3.765796661376953,2.50124454498291,-7.715200901031494
1741033519383122200,314.2181220703125,9.861355781555176,3.636630058288574,-2.973820209503174
1741033519393223200,314.2282231445312,14.58353042602539,4.3013505935668945,-0.52170729637146
1741033519403324000,314.2383239746094,10.56467056274414,6.0320281982421875,-0.3602283000946045
1741033519413425000,314.2484248046875,6.574606895446777,6.640002250671387,-0.642629861831665
1741033519423526000,314.25852587890626,4.577672004699707,5.394244194030762,-0.45346200466156006
1741033519433723000,314.2687229003906,2.574753761291504,4.682525634765625,-0.2843284606933594
1741033519444026400,314.2790263671875,1.0556187629699707,4.9268951416015625,-0.17446434497833252
1741033519454328800,314.2893288574219,-0.05274534225463867,5.92250919342041,0.3969719409942627
1741033519464514300,314.2995144042969,-0.8025634288787842,6.944606781005859,1.1409220695495605
1741033519474623700,314.3096237792969,-1.1314425468444824,7.474847793579102,1.937334656715393
1741033519484725200,314.31972534179687,-1.0277118682861328,7.378026962280273,2.379499912261963
1741033519494825700,314.32982568359375,-0.4214301109313965,6.258634567260742,2.0045788288116455
1741033519505117200,314.3401171875,-0.16705679893493652,4.373461723327637,0.8551803827285767
1741033519515420700,314.3504206542969,-0.5252718925476074,2.559183120727539,0.42514896392822266
1741033519525693400,314.360693359375,-1.3016518354415894,0.9894723892211914,0.5325357913970947
1741033519535823000,314.3708229980469,-1.8037333488464355,-0.18348979949951172,0.7516766786575317
1741033519545984300,314.380984375,-1.888826847076416,-1.1086950302124023,1.059529423713684
1741033519556287700,314.3912878417969,-1.8641247749328613,-1.9429831504821777,1.4047532081604004
1741033519566590500,314.4015905761719,-1.8560593128204346,-2.720487594604492,1.7166883945465088
1741033519576805000,314.41180517578124,-1.8521690368652344,-3.383175849914551,1.956849455833435
1741033519586921000,314.4219208984375,-1.8361918926239014,-3.9382190704345703,2.146029233932495
1741033519597021700,314.4320217285156,-1.7469900846481323,-4.395451068878174,2.25808048248291
1741033519607122000,314.4421218261719,-1.7023494243621826,-4.810752868652344,2.296694278717041
1741033519617222700,314.45222265625,-1.7035598754882812,-5.1507439613342285,2.3236334323883057
1741033519627323400,314.4623234863281,-1.7702525854110718,-5.413202285766602,2.3629539012908936
1741033519637424400,314.47242431640626,-1.708920955657959,-5.576679706573486,2.4056878089904785
1741033519647525000,314.48252514648436,-1.3186203241348267,-5.510103225708008,2.4590628147125244
1741033519657625900,314.4926259765625,-0.918848991394043,-5.175708293914795,2.4763848781585693
1741033519667726800,314.5027268066406,-1.141174554824829,-4.642723560333252,2.276515245437622
1741033519677827600,314.5128276367187,-1.3911505937576294,-4.049887657165527,1.9814393520355225
1741033519687928600,314.5229284667969,-1.6458706855773926,-3.675708293914795,1.7322715520858765
1741033519698029300,314.533029296875,-1.8329463005065918,-3.396282196044922,1.4512543678283691
1741033519708130000,314.54313012695314,-1.9960520267486572,-3.3304591178894043,1.1654187440872192
1741033519718231000,314.55323095703125,-2.337184190750122,-3.4638710021972656,0.8667089343070984
1741033519728331800,314.56333178710935,-3.056236505508423,-3.6027207374572754,0.636121928691864
1741033519738432800,314.5734328613281,-3.5069310665130615,-3.5852837562561035,0.4589967727661133
1741033519748533500,314.5835334472656,-3.980931043624878,-3.1204452514648438,0.5545399785041809
1741033519758634200,314.59363427734377,-4.4349164962768555,-2.2529373168945312,0.8749499320983887
1741033519768734500,314.603734375,-4.728630542755127,-1.1744308471679688,1.1804070472717285
1741033519778835200,314.61383520507815,-5.278189659118652,0.03528022766113281,1.4169048070907593
1741033519788936000,314.62393603515625,-5.57965087890625,1.4090652465820312,1.4908021688461304
1741033519799037000,314.63403686523435,-5.447175025939941,2.9053821563720703,1.775049090385437
1741033519809137700,314.6441376953125,-4.664994239807129,4.323579788208008,2.654653549194336
1741033519819238400,314.65423828125,-3.797168016433716,5.189872741699219,3.430464744567871
1741033519829339400,314.66433935546877,-2.8659284114837646,5.1586713790893555,3.561685085296631
1741033519839440100,314.67444018554687,-1.8926277160644531,4.225926399230957,2.8409016132354736
1741033519849540900,314.68454077148436,-1.3079947233200073,2.9975223541259766,1.4494562149047852
1741033519859641900,314.69464184570313,-1.2318886518478394,2.2176475524902344,0.2880007028579712
1741033519869742600,314.70474267578123,-1.4955415725708008,2.0228023529052734,-0.6962680816650391
1741033519879843600,314.7148435058594,-1.5774606466293335,1.9631900787353516,-1.8042434453964233
1741033519889944300,314.7249443359375,-1.8265113830566406,1.9199848175048828,-2.7252612113952637
1741033519900045000,314.73504516601565,-1.528777837753296,2.0817089080810547,-4.143988609313965
1741033519910146000,314.74514599609375,-0.7001309394836426,2.991122245788574,-5.869451522827148
1741033519920246800,314.75524682617186,0.9149787425994873,4.198904991149902,-6.591521263122559
1741033519930347000,314.76534692382813,4.608827590942383,4.485217094421387,-5.509071350097656
1741033519940447700,314.77544775390623,8.19853401184082,4.1273393630981445,-3.2718605995178223
1741033519950548500,314.7855485839844,6.868283748626709,3.7634572982788086,-1.1618000268936157
1741033519960649200,314.7956491699219,5.349198341369629,2.6814870834350586,-0.5350723266601562
1741033519970750200,314.8057502441406,4.169046401977539,1.167323112487793,-1.0202174186706543
1741033519980851000,314.81585083007815,2.880160331726074,0.40410614013671875,-2.001931667327881
1741033519990952000,314.82595190429686,1.9280571937561035,0.7930879592895508,-2.7332215309143066
1741033520001052700,314.836052734375,1.2733755111694336,1.9463281631469727,-2.6925153732299805
1741033520011153400,314.8461533203125,1.7923274040222168,2.860884666442871,-1.907565712928772
1741033520021254700,314.8562546386719,2.5335934162139893,3.2062063217163086,-0.710957407951355
1741033520031427600,314.8664274902344,2.8805108070373535,3.2444772720336914,0.7539054751396179
1741033520041731300,314.8767314453125,3.628906011581421,2.887989044189453,1.7916204929351807
1741033520052033800,314.88703369140626,2.9044394493103027,1.9096031188964844,1.6293022632598877
1741033520062238700,314.89723876953127,1.1892366409301758,0.8816547393798828,0.9597673416137695
1741033520072352500,314.9073525390625,-0.44604894518852234,0.08129596710205078,0.21062219142913818
1741033520082453200,314.9174533691406,-2.7388622760772705,-0.5818376541137695,-0.398067831993103
1741033520092554200,314.9275541992188,-2.605262517929077,-1.032151222229004,0.038275718688964844
1741033520102655000,314.9376550292969,-0.7300342321395874,-1.604074478149414,0.8145700693130493
1741033520112755000,314.9477548828125,0.9092444777488708,-2.325756549835205,1.5798633098602295
1741033520122856000,314.95785595703126,1.6808550357818604,-2.9587011337280273,2.132265567779541
1741033520132956700,314.96795678710936,2.144117832183838,-3.462650775909424,2.1903440952301025
1741033520143057400,314.97805737304685,2.7399637699127197,-3.8169360160827637,2.1012439727783203
1741033520153158400,314.9881584472656,3.549774169921875,-4.195091247558594,2.3997409343719482
1741033520163259100,314.9982590332031,3.613468647003174,-4.739229202270508,2.365401029586792
1741033520173359900,315.00835986328127,3.011415958404541,-5.308749675750732,2.3926239013671875
1741033520183460900,315.0184609375,2.005295753479004,-5.816192626953125,2.2993686199188232
1741033520193561600,315.0285615234375,1.0678834915161133,-6.125090599060059,2.209138870239258
1741033520203662600,315.03866259765624,0.4093911647796631,-6.313385486602783,2.0824732780456543
1741033520213763300,315.0487634277344,-0.05145692825317383,-6.4764790534973145,1.796357274055481
1741033520223864600,315.0588645019531,-0.33762359619140625,-6.746987342834473,1.4744296073913574
1741033520234097200,315.0690971679688,-0.4402167797088623,-6.894915580749512,1.2505261898040771
1741033520244400600,315.07940063476565,-0.3964266777038574,-6.737955093383789,1.4001884460449219
1741033520254702800,315.08970288085936,-0.31900453567504883,-6.2505388259887695,1.6974824666976929
1741033520264859400,315.099859375,-0.15833890438079834,-5.503081798553467,1.9988130331039429
1741033520274962400,315.10996240234374,-0.03170144557952881,-4.548835277557373,2.2206337451934814
1741033520285063200,315.1200632324219,0.1261063814163208,-3.4350948333740234,2.442185640335083
1741033520295163100,315.1301630859375,0.4170694351196289,-2.2176594734191895,2.642657518386841
1741033520305264000,315.1402641601563,0.6377757787704468,-0.8406734466552734,2.9113547801971436
1741033520315364900,315.15036474609377,0.6055139303207397,0.6640787124633789,3.032789468765259
1741033520325465600,315.1604655761719,0.10567700862884521,1.9997577667236328,2.8413007259368896
1741033520335566600,315.17056665039064,-0.269039511680603,2.9061927795410156,2.3739449977874756
1741033520345667300,315.18066723632813,-0.2111114263534546,2.897219657897949,1.301303744316101
1741033520355768000,315.19076806640624,0.14389240741729736,2.5087642669677734,0.05097043514251709
1741033520365869000,315.200869140625,0.20350158214569092,2.2963523864746094,-1.4862000942230225
1741033520375969800,315.2109697265625,-0.48673439025878906,2.6883134841918945,-3.0877645015716553
1741033520386070800,315.22107080078126,-1.1083440780639648,2.9720821380615234,-5.029354095458984
1741033520396171500,315.23117163085936,-0.04277658462524414,2.556553840637207,-7.025243282318115
1741033520406272300,315.24127221679686,3.170175790786743,1.473841667175293,-8.832453727722168
1741033520416373200,315.2513732910156,8.003705024719238,0.08545684814453125,-9.87416934967041
1741033520426474800,315.2614748535156,11.459370613098145,-0.2340860366821289,-8.072196960449219
1741033520436766700,315.2717666015625,11.376114845275879,1.1441888809204102,-3.9813919067382812
1741033520447070000,315.28207006835936,8.178813934326172,4.029305458068848,-0.6472913026809692
1741033520457342700,315.2923427734375,5.0936784744262695,6.791800498962402,0.5873616337776184
1741033520467471000,315.30247119140626,1.7396504878997803,8.873387336730957,1.2278245687484741
1741033520477571300,315.3125712890625,0.9063684940338135,8.190436363220215,1.6432833671569824
1741033520487672000,315.32267211914063,0.4498910903930664,6.101903915405273,0.8236479759216309
1741033520497773000,315.33277294921874,-0.09591221809387207,5.049057960510254,0.18948376178741455
1741033520507873800,315.3428737792969,-0.44087696075439453,5.387297630310059,0.4605356454849243
1741033520517974800,315.3529748535156,-0.6719164848327637,6.356778144836426,1.5717532634735107
1741033520528075500,315.3630754394531,-0.755886435508728,7.158879280090332,2.929746627807617
1741033520538176300,315.37317626953126,-1.1758421659469604,7.417133331298828,4.013154983520508
1741033520548277200,315.38327734375,-1.7818634510040283,6.61921501159668,4.283041000366211
1741033520558378800,315.3933786621094,-2.1668801307678223,4.807336807250977,3.8635268211364746
1741033520568646700,315.40364672851564,-2.1316349506378174,2.5765647888183594,3.0555765628814697
1741033520578950400,315.4139504394531,-1.8426330089569092,0.6250886917114258,2.2635490894317627
1741033520589242400,315.4242424316406,-1.625098705291748,-0.7869453430175781,1.7597087621688843
1741033520599375400,315.4343752441406,-1.8142105340957642,-1.925093650817871,1.5624351501464844
1741033520609476000,315.44447607421876,-2.1424083709716797,-2.8264479637145996,1.5591368675231934
1741033520619577000,315.4545771484375,-2.35090708732605,-3.5671706199645996,1.656493067741394
1741033520629677800,315.464677734375,-2.279017210006714,-4.142810821533203,1.800570011138916
1741033520639778300,315.4747783203125,-2.210609197616577,-4.611113548278809,1.9026896953582764
1741033520649878800,315.4848786621094,-2.0382168292999268,-4.965173721313477,1.9867184162139893
1741033520659979500,315.4949794921875,-1.9172449111938477,-5.272841930389404,2.0347847938537598
1741033520670080300,315.5050803222656,-1.8176172971725464,-5.483512878417969,2.094475030899048
1741033520680181200,315.51518115234376,-1.703575611114502,-5.647751808166504,2.1050305366516113
1741033520690282000,315.52528198242186,-1.6168828010559082,-5.698474884033203,2.0965542793273926
1741033520700383000,315.5353830566406,-1.6180715560913086,-5.569085121154785,2.1001358032226562
1741033520710483700,315.5454836425781,-1.6157042980194092,-5.246516227722168,2.2472965717315674
1741033520720584400,315.5555844726563,-1.6427874565124512,-4.804344177246094,2.402836322784424
1741033520730685400,315.565685546875,-1.773159384727478,-4.293574333190918,2.6315855979919434
1741033520740786200,315.5757861328125,-1.8901879787445068,-3.738213539123535,2.8180289268493652
1741033520750887000,315.58588696289064,-1.9545416831970215,-3.267263412475586,2.733672857284546
1741033520760988000,315.59598779296874,-1.8965036869049072,-2.985088348388672,2.473783493041992
1741033520771088600,315.6060886230469,-1.7802029848098755,-2.7978744506835938,2.152251958847046
1741033520781189400,315.616189453125,-1.8564952611923218,-2.5297293663024902,1.760784387588501
1741033520791289600,315.6262895507812,-2.174967050552368,-1.9146928787231445,1.304607629776001
1741033520801390300,315.6363903808594,-3.3329617977142334,-0.9753761291503906,0.6659451723098755
1741033520811491000,315.6464909667969,-4.803374767303467,0.21057415008544922,-0.011424779891967773
1741033520821592000,315.65659204101564,-5.756075382232666,1.5184621810913086,-0.4668428897857666
1741033520831692800,315.66669287109374,-5.866106033325195,2.8581972122192383,-0.6394000053405762
1741033520841793800,315.6767937011719,-5.702024936676025,4.027395248413086,-0.6724714040756226
1741033520851894500,315.68689453125,-5.246816635131836,4.823256492614746,-0.5328141450881958
1741033520861995300,315.6969953613281,-4.309741020202637,5.146101951599121,-0.2684377431869507
1741033520872096300,315.70709619140627,-2.9077062606811523,5.179756164550781,0.09237837791442871
1741033520882197000,315.71719702148437,-1.484151005744934,5.051840782165527,0.29085230827331543
1741033520892297700,315.72729760742186,-0.5943369269371033,4.7493791580200195,0.017878174781799316
1741033520902398700,315.7373986816406,-0.2545478045940399,4.437773704528809,-0.539446234703064
1741033520912499500,315.74749951171873,-0.3128345012664795,3.977752685546875,-1.1937839984893799
1741033520922600200,315.7576000976562,0.5658067464828491,3.1675758361816406,-2.103863477706909
1741033520932700400,315.7677004394531,3.218222141265869,2.5452117919921875,-2.577467918395996
1741033520942801200,315.77780126953127,4.588251113891602,2.4952239990234375,-3.2377233505249023
1741033520952902100,315.78790209960937,4.239312171936035,3.103970527648926,-3.724534034729004
1741033520963003000,315.7980029296875,3.7928810119628906,3.500027656555176,-3.4580678939819336
1741033520973103600,315.808103515625,4.008321762084961,2.556735038757324,-2.6067986488342285
1741033520983204600,315.81820458984373,4.164704322814941,0.9771919250488281,-2.1279993057250977
1741033520993305300,315.8283054199219,3.4705185890197754,-0.3358297348022461,-1.5885052680969238
1741033521003406000,315.8384060058594,2.3154895305633545,-0.743412971496582,-1.3181238174438477
1741033521013507000,315.84850708007815,1.9837520122528076,-0.20421791076660156,-1.2119323015213013
1741033521023607800,315.85860791015625,1.9165163040161133,1.1652917861938477,-0.7879152297973633
1741033521033708800,315.86870874023435,1.655868411064148,3.255978584289551,-0.6464201211929321
1741033521043809500,315.8788095703125,1.9219385385513306,5.104826927185059,-0.354388952255249
1741033521053910300,315.88891015625,2.2394161224365234,5.926403999328613,0.04722332954406738
1741033521064011300,315.8990112304688,2.696687698364258,5.631649017333984,0.2829841375350952
1741033521074111200,315.909111328125,2.693622589111328,4.529407501220703,0.2740875482559204
1741033521084212000,315.9192119140625,2.372331142425537,3.174302101135254,0.3883931636810303
1741033521094313000,315.92931298828125,2.1536574363708496,1.9792814254760742,0.5339860916137695
1741033521104413700,315.93941357421875,1.9991698265075684,0.9703836441040039,0.6454997062683105
1741033521114514400,315.94951440429685,1.6281818151474,0.03548908233642578,0.6957885026931763
1741033521124615400,315.9596154785156,1.315649151802063,-0.7265148162841797,0.7963986992835999
1741033521134716200,315.9697160644531,0.524991512298584,-1.3518047332763672,1.0532203912734985
1741033521144817000,315.97981689453127,-0.5265965461730957,-1.9065308570861816,1.4124276638031006
1741033521154918000,315.98991796875,-1.2564460039138794,-2.387575149536133,1.6491492986679077
1741033521165018600,316.0000185546875,-1.516457200050354,-2.9165263175964355,1.9434049129486084
1741033521175119600,316.01011962890624,-1.3599474430084229,-3.5154309272766113,2.409243583679199
1741033521185220400,316.0202204589844,-0.8673529624938965,-4.169125080108643,2.770556926727295
1741033521195321000,316.0303210449219,-0.738092839717865,-4.661525726318359,3.186249017715454
1741033521205421300,316.0404213867188,-0.37387147545814514,-4.921811103820801,3.6366772651672363
1741033521215522000,316.05052197265627,-0.16484397649765015,-5.152741432189941,3.9206748008728027
1741033521225622800,316.0606228027344,-0.21707040071487427,-5.543288707733154,4.115904331207275
1741033521235723800,316.07072387695314,-0.13681846857070923,-5.951337814331055,4.258641242980957
1741033521245824500,316.08082446289063,-0.21973817050457,-6.314718246459961,4.286149024963379
1741033521255962000,316.0909621582031,-0.06559097766876221,-6.693827152252197,3.7848262786865234
1741033521266265600,316.101265625,-0.018069326877593994,-7.090484619140625,3.129807949066162
1741033521276568600,316.11156860351565,0.08005976676940918,-7.128981590270996,2.696284294128418
1741033521286788000,316.1217880859375,0.3061061501502991,-6.974488258361816,2.3075525760650635
1741033521296905200,316.1319052734375,0.637682318687439,-6.458066463470459,2.130589008331299
1741033521307023400,316.1420234375,1.0931191444396973,-5.669049263000488,2.285053014755249
1741033521317123800,316.15212377929686,1.5654776096343994,-4.845046520233154,2.481184720993042
1741033521327224600,316.162224609375,1.945525884628296,-3.9587860107421875,2.717256784439087
1741033521337325600,316.1723256835937,2.129995822906494,-2.9929604530334473,2.92065691947937
1741033521347426300,316.1824262695313,2.057610511779785,-1.9188942909240723,2.896827220916748
1741033521357527300,316.19252734375,1.7136766910552979,-0.5304317474365234,2.581575393676758
1741033521367628000,316.2026279296875,0.937782347202301,1.335373878479004,2.0940232276916504
1741033521377728800,316.21272875976564,0.17787525057792664,3.246384620666504,1.5452072620391846
1741033521387829800,316.22282983398435,-1.4356662034988403,5.469505310058594,0.9249131679534912
1741033521397930500,316.2329304199219,-4.031989574432373,7.129915237426758,-0.29718124866485596
1741033521408031200,316.24303125,-4.041767120361328,6.887929916381836,-3.7841930389404297
1741033521418132500,316.2531325683594,-1.3327500820159912,4.577502250671387,-5.9108052253723145
1741033521428293600,316.26329370117185,-0.9840618968009949,3.1774606704711914,-6.533895969390869
1741033521438597000,316.2735971679688,-2.072575569152832,2.5794668197631836,-6.206592559814453
1741033521448899800,316.28389990234376,-1.2559614181518555,1.5260496139526367,-5.576725006103516
1741033521459114500,316.2941145019531,1.858734369277954,0.26659393310546875,-4.710002899169922
1741033521469230300,316.3042302246094,6.175049304962158,-0.3135395050048828,-3.702446937561035
1741033521479330600,316.3143305664062,11.18055534362793,0.16819477081298828,-2.5202877521514893
1741033521489431300,316.3244313964844,16.47249412536621,2.317551612854004,-1.437740445137024
1741033521499532000,316.3345319824219,14.279853820800781,5.813702583312988,-1.241399884223938
1741033521509632800,316.3446328125,11.062990188598633,7.352670669555664,-1.3184561729431152
1741033521519733800,316.35473364257814,8.022549629211426,5.473945617675781,-0.3535987138748169
1741033521529835300,316.3648352050781,3.8670244216918945,2.574467658996582,0.8509901762008667
1741033521540139000,316.3751389160156,1.2124481201171875,0.6671886444091797,1.693774700164795
1741033521550442200,316.38544213867186,-0.04868149757385254,-0.10546493530273438,2.1830949783325195
1741033521560705300,316.3957053222656,-0.3351705074310303,0.40604114532470703,2.585432529449463
1741033521570832000,316.4058317871094,-0.2050328254699707,2.121335983276367,3.132155656814575
1741033521580932600,316.4159326171875,-0.2583644390106201,4.004776954650879,3.6274447441101074
1741033521591033600,316.42603369140625,-0.7206199169158936,5.327780723571777,4.233997821807861
1741033521601134300,316.43613427734374,-1.2968014478683472,5.57089900970459,4.712426662445068
1741033521611235000,316.4462351074219,-1.3176673650741577,4.471078872680664,4.647550106048584
1741033521621336000,316.4563361816406,-0.8951056003570557,2.825674057006836,4.223107814788818
1741033521631436300,316.4664362792969,-0.8403312563896179,1.5652265548706055,3.624224901199341
1741033521641536800,316.4765368652344,-1.485734224319458,0.6298360824584961,2.921483039855957
1741033521651637800,316.4866376953125,-2.146908760070801,-0.4555511474609375,2.3081815242767334
1741033521661739300,316.4967392578125,-2.668976306915283,-1.4402942657470703,2.1109721660614014
1741033521672019200,316.50701928710936,-2.8593733310699463,-2.1917471885681152,2.136698007583618
1741033521682322700,316.5173227539062,-2.7020676136016846,-2.799119472503662,2.232093334197998
1741033521692605200,316.5276052246094,-2.600198745727539,-3.2340283393859863,2.271198034286499
1741033521702736000,316.5377358398438,-2.4954209327697754,-3.4270787239074707,2.34529709815979
1741033521712836600,316.5478366699219,-2.3874502182006836,-3.5668392181396484,2.427388906478882
1741033521722937600,316.5579375,-2.365571975708008,-3.773987293243408,2.420191526412964
1741033521733038300,316.56803833007814,-2.3404927253723145,-4.061558246612549,2.361309051513672
1741033521743139300,316.57813940429685,-2.289536237716675,-4.392307281494141,2.300997018814087
1741033521753240000,316.5882399902344,-2.222890853881836,-4.687339782714844,2.220287799835205
1741033521763340800,316.5983408203125,-2.1060431003570557,-4.876029968261719,2.1335654258728027
1741033521773441800,316.60844189453127,-2.0799145698547363,-4.938719272613525,2.0466084480285645
1741033521783542500,316.61854248046876,-2.17975115776062,-4.820600986480713,1.969770073890686
1741033521793642800,316.62864282226565,-2.2247133255004883,-4.577733516693115,1.9010182619094849
1741033521803743500,316.63874340820314,-2.2402496337890625,-4.254158020019531,1.8871772289276123
1741033521813844200,316.64884423828124,-2.3079991340637207,-3.8509445190429688,1.859838604927063
1741033521823945000,316.6589450683594,-2.5000102519989014,-3.3627099990844727,1.714767336845398
1741033521834046000,316.6690458984375,-2.587632656097412,-2.846107006072998,1.4170067310333252
1741033521844146700,316.6791467285156,-2.5929784774780273,-2.3813652992248535,1.0710060596466064
1741033521854247400,316.6892473144531,-2.61329984664917,-1.894284725189209,0.7782347202301025
1741033521864348400,316.69934838867186,-2.5530483722686768,-1.323094367980957,0.5112699270248413
1741033521874449200,316.70944921875,-2.4619297981262207,-0.6029634475708008,0.2642645835876465
1741033521884550100,316.7195500488281,-2.390048027038574,0.23656749725341797,0.07973039150238037
1741033521894651000,316.7296508789062,-2.3951010704040527,1.2005548477172852,-0.08559966087341309
1741033521904751600,316.7397517089844,-2.3844072818756104,2.2003164291381836,-0.24577438831329346
1741033521914852000,316.74985205078127,-2.3611905574798584,3.1323070526123047,-0.3672447204589844
1741033521924952600,316.75995263671877,-2.28804874420166,3.905366897583008,-0.6531885862350464
1741033521935053800,316.7700537109375,-2.317767858505249,4.422111511230469,-1.1401762962341309
1741033521945286400,316.78028637695314,-2.1580450534820557,4.729837417602539,-1.5794944763183594
1741033521955435500,316.790435546875,-1.8522499799728394,4.876980781555176,-2.015505313873291
1741033521965394200,316.8003942871094,-1.4320697784423828,4.920581817626953,-2.426150321960449
1741033521975650300,316.810650390625,-0.9898383617401123,4.815864562988281,-3.003582000732422
1741033521985953800,316.8209538574219,-0.3034846782684326,4.47149658203125,-3.9519710540771484
1741033521996255500,316.83125537109373,0.3133571743965149,4.47149658203125,-4.519290447235107
1741033522006557400,316.8415573730469,0.6965826749801636,4.855480194091797,-4.358659744262695
1741033522016859100,316.8518591308594,1.0221059322357178,5.171346664428711,-3.8404440879821777
1741033522027161000,316.8621611328125,1.5139175653457642,4.724735260009766,-3.1794071197509766
1741033522037462800,316.872462890625,2.0169708728790283,3.0045394897460938,-2.6652302742004395
1741033522047764700,316.8827646484375,1.5378615856170654,1.0884761810302734,-2.4253292083740234
1741033522058007800,316.8930078125,1.0155645608901978,-0.42475128173828125,-2.5535647869110107
1741033522068146000,316.90314599609377,0.8779683113098145,-1.2093448638916016,-2.3670620918273926
1741033522078246700,316.91324658203126,0.8416925668716431,-0.9159336090087891,-2.055164337158203
1741033522088347600,316.92334765625,0.9552181959152222,0.24349117279052734,-1.4332507848739624
1741033522098448400,316.93344848632813,1.2534120082855225,1.5754594802856445,-0.9644680023193359
1741033522108549400,316.94354931640623,1.5283031463623047,2.820084571838379,-0.5423305034637451
1741033522118650000,316.9536501464844,1.887622594833374,3.0797853469848633,0.037485361099243164
1741033522128751900,316.963751953125,2.3947339057922363,2.2553281784057617,0.4787226915359497
1741033522138862800,316.97386279296876,2.673854112625122,1.2145280838012695,0.6898101568222046
1741033522149166600,316.98416650390624,2.486414909362793,0.5411558151245117,0.5175966024398804
1741033522159469800,316.9944697265625,1.7488462924957275,-0.19258975982666016,0.07870709896087646
1741033522169723600,317.0047236328125,1.2468270063400269,-0.958343505859375,-0.10776221752166748
1741033522179848700,317.0148486328125,0.6267536878585815,-1.522444725036621,-0.11133337020874023
1741033522189949200,317.02494921875,0.15429569780826569,-2.208425998687744,-0.16270554065704346
1741033522200050000,317.0350498046875,-0.26200351119041443,-2.912613868713379,-0.16323578357696533
1741033522210150700,317.0451506347656,-0.6841471195220947,-3.376589775085449,0.22804367542266846
1741033522220252200,317.05525219726565,-1.09103524684906,-3.6705422401428223,0.8455243706703186
1741033522230472700,317.06547265625,-1.1312403678894043,-3.953662395477295,1.2709012031555176
1741033522240776200,317.07577612304686,-0.8066813945770264,-4.275718688964844,1.6566007137298584
1741033522251078400,317.08607836914064,-0.4212433397769928,-4.782623767852783,1.8681426048278809
1741033522261246000,317.0962458496094,-0.030372224748134613,-5.202622413635254,2.1083617210388184
1741033522271349500,317.106349609375,0.17360807955265045,-5.482833385467529,2.6332244873046875
1741033522281450500,317.1164504394531,0.26846033334732056,-5.532788276672363,3.2610931396484375
1741033522291551200,317.12655126953126,0.32235926389694214,-5.599514484405518,3.5985774993896484
1741033522301652000,317.13665185546876,0.1805703341960907,-5.873076915740967,3.5440378189086914
1741033522311753000,317.1467529296875,0.39599794149398804,-6.014113426208496,3.5723447799682617
1741033522321853700,317.1568537597656,0.7079817652702332,-5.817051887512207,3.7058539390563965
1741033522331954700,317.1669545898437,0.8465399742126465,-5.468960285186768,3.758188009262085
1741033522342055400,317.1770554199219,0.7674288749694824,-5.001434326171875,3.854201078414917
1741033522352156000,317.1871560058594,0.9047371745109558,-4.603915691375732,3.7520275115966797
1741033522362256100,317.1972561035156,1.2164263725280762,-4.18350076675415,3.467782974243164
1741033522372357000,317.20735717773437,1.4905879497528076,-3.5192666053771973,3.22257137298584
1741033522382457900,317.21745776367186,1.618959903717041,-2.511383533477783,3.150871515274048
1741033522392558800,317.2275588378906,1.7250076532363892,-1.236161231994629,3.2012717723846436
1741033522402659600,317.2376596679687,1.724348545074463,0.1668567657470703,3.1552391052246094
1741033522412760300,317.2477602539062,1.4176627397537231,1.7368736267089844,3.084423065185547
1741033522422861300,317.257861328125,0.6446071267127991,3.575871467590332,2.7790632247924805
1741033522432962000,317.26796215820315,-0.41334617137908936,5.345929145812988,2.070798635482788
1741033522443062800,317.27806274414064,-1.7229646444320679,6.131313323974609,0.7915881276130676
1741033522453163800,317.28816381835935,-3.0061841011047363,5.981529235839844,-2.012134552001953
1741033522463264500,317.2982644042969,-1.7529337406158447,4.666518211364746,-4.875897407531738
1741033522473365200,317.308365234375,-1.003514051437378,3.247626304626465,-5.802740573883057
1741033522483465500,317.3184655761719,-1.4587796926498413,2.449528694152832,-5.596084117889404
1741033522493566200,317.3285661621094,-0.6909955739974976,1.9206657409667969,-5.322514533996582
1741033522503667200,317.33866723632815,2.2994580268859863,1.2185821533203125,-4.943871021270752
1741033522513768000,317.34876782226564,6.051815032958984,0.4771766662597656,-4.339557647705078
1741033522523868700,317.35886865234374,10.4703950881958,0.03551959991455078,-4.19313383102417
1741033522533969700,317.3689697265625,15.255943298339844,-0.11671924591064453,-4.17943000793457
1741033522544070400,317.3790703125,14.724634170532227,1.6531076431274414,-3.5418457984924316
1741033522554171100,317.3891711425781,9.334171295166016,4.155521392822266,-2.59965181350708
1741033522564272600,317.39927270507815,7.09610652923584,4.933813095092773,-1.9097082614898682
1741033522574529000,317.4095290527344,4.747657775878906,4.7370405197143555,-0.5781502723693848
1741033522584642600,317.419642578125,1.7411713600158691,4.280831336975098,0.9395437836647034
1741033522594934300,317.42993432617186,0.1461174488067627,3.919109344482422,2.2986578941345215
1741033522605220900,317.44022094726563,-0.165924072265625,4.282773017883301,3.431885242462158
1741033522615369700,317.45036962890623,-0.1960088014602661,5.233420372009277,4.226593971252441
1741033522625470700,317.460470703125,-0.4105924367904663,6.204906463623047,4.834850788116455
1741033522635571500,317.4705715332031,-0.9679772853851318,6.556239128112793,5.167631149291992
1741033522645672400,317.48067236328126,-1.5419381856918335,6.073844909667969,5.207338809967041
1741033522655773200,317.49077319335936,-1.9383281469345093,4.857192039489746,4.983983993530273
1741033522665874000,317.5008740234375,-1.9578580856323242,3.006685256958008,4.402515411376953
1741033522675975000,317.5109748535156,-2.2515594959259033,1.0542163848876953,3.560840606689453
1741033522686075100,317.5210751953125,-2.346081256866455,-0.4494476318359375,2.759214401245117
1741033522696175600,317.5311755371094,-2.30058217048645,-1.574699878692627,2.140516996383667
1741033522706276600,317.5412766113281,-2.11946964263916,-2.475487232208252,1.7289454936981201
1741033522716377300,317.55137744140626,-2.017941951751709,-3.3583626747131348,1.6460626125335693
1741033522726478000,317.56147802734375,-2.065932273864746,-4.220168590545654,1.6468333005905151
1741033522736579000,317.5715791015625,-2.073347330093384,-4.941274166107178,1.7047781944274902
1741033522746679800,317.5816796875,-1.9442598819732666,-5.493778705596924,1.777156114578247
1741033522756780500,317.5917805175781,-1.7844966650009155,-5.97736930847168,1.808156132698059
1741033522766881500,317.6018815917969,-1.6726481914520264,-6.328517913818359,1.8619683980941772
1741033522776982300,317.6119821777344,-1.4646106958389282,-6.603610038757324,1.9219517707824707
1741033522787083300,317.62208325195314,-1.2286075353622437,-6.807780742645264,1.9858123064041138
1741033522797183700,317.63218383789064,-1.0570828914642334,-6.960535049438477,2.039208173751831
1741033522807284000,317.64228393554686,-0.9913756251335144,-7.065096378326416,2.0240533351898193
1741033522817385000,317.6523850097656,-1.0502722263336182,-7.0643792152404785,2.020369291305542
1741033522827485700,317.6624855957031,-1.1736679077148438,-6.806370735168457,2.0265932083129883
1741033522837586400,317.6725864257813,-1.3037015199661255,-6.212288856506348,2.0793464183807373
1741033522847687400,317.6826875,-1.7252757549285889,-5.266117095947266,2.1325061321258545
1741033522857788200,317.6927880859375,-2.300872325897217,-4.017275333404541,2.245968818664551
1741033522867889000,317.70288891601564,-2.95938777923584,-2.7179346084594727,2.345337152481079
1741033522877990000,317.71298999023435,-3.4718542098999023,-1.5208797454833984,2.2987616062164307
1741033522888090600,317.7230905761719,-3.6687357425689697,-0.5682973861694336,2.1393203735351562
1741033522898191600,317.7331916503906,-3.6144843101501465,0.18337345123291016,1.9731264114379883
1741033522908292400,317.7432922363281,-3.6360745429992676,0.6691064834594727,1.878639817237854
1741033522918393300,317.75339331054687,-3.4313085079193115,1.0227947235107422,1.8652658462524414
1741033522928519000,317.7635187988281,-3.021082878112793,1.3629522323608398,1.8953319787979126
1741033522938822400,317.77382250976564,-2.6477038860321045,1.8597755432128906,1.8510633707046509
1741033522949066500,317.78406640625,-2.5355801582336426,2.583003044128418,1.7932934761047363
1741033522959120600,317.7941206054688,-2.337785243988037,3.3397483825683594,1.6404109001159668
1741033522969186300,317.80418627929686,-1.765684723854065,4.008510589599609,1.2692961692810059
1741033522979489800,317.8144897460937,-1.0977261066436768,4.600898742675781,0.4459708333015442
1741033522989793500,317.82479345703126,-0.7736398577690125,4.8865861892700195,-0.6579576730728149
1741033523000096000,317.83509594726564,-0.6386014223098755,5.216947555541992,-1.973496675491333
1741033523010397700,317.84539770507814,-0.7867865562438965,5.25192928314209,-3.398703098297119
1741033523020580400,317.8555803222656,-0.9127146601676941,5.14585018157959,-4.315729141235352
1741033523030689300,317.86568920898435,-0.44872981309890747,4.608049392700195,-5.780854225158691
1741033523040790000,317.8757900390625,0.15345409512519836,4.203230857849121,-6.703477382659912
1741033523050890800,317.8858908691406,1.0625978708267212,4.0944414138793945,-6.789025783538818
1741033523060991700,317.89599169921877,2.0296998023986816,4.177842140197754,-6.55456018447876
1741033523071092500,317.90609252929687,3.539306163787842,3.7981767654418945,-5.76419734954834
1741033523081193500,317.916193359375,4.591907501220703,2.2995452880859375,-5.106236457824707
1741033523091294200,317.92629418945313,4.570211410522461,0.4985990524291992,-3.917245388031006
1741033523101395000,317.93639501953123,3.1430346965789795,-0.9487171173095703,-2.5424442291259766
1741033523111496000,317.9464958496094,1.4171137809753418,-2.0937108993530273,-1.6434946060180664
1741033523121596400,317.9565964355469,-0.1824139952659607,-2.169196605682373,-1.1756370067596436
1741033523131696600,317.9666965332031,-1.0844581127166748,-0.8997869491577148,-1.0403276681900024
1741033523141797600,317.9767976074219,-0.6755752563476562,1.262864112854004,-0.8159244060516357
1741033523151898400,317.9868984375,1.211145281791687,3.508668899536133,-0.21981847286224365
1741033523161999000,317.9969990234375,2.8946192264556885,5.296107292175293,0.21654701232910156
1741033523172100000,318.00710009765623,3.7305221557617188,5.875216484069824,0.5339111685752869
1741033523182200800,318.0172009277344,3.5522243976593018,5.012393951416016,0.3236267566680908
1741033523192301800,318.0273017578125,2.768822193145752,3.3662939071655273,-0.20577192306518555
1741033523202402600,318.0374025878906,1.6337971687316895,2.0048274993896484,-0.6503403186798096
1741033523212503300,318.04750341796876,0.7861826419830322,0.9351902008056641,-0.8913214206695557
1741033523222604300,318.05760424804686,0.3253905773162842,0.037901878356933594,-0.9629111289978027
1741033523232705000,318.067705078125,0.13916015625,-0.7767839431762695,-0.842501163482666
1741033523242805000,318.0778049316406,-0.5077294707298279,-1.5175771713256836,-0.706451416015625
1741033523252906000,318.0879060058594,-1.0993013381958008,-2.1495137214660645,-0.4882011413574219
1741033523263006700,318.0980068359375,-1.8644012212753296,-2.7289323806762695,-0.20408391952514648
1741033523273107500,318.108107421875,-2.21341609954834,-3.42612361907959,0.2150707244873047
1741033523283208400,318.11820849609376,-1.9203150272369385,-4.234808444976807,0.7068193554878235
1741033523293309200,318.12830908203125,-1.456294298171997,-4.818075656890869,1.5278575420379639
1741033523303410400,318.1384104003906,-0.8404231071472168,-5.235038757324219,2.678811550140381
1741033523313631000,318.148630859375,-0.046431899070739746,-5.342407703399658,4.068720817565918
1741033523323934700,318.1589348144531,0.5732820630073547,-5.50704288482666,5.006007671356201
1741033523334237000,318.1692368164062,0.8583600521087646,-5.799190521240234,5.870732307434082
1741033523344403200,318.1794033203125,0.5451902151107788,-6.033281326293945,6.185404300689697
1741033523354508300,318.18950830078126,0.48458898067474365,-6.1774749755859375,6.196384906768799
1741033523364609000,318.19960913085936,0.31141042709350586,-6.41353702545166,5.987866401672363
1741033523374709000,318.209708984375,0.22374892234802246,-6.633795738220215,5.594081401824951
1741033523384810000,318.21981005859374,0.27459192276000977,-6.693803787231445,5.10004186630249
1741033523394910700,318.22991064453123,0.6878767013549805,-6.43395471572876,4.58875036239624
1741033523405011500,318.2400114746094,0.9593408107757568,-5.849541664123535,4.063239574432373
1741033523415112400,318.2501125488281,1.3297990560531616,-5.078665733337402,3.571956157684326
1741033523425213200,318.26021313476565,1.8463646173477173,-4.250582218170166,3.3835391998291016
1741033523435314200,318.27031420898436,2.279611825942993,-3.233123302459717,3.3919517993927
1741033523445415000,318.28041479492185,2.376798629760742,-1.8974590301513672,3.439380168914795
1741033523455515600,318.290515625,2.345852851867676,-0.1910400390625,3.4869771003723145
1741033523465616600,318.3006166992187,2.1843883991241455,1.758962631225586,3.4199206829071045
1741033523475717400,318.3107172851563,1.5181303024291992,3.8335533142089844,3.3286705017089844
1741033523485817600,318.3208176269531,-0.13230443000793457,5.83818244934082,3.298551559448242
1741033523495918300,318.33091845703126,-2.3811259269714355,7.164084434509277,2.644021511077881
1741033523506019000,318.34101904296875,-3.933835744857788,6.664350509643555,1.4510815143585205
1741033523516119800,318.35111987304685,-4.019575119018555,4.612945556640625,-1.075608491897583
1741033523526220800,318.361220703125,-3.5275380611419678,2.8244314193725586,-3.90757155418396
1741033523536321500,318.3713215332031,-4.090525150299072,1.8822193145751953,-5.158174991607666
1741033523546422300,318.3814223632813,-3.1615092754364014,0.9531888961791992,-6.333597660064697
1741033523556523300,318.3915231933594,-0.3205188512802124,-0.3332252502441406,-7.249556064605713
1741033523566624000,318.4016240234375,3.218291997909546,-0.7816600799560547,-7.548179626464844
1741033523576725000,318.41172509765624,8.122857093811035,-1.002185344696045,-7.7736687660217285
1741033523586825700,318.42182568359374,18.433603286743164,-1.7933721542358398,-6.231889724731445
1741033523596926200,318.43192626953123,18.32916259765625,0.9961376190185547,-3.63034987449646
1741033523607027000,318.4420268554687,12.876283645629883,4.173048973083496,-3.1320533752441406
1741033523617235700,318.45223559570314,9.56715202331543,4.100099563598633,-2.3846137523651123
1741033523627539200,318.4625393066406,5.195828437805176,2.8318777084350586,-1.1894817352294922
1741033523637841700,318.4728415527344,2.002420663833618,2.0616273880004883,-0.16849589347839355
1741033523648017400,318.4830173339844,-0.03826260566711426,2.1851625442504883,0.512963056564331
1741033523658124800,318.49312475585936,-1.266937494277954,2.9435415267944336,1.2670775651931763
1741033523668225500,318.5032255859375,-1.3820945024490356,4.151449203491211,2.261276960372925
1741033523678326300,318.513326171875,-0.9809297323226929,5.194297790527344,3.450313091278076
1741033523688427300,318.5234272460938,-0.9098496437072754,5.824379920959473,4.78572940826416
1741033523698528000,318.5335280761719,-1.3316679000854492,6.05714225769043,5.709210395812988
1741033523708629000,318.54362890625,-1.6303021907806396,5.507585525512695,5.7109222412109375
1741033523718729700,318.55372973632814,-1.3788378238677979,4.000255584716797,4.832024097442627
1741033523728830200,318.56383032226563,-1.0599671602249146,2.460474967956543,3.6031012535095215
1741033523738930700,318.5739306640625,-1.2733476161956787,1.1662464141845703,2.7337546348571777
1741033523749031400,318.5840314941406,-1.8329941034317017,-0.09202194213867188,2.292334794998169
1741033523759132200,318.5941320800781,-2.2829930782318115,-1.225778579711914,2.153071403503418
1741033523769233200,318.6042331542969,-2.664755344390869,-2.1727962493896484,2.161273717880249
1741033523779334000,318.614333984375,-2.7311487197875977,-2.9387497901916504,2.292668342590332
1741033523789435400,318.62443530273435,-2.593095064163208,-3.5350494384765625,2.41318416595459
1741033523799679700,318.6346796875,-2.3954408168792725,-4.038295269012451,2.5401759147644043
1741033523809983200,318.6449831542969,-2.439462661743164,-4.468539237976074,2.605433464050293
1741033523820285200,318.65528515625,-2.4193339347839355,-4.736937046051025,2.7114076614379883
1741033523830432000,318.6654318847656,-2.432847023010254,-5.005937576293945,2.7265427112579346
1741033523840533000,318.6755329589844,-2.4342894554138184,-5.268510341644287,2.6760964393615723
1741033523850633700,318.6856337890625,-2.4682321548461914,-5.449665069580078,2.6169111728668213
1741033523860734500,318.695734375,-2.4997506141662598,-5.399277210235596,2.597771644592285
1741033523870834700,318.70583471679686,-2.4691529273986816,-5.2141923904418945,2.593334197998047
1741033523880935400,318.71593530273435,-2.457850456237793,-4.903347015380859,2.5604679584503174
1741033523891036700,318.7260366210937,-2.3992691040039062,-4.524533748626709,2.4909515380859375
1741033523901221400,318.7362214355469,-2.384988784790039,-4.141178131103516,2.441434144973755
1741033523911525000,318.7465251464844,-2.453242301940918,-3.6462454795837402,2.377553939819336
1741033523921827600,318.75682763671875,-2.5979185104370117,-2.913473606109619,2.334249496459961
1741033523932022800,318.76702270507815,-2.6585540771484375,-2.201568603515625,2.1517069339752197
1741033523942134500,318.77713452148436,-2.7210853099823,-1.5343852043151855,1.916443109512329
1741033523952235300,318.7872353515625,-2.700596570968628,-0.8241357803344727,1.6863921880722046
1741033523962336000,318.7973359375,-2.5461912155151367,-0.05917644500732422,1.5496652126312256
1741033523972437000,318.8074370117188,-2.478389263153076,0.7379846572875977,1.4040088653564453
1741033523982537700,318.8175378417969,-2.4784579277038574,1.6061773300170898,1.244950294494629
1741033523992638500,318.82763842773437,-2.480368137359619,2.505446434020996,0.9587713479995728
1741033524002738700,318.83773876953126,-2.3645901679992676,3.398195266723633,0.577681303024292
1741033524012839400,318.84783935546875,-2.187474250793457,4.0600786209106445,-0.19197165966033936
1741033524022940200,318.85794018554685,-1.8521955013275146,4.370302200317383,-1.2892130613327026
1741033524033041200,318.8680412597656,-1.4983627796173096,4.3563337326049805,-2.3683109283447266
1741033524043142000,318.8781418457031,-1.3447558879852295,4.287676811218262,-2.8862156867980957
1741033524053242600,318.88824267578127,-0.33596253395080566,3.8462743759155273,-3.7246294021606445
1741033524063343600,318.8983435058594,0.6875588893890381,3.3723678588867188,-4.452871322631836
1741033524073444400,318.9084443359375,1.64164400100708,3.144603729248047,-4.6878662109375
1741033524083545300,318.91854541015624,2.4441590309143066,3.519261360168457,-4.401829719543457
1741033524093646000,318.92864599609373,3.2118284702301025,4.376437187194824,-4.072298049926758
1741033524103746300,318.9387463378906,4.0450286865234375,5.381414413452148,-3.4761440753936768
1741033524113847000,318.9488469238281,4.562731742858887,5.694173812866211,-2.8898956775665283
1741033524123947800,318.9589477539063,4.471349716186523,4.61656379699707,-2.775409460067749
1741033524134048500,318.9690485839844,3.5921084880828857,2.272214889526367,-2.992936372756958
1741033524144149500,318.9791494140625,2.286961555480957,0.1338634490966797,-2.957077980041504
1741033524154250200,318.98925024414064,1.1554911136627197,-1.0851058959960938,-2.971095561981201
1741033524164351000,318.99935107421874,0.28022241592407227,-0.9306344985961914,-2.7286324501037598
1741033524174452000,319.0094519042969,-0.27394580841064453,0.5461702346801758,-2.618356227874756
1741033524184552700,319.019552734375,-0.181488037109375,2.2385568618774414,-2.596019744873047
1741033524194653700,319.02965380859376,0.0835258960723877,3.2972612380981445,-2.187041759490967
1741033524204754400,319.03975439453126,0.6975466012954712,3.2077407836914062,-1.1635518074035645
1741033524214855000,319.04985498046875,1.1854885816574097,2.4021663665771484,0.08714354038238525
1741033524224955600,319.05995556640624,1.5107530355453491,1.4977092742919922,1.2022632360458374
1741033524235164400,319.0701643066406,1.5334887504577637,0.7659940719604492,1.948880672454834
1741033524245468000,319.08046801757814,1.2417550086975098,0.03482246398925781,1.9007033109664917
1741033524255770400,319.09077026367186,0.8019065856933594,-0.8744487762451172,1.213881015777588
1741033524265946000,319.1009460449219,0.3696873188018799,-1.7641196250915527,0.3868211507797241
1741033524276053500,319.1110534667969,-0.29496192932128906,-2.4994611740112305,0.1209336519241333
1741033524286154200,319.121154296875,-1.1996592283248901,-3.0276384353637695,0.1332237720489502
1741033524296255000,319.1312548828125,-2.0860795974731445,-3.209066867828369,0.3459370732307434
1741033524306356000,319.14135595703124,-1.894722580909729,-3.312472343444824,0.6366156339645386
1741033524316456700,319.1514567871094,-0.7400656938552856,-3.5013551712036133,1.2050676345825195
1741033524326557700,319.1615576171875,0.793914794921875,-3.883082866668701,2.167759895324707
1741033524336658700,319.17165869140626,1.891572117805481,-4.252291679382324,2.9446451663970947
1741033524346819800,319.18181982421873,2.5622615814208984,-4.439235687255859,3.5242602825164795
1741033524357123300,319.1921232910156,2.3048641681671143,-4.72907018661499,3.50065541267395
1741033524367426300,319.20242626953126,1.5936905145645142,-4.888627529144287,3.153604030609131
1741033524377640400,319.2126403808594,0.7522211074829102,-4.885924339294434,2.7052934169769287
1741033524387755800,319.222755859375,0.35260677337646484,-5.092350482940674,2.319908857345581
1741033524397856500,319.2328564453125,0.30658435821533203,-5.483807563781738,2.1011056900024414
1741033524407957500,319.2429575195313,0.03959822654724121,-5.899406433105469,2.172287702560425
1741033524418058200,319.2530583496094,-0.21431636810302734,-6.207274436950684,2.1888844966888428
1741033524428159200,319.2631591796875,-0.2911173105239868,-6.380157947540283,2.2032454013824463
1741033524438260000,319.27326000976564,-0.34739232063293457,-6.232865810394287,2.2937536239624023
1741033524448360700,319.28336059570313,-0.4344155788421631,-5.679268836975098,2.498595714569092
1741033524458461400,319.29346142578123,-0.4944801330566406,-4.862635135650635,2.654719352722168
1741033524468561700,319.3035617675781,-0.32950878143310547,-3.8819122314453125,2.6911768913269043
1741033524478662400,319.3136623535156,0.06603074073791504,-2.541318893432617,2.8124566078186035
1741033524488763400,319.3237634277344,0.616687536239624,-0.8293981552124023,2.9045820236206055
1741033524498864000,319.33386401367187,1.0220355987548828,1.411855697631836,2.9423396587371826
1741033524508964900,319.34396484375,1.0423073768615723,4.26577091217041,2.965339183807373
1741033524519065900,319.35406591796874,0.17150568962097168,6.822457313537598,2.075622081756592
1741033524529166600,319.36416650390623,-0.05770421028137207,7.752511024475098,0.3641076683998108
1741033524539267300,319.3742673339844,-0.7328344583511353,6.741859436035156,-1.5829079151153564
1741033524549368300,319.3843684082031,-1.4549856185913086,4.368602752685547,-3.4465761184692383
1741033524559469000,319.39446899414065,-0.6337043046951294,2.179187774658203,-5.264156341552734
1741033524569569300,319.4045693359375,1.6941049098968506,0.6740379333496094,-6.918320178985596
1741033524579670000,319.414669921875,4.874960899353027,-0.3444662094116211,-8.583959579467773
1741033524589770800,319.42477075195313,7.092187881469727,-0.3138418197631836,-8.91291618347168
1741033524599871500,319.43487158203123,10.48037338256836,0.24761486053466797,-7.0380330085754395
1741033524609972500,319.4449724121094,8.119372367858887,2.7367773056030273,-3.2052083015441895
1741033524620073200,319.4550732421875,2.8273439407348633,5.498785018920898,-0.5384422540664673
1741033524630175000,319.46517504882814,-0.29598069190979004,7.313624382019043,-0.021331071853637695
1741033524640310800,319.4753107910156,-1.2263402938842773,6.966803550720215,-0.6555893421173096
1741033524650614500,319.48561450195314,0.1045997142791748,4.595278739929199,-0.6812845468521118
1741033524660917500,319.49591748046873,0.07579684257507324,2.7681446075439453,-0.7679767608642578
1741033524671151900,319.5061518554688,-0.8509645462036133,2.2725114822387695,-0.7854279279708862
1741033524681272300,319.5162722167969,-1.6823794841766357,3.229123115539551,-0.6094088554382324
1741033524691372500,319.5263725585938,-2.1825485229492188,5.109443664550781,-0.041082024574279785
1741033524701473000,319.53647314453127,-2.260714530944824,6.668673515319824,0.71336829662323
1741033524711574000,319.5465739746094,-1.9424270391464233,6.901373863220215,1.2396128177642822
1741033524721674800,319.5566748046875,-1.7416017055511475,5.481224060058594,1.4919246435165405
1741033524731775500,319.566775390625,-1.6444275379180908,3.0021286010742188,1.2655701637268066
1741033524741876500,319.57687646484374,-1.6317083835601807,0.8056659698486328,0.860078752040863
1741033524751977200,319.5869772949219,-1.5974059104919434,-0.8126382827758789,0.718702495098114
1741033524762078200,319.597078125,-1.4930107593536377,-2.094923496246338,0.8677889108657837
1741033524772179000,319.6071789550781,-1.468537449836731,-3.247303009033203,1.1166229248046875
1741033524782279700,319.61727978515626,-1.559852123260498,-4.144705295562744,1.4777921438217163
1741033524792380400,319.62738037109375,-1.5126839876174927,-4.944357395172119,1.7637560367584229
1741033524802480600,319.63748071289064,-1.4444178342819214,-5.459157466888428,1.9547820091247559
1741033524812581400,319.64758129882813,-1.1913100481033325,-5.753849029541016,2.1066269874572754
1741033524822682600,319.6576826171875,-0.963370680809021,-5.887310028076172,2.207365036010742
1741033524832867600,319.6678676757812,-0.8861722350120544,-5.827102184295654,2.3488502502441406
1741033524843171000,319.67817114257815,-0.9255208969116211,-5.66706657409668,2.5029819011688232
1741033524853473800,319.68847387695314,-1.13599693775177,-5.437399864196777,2.660567283630371
1741033524863669000,319.6986689453125,-1.2316193580627441,-5.266753196716309,2.7945189476013184
1741033524873780500,319.70878051757813,-1.2996578216552734,-5.049770355224609,2.924139976501465
1741033524883881200,319.7188811035156,-1.240964412689209,-4.676494598388672,3.09250545501709
1741033524893982200,319.7289821777344,-1.0801974534988403,-4.045029640197754,3.373847723007202
1741033524904083000,319.7390830078125,-1.1427167654037476,-3.2552404403686523,3.6929190158843994
1741033524914183700,319.74918359375,-1.4069194793701172,-2.3120336532592773,4.023674964904785
1741033524924284000,319.7592839355469,-1.79690420627594,-1.2980661392211914,4.158805847167969
1741033524934384600,319.76938452148437,-2.1054086685180664,-0.3212137222290039,4.009385108947754
1741033524944485400,319.7794853515625,-2.4887008666992188,0.6624031066894531,3.6125648021698
1741033524954586400,319.78958642578124,-2.852238416671753,1.6580076217651367,3.086136817932129
1741033524964687000,319.79968701171873,-3.2190043926239014,2.8160629272460938,2.6607885360717773
1741033524974787800,319.8097878417969,-3.4451744556427,4.076040267944336,2.3664562702178955
1741033524984888800,319.8198889160156,-3.4912126064300537,5.557320594787598,2.2322897911071777
1741033524994989600,319.82998950195315,-3.497612237930298,7.084810256958008,2.128047466278076
1741033525005090800,319.8400908203125,-2.765997886657715,8.43929386138916,1.999180793762207
1741033525015311600,319.8503115234375,-2.1890690326690674,9.273502349853516,1.7918760776519775
1741033525025615000,319.86061499023435,-1.761623501777649,9.55970573425293,1.408868432044983
1741033525035917300,319.8709172363281,-1.5841463804244995,9.421043395996094,0.8583822250366211
1741033525046082800,319.8810827636719,-1.1507534980773926,8.959702491760254,-0.023491650819778442
1741033525056188000,319.8911879882813,-0.6364022493362427,8.05716323852539,-1.1923863887786865
1741033525066288600,319.90128857421877,-0.3868418335914612,6.98253059387207,-2.9366798400878906
1741033525076389400,319.91138940429687,0.17809763550758362,5.665410041809082,-4.269957065582275
1741033525086490400,319.92149047851564,0.40287476778030396,4.149043083190918,-5.214197158813477
1741033525096591000,319.93159106445313,0.14404165744781494,3.027773857116699,-6.275097846984863
1741033525106692000,319.9416921386719,-0.19523370265960693,2.8685922622680664,-6.977062225341797
1741033525116792800,319.9517927246094,0.2995032072067261,3.042853355407715,-6.689720630645752
1741033525126893600,319.9618935546875,1.296095848083496,2.5695438385009766,-5.490140914916992
1741033525136994600,319.97199462890626,1.9418559074401855,1.220956802368164,-3.9973092079162598
1741033525147094800,319.9820947265625,1.6195034980773926,-0.47724437713623047,-2.8195013999938965
1741033525157195300,319.9921953125,0.7769447565078735,-1.6307077407836914,-1.7700004577636719
1741033525167296300,320.00229614257813,-0.03435322642326355,-2.016176223754883,-1.0898054838180542
1741033525177397000,320.01239697265623,-0.25076109170913696,-1.7376928329467773,-0.8228716850280762
1741033525187497700,320.0224978027344,0.10323318839073181,-1.311807632446289,-0.8068137168884277
1741033525197598700,320.0325986328125,0.6001397967338562,-1.0388689041137695,-1.0845730304718018
1741033525207699500,320.04269946289065,1.1415127515792847,-0.7282400131225586,-1.2359317541122437
1741033525217800200,320.05280029296875,1.5046424865722656,-0.1640157699584961,-1.3767383098602295
1741033525227901200,320.06290112304686,1.818971872329712,0.47825145721435547,-1.5103455781936646
1741033525238002000,320.073001953125,1.9689826965332031,0.9997014999389648,-1.5877015590667725
1741033525248102000,320.0831018066406,2.044083595275879,1.1812858581542969,-1.4101483821868896
1741033525258203000,320.0932028808594,2.0876882076263428,0.9390115737915039,-0.9402887225151062
1741033525268303600,320.1033037109375,1.6320979595184326,0.4777698516845703,-0.3004235029220581
1741033525278404400,320.113404296875,1.3317341804504395,0.020920753479003906,0.37084850668907166
1741033525288505300,320.12350537109376,1.3172121047973633,-0.3053264617919922,1.1128654479980469
1741033525298606000,320.13360620117186,1.5427634716033936,-0.5969972610473633,2.0273871421813965
1741033525308707000,320.14370703125,1.4766130447387695,-0.8837060928344727,3.072202205657959
1741033525318807800,320.1538078613281,1.2421925067901611,-1.4128799438476562,3.9907984733581543
1741033525328908500,320.1639084472656,0.5591571927070618,-1.9619574546813965,4.956624507904053
1741033525339009500,320.1740095214844,-0.06581994891166687,-2.7264866828918457,5.592370510101318
1741033525349109800,320.18410986328126,-0.29438263177871704,-3.7149410247802734,5.736635208129883
1741033525359210200,320.19421020507815,-0.2574504613876343,-4.672512054443359,5.554848670959473
1741033525369311200,320.20431127929686,-0.2536342144012451,-5.278558254241943,5.337209701538086
1741033525379412000,320.21441186523435,-0.39729607105255127,-5.477643966674805,4.971981525421143
1741033525389512700,320.2245126953125,-0.33921462297439575,-5.732704162597656,4.323552131652832
1741033525399613700,320.2346137695312,-0.34053581953048706,-6.104444980621338,3.5167722702026367
1741033525409714400,320.2447143554688,-0.20759932696819305,-6.424332618713379,2.5464465618133545
1741033525419815400,320.2548154296875,-0.0077122896909713745,-6.5306596755981445,1.784411072731018
1741033525429964800,320.26496484375,0.07016927748918533,-6.432207107543945,1.224862813949585
1741033525440268300,320.2752683105469,-0.12190461158752441,-6.202723026275635,0.8611742258071899
1741033525450571300,320.2855712890625,-0.26990610361099243,-5.692627906799316,0.6444043517112732
1741033525460795100,320.29579516601564,-0.5071346163749695,-5.189711570739746,0.38741615414619446
1741033525470912800,320.3059128417969,-0.3895869851112366,-4.662561893463135,-0.027882039546966553
1741033525481013500,320.3160134277344,0.06286096572875977,-4.31426477432251,-0.37959185242652893
1741033525491114200,320.3261142578125,0.9124161601066589,-4.044814586639404,-0.4545512795448303
1741033525501215200,320.33621533203126,1.8702006340026855,-3.694828510284424,-0.4340202510356903
1741033525511316000,320.34631591796875,2.4967851638793945,-3.609556198120117,-0.3472529649734497
1741033525521416700,320.35641674804685,2.784090518951416,-3.690842628479004,-0.3178107738494873
1741033525531517700,320.366517578125,2.7421460151672363,-3.65499210357666,-0.17682349681854248
1741033525541618400,320.3766184082031,2.539088249206543,-3.2609643936157227,0.1839296519756317
1741033525551719400,320.3867194824219,2.350144624710083,-2.646109104156494,0.5976230502128601
1741033525561820200,320.3968200683594,2.229060173034668,-1.885807991027832,1.032516598701477
1741033525571920100,320.40692016601565,2.214442729949951,-0.8724822998046875,1.4691162109375
1741033525582020900,320.41702075195315,2.296732187271118,0.22975921630859375,1.9999384880065918
1741033525592121900,320.42712182617186,2.2497034072875977,1.511897087097168,2.5456795692443848
1741033525602222600,320.43722265625,1.7535823583602905,2.9715728759765625,2.6736316680908203
1741033525612323600,320.4473234863281,0.7570337057113647,4.405922889709473,2.141875982284546
1741033525622424300,320.4574243164063,-0.4971121549606323,5.753735542297363,1.0663800239562988
1741033525632525000,320.4675251464844,-1.7083712816238403,6.231560707092285,-0.7483714818954468
1741033525642626600,320.47762646484375,-1.0091572999954224,5.375584602355957,-2.5547077655792236
1741033525652726500,320.4877265625,0.2532186508178711,3.64528751373291,-3.6845107078552246
1741033525662970000,320.49797021484375,0.6393990516662598,2.3909549713134766,-4.745368003845215
1741033525673273600,320.5082736816406,1.8024303913116455,1.8191356658935547,-6.034178733825684
1741033525683575600,320.5185754394531,3.6697423458099365,2.378066062927246,-6.167487144470215
1741033525693723400,320.5287233886719,5.701468467712402,3.88938045501709,-4.897134304046631
1741033525703824100,320.53882421875,7.012166500091553,5.3668212890625,-3.7162671089172363
1741033525713924900,320.5489248046875,6.682100296020508,5.726717948913574,-2.7223634719848633
1741033525724025900,320.55902587890625,4.565651893615723,4.155115127563477,-1.1546812057495117
1741033525734126600,320.56912670898436,2.1844429969787598,2.1717538833618164,0.2103273868560791
1741033525744227600,320.5792275390625,0.8479397296905518,1.1888389587402344,0.7636405825614929
1741033525754328300,320.5893283691406,0.6225197315216064,1.353912353515625,1.013981580734253
1741033525764429000,320.5994289550781,0.5022010803222656,2.0541248321533203,1.4872846603393555
1741033525774530300,320.6095302734375,0.23293042182922363,2.722043991088867,2.444363594055176
1741033525784727300,320.61972729492186,-0.25515127182006836,3.0771255493164062,3.444524049758911
1741033525795030800,320.63003076171873,-1.237027645111084,2.8557538986206055,4.0540242195129395
1741033525805333200,320.6403332519531,-1.9242439270019531,1.9006128311157227,4.046811103820801
1741033525815518500,320.6505185546875,-1.8520147800445557,0.5461320877075195,3.3577284812927246
1741033525825627100,320.6606271972656,-1.6112834215164185,-0.6037530899047852,2.4395828247070312
1741033525835728000,320.6707277832031,-1.3894000053405762,-1.4686098098754883,1.802768588066101
1741033525845828900,320.6808288574219,-1.4095146656036377,-2.099071502685547,1.4855810403823853
1741033525855929600,320.6909296875,-1.6708623170852661,-2.5874452590942383,1.3012608289718628
1741033525866030300,320.7010302734375,-1.8217713832855225,-3.0194249153137207,1.2455439567565918
1741033525876131300,320.71113134765625,-1.7448217868804932,-3.4828286170959473,1.2538174390792847
1741033525886232000,320.72123217773435,-1.6124203205108643,-4.001949310302734,1.3119120597839355
1741033525896333000,320.7313330078125,-1.965032696723938,-4.392432689666748,1.4635637998580933
1741033525906433800,320.7414338378906,-2.3469393253326416,-4.554407119750977,1.6743056774139404
1741033525916534300,320.7515341796875,-2.67535400390625,-4.572251319885254,1.8746522665023804
1741033525926635000,320.7616350097656,-3.161686420440674,-4.515710353851318,2.0236101150512695
1741033525936843800,320.77184375,-3.3966004848480225,-4.456857681274414,2.0848050117492676
1741033525947147300,320.7821472167969,-3.552797317504883,-4.416999816894531,1.991830825805664
1741033525957449700,320.79244970703127,-3.5880398750305176,-4.379672527313232,1.8916560411453247
1741033525967625500,320.80262548828125,-3.439361810684204,-4.066944122314453,1.895334005355835
1741033525977732900,320.8127329101562,-3.01965594291687,-3.6635961532592773,1.9284083843231201
1741033525987833600,320.8228334960937,-2.844374179840088,-3.116848945617676,1.909902811050415
1741033525997934600,320.8329345703125,-2.565361976623535,-2.448134422302246,1.8585584163665771
1741033526008035300,320.84303540039065,-1.5882775783538818,-1.377532958984375,1.836585283279419
1741033526018136000,320.85313598632814,-0.09894740581512451,-0.49405956268310547,1.5475547313690186
1741033526028236800,320.86323681640624,0.2703360915184021,-0.3127479553222656,0.8797857761383057
1741033526038337000,320.8733369140625,-1.6968908309936523,-0.7472047805786133,-0.2548757791519165
1741033526048437800,320.8834377441406,-3.4753942489624023,-0.9392938613891602,-1.5582948923110962
1741033526058538800,320.8935388183594,-4.349555015563965,-0.6854572296142578,-2.384505271911621
1741033526068639500,320.9036394042969,-4.4832539558410645,0.07721424102783203,-2.5350518226623535
1741033526078740200,320.913740234375,-4.205028533935547,1.0276660919189453,-2.3215062618255615
1741033526088841200,320.92384130859375,-3.7111196517944336,2.0020017623901367,-1.981920838356018
1741033526098942000,320.93394189453124,-3.0268712043762207,2.8949661254882812,-1.7652204036712646
1741033526109042700,320.9440427246094,-2.3139233589172363,3.8192129135131836,-1.8177008628845215
1741033526119143700,320.9541437988281,-1.7376459836959839,4.787647247314453,-1.7092825174331665
1741033526129244000,320.9642438964844,-1.608595609664917,5.346362113952637,-1.809462547302246
1741033526139344400,320.9743444824219,-1.2619866132736206,5.218433380126953,-2.119382381439209
1741033526149445400,320.9844453125,-0.7063853740692139,4.7927656173706055,-2.277432918548584
1741033526159546000,320.99454614257814,-0.16187286376953125,3.9882802963256836,-2.4830522537231445
1741033526169646800,321.00464672851564,0.6613941192626953,3.026762008666992,-2.864806890487671
1741033526179747800,321.01474780273435,1.5754029750823975,2.382737159729004,-3.12625789642334
1741033526189848600,321.0248486328125,2.3561668395996094,2.6902008056640625,-3.348750352859497
1741033526199949600,321.0349494628906,2.7293243408203125,3.9052743911743164,-3.517498254776001
1741033526210050300,321.04505029296877,3.535775661468506,4.939631462097168,-3.7158000469207764
1741033526220151000,321.05515112304687,5.063349723815918,4.942558288574219,-3.887502670288086
1741033526230251500,321.06525146484375,3.8159475326538086,3.8775739669799805,-3.3322558403015137
1741033526240352000,321.07535205078125,2.008434295654297,1.9998836517333984,-2.6080679893493652
1741033526250452700,321.08545263671874,1.4040186405181885,0.33691978454589844,-2.4894888401031494
1741033526260553700,321.0955537109375,1.0568639039993286,-0.5929794311523438,-2.34492826461792
1741033526270654500,321.1056545410156,0.13965463638305664,-0.7891263961791992,-1.8413594961166382
1741033526280755200,321.1157551269531,-0.3445817232131958,-0.4461231231689453,-1.001850962638855
1741033526290856200,321.12585620117187,-0.25423479080200195,0.07974433898925781,-0.41195082664489746
1741033526300957000,321.13595703125,-0.10960149765014648,0.8804922103881836,-0.2575976848602295
1741033526311058000,321.14605786132813,0.38922226428985596,1.6849422454833984,-0.20867812633514404
1741033526321158000,321.15615795898435,0.6283513307571411,2.0652971267700195,-0.23148715496063232
1741033526331258600,321.1662585449219,0.5549324750900269,1.7123193740844727,-0.20229649543762207
1741033526341359400,321.176359375,0.5703494548797607,0.9688739776611328,-0.17176318168640137
1741033526351460400,321.18646044921877,0.5922973155975342,0.2583179473876953,-0.251226544380188
1741033526361561000,321.19656103515626,0.7605593204498291,-0.41284942626953125,-0.316952109336853
1741033526371662000,321.206662109375,0.7737758159637451,-0.9709863662719727,-0.19545114040374756
1741033526381762800,321.2167626953125,0.8508634567260742,-1.5847854614257812,-0.056661009788513184
1741033526391863600,321.2268635253906,0.8936073184013367,-2.244934558868408,0.4914323687553406
1741033526401964500,321.2369645996094,0.4790360927581787,-2.9323654174804688,1.1682806015014648
1741033526412064800,321.2470646972656,0.055243074893951416,-3.6634879112243652,1.5415139198303223
1741033526422165200,321.2571652832031,-0.08776146173477173,-4.085216045379639,1.9294817447662354
1741033526432266200,321.2672663574219,-0.23237890005111694,-4.271737098693848,2.5780251026153564
1741033526442367000,321.27736694335937,-0.39049768447875977,-4.376345157623291,3.5093202590942383
1741033526452467700,321.2874677734375,-0.3139166831970215,-4.436177730560303,4.711487770080566
1741033526462568700,321.29756860351563,-0.40272313356399536,-4.476250171661377,5.469422340393066
1741033526472669400,321.30766943359373,-0.6120827794075012,-4.7547502517700195,5.572699069976807
1741033526482770200,321.3177702636719,-0.09388530254364014,-5.0344696044921875,5.518418312072754
1741033526492871200,321.32787109375,0.43963623046875,-5.467165470123291,5.35300874710083
1741033526502972000,321.33797192382815,0.777593731880188,-5.78591251373291,4.881998062133789
1741033526513071900,321.34807177734376,1.153741717338562,-5.771207809448242,4.438941955566406
1741033526523172900,321.3581728515625,1.0558738708496094,-5.780341148376465,3.8930394649505615
1741033526533273600,321.36827368164063,1.4057047367095947,-5.741690635681152,3.3102428913116455
1741033526543374600,321.37837451171873,1.390446424484253,-5.4310126304626465,2.7157156467437744
1741033526553475300,321.3884753417969,1.3343316316604614,-4.857092380523682,2.0887856483459473
1741033526563576000,321.398576171875,1.2245758771896362,-4.120504379272461,1.5998151302337646
1741033526573677000,321.40867700195315,1.2446608543395996,-3.238154888153076,1.3675743341445923
1741033526583777800,321.41877783203125,1.2086164951324463,-2.3301329612731934,1.1781905889511108
1741033526593878500,321.42887841796875,1.1780552864074707,-1.3345975875854492,0.9499479532241821
1741033526603978800,321.43897875976563,1.110427737236023,-0.17162513732910156,0.7400422096252441
1741033526614079500,321.44907958984373,0.9130234718322754,1.0596160888671875,0.6697219610214233
1741033526624180200,321.4591801757812,0.32975029945373535,2.3356704711914062,0.3581753671169281
1741033526634281200,321.46928125,-0.305572509765625,3.528487205505371,0.0894138514995575
1741033526644382000,321.4793818359375,-0.7158571481704712,4.558492660522461,-0.1633915901184082
1741033526654482700,321.48948266601565,-1.2100204229354858,5.105771064758301,-0.9442857503890991
1741033526664583700,321.49958374023436,-1.1334216594696045,5.2689409255981445,-2.225132942199707
1741033526674684400,321.50968432617185,-0.3521367311477661,5.353690147399902,-3.8437626361846924
1741033526684785400,321.5197854003906,0.09100067615509033,5.135674476623535,-5.0994391441345215
1741033526694886400,321.5298864746094,0.5174248218536377,4.210814476013184,-5.327484130859375
1741033526704987400,321.5399873046875,1.3131141662597656,3.4835033416748047,-5.004981994628906
1741033526715087600,321.55008764648437,2.024078607559204,2.746249198913574,-5.01631498336792
1741033526725284400,321.56028442382814,3.7833685874938965,1.4626684188842773,-5.261138439178467
1741033526735588000,321.5705881347656,6.46889066696167,0.5471353530883789,-5.742717742919922
1741033526745891600,321.5808916015625,9.99992561340332,0.29216766357421875,-5.379208564758301
1741033526756195000,321.59119506835935,11.03738784790039,1.1924753189086914,-4.054813385009766
1741033526766497300,321.6014973144531,7.38207483291626,2.798686981201172,-2.5887961387634277
1741033526776799200,321.61179931640623,4.125850677490234,3.2878942489624023,-1.45447838306427
1741033526786980900,321.62198095703127,1.7987241744995117,2.4143447875976562,-0.42903900146484375
1741033526797081900,321.63208178710937,0.6780076026916504,1.2093477249145508,0.6092443466186523
1741033526807182600,321.6421826171875,0.4344174861907959,0.47186851501464844,1.6413969993591309
1741033526817282600,321.65228247070314,0.7123594284057617,0.5881414413452148,2.5333733558654785
1741033526827383600,321.66238354492185,0.6853759288787842,1.4466924667358398,3.1763744354248047
1741033526837484300,321.672484375,0.24550819396972656,2.9142704010009766,3.6779496669769287
1741033526847585000,321.6825849609375,-0.3995555639266968,4.438775062561035,4.213555335998535
1741033526857686000,321.69268603515627,-1.0292768478393555,5.385226249694824,4.582031726837158
1741033526867786800,321.7027868652344,-1.5251076221466064,5.369585990905762,4.60438871383667
1741033526877888000,321.71288793945314,-1.7616586685180664,4.338939666748047,4.092416286468506
1741033526888108800,321.72310888671876,-2.0080952644348145,2.60982608795166,3.228766441345215
1741033526898269700,321.7332697753906,-2.2720158100128174,0.8456058502197266,2.552187204360962
1741033526908502000,321.743501953125,-2.4814465045928955,-0.6563863754272461,2.15488338470459
1741033526918805800,321.7538056640625,-2.64017915725708,-1.765909194946289,1.9477684497833252
1741033526928982000,321.76398193359375,-2.7833480834960938,-2.4322595596313477,1.8679513931274414
1741033526939086300,321.77408642578126,-2.9266648292541504,-2.8271050453186035,1.8823267221450806
1741033526949187000,321.78418701171876,-2.991474151611328,-3.0682520866394043,2.0299668312072754
1741033526959287800,321.79428784179686,-2.9734528064727783,-3.328939914703369,2.154085397720337
1741033526969388500,321.80438842773435,-2.944046974182129,-3.584954261779785,2.2603209018707275
1741033526979489000,321.8144890136719,-2.8508896827697754,-3.8750267028808594,2.30307936668396
1741033526989590500,321.8245905761719,-2.6240265369415283,-4.076114654541016,2.2462706565856934
1741033526999762200,321.83476220703125,-2.492713212966919,-4.329595565795898,2.053924560546875
1741033527010066000,321.8450659179687,-2.360361099243164,-4.593748569488525,1.8227707147598267
1741033527020368600,321.85536865234377,-2.205247640609741,-4.85084342956543,1.59328293800354
1741033527030574000,321.8655739746094,-2.2337594032287598,-5.0150041580200195,1.4152799844741821
1741033527040687900,321.87568798828124,-2.3694331645965576,-5.091440677642822,1.2718019485473633
1741033527050788900,321.8857888183594,-2.473283052444458,-4.9769744873046875,1.1724885702133179
1741033527060888800,321.8958889160156,-2.5398776531219482,-4.543145179748535,1.0902833938598633
1741033527070989600,321.9059895019531,-2.530196189880371,-3.78436279296875,1.0615599155426025
1741033527081090600,321.9160905761719,-2.47617244720459,-2.959806442260742,1.0135619640350342
1741033527091191300,321.92619140625,-2.1874427795410156,-2.1822357177734375,0.8583025932312012
1741033527101292000,321.9362919921875,-1.8405038118362427,-1.4677605628967285,0.6687748432159424
1741033527111393000,321.94639306640624,-1.5356608629226685,-0.7869195938110352,0.3584251403808594
1741033527121494000,321.9564938964844,-1.3328742980957031,-0.17634296417236328,0.015380263328552246
1741033527131643400,321.9666433105469,-1.2118109464645386,0.5465259552001953,-0.24855852127075195
1741033527141947000,321.97694677734376,-1.1318471431732178,1.2379817962646484,-0.513520359992981
1741033527152249900,321.98724975585935,-0.8634028434753418,2.04012393951416,-0.7591298818588257
1741033527162474000,321.9974738769531,-0.6439763307571411,2.918694496154785,-1.0258036851882935
1741033527172591600,322.00759155273437,-0.5723140835762024,3.5585556030273438,-1.4106837511062622
1741033527182692000,322.01769213867186,-0.6895042061805725,3.8399438858032227,-1.9174211025238037
1741033527192792800,322.02779272460936,-0.74759441614151,4.050736427307129,-2.3683695793151855
1741033527202893600,322.0378935546875,-0.9481968283653259,4.136858940124512,-2.7566089630126953
1741033527212994600,322.0479946289062,-1.2192182540893555,3.9948291778564453,-3.2332491874694824
1741033527223095300,322.0580952148438,-1.1943336725234985,3.6441221237182617,-3.6705946922302246
1741033527233196000,322.0681960449219,-1.0742723941802979,3.2099504470825195,-3.9272615909576416
1741033527243297000,322.07829711914064,-1.1275759935379028,2.666558265686035,-3.931708812713623
1741033527253397800,322.08839770507814,-1.1000593900680542,2.213931083679199,-3.7782325744628906
1741033527263497700,322.09849780273436,-1.1474759578704834,2.786513328552246,-3.4193778038024902
1741033527273598700,322.1085986328125,-1.2235908508300781,4.159218788146973,-2.988861560821533
1741033527283699500,322.1186994628906,-1.1239054203033447,5.03154182434082,-3.1410574913024902
1741033527293800200,322.1288002929688,-0.8163972496986389,4.748814582824707,-3.2490146160125732
1741033527303901200,322.1389011230469,-0.33478742837905884,3.0929393768310547,-2.8768391609191895
1741033527314002000,322.149001953125,-0.4315009117126465,1.1536550521850586,-2.4341249465942383
1741033527324103000,322.15910302734375,-0.6556782722473145,-0.22102642059326172,-1.9315162897109985
1741033527334203600,322.16920361328124,-0.721284806728363,-0.9693164825439453,-1.5464649200439453
1741033527344304400,322.1793044433594,-0.5632505416870117,-1.0441646575927734,-1.2769815921783447
1741033527354404600,322.1894045410156,-0.0336986780166626,0.0034389495849609375,-1.0438238382339478
1741033527364505300,322.1995053710938,0.38738518953323364,1.6400423049926758,-0.8849711418151855
1741033527374606000,322.2096062011719,0.6162453889846802,3.1946611404418945,-0.6752587556838989
1741033527384707000,322.21970703125,0.7666158676147461,3.9701080322265625,-0.48762667179107666
1741033527394807800,322.22980786132814,1.6502962112426758,3.64886474609375,-0.26665055751800537
1741033527404908500,322.23990844726563,2.493136405944824,2.6896209716796875,0.1988520622253418
1741033527415009500,322.2500095214844,2.606518507003784,1.9567766189575195,0.6317814588546753
1741033527425110300,322.2601103515625,2.635547161102295,1.1892499923706055,0.6934859752655029
1741033527435211300,322.2702111816406,2.4644405841827393,0.4167051315307617,0.5671699047088623
1741033527445311700,322.2803117675781,2.066563606262207,-0.46749019622802734,0.5201411843299866
1741033527455412000,322.2904118652344,1.7179073095321655,-1.3699321746826172,0.6732419729232788
1741033527465512700,322.3005126953125,1.4040942192077637,-2.293647289276123,1.011438250541687
1741033527475613700,322.31061376953124,1.4190607070922852,-2.9779696464538574,1.6243702173233032
1741033527485714400,322.32071435546874,1.2341455221176147,-3.5729756355285645,2.4661307334899902
1741033527495815400,322.3308154296875,0.9504075646400452,-3.9551119804382324,3.4481711387634277
1741033527505916200,322.3409162597656,0.43984097242355347,-4.24357795715332,4.565896034240723
1741033527516017000,322.3510168457031,-0.03210560977458954,-4.301090717315674,5.721314430236816
1741033527526118000,322.36111791992187,-0.28315138816833496,-4.582600116729736,6.424981117248535
1741033527536217900,322.3712177734375,-0.7635582685470581,-4.9674201011657715,6.872438430786133
1741033527546318600,322.38131860351564,-0.3803809881210327,-5.490410804748535,6.585232734680176
1741033527556419600,322.39141967773435,-0.1484576016664505,-5.815690040588379,5.833754539489746
1741033527566520300,322.4015202636719,0.0011832863092422485,-6.071447372436523,5.185956001281738
1741033527576621000,322.41162109375,0.14670783281326294,-6.352752685546875,4.244876861572266
1741033527586722000,322.42172216796877,0.39380088448524475,-6.539339065551758,3.072312831878662
1741033527596822800,322.43182275390626,0.683401346206665,-6.246297836303711,2.1400656700134277
1741033527606923500,322.44192358398436,0.8414861559867859,-5.652228355407715,1.5999667644500732
1741033527617024500,322.4520244140625,0.9926876425743103,-4.8702545166015625,1.2393609285354614
1741033527627125000,322.462125,1.0486668348312378,-4.1059465408325195,1.001200556755066
1741033527637225200,322.47222509765623,1.3361632823944092,-3.284907817840576,1.0301237106323242
1741033527647326200,322.482326171875,1.8647704124450684,-2.5061492919921875,1.238250970840454
1741033527657427000,322.4924270019531,2.216045618057251,-1.7225022315979004,1.4192156791687012
1741033527667527700,322.5025275878906,2.0962820053100586,-0.9657564163208008,1.4557125568389893
1741033527677628700,322.51262866210936,1.7175675630569458,-0.2104930877685547,1.4494560956954956
1741033527687729400,322.5227294921875,1.285436749458313,0.7680282592773438,1.2634618282318115
1741033527697830400,322.5328303222656,1.222983956336975,1.9589433670043945,1.0360498428344727
1741033527707931100,322.5429311523437,1.2026569843292236,3.3556642532348633,0.7821798324584961
1741033527718032000,322.5530319824219,0.8912010192871094,4.785972595214844,0.6451629996299744
1741033527728132000,322.5631320800781,-0.04458427429199219,5.884796142578125,-0.012322306632995605
1741033527738232800,322.57323291015626,-0.5999147891998291,5.9779157638549805,-1.7796835899353027
1741033527748333600,322.58333349609376,0.403317928314209,5.076292991638184,-4.338840961456299
1741033527758434600,322.5934345703125,1.5246118307113647,3.6352291107177734,-5.612187385559082
1741033527768535300,322.6035354003906,1.9857884645462036,2.6280031204223633,-5.520521640777588
1741033527778636000,322.6136359863281,3.067223072052002,2.455160140991211,-5.347165107727051
1741033527788737000,322.6237370605469,3.7893271446228027,2.610104560852051,-5.176408290863037
1741033527798837800,322.6338376464844,6.074912071228027,2.626810073852539,-4.863140106201172
1741033527808938200,322.6439382324219,9.533520698547363,2.8712100982666016,-4.129355430603027
1741033527819038700,322.65403881835937,11.944250106811523,2.818772315979004,-2.901291608810425
1741033527829139500,322.66413940429686,9.943328857421875,3.0645599365234375,-2.116441249847412
1741033527839240200,322.674240234375,6.0290374755859375,2.3828134536743164,-1.970750093460083
1741033527849341200,322.6843410644531,3.57009220123291,0.8742475509643555,-1.1582998037338257
1741033527859442000,322.6944418945312,1.7514252662658691,0.018186569213867188,0.10288751125335693
1741033527869543000,322.70454296875,0.6400048732757568,-0.2143268585205078,1.1856768131256104
1741033527879643600,322.7146435546875,0.510378360748291,0.47568511962890625,2.417191505432129
1741033527889744400,322.72474438476564,0.5223507881164551,1.898040771484375,3.8878233432769775
1741033527899845400,322.73484545898435,0.5490193367004395,3.5074119567871094,5.248501777648926
1741033527909945300,322.7449453125,0.1261446475982666,4.857479095458984,6.285573959350586
1741033527920046000,322.7550461425781,-0.6553753614425659,5.502264022827148,6.815272808074951
1741033527930147000,322.7651469726562,-1.4517836570739746,5.380705833435059,6.705783367156982
1741033527940247800,322.7752478027344,-1.8145461082458496,4.401792526245117,5.907267093658447
1741033527950348500,322.7853486328125,-1.6474459171295166,2.6051177978515625,4.549447059631348
1741033527960449500,322.79544946289064,-1.134627342224121,0.7976169586181641,3.526721954345703
1741033527970550300,322.80555029296875,-1.2085009813308716,-0.48001575469970703,3.0424044132232666
1741033527980651000,322.81565112304685,-1.790480136871338,-1.6333436965942383,2.664750099182129
1741033527990751500,322.82575146484373,-2.2997264862060547,-2.614823341369629,2.464130163192749
1741033528000852000,322.8358520507812,-2.5183210372924805,-3.3500375747680664,2.348952531814575
1741033528010952700,322.8459526367188,-2.466904401779175,-3.891988754272461,2.318990707397461
1741033528021053700,322.8560537109375,-2.370563268661499,-4.31917667388916,2.311429738998413
1741033528031154400,322.86615454101565,-2.252924919128418,-4.603795528411865,2.433147430419922
1741033528041255400,322.87625537109375,-2.86106538772583,-4.7346625328063965,2.493783473968506
1741033528051356200,322.88635620117185,-3.089264154434204,-4.739872455596924,2.4249868392944336
1741033528061457000,322.8964567871094,-3.5212583541870117,-4.784900665283203,2.321794271469116
1741033528071558000,322.9065578613281,-3.433800220489502,-4.792948246002197,2.2934744358062744
1741033528081658400,322.9166584472656,-3.1273880004882812,-4.822717189788818,2.3020334243774414
1741033528091758600,322.9267585449219,-2.8497371673583984,-4.775572299957275,2.3067431449890137
1741033528101859600,322.93685961914065,-2.6360199451446533,-4.589047431945801,2.310525417327881
1741033528111960300,322.94696020507814,-2.326944351196289,-4.256338596343994,2.2616984844207764
1741033528122061000,322.95706103515624,-2.1087050437927246,-3.746277332305908,2.171903133392334
1741033528132162000,322.967162109375,-2.213716983795166,-3.151510238647461,2.0010557174682617
1741033528142262800,322.9772626953125,-2.400635004043579,-2.5185670852661133,1.7654037475585938
1741033528152363500,322.9873635253906,-2.6878864765167236,-1.8942761421203613,1.4739751815795898
1741033528162464500,322.9974645996094,-2.836418390274048,-1.3272199630737305,1.0868231058120728
1741033528172565200,323.00756518554687,-2.8392693996429443,-0.8020801544189453,0.6866428852081299
1741033528182665500,323.01766552734375,-2.732795238494873,-0.3487997055053711,0.429205060005188
1741033528192766200,323.02776611328125,-2.9170894622802734,0.10120677947998047,0.09484541416168213
1741033528202867000,323.03786694335935,-2.982457160949707,0.5568456649780273,-0.18828260898590088
1741033528212967700,323.0479677734375,-2.503955364227295,1.0317983627319336,-0.7105196714401245
1741033528223068700,323.0580686035156,-2.3086700439453125,1.3674802780151367,-1.2728166580200195
1741033528233169400,323.06816943359377,-2.121936798095703,1.847391128540039,-1.7054879665374756
1741033528243270400,323.0782705078125,-2.0891053676605225,2.424647331237793,-2.191842794418335
1741033528253371100,323.08837109375,-1.827829122543335,3.075371742248535,-2.624950885772705
1741033528263471600,323.0984716796875,-1.2285430431365967,3.738679885864258,-3.063070297241211
1741033528273572000,323.10857202148435,-0.5321820378303528,4.190503120422363,-3.3870763778686523
1741033528283672800,323.1186728515625,-0.055870771408081055,4.455615043640137,-3.68088436126709
1741033528293773600,323.1287736816406,0.37853187322616577,4.329886436462402,-4.100728511810303
1741033528303874600,323.13887451171877,0.9347255229949951,4.041716575622559,-4.444967746734619
1741033528313975300,323.14897534179687,1.5118091106414795,4.062780380249023,-4.597352504730225
1741033528324076000,323.15907592773436,2.0345277786254883,4.565159797668457,-4.907617092132568
1741033528334177000,323.16917700195313,2.495257616043091,5.301374435424805,-5.033932209014893
1741033528344277800,323.17927783203123,2.821554660797119,5.485246658325195,-4.596568584442139
1741033528354378800,323.1893786621094,2.578927993774414,4.15543270111084,-3.761725902557373
1741033528364478700,323.1994787597656,1.6149048805236816,1.712289810180664,-3.0110268592834473
1741033528374579500,323.2095793457031,1.1167066097259521,-0.5070905685424805,-2.498737335205078
1741033528384680200,323.21968017578126,0.9736466407775879,-1.5836291313171387,-1.822021722793579
1741033528394781200,323.22978125,1.1793749332427979,-1.3465070724487305,-1.1080940961837769
1741033528404882000,323.2398818359375,1.0688875913619995,-0.22184085845947266,-0.3568493127822876
1741033528414983000,323.24998291015623,0.7298332452774048,1.3121681213378906,0.022789359092712402
1741033528425083600,323.2600837402344,0.3712879419326782,3.03456974029541,0.297782301902771
1741033528435184400,323.2701843261719,0.4431758522987366,4.226134300231934,0.28396546840667725
1741033528445284900,323.2802849121094,0.9253125190734863,4.258217811584473,0.24474084377288818
1741033528455385300,323.29038525390627,1.0828555822372437,3.117886543273926,0.36072611808776855
1741033528465486000,323.30048608398437,0.9808032512664795,1.7865877151489258,0.6224709749221802
1741033528475587000,323.31058715820313,0.8707118034362793,0.795619010925293,0.8356863260269165
1741033528485687800,323.3206877441406,0.6363056898117065,-0.051131248474121094,0.87566077709198
1741033528495788500,323.33078857421873,0.5755847096443176,-0.6812057495117188,0.7570183277130127
1741033528505889500,323.3408896484375,0.15809398889541626,-1.244272232055664,0.6919658184051514
1741033528515990300,323.350990234375,-0.15804624557495117,-1.7698049545288086,0.7917786836624146
1741033528526091300,323.36109130859376,-0.2784225344657898,-2.2550387382507324,1.063741683959961
1741033528536192000,323.37119189453125,-0.5904777646064758,-2.776578426361084,1.431923508644104
1741033528546292000,323.3812919921875,-1.2653460502624512,-3.475987434387207,1.716365098953247
1741033528556392700,323.39139282226563,-1.8321692943572998,-4.1913299560546875,1.9706298112869263
1741033528566493700,323.40149365234373,-1.9053289890289307,-4.7086663246154785,2.4201202392578125
1741033528576594400,323.4115944824219,-1.371569275856018,-5.12132453918457,2.9168832302093506
1741033528586695400,323.4216953125,-0.625744640827179,-5.378636360168457,3.3728995323181152
1741033528596796200,323.43179614257815,0.17304742336273193,-5.416204929351807,3.97633695602417
1741033528606897000,323.44189697265625,0.6430283784866333,-5.370413780212402,4.598115921020508
1741033528616998000,323.45199780273435,0.9008110761642456,-5.323338508605957,5.054070949554443
1741033528627098000,323.46209814453124,0.7847492694854736,-5.350961685180664,5.173890113830566
1741033528637198600,323.4721984863281,0.5562084317207336,-5.348984241485596,5.039194107055664
1741033528647299600,323.4822995605469,0.5656468272209167,-5.295541763305664,4.741732597351074
1741033528657400300,323.492400390625,0.7190108299255371,-5.271894454956055,4.314502716064453
1741033528667501000,323.5025009765625,1.0776760578155518,-5.272345542907715,3.7177135944366455
1741033528677602000,323.51260205078125,1.4295927286148071,-5.11303186416626,3.209813117980957
1741033528687702800,323.52270288085936,1.784548044204712,-4.699165344238281,2.865293025970459
1741033528697803500,323.53280346679685,2.1710293292999268,-3.8433032035827637,2.847782611846924
1741033528707904500,323.5429045410156,2.4204812049865723,-2.6013994216918945,3.110959768295288
1741033528718005200,323.5530051269531,2.4722931385040283,-1.2031135559082031,3.534761428833008
1741033528728105200,323.5631052246094,2.4051010608673096,0.29564762115478516,3.768439292907715
1741033528738206200,323.5732062988281,2.023519515991211,1.7984209060668945,3.786942958831787
1741033528748307000,323.58330688476565,1.4693379402160645,3.2739486694335938,3.5875134468078613
1741033528758407700,323.59340771484375,0.8901896476745605,4.358002662658691,3.197772264480591
1741033528768508700,323.6035087890625,-0.1796209216117859,5.037506103515625,2.3132920265197754
1741033528778609400,323.613609375,-1.5500731468200684,5.034395217895508,0.8742654323577881
1741033528788710400,323.6237104492188,-3.3691816329956055,5.209859848022461,-1.6046497821807861
1741033528798811100,323.63381103515627,-3.9108972549438477,5.243740081787109,-4.843388557434082
1741033528808911400,323.6439113769531,-3.544656991958618,4.61350154876709,-7.03853178024292
1741033528819012000,323.65401220703126,-3.150456428527832,3.594503402709961,-7.145158767700195
1741033528829112800,323.66411279296875,-3.0434188842773438,2.3964109420776367,-6.687245845794678
1741033528839213600,323.67421362304685,-1.591160535812378,0.7100839614868164,-7.299903869628906
1741033528849314600,323.684314453125,2.070033311843872,-1.1386585235595703,-7.365593910217285
1741033528859415300,323.6944152832031,8.005915641784668,-2.8600239753723145,-7.609560012817383
1741033528869516000,323.7045161132813,15.12847900390625,-3.236912727355957,-6.90573263168335
1741033528879617000,323.7146169433594,16.634716033935547,-1.089991569519043,-4.205977916717529
1741033528889717800,323.7247177734375,10.440550804138184,1.7250680923461914,-2.320019245147705
1741033528899818500,323.73481860351563,7.241218566894531,2.3278236389160156,-1.2766227722167969
1741033528909918700,323.74491870117185,4.900658130645752,1.299489974975586,-0.1616075038909912
1741033528920019500,323.75501953125,1.963296890258789,0.41971683502197266,0.5760893821716309
1741033528930120700,323.7651206054687,0.09521150588989258,0.402313232421875,1.2087963819503784
1741033528940305700,323.7753056640625,-0.8036311864852905,1.5436506271362305,1.5911846160888672
1741033528950609200,323.78560913085937,-0.6116688251495361,3.6871042251586914,2.461562156677246
1741033528960911600,323.79591162109375,-0.17082571983337402,5.845648765563965,3.786238193511963
1741033528971106000,323.80610595703126,-0.08087539672851562,7.337251663208008,5.224649429321289
1741033528981218300,323.81621826171875,-0.12674188613891602,7.846858024597168,6.322324275970459
1741033528991319000,323.82631909179685,-0.5707522630691528,6.7387237548828125,6.454741477966309
1741033529001420000,323.836419921875,-1.0992810726165771,4.124814987182617,5.400690078735352
1741033529011520800,323.8465207519531,-1.2737367153167725,1.8496103286743164,4.0993499755859375
1741033529021621500,323.85662158203127,-1.2102129459381104,0.25223731994628906,3.1264946460723877
1741033529031722200,323.86672216796876,-1.3418262004852295,-1.0052337646484375,2.4008841514587402
1741033529041822500,323.87682250976565,-1.6409265995025635,-2.021742343902588,1.9667340517044067
1741033529051923200,323.88692309570314,-2.001941204071045,-2.7010622024536133,1.907894492149353
1741033529062024200,323.89702416992185,-2.2767763137817383,-3.2849860191345215,2.0898337364196777
1741033529072125000,323.907125,-2.4811017513275146,-3.8251194953918457,2.2628684043884277
1741033529082225700,323.9172255859375,-2.5809245109558105,-4.224647045135498,2.4167792797088623
1741033529092326700,323.92732666015627,-2.5891339778900146,-4.580306053161621,2.517683744430542
1741033529102427400,323.93742749023437,-2.5776185989379883,-4.890697479248047,2.5939126014709473
1741033529112528400,323.9475283203125,-2.472294807434082,-5.152013301849365,2.6290829181671143
1741033529122628600,323.95762866210936,-2.2881855964660645,-5.368724346160889,2.6083409786224365
1741033529132729000,323.96772900390624,-2.0977087020874023,-5.522274971008301,2.5399885177612305
1741033529142829800,323.9778298339844,-1.923631191253662,-5.542266845703125,2.4584851264953613
1741033529152930800,323.9879309082031,-1.875044345855713,-5.318502902984619,2.4170548915863037
1741033529163031600,323.9980314941406,-1.8428285121917725,-4.900078296661377,2.3874354362487793
1741033529173132500,324.0081325683594,-1.8999218940734863,-4.268649578094482,2.325564384460449
1741033529183233300,324.0182333984375,-1.9243260622024536,-3.6209301948547363,2.229426860809326
1741033529193334000,324.028333984375,-2.222747325897217,-2.93082332611084,2.0937957763671875
1741033529203435000,324.03843505859373,-2.4521090984344482,-2.2582058906555176,1.9272981882095337
1741033529213535500,324.0485354003906,-2.811924934387207,-1.610548496246338,1.678909420967102
1741033529223635700,324.0586357421875,-2.976449728012085,-1.0261974334716797,1.4174470901489258
1741033529233736700,324.0687368164063,-3.0354208946228027,-0.5380172729492188,1.1539208889007568
1741033529243837400,324.07883740234377,-3.1251840591430664,0.029847145080566406,0.9341413974761963
1741033529253938200,324.08893823242187,-3.1585733890533447,0.6205692291259766,0.7540378570556641
1741033529264039200,324.0990390625,-2.965400218963623,1.2562980651855469,0.5746910572052002
1741033529274140000,324.1091398925781,-2.664398193359375,1.8290634155273438,0.3803654909133911
1741033529284241000,324.1192409667969,-2.4530208110809326,2.4066286087036133,0.10730457305908203
1741033529294341600,324.1293415527344,-2.3028602600097656,2.9645957946777344,-0.22113096714019775
1741033529304442400,324.1394423828125,-2.1563591957092285,3.577341079711914,-0.5886520147323608
1741033529314542600,324.14954248046877,-1.9083771705627441,4.161715507507324,-1.0832996368408203
1741033529324643300,324.15964331054687,-1.7344534397125244,4.570086479187012,-1.7257269620895386
1741033529334744000,324.169744140625,-1.542358160018921,4.693602561950684,-2.338427782058716
1741033529344845000,324.17984497070313,-1.3148443698883057,4.485278129577637,-2.8935694694519043
1741033529354945800,324.18994580078123,-0.5623963475227356,3.90847110748291,-3.9316811561584473
1741033529365046500,324.2000466308594,0.3935267925262451,3.4690866470336914,-4.645839691162109
1741033529375147500,324.2101474609375,1.1131178140640259,3.0779809951782227,-4.5882110595703125
1741033529385309000,324.2203088378906,1.534434199333191,3.1781692504882812,-3.8055081367492676
1741033529395612400,324.2306123046875,1.9857361316680908,3.931778907775879,-3.529651641845703
1741033529405915100,324.2409150390625,2.3019680976867676,4.533995628356934,-3.628267288208008
1741033529416129300,324.25112939453123,2.599008321762085,4.357240676879883,-3.5592575073242188
1741033529426244900,324.26124487304685,2.8315372467041016,3.0669851303100586,-3.5780375003814697
1741033529436345600,324.271345703125,3.116133451461792,0.9835262298583984,-3.761603832244873
1741033529446446300,324.2814462890625,2.3789920806884766,-0.8515701293945312,-3.5966219902038574
1741033529456547300,324.29154736328127,1.2321289777755737,-1.8227338790893555,-2.863920211791992
1741033529466648000,324.30164794921876,0.43438002467155457,-2.0274109840393066,-1.7996811866760254
1741033529476749000,324.3117490234375,0.48777568340301514,-1.6508159637451172,-0.9141460657119751
1741033529486849800,324.32184985351563,0.41123127937316895,-0.5246477127075195,-0.34230124950408936
1741033529496950500,324.3319504394531,0.3968529999256134,0.9411201477050781,-0.025511860847473145
1741033529507051300,324.3420512695312,0.19734731316566467,2.301454544067383,0.10040128231048584
1741033529517151500,324.3521513671875,0.17136049270629883,3.169308662414551,0.3368574380874634
1741033529527252200,324.3622521972656,0.14753955602645874,3.1257925033569336,0.46360254287719727
1741033529537353200,324.37235327148437,1.1170622110366821,2.199629783630371,0.5140304565429688
1741033529547454000,324.38245385742186,1.8613044023513794,1.2175321578979492,0.6926846504211426
1741033529557554700,324.3925546875,1.7821288108825684,0.29961109161376953,0.9769966006278992
1741033529567655700,324.40265576171873,1.4097672700881958,-0.5997190475463867,1.0591679811477661
1741033529577756400,324.4127563476562,1.1287397146224976,-1.4739627838134766,0.8327682614326477
1741033529587857400,324.422857421875,0.5541254878044128,-2.1525673866271973,0.5736620426177979
1741033529597957600,324.43295751953127,0.11757192015647888,-2.684967041015625,0.5711244344711304
1741033529608058000,324.44305810546877,-0.13227111101150513,-3.2278056144714355,0.7439399361610413
1741033529618158800,324.45315893554687,-0.2034224271774292,-3.7216005325317383,1.070188045501709
1741033529628259800,324.463259765625,-0.41846075654029846,-4.0285444259643555,1.3622421026229858
1741033529638360600,324.4733605957031,-0.742702841758728,-4.296175956726074,1.6735460758209229
1741033529648461600,324.4834616699219,-1.0024808645248413,-4.6727776527404785,1.686933994293213
1741033529658562300,324.4935622558594,-1.0251131057739258,-4.829336166381836,2.2414395809173584
1741033529668663000,324.5036630859375,-0.7974671125411987,-4.848729610443115,3.226128339767456
1741033529678764000,324.51376391601565,-0.47815704345703125,-4.736001014709473,4.118213176727295
1741033529688864500,324.52386450195314,-0.009409487247467041,-4.774691581726074,4.654814720153809
1741033529698964700,324.53396484375,0.37360578775405884,-4.851531982421875,4.924311637878418
1741033529709065700,324.54406567382813,0.518149733543396,-4.909796714782715,4.866840362548828
1741033529719166500,324.55416650390623,0.6128851175308228,-4.796452045440674,4.660317420959473
1741033529729267200,324.5642670898437,0.7657684087753296,-4.546079635620117,4.430691242218018
1741033529739368200,324.5743681640625,1.0556238889694214,-4.246703624725342,4.001589775085449
1741033529749469000,324.58446899414065,1.3800846338272095,-3.812911033630371,3.5758490562438965
1741033529759569700,324.59456958007814,1.7300515174865723,-3.1668667793273926,3.2074193954467773
1741033529769670700,324.60467065429685,2.0025341510772705,-2.4434762001037598,2.843331813812256
1741033529779771400,324.614771484375,2.1649184226989746,-1.6056056022644043,2.588420867919922
1741033529789871600,324.62487158203123,2.192049503326416,-0.8437662124633789,2.294365644454956
1741033529799972400,324.6349724121094,2.198850154876709,-0.06782913208007812,2.0121734142303467
1741033529810073000,324.6450729980469,1.9769648313522339,0.7498807907104492,1.7503366470336914
1741033529820174000,324.65517407226565,1.4320615530014038,1.6371488571166992,1.3285551071166992
1741033529830299600,324.6652995605469,1.1689211130142212,2.3533763885498047,0.8347032070159912
1741033529840603100,324.67560302734375,0.6130673885345459,2.7776670455932617,0.2352522909641266
1741033529850906000,324.68590600585935,-0.6097772717475891,3.2440195083618164,-0.6238986253738403
1741033529861150000,324.69614990234373,-2.114537239074707,3.517209053039551,-1.7867826223373413
1741033529871272200,324.7062722167969,-2.4176387786865234,3.315985679626465,-3.4452462196350098
1741033529881373000,324.716373046875,-0.6373693943023682,2.873112678527832,-5.64688777923584
1741033529891473400,324.7264733886719,0.9225484132766724,2.3527956008911133,-6.63641357421875
1741033529901574000,324.73657397460937,1.4232425689697266,2.2043018341064453,-6.103297710418701
1741033529911674600,324.74667456054686,2.4061460494995117,2.1617631912231445,-5.438577175140381
1741033529921775400,324.756775390625,5.314201354980469,1.7785797119140625,-5.199484348297119
1741033529931876400,324.76687646484373,9.24591064453125,1.129755973815918,-4.79718017578125
1741033529941977000,324.7769770507812,11.64405632019043,0.6313705444335938,-3.8964481353759766
1741033529952078000,324.787078125,12.00132942199707,0.7647809982299805,-2.805318832397461
1741033529962178800,324.7971787109375,9.385963439941406,1.5879669189453125,-1.994856834411621
1741033529972279600,324.80727954101565,5.521453857421875,2.6376075744628906,-1.4914956092834473
1741033529982380300,324.81738037109375,3.933894395828247,2.704557418823242,-0.7304072380065918
1741033529992480500,324.82748046875,1.752607822418213,2.6386375427246094,0.3796283006668091
1741033530002581200,324.8375812988281,0.1314072608947754,2.5039892196655273,1.5548410415649414
1741033530012682200,324.84768212890623,-0.1546330451965332,2.8591489791870117,2.971088409423828
1741033530022783000,324.8577829589844,-0.0385890007019043,3.667922019958496,3.993666172027588
1741033530032883700,324.8678837890625,-0.4168494939804077,4.715396881103516,4.732223987579346
1741033530042984700,324.87798461914065,-0.9480934143066406,5.861249923706055,5.3260602951049805
1741033530053085400,324.88808544921875,-1.5190215110778809,6.495570182800293,5.599416732788086
1741033530063186200,324.89818627929685,-2.1293559074401855,6.087233543395996,5.459766864776611
1741033530073286700,324.90828662109374,-2.1785178184509277,4.416916847229004,4.8826904296875
1741033530083387100,324.91838720703123,-2.149138927459717,2.0290422439575195,3.975595474243164
1741033530093487900,324.9284877929687,-2.0994136333465576,0.23715496063232422,3.166813373565674
1741033530103588900,324.9385888671875,-2.088209867477417,-0.9866113662719727,2.6094753742218018
1741033530113689600,324.94868969726565,-2.065495252609253,-1.7617335319519043,2.18561053276062
1741033530123790300,324.95879028320314,-2.1143651008605957,-2.3622965812683105,1.9612812995910645
1741033530133891300,324.96889135742185,-2.287471294403076,-2.8357038497924805,1.8977137804031372
1741033530143992000,324.97899194335935,-2.53749942779541,-3.290095806121826,1.9563486576080322
1741033530154093000,324.9890930175781,-2.6614527702331543,-3.7294230461120605,2.0509724617004395
1741033530164193500,324.9991936035156,-2.6789541244506836,-4.093939781188965,2.1377644538879395
1741033530174293800,325.0092937011719,-2.570808172225952,-4.416221618652344,2.2233500480651855
1741033530184394800,325.01939477539065,-2.5089192390441895,-4.660801887512207,2.293382406234741
1741033530194495500,325.02949560546875,-2.360130548477173,-4.783208847045898,2.333935499191284
1741033530204596200,325.03959619140625,-2.187960386276245,-4.7742719650268555,2.350982666015625
1741033530214697200,325.049697265625,-2.0968456268310547,-4.615610122680664,2.3232502937316895
1741033530224798000,325.0597978515625,-2.064121961593628,-4.234218597412109,2.2666049003601074
1741033530234898700,325.0698986816406,-2.0427823066711426,-3.6910171508789062,2.2524211406707764
1741033530244999700,325.0799997558594,-2.0767505168914795,-3.12784481048584,2.2515902519226074
1741033530255100000,325.09009985351565,-2.112034797668457,-2.655374526977539,2.2143263816833496
1741033530265200400,325.10020043945315,-2.171377420425415,-2.3258981704711914,2.0960257053375244
1741033530275301400,325.11030126953125,-2.1891980171203613,-2.0390233993530273,1.9525094032287598
1741033530285402000,325.12040209960935,-2.1445724964141846,-1.7802252769470215,1.8643351793289185
1741033530295502800,325.1305029296875,-2.1483168601989746,-1.5443124771118164,1.781307578086853
1741033530305603800,325.1406037597656,-2.1329264640808105,-1.352156639099121,1.6860946416854858
1741033530315704600,325.15070458984377,-2.352684497833252,-1.0245590209960938,1.544179916381836
1741033530325805600,325.1608056640625,-2.535646677017212,-0.5005607604980469,1.481274962425232
1741033530335906300,325.17090625,-2.6485586166381836,0.09053707122802734,1.3855383396148682
1741033530346006800,325.1810068359375,-2.735976219177246,0.8069620132446289,1.1958948373794556
1741033530356107000,325.19110693359374,-2.656423330307007,1.43426513671875,0.9109690189361572
1741033530366208000,325.2012080078125,-2.859313726425171,2.0690298080444336,0.5017075538635254
1741033530376308700,325.2113088378906,-2.912421703338623,2.494807243347168,0.05098450183868408
1741033530386409700,325.22140966796877,-2.9284191131591797,2.8921632766723633,-0.4271048307418823
1741033530396510500,325.2315104980469,-2.7010388374328613,3.1058530807495117,-0.9161059856414795
1741033530406611200,325.24161108398437,-2.581894874572754,3.0876340866088867,-1.5217045545578003
1741033530416712200,325.25171215820313,-2.4953653812408447,3.040262222290039,-2.1295571327209473
1741033530426813000,325.26181298828124,-2.3522493839263916,3.086793899536133,-2.468146324157715
1741033530436914000,325.2719138183594,-2.2882542610168457,3.25457763671875,-2.4890568256378174
1741033530447014000,325.2820139160156,-2.1215808391571045,3.340883255004883,-2.814052104949951
1741033530457114600,325.2921145019531,-1.3066426515579224,3.4358348846435547,-3.55892014503479
1741033530467215400,325.30221533203127,-0.2169111967086792,3.97562313079834,-3.962862491607666
1741033530477316400,325.31231640625,0.6129248142242432,4.829373359680176,-3.835714101791382
1741033530487417000,325.3224169921875,2.119846820831299,5.444575309753418,-3.473555564880371
1741033530497518000,325.33251806640624,2.9548118114471436,4.998261451721191,-2.7889742851257324
1741033530507618800,325.3426188964844,2.9637858867645264,3.1104354858398438,-2.041856050491333
1741033530517719600,325.3527194824219,2.5660338401794434,0.6192703247070312,-1.785152792930603
1741033530527820000,325.3628200683594,1.9005333185195923,-0.9658708572387695,-1.4828217029571533
1741033530537920500,325.37292041015627,1.3801534175872803,-1.4072837829589844,-1.1844457387924194
1741033530548021200,325.38302124023437,0.7024062871932983,-0.720890998840332,-1.292325496673584
1741033530558122200,325.39312231445314,0.16898572444915771,0.5773410797119141,-1.5328240394592285
1741033530568223000,325.40322290039063,-0.24054116010665894,2.0483522415161133,-1.5853098630905151
1741033530578323700,325.41332373046873,-0.003746628761291504,2.9390811920166016,-1.3470592498779297
1741033530588424700,325.4234248046875,0.40861237049102783,2.795905113220215,-0.721035361289978
1741033530598525400,325.433525390625,1.218360424041748,1.918513298034668,0.13890516757965088
1741033530608626200,325.44362622070315,1.7447816133499146,1.1022586822509766,0.7327235341072083
1741033530618727200,325.45372705078125,1.543426513671875,0.48534297943115234,1.0217456817626953
1741033530628827100,325.4638271484375,1.2443989515304565,-0.07596206665039062,0.9287620782852173
1741033530638928000,325.47392797851563,0.15241095423698425,-0.6490774154663086,0.6186747550964355
1741033530649028900,325.48402880859373,-1.5948562622070312,-1.4120664596557617,0.3218357563018799
1741033530659129600,325.4941296386719,-2.6993513107299805,-1.984631061553955,0.50184166431427
1741033530669230300,325.5042302246094,-1.3643807172775269,-2.361299514770508,1.1211837530136108
1741033530679331300,325.5143312988281,0.17163503170013428,-2.5925450325012207,1.8940458297729492
1741033530689432000,325.52443212890626,1.0726947784423828,-2.919559955596924,2.329939365386963
1741033530699533000,325.53453295898436,1.6847763061523438,-3.2920613288879395,2.5321006774902344
1741033530709633300,325.54463330078124,1.8464573621749878,-3.651010036468506,2.589200019836426
1741033530719733800,325.5547336425781,2.0092902183532715,-4.173087120056152,2.5110814571380615
1741033530729834800,325.5648347167969,2.2826805114746094,-4.452450275421143,2.6250417232513428
1741033530739935500,325.574935546875,2.570469856262207,-4.36029052734375,2.9777145385742188
1741033530750036200,325.5850361328125,1.9751226902008057,-4.396418571472168,2.8732454776763916
1741033530760137200,325.59513720703126,1.2318087816238403,-4.504261016845703,2.78739857673645
1741033530770238000,325.60523803710936,0.6766116619110107,-4.732339382171631,2.6062188148498535
1741033530780338700,325.61533862304685,0.27187323570251465,-4.939725875854492,2.414114475250244
1741033530790439700,325.6254396972656,-0.022669553756713867,-5.073780536651611,2.3300418853759766
1741033530800540400,325.6355405273438,-0.011342048645019531,-5.154351711273193,2.3039391040802
1741033530810640400,325.6456403808594,0.10078859329223633,-5.053774356842041,2.2527921199798584
1741033530820741400,325.6557414550781,0.28807926177978516,-4.706303596496582,2.35345458984375
1741033530830842000,325.66584204101565,0.6761696338653564,-4.1557183265686035,2.48215913772583
1741033530840942800,325.67594287109375,0.9831299781799316,-3.46087646484375,2.537639617919922
1741033530851043800,325.6860439453125,1.17832612991333,-2.6165266036987305,2.5731067657470703
1741033530861144600,325.69614453125,1.354843020439148,-1.5815272331237793,2.639183521270752
1741033530871245600,325.7062456054687,1.508739709854126,-0.2993736267089844,2.657409191131592
1741033530881346300,325.7163461914063,1.3497042655944824,1.402151107788086,2.52608060836792
1741033530891446500,325.7264465332031,1.168713092803955,3.0337047576904297,2.223543643951416
1741033530901547000,325.73654711914065,0.3346179723739624,4.128705978393555,1.264177680015564
1741033530911648000,325.74664794921875,-0.6331446170806885,3.9693212509155273,-0.2405456304550171
1741033530921748700,325.75674877929686,-1.6051141023635864,2.9631872177124023,-1.549223780632019
1741033530931849700,325.766849609375,-1.8352229595184326,1.6680412292480469,-2.720289945602417
1741033530941950500,325.7769504394531,-0.06844854354858398,0.5883026123046875,-4.586760520935059
1741033530952051200,325.7870512695313,2.0520007610321045,-0.04648303985595703,-6.584526538848877
1741033530962152200,325.7971520996094,1.902916669845581,-0.4087858200073242,-7.007914066314697
1741033530972252700,325.80725268554687,1.5971057415008545,-0.11488533020019531,-6.598883628845215
1741033530982353000,325.81735278320315,2.249051570892334,0.9375801086425781,-6.044179439544678
1741033530992454000,325.82745385742186,3.594073534011841,2.197996139526367,-5.1881422996521
1741033531002554600,325.8375546875,6.335305690765381,2.792637825012207,-4.1081342697143555
1741033531012655400,325.8476552734375,8.358308792114258,3.2409353256225586,-2.8391289710998535
1741033531022756400,325.8577563476563,10.219069480895996,3.369487762451172,-1.7051141262054443
1741033531032857000,325.8678571777344,8.75439167022705,3.8030643463134766,-0.917069673538208
1741033531042958000,325.8779580078125,4.862668037414551,4.268856048583984,-1.1164555549621582
1741033531053058800,325.88805883789064,1.6481454372406006,4.190746307373047,-1.0912275314331055
1741033531063159600,325.89815966796874,0.05751538276672363,3.4136247634887695,-0.42721033096313477
1741033531073259800,325.908259765625,-0.5041422843933105,2.663325309753418,0.6680256128311157
1741033531083360500,325.9183605957031,-0.7204936742782593,2.2032718658447266,1.6036555767059326
1741033531093461200,325.9284611816406,-0.6712563037872314,2.1560592651367188,2.3473756313323975
1741033531103562200,325.9385622558594,-0.7332565784454346,2.571969985961914,2.925455093383789
1741033531113663000,325.9486630859375,-0.9591282606124878,3.1965322494506836,3.4493510723114014
1741033531123763700,325.958763671875,-1.3389371633529663,3.726559638977051,3.8709635734558105
1741033531133864700,325.96886474609374,-1.662065029144287,3.987062454223633,4.161884784698486
1741033531143965400,325.97896533203124,-2.09976863861084,3.813971519470215,4.18558406829834
1741033531154066200,325.9890661621094,-2.588289260864258,3.0912275314331055,3.67588210105896
1741033531164166700,325.9991667480469,-2.8656740188598633,1.9774150848388672,2.9331984519958496
1741033531174267100,326.0092670898438,-2.899273157119751,0.861689567565918,2.3559505939483643
1741033531184367900,326.0193679199219,-3.0099306106567383,0.0020704269409179688,1.9853535890579224
1741033531194468900,326.02946875,-3.1231775283813477,-0.7597942352294922,1.7879002094268799
1741033531204569600,326.03956958007814,-3.121117115020752,-1.485532283782959,1.7772661447525024
1741033531214670300,326.04967041015624,-3.0808017253875732,-2.188843250274658,1.8561116456985474
1741033531224771300,326.0597712402344,-3.0183846950531006,-2.710587501525879,1.9302055835723877
1741033531234872000,326.0698720703125,-3.1022486686706543,-2.9957966804504395,2.0084903240203857
1741033531244973000,326.07997314453127,-3.132544755935669,-3.1051363945007324,2.093825340270996
1741033531255073000,326.0900729980469,-2.993244171142578,-3.130530834197998,2.1879007816314697
1741033531265173800,326.100173828125,-1.555718183517456,-2.848600387573242,2.392230272293091
1741033531275274800,326.11027465820314,1.5943362712860107,-2.2736802101135254,2.3810360431671143
1741033531285375500,326.12037548828124,2.324842929840088,-2.2939281463623047,2.3649251461029053
1741033531295476200,326.1304763183594,0.03937041759490967,-2.656674861907959,2.116867780685425
1741033531305577200,326.1405771484375,-1.864363193511963,-3.217905044555664,1.4297982454299927
1741033531315678000,326.1506779785156,-3.3077621459960938,-3.816274642944336,0.6089239120483398
1741033531325778700,326.16077880859376,-3.690366744995117,-3.83250093460083,0.4414219856262207
1741033531335879200,326.17087915039065,-3.9344210624694824,-3.6290206909179688,0.3371100425720215
1741033531345979600,326.18097973632814,-4.09312105178833,-3.598607063293457,-0.030356645584106445
1741033531356080400,326.19108032226563,-4.265377521514893,-3.5943617820739746,-0.1802377700805664
1741033531366181400,326.2011813964844,-4.626627445220947,-3.6276450157165527,-0.24899578094482422
1741033531376282000,326.2112822265625,-4.896976470947266,-3.4321670532226562,-0.37738656997680664
1741033531386382800,326.2213828125,-5.358545780181885,-2.9358291625976562,-0.13681960105895996
1741033531396483800,326.23148388671876,-5.4050493240356445,-2.1261396408081055,0.2938954830169678
1741033531406584600,326.24158447265626,-5.278730869293213,-1.216059684753418,0.7314553260803223
1741033531416685600,326.251685546875,-4.921091079711914,-0.05123710632324219,1.3386965990066528
1741033531426786300,326.2617863769531,-4.479821681976318,1.5478572845458984,2.2432572841644287
1741033531436886300,326.27188623046874,-4.040470600128174,3.344475746154785,3.225724458694458
1741033531446987000,326.2819870605469,-3.5686750411987305,4.837194442749023,4.025027751922607
1741033531457088000,326.292087890625,-3.0608320236206055,5.696941375732422,4.32357931137085
1741033531467188700,326.3021887207031,-2.4009392261505127,5.922842979431152,4.058808326721191
1741033531477289700,326.31228979492187,-1.8216400146484375,5.350584983825684,3.201514720916748
1741033531487390500,326.32239038085936,-1.5106149911880493,4.607062339782715,2.1097774505615234
1741033531497491200,326.3324912109375,-1.318446397781372,3.8181915283203125,0.9907355904579163
1741033531507592200,326.34259228515623,-1.4919859170913696,3.1281919479370117,0.0026025772094726562
1741033531517692400,326.3526923828125,-2.5872344970703125,2.9009523391723633,-0.92768394947052
1741033531527793000,326.36279296875,-0.7587662935256958,3.046013832092285,-1.6658097505569458
1741033531537894000,326.3728937988281,0.5115365982055664,3.9753494262695312,-2.5489559173583984
1741033531547995400,326.38299536132814,-0.405031681060791,5.281554222106934,-2.7065281867980957
1741033531558263300,326.3932631835938,-1.1602091789245605,5.979924201965332,-2.2852416038513184
1741033531568567000,326.40356713867186,-0.4064505100250244,5.898276329040527,-2.0084872245788574
1741033531578859000,326.41385888671874,0.49950671195983887,4.271267890930176,-2.0389113426208496
1741033531588992000,326.4239919433594,0.8032793998718262,2.1223745346069336,-1.9196417331695557
1741033531599092700,326.4340927734375,1.03074049949646,0.34142017364501953,-1.6426396369934082
1741033531609193700,326.44419384765627,1.0787081718444824,-1.154067039489746,-1.7800549268722534
1741033531619294200,326.45429418945315,0.9778642654418945,-1.8323378562927246,-1.822953224182129
1741033531629394400,326.46439453125,0.9513256549835205,-1.1117162704467773,-1.5138092041015625
1741033531639495400,326.47449536132814,0.8210397958755493,0.4141263961791992,-1.4428460597991943
1741033531649596200,326.48459619140624,1.2174108028411865,1.6187353134155273,-1.4385042190551758
1741033531659697000,326.49469677734373,1.4837905168533325,1.7992687225341797,-1.5190478563308716
1741033531669798000,326.5047978515625,1.753627896308899,1.0264835357666016,-1.3458237648010254
1741033531679898600,326.5148986816406,2.974148750305176,0.5327253341674805,-0.8695346713066101
1741033531689999400,326.52499926757815,3.36513614654541,0.5006532669067383,0.25740742683410645
1741033531700100400,326.53510034179686,3.6438984870910645,0.1638507843017578,0.9594399929046631
1741033531710201000,326.545201171875,4.490041255950928,-0.6124410629272461,1.1663964986801147
1741033531720301300,326.55530126953124,3.9331982135772705,-1.5160436630249023,0.9348820447921753
1741033531730402000,326.5654020996094,2.6566667556762695,-2.1474661827087402,0.5842925310134888
1741033531740502800,326.5755026855469,1.9320571422576904,-2.5989012718200684,0.633178174495697
1741033531750603500,326.585603515625,1.4658300876617432,-3.2455520629882812,0.637653648853302
1741033531760704500,326.59570458984376,1.3780899047851562,-3.9735922813415527,0.49500125646591187
1741033531770805200,326.60580517578126,1.2451393604278564,-4.659982204437256,0.2916511297225952
1741033531780906200,326.61590625,1.2681734561920166,-5.047718048095703,0.23501792550086975
1741033531791007000,326.6260070800781,1.45781672000885,-5.145161151885986,0.3043052852153778
1741033531801107500,326.636107421875,1.641033411026001,-5.257930278778076,0.17817959189414978
1741033531811207700,326.6462077636719,1.3921610116958618,-5.3814215660095215,-0.16879332065582275
1741033531821308700,326.65630859375,1.1951371431350708,-5.286099910736084,-0.3648983836174011
1741033531831409400,326.6664094238281,1.0644110441207886,-5.10304594039917,-0.3658334016799927
1741033531841510400,326.67651049804687,0.6264340877532959,-5.016397476196289,-0.33500683307647705
1741033531851611100,326.68661108398436,0.11685895919799805,-4.871118068695068,-0.11405789852142334
1741033531861712000,326.6967119140625,-0.06725668907165527,-4.223501205444336,0.5648274421691895
1741033531871812900,326.7068127441406,0.17208147048950195,-3.439189910888672,1.4219694137573242
1741033531881913600,326.7169135742187,0.9189221858978271,-2.5060181617736816,2.5049664974212646
1741033531892013600,326.727013671875,2.0605645179748535,-1.8360447883605957,3.4425106048583984
1741033531902114600,326.7371145019531,2.7224042415618896,-1.4355411529541016,3.8162758350372314
1741033531912215300,326.74721533203126,2.820126533508301,-1.0501766204833984,4.149462699890137
1741033531922316000,326.75731591796875,2.6060991287231445,-0.7593326568603516,4.161806583404541
1741033531932417000,326.7674169921875,2.345294952392578,-0.5665712356567383,3.963534355163574
1741033531942517800,326.7775178222656,1.922118902206421,-0.42235374450683594,3.58044171333313
1741033531952618800,326.7876186523437,1.4355297088623047,-0.2504453659057617,3.1874847412109375
1741033531962719500,326.7977194824219,0.8220617771148682,0.08036136627197266,2.7504892349243164
1741033531972820000,326.8078200683594,-0.10258102416992188,0.4412240982055664,2.100935935974121
1741033531982920200,326.8179201660156,-1.0066806077957153,0.6799201965332031,1.207800269126892
1741033531993021200,326.82802124023436,-1.8263694047927856,0.7934589385986328,0.1791437864303589
1741033532003122000,326.83812182617186,-2.773076057434082,1.0494356155395508,-0.876420259475708
1741033532013223000,326.8482229003906,-2.475712537765503,1.2746763229370117,-1.5800597667694092
1741033532023323600,326.8583237304687,-1.6658587455749512,1.5084857940673828,-1.7944598197937012
1741033532033424400,326.8684243164063,-0.7576594352722168,1.9219026565551758,-1.9231288433074951
1741033532043525400,326.878525390625,-0.039917945861816406,2.5200700759887695,-2.1662850379943848
1741033532053626000,326.88862622070315,0.6073517799377441,3.300816535949707,-3.0424745082855225
1741033532063726000,326.89872607421876,0.9797770977020264,4.299320220947266,-5.224735736846924
1741033532073827000,326.9088271484375,2.0172266960144043,5.912938117980957,-5.887849807739258
1741033532083927800,326.918927734375,4.708961486816406,7.949907302856445,-4.236152648925781
1741033532094028500,326.9290285644531,6.9933366775512695,8.929615020751953,-1.8134324550628662
1741033532104129500,326.9391296386719,7.121424674987793,7.658786773681641,-1.212869644165039
1741033532114230300,326.9492302246094,4.483421325683594,5.195782661437988,-2.1000924110412598
1741033532124331000,326.9593310546875,1.7113361358642578,3.560667037963867,-1.8142898082733154
1741033532134432000,326.96943188476564,-0.42400550842285156,2.8630332946777344,-0.6740479469299316
1741033532144532200,326.9795322265625,-1.1285163164138794,2.1345062255859375,0.1299678087234497
1741033532154632700,326.9896328125,-1.4629724025726318,1.710134506225586,0.735718846321106
1741033532164733700,326.9997336425781,-1.6726088523864746,1.6296472549438477,1.1425788402557373
1741033532174834400,327.0098344726562,-1.4353049993515015,1.6460533142089844,1.424471139907837
1741033532184935400,327.0199353027344,-0.7685203552246094,1.8167095184326172,1.6102557182312012
1741033532195036200,327.0300361328125,-0.4374072551727295,1.9320030212402344,1.8183494806289673
1741033532205137000,327.04013696289064,-0.668297290802002,1.788853645324707,1.8762010335922241
1741033532215238000,327.05023779296874,-1.0886417627334595,1.3100833892822266,1.6395453214645386
1741033532225338600,327.0603386230469,-1.546160101890564,0.6070575714111328,1.3015213012695312
1741033532235439400,327.070439453125,-1.9692107439041138,-0.07912731170654297,1.1168088912963867
1741033532245539600,327.0805395507812,-2.1738128662109375,-0.7883157730102539,1.0079996585845947
1741033532255640300,327.0906403808594,-2.2262892723083496,-1.4527835845947266,0.9798775911331177
1741033532265741000,327.1007409667969,-2.1190390586853027,-2.0876855850219727,0.9870914220809937
1741033532275842000,327.11084204101564,-1.9555351734161377,-2.5914549827575684,1.0698792934417725
1741033532285942800,327.12094287109375,-1.8529196977615356,-2.969844341278076,1.0963191986083984
1741033532296043500,327.13104345703124,-1.8182262182235718,-3.201658248901367,1.1662235260009766
1741033532306144500,327.14114453125,-1.927886724472046,-3.335787773132324,1.2162694931030273
1741033532316245200,327.1512453613281,-2.097726345062256,-3.353518009185791,1.3111321926116943
1741033532326345500,327.1613454589844,-2.2204151153564453,-3.346846580505371,1.4836206436157227
1741033532336446200,327.1714462890625,-2.316883087158203,-3.234466075897217,1.6330457925796509
1741033532346547000,327.181546875,-2.434231758117676,-3.182065963745117,1.765392541885376
1741033532356647700,327.19164770507814,-2.561391592025757,-3.1664481163024902,1.7495445013046265
1741033532366748700,327.20174877929685,-2.754422664642334,-3.093944549560547,1.6635265350341797
1741033532376849400,327.2118493652344,-2.921088457107544,-3.0249643325805664,1.5138969421386719
1741033532386950400,327.2219504394531,-3.006002902984619,-2.9112443923950195,1.397695779800415
1741033532397051100,327.2320510253906,-3.165910005569458,-2.638396739959717,1.2847225666046143
1741033532407151900,327.24215185546876,-3.3593380451202393,-2.33103084564209,1.0498265027999878
1741033532417252000,327.25225219726565,-3.4900832176208496,-1.8204669952392578,0.9340948462486267
1741033532427352800,327.26235278320314,-3.4999215602874756,-1.13134765625,0.9129713773727417
1741033532437453600,327.27245361328124,-3.460923671722412,-0.4475250244140625,0.8731600046157837
1741033532447554600,327.2825544433594,-3.36849308013916,0.15487194061279297,0.8355840444564819
1741033532457655300,327.2926552734375,-3.2773618698120117,0.5880031585693359,0.7465927004814148
1741033532467756000,327.3027561035156,-3.206714153289795,0.8671350479125977,0.7144654989242554
1741033532477857000,327.31285693359376,-3.047280788421631,0.9863748550415039,0.5648015737533569
1741033532487957800,327.32295776367187,-2.7158946990966797,1.1692314147949219,0.49786120653152466
1741033532498058000,327.33305810546875,-2.3972668647766113,1.5991363525390625,0.5798410177230835
1741033532508158700,327.34315869140624,-1.930389642715454,2.2111616134643555,0.7321261167526245
1741033532518259500,327.35325952148435,-1.4339451789855957,2.9228925704956055,0.8286126852035522
1741033532528360200,327.3633601074219,-0.9473649263381958,3.6555280685424805,0.8198686838150024
1741033532538461200,327.3734611816406,-0.40700554847717285,4.208959579467773,0.559572696685791
1741033532548562000,327.38356201171877,0.19470834732055664,4.3809309005737305,-0.17492544651031494
1741033532558663000,327.39366284179687,0.9419918060302734,4.205185890197754,-1.0318623781204224
1741033532568763600,327.403763671875,1.6657183170318604,3.843449592590332,-1.8130459785461426
1741033532578864400,327.4138645019531,2.443654775619507,3.607786178588867,-2.353789806365967
1741033532588964400,327.42396435546874,3.359689235687256,3.561650276184082,-2.7252650260925293
1741033532599065300,327.4340654296875,3.779172897338867,4.057208061218262,-2.536929130554199
1741033532609166000,327.444166015625,3.8871846199035645,4.8294677734375,-2.4968228340148926
1741033532619267000,327.45426708984377,4.175936698913574,5.151393890380859,-2.674862861633301
1741033532629367800,327.46436791992187,4.088732719421387,4.377536773681641,-2.357285499572754
1741033532639468500,327.47446850585936,4.75240421295166,1.9185199737548828,-2.196199417114258
1741033532649569500,327.48456958007813,5.880679130554199,-0.2749338150024414,-2.122955083847046
1741033532659670300,327.4946701660156,4.164284706115723,-1.216618537902832,-1.7358813285827637
1741033532669770500,327.5047705078125,1.7528718709945679,-1.3232488632202148,-1.176252841949463
1741033532679871200,327.5148713378906,0.13522636890411377,-0.6480607986450195,-0.08260512351989746
1741033532689972000,327.5249719238281,0.03413081169128418,0.35871315002441406,0.7627246975898743
1741033532700072700,327.53507275390626,0.7826069593429565,1.2280750274658203,1.4709067344665527
1741033532710173700,327.54517358398436,1.2912765741348267,1.619868278503418,1.6977002620697021
1741033532720274400,327.5552744140625,1.4020495414733887,1.7623291015625,1.5628488063812256
1741033532730375400,327.56537548828123,1.3792355060577393,1.8937549591064453,1.5208590030670166
1741033532740476200,327.5754760742187,0.7966259121894836,1.5997838973999023,1.3266327381134033
1741033532750576600,327.5855766601563,0.410883367061615,1.2186737060546875,0.9396457672119141
1741033532760676900,327.5956767578125,0.4163052439689636,0.6507282257080078,0.46668189764022827
1741033532770777900,327.60577783203127,0.19274240732192993,-0.1379251480102539,0.34765756130218506
1741033532780878600,327.61587866210937,-0.12471073865890503,-0.858123779296875,0.49263662099838257
1741033532790979600,327.6259794921875,-0.21099841594696045,-1.4503955841064453,0.6125633120536804
1741033532801080300,327.6360803222656,-0.17032134532928467,-2.0337891578674316,0.7721526622772217
1741033532811181000,327.64618115234373,-0.1451210379600525,-2.631476402282715,0.8976254463195801
1741033532821282000,327.6562819824219,-0.1911410689353943,-3.1981139183044434,1.0234675407409668
1741033532831382000,327.6663820800781,-0.197029709815979,-3.7601709365844727,1.1231951713562012
1741033532841482800,327.6764826660156,-0.10618233680725098,-4.2859673500061035,1.185471773147583
1741033532851583700,327.68658374023437,0.03555703163146973,-4.574525833129883,1.2543981075286865
1741033532861684500,327.6966845703125,0.4475449323654175,-4.721704483032227,1.370161533355713
1741033532871785200,327.70678515625,0.7834510803222656,-4.86605978012085,1.5784976482391357
1741033532881886200,327.71688623046873,0.9271485805511475,-5.077910423278809,1.7213865518569946
1741033532891987000,327.7269870605469,0.8924031257629395,-5.271838188171387,1.8036696910858154
1741033532902087700,327.7370876464844,0.798365592956543,-5.314773082733154,1.8444280624389648
1741033532912188400,327.7471884765625,0.657294511795044,-5.225069046020508,1.7488892078399658
1741033532922288600,327.75728857421876,0.3970065116882324,-5.1423420906066895,1.5276539325714111
1741033532932389400,327.76738940429686,0.18178009986877441,-5.096914291381836,1.4405711889266968
1741033532942490400,327.77749047851563,-0.11592268943786621,-4.865614891052246,1.2809849977493286
1741033532952591000,327.7875910644531,-0.21732211112976074,-4.59205436706543,1.1126514673233032
1741033532962692000,327.7976921386719,0.0706167221069336,-4.3571319580078125,1.0716749429702759
1741033532972792800,327.8077927246094,0.5386784076690674,-3.985610008239746,1.2327756881713867
1741033532982893600,327.8178935546875,1.0385997295379639,-3.451794147491455,1.3621909618377686
1741033532992994600,327.82799462890625,1.595806360244751,-2.7581915855407715,1.5117168426513672
1741033533003094500,327.83809448242187,2.042447566986084,-1.8817191123962402,1.6350841522216797
1741033533013195300,327.8481953125,2.5299367904663086,-0.889491081237793,1.7892831563949585
1741033533023296300,327.8582961425781,2.415897846221924,0.3292398452758789,1.9353535175323486
1741033533033397000,327.8683969726562,2.168558359146118,1.6077051162719727,1.8336399793624878
1741033533043497700,327.8784978027344,1.7598586082458496,2.616827964782715,1.5823549032211304
1741033533053598700,327.8885986328125,1.4416530132293701,3.0793638229370117,0.9719351530075073
1741033533063699500,327.89869946289065,1.074089527130127,2.951352119445801,0.28303396701812744
1741033533073800200,327.90880029296875,0.5480341911315918,2.5735864639282227,-0.2836918830871582
1741033533083901000,327.91890087890624,-0.10116410255432129,2.3316125869750977,-1.175811529159546
1741033533094001200,327.9290012207031,-0.751194953918457,2.5194082260131836,-2.958298444747925
1741033533104102000,327.9391018066406,-1.8662188053131104,2.874258041381836,-4.3648295402526855
1741033533114203000,327.9492028808594,-3.149939775466919,2.9677352905273438,-5.586483955383301
1741033533124304100,327.95930419921876,-1.3145142793655396,1.9869155883789062,-6.643005847930908
1741033533134524700,327.9695246582031,3.4112167358398438,0.3161125183105469,-7.257386207580566
1741033533144828400,327.97982836914065,7.40886116027832,-0.3742790222167969,-6.536628723144531
1741033533155130400,327.99013037109376,11.710339546203613,-0.2853403091430664,-3.619489908218384
1741033533165298000,328.0002978515625,12.632699012756348,1.1841001510620117,-0.6685736179351807
1741033533175401700,328.0104016113281,7.706960201263428,3.5348663330078125,0.337705135345459
1741033533185502500,328.0205024414062,3.791954278945923,4.796463966369629,0.08344495296478271
1741033533195603200,328.0306032714844,1.060976505279541,4.726587295532227,-0.17265796661376953
1741033533205703200,328.040703125,-0.1814424991607666,4.0463457107543945,-0.40337705612182617
1741033533215804200,328.05080419921876,-0.5469063520431519,3.1865482330322266,-0.4350621700286865
1741033533225905000,328.06090478515625,-0.42928171157836914,2.743448257446289,-0.12671160697937012
1741033533236006000,328.071005859375,-0.17462658882141113,3.1042661666870117,0.2754943370819092
1741033533246106600,328.0811066894531,-0.24414682388305664,4.423620223999023,0.7641801834106445
1741033533256207400,328.0912072753906,-0.7395856380462646,5.707740783691406,1.3580515384674072
1741033533266308400,328.1013083496094,-1.399850845336914,5.7173566818237305,1.9736990928649902
1741033533276409000,328.1114091796875,-1.752617359161377,4.698494911193848,2.657231092453003
1741033533286509300,328.12150927734376,-1.946273922920227,3.625459671020508,3.3102104663848877
1741033533296610000,328.13161010742186,-1.9356993436813354,2.904597282409668,3.6624531745910645
1741033533306710800,328.14171069335936,-1.847790002822876,2.5952157974243164,3.8345131874084473
1741033533316811500,328.1518115234375,-1.7749741077423096,2.320943832397461,3.9520423412323
1741033533326913300,328.1619133300781,-1.5796955823898315,1.7643070220947266,4.009296894073486
1741033533337205000,328.172205078125,-1.4288614988327026,0.7605476379394531,3.9709177017211914
1741033533347508500,328.18250854492186,-1.158159613609314,-0.5715198516845703,3.854485034942627
1741033533357781200,328.19278125,-0.786226749420166,-1.7290306091308594,3.6426780223846436
1741033533367910000,328.20290991210936,-0.4953043460845947,-2.626058578491211,3.3230626583099365
1741033533378010400,328.21301025390625,-0.4656177759170532,-3.1947145462036133,3.1036386489868164
1741033533388110600,328.22311059570313,-0.3134481906890869,-3.463510513305664,2.913823366165161
1741033533398211300,328.23321142578123,0.12912440299987793,-3.4519710540771484,2.731773614883423
1741033533408312300,328.2433122558594,0.5547580718994141,-3.4621052742004395,2.430436372756958
1741033533418413000,328.2534130859375,-0.14864802360534668,-3.719226360321045,2.2152419090270996
1741033533428514000,328.26351416015626,-1.1343646049499512,-3.928699493408203,2.1201670169830322
1741033533438614800,328.27361474609376,-1.5752489566802979,-3.979282855987549,2.1594254970550537
1741033533448715500,328.28371557617186,-0.9023259282112122,-3.9481515884399414,2.2344493865966797
1741033533458816500,328.29381640625,-0.1037745475769043,-3.8296637535095215,2.42192006111145
1741033533468916500,328.30391650390624,-0.2674158811569214,-3.4434499740600586,2.5768184661865234
1741033533479017200,328.3140173339844,-1.03147292137146,-3.2284717559814453,2.3281517028808594
1741033533489118200,328.3241181640625,-1.9101440906524658,-3.097573757171631,1.922845721244812
1741033533499219000,328.3342189941406,-2.6642019748687744,-3.0619678497314453,1.3065903186798096
1741033533509319700,328.34431958007815,-2.8608856201171875,-3.0588979721069336,0.5601022243499756
1741033533519420700,328.35442065429686,-2.795830249786377,-3.0706052780151367,-0.11900544166564941
1741033533529521400,328.364521484375,-2.6210620403289795,-3.117659568786621,-0.5000224113464355
1741033533539622400,328.3746223144531,-2.4530487060546875,-3.073235511779785,-0.5756230354309082
1741033533549723000,328.3847229003906,-2.118821382522583,-2.8251700401306152,-0.5496382713317871
1741033533559823000,328.3948229980469,-1.9054741859436035,-2.318636894226074,-0.3995940685272217
1741033533569923800,328.404923828125,-2.0987720489501953,-1.5288543701171875,-0.2076263427734375
1741033533580024800,328.41502490234376,-2.451214551925659,-0.41529369354248047,0.03062605857849121
1741033533590125600,328.42512548828125,-2.875377655029297,0.8881120681762695,0.37270116806030273
1741033533600226600,328.4352265625,-3.978778839111328,2.3178796768188477,0.7485024929046631
1741033533610327300,328.4453273925781,-5.681206703186035,3.851268768310547,1.0820571184158325
1741033533620428800,328.4554287109375,-6.096524238586426,4.908595085144043,1.4403268098831177
1741033533630697000,328.4656970214844,-5.829494953155518,5.3653564453125,2.084993362426758
1741033533641000400,328.4760004882813,-4.9910688400268555,5.383847236633301,2.778369903564453
1741033533651292400,328.48629248046876,-3.6582541465759277,4.876439094543457,2.8069164752960205
1741033533661424600,328.49642456054687,-2.4548349380493164,4.201848030090332,2.0309829711914062
1741033533671525400,328.506525390625,-1.9462963342666626,3.7602033615112305,0.8896816968917847
1741033533681626400,328.51662646484374,-1.7490460872650146,3.970658302307129,-0.35456180572509766
1741033533691727000,328.52672705078123,-1.7734884023666382,4.962736129760742,-1.662271499633789
1741033533701827800,328.5368278808594,-1.9138821363449097,6.265789031982422,-2.9665701389312744
1741033533711928800,328.5469287109375,-1.8856004476547241,6.778106689453125,-4.641963481903076
1741033533722029300,328.557029296875,-1.211264729499817,5.584148406982422,-5.207470417022705
1741033533732129500,328.5671296386719,0.23532772064208984,3.0452651977539062,-3.4322426319122314
1741033533742230500,328.57723046875,1.4418928623199463,0.7742738723754883,-1.4085092544555664
1741033533752331300,328.58733129882813,2.2189879417419434,-0.46553611755371094,-0.1617833375930786
1741033533762432000,328.5974318847656,2.4973697662353516,-0.8055896759033203,0.3196171522140503
1741033533772533000,328.6075329589844,2.3388583660125732,-0.21082115173339844,0.37822723388671875
1741033533782633700,328.6176337890625,2.1748850345611572,1.1346635818481445,0.08328306674957275
1741033533792734700,328.6277346191406,2.163965940475464,2.4644575119018555,-0.11490237712860107
1741033533802835500,328.63783544921876,2.080045700073242,3.409428596496582,-0.03794693946838379
1741033533812935400,328.64793530273437,2.0035247802734375,3.53057861328125,0.1049811840057373
1741033533823036400,328.65803637695313,2.1381964683532715,2.982712745666504,0.02743518352508545
1741033533833137200,328.66813720703124,1.7408963441848755,2.3051347732543945,-0.01192164421081543
1741033533843238000,328.67823779296873,1.5317291021347046,1.2079486846923828,-0.014475464820861816
1741033533853339000,328.6883388671875,1.5273363590240479,-0.02134990692138672,0.2119143009185791
1741033533863439600,328.6984396972656,1.8159527778625488,-0.962794303894043,0.6363983154296875
1741033533873540400,328.70854028320315,1.587295651435852,-1.7077207565307617,0.9613332748413086
1741033533883640800,328.71864086914064,1.0627802610397339,-2.30009126663208,1.2151471376419067
1741033533893741300,328.7287412109375,0.7551332712173462,-2.946967601776123,1.365248441696167
1741033533903842000,328.73884204101563,1.4098639488220215,-3.5453600883483887,0.8494582772254944
1741033533913943000,328.7489431152344,4.167739391326904,-3.9306631088256836,0.1395343542098999
1741033533924043800,328.7590437011719,2.3915042877197266,-4.215549945831299,0.4869321584701538
1741033533934144500,328.76914453125,-2.1084537506103516,-3.9058542251586914,0.6064818501472473
1741033533944245500,328.77924560546876,-3.286707878112793,-4.083767414093018,0.8738499879837036
1741033533954346200,328.78934619140625,-1.1779237985610962,-4.847417831420898,1.1721090078353882
1741033533964447200,328.799447265625,0.19634568691253662,-5.612660884857178,1.1738711595535278
1741033533974547200,328.80954711914063,0.7256078720092773,-6.265007019042969,1.1291038990020752
1741033533984648000,328.81964794921873,0.94846510887146,-6.794406890869141,1.2797009944915771
1741033533994748700,328.8297487792969,1.0606440305709839,-7.134724140167236,1.3390696048736572
1741033534004849700,328.839849609375,1.4162485599517822,-7.047224998474121,1.4095443487167358
1741033534014950400,328.84995043945315,1.5213627815246582,-6.7197394371032715,1.547220230102539
1741033534025051400,328.86005151367186,1.4934797286987305,-6.131256103515625,1.6412334442138672
1741033534035152100,328.87015209960936,1.5482404232025146,-5.534792900085449,1.65578031539917
1741033534045252600,328.88025268554685,1.7432746887207031,-4.938323974609375,1.7071163654327393
1741033534055352800,328.8903527832031,2.003014087677002,-4.183187484741211,1.6927154064178467
1741033534065453800,328.9004538574219,2.5708703994750977,-3.1968817710876465,1.8481132984161377
1741033534075554600,328.9105544433594,3.4293060302734375,-2.0156917572021484,2.0537054538726807
1741033534085655600,328.9206555175781,3.8053033351898193,-0.6917819976806641,2.1307010650634766
1741033534095756300,328.93075634765626,3.834291696548462,0.6250171661376953,2.0314881801605225
1741033534105857000,328.94085693359375,3.5851638317108154,1.7791967391967773,1.799276351928711
1741033534115958000,328.9509580078125,3.242709159851074,2.439448356628418,1.2646209001541138
1741033534126058000,328.96105810546874,2.539226770401001,2.62007999420166,0.6490334868431091
1741033534136158700,328.97115869140623,1.628280758857727,2.5163917541503906,-0.05323517322540283
1741033534146259700,328.981259765625,0.7365623712539673,2.324188232421875,-0.833069920539856
1741033534156360400,328.9913603515625,-0.45379865169525146,2.2981796264648438,-2.093350410461426
1741033534166461200,329.00146118164065,-1.4985742568969727,2.2173471450805664,-3.484750270843506
1741033534176562200,329.01156225585936,-2.2085134983062744,2.11422061920166,-4.102644920349121
1741033534186663000,329.02166284179685,-2.2209572792053223,1.9843206405639648,-4.234679698944092
1741033534196764000,329.0317639160156,-0.5181645154953003,1.6763420104980469,-4.1563191413879395
1741033534206864100,329.0418640136719,2.532379627227783,1.2144699096679688,-4.377388000488281
1741033534216964600,329.0519645996094,6.445087432861328,0.014547348022460938,-5.588315486907959
1741033534227065300,329.0620654296875,10.414213180541992,-1.7212839126586914,-6.918819427490234
1741033534237166300,329.07216625976565,12.20596694946289,-1.2577314376831055,-5.249761581420898
1741033534247267000,329.08226708984375,10.358358383178711,0.9451589584350586,-1.4664270877838135
1741033534257368000,329.0923681640625,6.905618190765381,3.8943281173706055,1.2381309270858765
1741033534267468800,329.10246875,3.9517743587493896,6.003327369689941,2.5520195960998535
1741033534277569500,329.1125695800781,1.7998104095458984,6.512692451477051,2.540221929550171
1741033534287669500,329.1226694335937,0.18182635307312012,5.321258544921875,1.8139679431915283
1741033534297770500,329.1327705078125,-0.6388437747955322,3.400035858154297,0.681469202041626
1741033534307871200,329.1428713378906,-1.3368858098983765,1.9596195220947266,-0.1861572265625
1741033534317972200,329.15297216796876,-1.9515546560287476,1.4133319854736328,-0.38818836212158203
1741033534328073000,329.16307299804686,-1.9569534063339233,1.9387388229370117,-0.18926167488098145
1741033534338173700,329.17317358398435,-1.789583444595337,3.428640365600586,0.37159228324890137
1741033534348274700,329.1832746582031,-1.6794605255126953,5.145903587341309,1.2508600950241089
1741033534358375200,329.1933752441406,-1.8042229413986206,6.233287811279297,2.4448094367980957
1741033534368475400,329.2034753417969,-1.954087257385254,6.3162126541137695,3.7272205352783203
1741033534378576400,329.2135764160156,-2.0184011459350586,5.403132438659668,4.687931060791016
1741033534388677000,329.22367700195315,-1.9822574853897095,3.6199522018432617,4.817192554473877
1741033534398777900,329.23377783203125,-1.9441187381744385,1.8335552215576172,4.461071014404297
1741033534408878800,329.24387890625,-1.912160038948059,0.6270914077758789,4.1280412673950195
1741033534418979600,329.2539794921875,-1.6912319660186768,-0.22409915924072266,3.927252769470215
1741033534429080600,329.2640805664063,-1.5553793907165527,-1.0198650360107422,3.7076539993286133
1741033534439181300,329.2741813964844,-1.6531556844711304,-1.7473821640014648,3.475978136062622
1741033534449281300,329.28428125,-1.7249656915664673,-2.3104844093322754,3.3322415351867676
1741033534459382000,329.29438208007815,-1.776497721672058,-2.7330551147460938,3.2276642322540283
1741033534469483000,329.30448291015625,-1.7682026624679565,-3.10670804977417,3.0993738174438477
1741033534479583700,329.31458374023435,-1.7543472051620483,-3.426332950592041,2.9746530055999756
1741033534489684700,329.3246848144531,-1.7188807725906372,-3.698383331298828,2.8302125930786133
1741033534499785500,329.3347854003906,-1.6844172477722168,-3.9313087463378906,2.725214958190918
1741033534509886200,329.3448862304688,-1.6230493783950806,-4.11856746673584,2.5857317447662354
1741033534519986700,329.3549865722656,-1.657950758934021,-4.297323226928711,2.489323377609253
1741033534530087200,329.36508715820315,-1.7979838848114014,-4.306832790374756,2.4447803497314453
1741033534540188000,329.37518798828125,-1.4442906379699707,-3.9264354705810547,2.5243000984191895
1741033534550289000,329.38528881835936,-0.751977801322937,-3.3982810974121094,2.502286672592163
1741033534560389600,329.3953896484375,-1.3867300748825073,-3.126070499420166,2.373753786087036
1741033534570490400,329.4054904785156,-2.0812807083129883,-2.9202466011047363,2.1822540760040283
1741033534580591400,329.4155913085938,-2.161149263381958,-2.7531790733337402,1.97482168674469
1741033534590692000,329.4256921386719,-2.3874382972717285,-2.6683006286621094,1.6088898181915283
1741033534600792000,329.4357919921875,-2.6466755867004395,-2.477015495300293,1.163325548171997
1741033534610893000,329.44589306640626,-3.0547447204589844,-2.152585983276367,0.7286489009857178
1741033534620993800,329.45599389648436,-3.3905270099639893,-1.7908291816711426,0.16347920894622803
1741033534631094500,329.46609448242185,-3.5847654342651367,-1.153451919555664,-0.09691476821899414
1741033534641195500,329.4761955566406,-3.7636404037475586,-0.2009267807006836,-0.067038893699646
1741033534651296300,329.4862961425781,-4.105618953704834,0.6251192092895508,-0.0852433443069458
1741033534661397200,329.4963972167969,-4.165606498718262,1.2986555099487305,-0.2499309778213501
1741033534671498000,329.506498046875,-3.8558523654937744,1.8687238693237305,-0.3806123733520508
1741033534681598500,329.51659838867187,-3.2249233722686768,2.3202085494995117,-0.463703989982605
1741033534691698700,329.52669873046875,-2.634376287460327,2.7913951873779297,-0.33161461353302
1741033534701799700,329.53679956054685,-1.9978601932525635,3.3297529220581055,-0.2990931272506714
1741033534711900400,329.546900390625,-1.3942878246307373,3.8096466064453125,-0.46405506134033203
1741033534722001400,329.5570014648437,-0.3114008903503418,4.0974225997924805,-0.6654660701751709
1741033534732102100,329.5671020507813,1.0858228206634521,4.180008888244629,-1.0466290712356567
1741033534742203000,329.5772028808594,2.3484673500061035,4.305340766906738,-1.3962711095809937
1741033534752303900,329.58730395507814,3.7797317504882812,4.336499214172363,-1.7329639196395874
1741033534762403800,329.59740380859375,5.38841438293457,4.302480697631836,-2.1058197021484375
1741033534772504600,329.60750463867186,6.7378106117248535,4.422533988952637,-2.541142463684082
1741033534782605600,329.61760546875,9.214137077331543,4.562350273132324,-3.2231459617614746
1741033534792706300,329.6277062988281,11.59288215637207,4.338040351867676,-3.945509910583496
1741033534802807000,329.6378071289063,11.316283226013184,4.642065048217773,-3.2232489585876465
1741033534812908000,329.6479079589844,11.007113456726074,4.195948600769043,-2.705977439880371
1741033534823008800,329.6580087890625,7.789398670196533,1.5499486923217773,-2.8726162910461426
1741033534833109200,329.66810913085936,4.577136039733887,-1.2437572479248047,-2.878122329711914
1741033534843209700,329.67820971679686,1.6836059093475342,-2.602762222290039,-2.191161870956421
1741033534853310500,329.688310546875,-1.3299328088760376,-2.559257984161377,-1.261457085609436
1741033534863411200,329.6984111328125,-2.2527947425842285,-1.463393211364746,-0.6483931541442871
1741033534873512200,329.7085122070313,-2.865799903869629,0.4428691864013672,-0.0024144649505615234
1741033534883613000,329.7186130371094,-4.500568866729736,2.1395654678344727,0.39405572414398193
1741033534893714000,329.7287138671875,-3.4513649940490723,3.064883232116699,1.4774688482284546
1741033534903814700,329.73881469726564,-0.9793223142623901,2.8124876022338867,2.713151216506958
1741033534913914600,329.74891455078125,1.4588959217071533,2.1604557037353516,3.524353504180908
1741033534924015400,329.75901538085935,2.9697630405426025,1.4157018661499023,3.506337881088257
1741033534934116400,329.7691164550781,3.3357419967651367,0.6653776168823242,2.8997092247009277
1741033534944217000,329.7792170410156,2.5239956378936768,-0.1092977523803711,2.0086159706115723
1741033534954318000,329.7893181152344,1.8353956937789917,-0.9237632751464844,1.028822422027588
1741033534964418800,329.7994187011719,1.1597040891647339,-1.6829614639282227,0.20719635486602783
1741033534974519600,329.80951953125,0.4600886404514313,-2.1807518005371094,-0.14673197269439697
1741033534984620300,329.81962036132813,-0.1609959602355957,-2.530414581298828,-0.07413029670715332
1741033534994720500,329.82972045898435,-0.5424718856811523,-2.9826087951660156,0.33329248428344727
1741033535004821200,329.8398212890625,-0.6924446225166321,-3.2083001136779785,0.7676454186439514
1741033535014922200,329.8499221191406,-0.48973605036735535,-3.545557975769043,1.195802092552185
1741033535025023000,329.8600229492188,-0.2795339822769165,-3.948631763458252,1.5541337728500366
1741033535035123700,329.8701237792969,-0.020418167114257812,-4.403299331665039,1.8553400039672852
1741033535045224700,329.880224609375,0.3161180019378662,-4.792252063751221,2.139110565185547
1741033535055325400,329.89032543945314,0.8349514007568359,-5.066044330596924,2.46870493888855
1741033535065425700,329.90042578125,1.0297455787658691,-5.13729190826416,2.9643640518188477
1741033535075526400,329.9105263671875,0.9326889514923096,-5.220571517944336,3.3082010746002197
1741033535085627100,329.9206271972656,0.9124249219894409,-5.219062805175781,3.5589511394500732
1741033535095727900,329.9307277832031,1.1367735862731934,-5.077376842498779,3.8414082527160645
1741033535105828900,329.9408288574219,1.3896758556365967,-4.875784873962402,3.9535982608795166
1741033535115929600,329.9509296875,1.4329230785369873,-4.7667670249938965,3.92507266998291
1741033535126030300,329.9610302734375,1.2703843116760254,-4.7405877113342285,3.693789005279541
1741033535136131000,329.97113110351563,1.48799467086792,-4.671395301818848,3.408903121948242
1741033535146231300,329.98123120117185,1.5764267444610596,-4.462961196899414,2.972306728363037
1741033535156332000,329.99133203125,1.5148966312408447,-3.996042251586914,2.5457403659820557
1741033535166433000,330.0014331054688,1.6975796222686768,-3.149860382080078,2.45041823387146
1741033535176533800,330.01153369140627,1.981928825378418,-1.975639820098877,2.5483641624450684
1741033535186634800,330.021634765625,2.235612154006958,-0.5724220275878906,2.6728639602661133
1741033535196735500,330.03173559570314,2.0465457439422607,1.003011703491211,2.7436153888702393
1741033535206836200,330.04183618164063,1.247950792312622,2.593667984008789,2.67641019821167
1741033535216936400,330.0519365234375,0.4625380039215088,3.565629005432129,2.565025806427002
1741033535227037700,330.06203759765623,-0.11435270309448242,3.6294002532958984,2.2209911346435547
1741033535237732400,330.072732421875,-1.7010912895202637,2.538454055786133,0.22498631477355957
1741033535247833000,330.0828330078125,-1.696230173110962,2.179448127746582,-0.8963515758514404
1741033535257933800,330.0929338378906,-1.6229884624481201,2.312467575073242,-2.159940481185913
1741033535268034600,330.10303466796876,-1.5012108087539673,2.748464584350586,-3.1497206687927246
1741033535278135600,330.11313549804686,-0.8826109170913696,2.986861228942871,-4.793700695037842
1741033535288236000,330.12323608398435,0.31044745445251465,2.604310989379883,-7.936473369598389
1741033535298336300,330.13333618164063,3.2971973419189453,1.8341350555419922,-11.01848030090332
1741033535308437200,330.1434372558594,4.998351097106934,2.321840286254883,-11.718911170959473
1741033535318538000,330.1535380859375,4.948525428771973,3.848215103149414,-9.553900718688965
1741033535328638700,330.163638671875,4.342227935791016,5.598292350769043,-6.0853047370910645
1741033535338739700,330.17373974609376,2.635977268218994,6.717470169067383,-1.8887711763381958
1741033535348840400,330.18384033203125,0.5326218605041504,5.036867141723633,-0.3723735809326172
1741033535358941400,330.19394140625,-0.5462191104888916,2.4416332244873047,0.8965519666671753
1741033535369041700,330.20404174804685,-0.9608356952667236,1.223698616027832,2.202833890914917
1741033535379142100,330.21414208984373,-1.858163833618164,1.080388069152832,1.9972938299179077
1741033535389243100,330.2242431640625,-2.710958480834961,1.720785140991211,1.2960926294326782
1741033535399343900,330.23434375,-2.8907206058502197,2.8933773040771484,0.6846911907196045
1741033535409444600,330.24444458007815,-2.602418899536133,4.339883804321289,0.2066972255706787
1741033535419545600,330.25454565429686,-1.6876935958862305,5.278580665588379,-0.22355079650878906
1741033535429671200,330.26467114257815,-0.8208655118942261,5.364778518676758,-0.5676746368408203
1741033535439974700,330.274974609375,0.0066030025482177734,4.746999740600586,-0.1297285556793213
1741033535450278000,330.2852778320312,0.44726109504699707,3.724987030029297,0.7391058206558228
1741033535460521200,330.2955212402344,0.6471142768859863,2.77630615234375,1.5188599824905396
1741033535470643000,330.3056428222656,0.6081602573394775,1.999760627746582,1.9674596786499023
1741033535480743700,330.31574365234377,0.4088757038116455,1.177886962890625,2.202601909637451
1741033535490844400,330.32584448242187,0.036871910095214844,0.3292560577392578,2.340933322906494
1741033535500945400,330.3359453125,-0.3389739990234375,-0.4937114715576172,2.5197386741638184
1741033535511046100,330.34604614257813,-0.6885442733764648,-1.310600757598877,2.649181842803955
1741033535521147100,330.3561472167969,-1.0484367609024048,-2.0919699668884277,2.75746488571167
1741033535531247000,330.3662470703125,-1.3327478170394897,-2.7810816764831543,2.839884042739868
1741033535541347800,330.3763479003906,-1.5152511596679688,-3.3505096435546875,2.9125959873199463
1741033535551448600,330.3864484863281,-1.5689855813980103,-3.815004348754883,2.945472478866577
1741033535561549600,330.3965495605469,-1.650367021560669,-4.261272430419922,2.9606001377105713
1741033535571650300,330.406650390625,-1.7334589958190918,-4.629057884216309,2.8777880668640137
1741033535581751300,330.41675122070313,-1.784296989440918,-4.981564998626709,2.826944589614868
1741033535591852000,330.42685205078124,-1.910742163658142,-5.25454044342041,2.677981376647949
1741033535601952800,330.4369528808594,-2.1890065670013428,-5.459462642669678,2.5065059661865234
1741033535612052700,330.447052734375,-2.5790672302246094,-5.55172061920166,2.3160903453826904
1741033535622153700,330.4571538085938,-2.672147750854492,-5.592120170593262,2.105242967605591
1741033535632254500,330.46725439453127,-2.8620877265930176,-5.416293621063232,1.954679012298584
1741033535642355500,330.47735546875,-2.783419132232666,-4.93584680557251,1.8518811464309692
1741033535652456200,330.48745629882814,-2.5548391342163086,-4.1416239738464355,1.8946348428726196
1741033535662557000,330.49755688476563,-2.3685989379882812,-3.162126064300537,1.8274623155593872
1741033535672658000,330.5076579589844,-2.1390957832336426,-2.136272430419922,1.7160022258758545
1741033535682758100,330.5177580566406,-1.7819057703018188,-1.055373191833496,1.5700597763061523
1741033535692858600,330.5278586425781,-1.3383547067642212,0.020921707153320312,1.3370890617370605
1741033535702959600,330.5379597167969,-0.9552719593048096,0.9755773544311523,0.9741687774658203
1741033535713060400,330.54806030273437,-0.39252519607543945,1.6738719940185547,0.6767712831497192
1741033535723161000,330.5581611328125,0.02950739860534668,2.401614189147949,0.362052321434021
1741033535733262000,330.56826196289063,-0.31208252906799316,2.9207324981689453,-0.004733085632324219
1741033535743362800,330.57836279296873,-1.3709938526153564,3.1864376068115234,-0.34892892837524414
1741033535753462800,330.588462890625,-2.5690560340881348,3.4724416732788086,-0.6049351692199707
1741033535763563800,330.5985637207031,-3.2398056983947754,3.793877601623535,-0.7409548759460449
1741033535773664500,330.60866455078127,-3.4714736938476562,4.060818672180176,-0.9190026521682739
1741033535783765200,330.61876513671876,-3.348238706588745,4.242929458618164,-1.0869468450546265
1741033535793866200,330.6288662109375,-2.7411887645721436,4.366851806640625,-1.216063141822815
1741033535803967000,330.63896704101563,-1.7413593530654907,4.490617752075195,-1.4497848749160767
1741033535814068000,330.64906787109373,-0.4951918125152588,4.5228271484375,-1.823448896408081
1741033535824168200,330.6591682128906,1.0651893615722656,4.327652931213379,-2.2760632038116455
1741033535834268700,330.6692685546875,2.766913414001465,4.091704368591309,-2.532902479171753
1741033535844369400,330.6793693847656,4.009761810302734,4.085772514343262,-2.617072105407715
1741033535854470400,330.6894704589844,4.7943034172058105,4.391425132751465,-2.8314473628997803
1741033535864571100,330.69957104492187,5.301424980163574,4.642519950866699,-3.130516529083252
1741033535874672000,330.70967211914063,5.04435920715332,4.730616569519043,-2.903970241546631
1741033535884772900,330.71977294921874,4.213737487792969,3.9082250595092773,-2.704460620880127
1741033535894873600,330.72987353515623,3.1450679302215576,2.4683218002319336,-2.442337989807129
1741033535904973600,330.7399736328125,2.117901086807251,1.269693374633789,-1.9678258895874023
1741033535915074600,330.7500744628906,1.051084280014038,0.7062082290649414,-1.2774323225021362
1741033535925175300,330.76017529296877,0.250781774520874,0.7694463729858398,-0.453585147857666
1741033535935276300,330.7702763671875,-0.006798505783081055,1.0576753616333008,0.14848822355270386
1741033535945377000,330.780376953125,0.469482421875,1.230393409729004,0.674776554107666
1741033535955477800,330.79047778320313,2.585932731628418,1.591567039489746,1.6097806692123413
1741033535965578800,330.8005788574219,5.478654861450195,1.804788589477539,2.34456205368042
1741033535975679000,330.8106789550781,11.917047500610352,1.739145278930664,0.7361230850219727
1741033535985779500,330.8207795410156,9.996182441711426,1.1415014266967773,0.2776380181312561
1741033535995880400,330.83088037109377,4.1258955001831055,0.1469869613647461,-0.15329432487487793
1741033536005981200,330.84098120117187,0.25639331340789795,-0.9991626739501953,-0.4539567232131958
1741033536016082000,330.85108203125,-1.4338487386703491,-1.7543296813964844,-0.24317467212677002
1741033536026183700,330.86118359375,-1.6281319856643677,-2.5632200241088867,0.38537484407424927
1741033536036463600,330.87146362304685,-1.7395496368408203,-2.9356532096862793,1.3231539726257324
1741033536046767000,330.8817670898438,-2.214141607284546,-3.024125099182129,1.9452753067016602
1741033536057049300,330.89204931640626,-2.700744152069092,-3.048297882080078,2.348320960998535
1741033536067179300,330.9021791992187,-2.0521633625030518,-3.405514717102051,2.660536766052246
1741033536077280300,330.9122802734375,-0.7864872813224792,-4.11870002746582,2.813971996307373
1741033536087381000,330.92238110351565,0.2785329520702362,-4.929391384124756,2.787569046020508
1741033536097482000,330.93248193359375,0.8388834595680237,-5.558285713195801,2.6577887535095215
1741033536107582700,330.94258276367185,1.140562653541565,-5.863803863525391,2.5870442390441895
1741033536117683500,330.9526833496094,1.401862621307373,-5.948322296142578,2.569288969039917
1741033536127784000,330.9627839355469,1.588560938835144,-5.998382091522217,2.5110037326812744
1741033536137884400,330.9728845214844,1.6697721481323242,-5.96990442276001,2.3160812854766846
1741033536147985200,330.9829851074219,1.620025873184204,-5.828605651855469,2.1664493083953857
1741033536158086100,330.99308618164065,1.6285607814788818,-5.468964099884033,2.180917739868164
1741033536168187000,331.00318676757814,1.6578904390335083,-4.979016304016113,2.3003599643707275
1741033536178287600,331.01328759765624,1.6045862436294556,-4.35931921005249,2.3982503414154053
1741033536188388600,331.023388671875,1.7693336009979248,-3.7389798164367676,2.4758098125457764
1741033536198489300,331.0334892578125,1.9364207983016968,-3.170290470123291,2.424893379211426
1741033536208589300,331.0435893554687,2.0682804584503174,-2.5570645332336426,2.31343412399292
1741033536218690300,331.0536901855469,1.9663019180297852,-2.1235828399658203,2.0553030967712402
1741033536228791000,331.063791015625,1.8174055814743042,-1.8407068252563477,1.7551552057266235
1741033536238891800,331.07389184570314,1.700951337814331,-1.6944317817687988,1.5056630373001099
1741033536248992800,331.08399267578125,1.5862410068511963,-1.563676357269287,1.2662965059280396
1741033536259093500,331.09409350585935,1.4506045579910278,-1.305166244506836,1.1693456172943115
1741033536269194200,331.1041943359375,1.3903489112854004,-0.9302911758422852,1.195641279220581
1741033536279294700,331.1142946777344,1.2771284580230713,-0.5624752044677734,1.2098515033721924
1741033536289395200,331.1243952636719,1.036726713180542,-0.2091960906982422,1.2080719470977783
1741033536299496000,331.1344958496094,0.6696568727493286,0.1632986068725586,1.0944677591323853
1741033536309597000,331.14459692382815,0.1339859962463379,0.5616779327392578,0.7258260250091553
1741033536319697700,331.15469775390625,-0.07667553424835205,1.0966129302978516,0.2894761562347412
1741033536329798700,331.16479858398435,-0.05936551094055176,1.6945409774780273,-0.4106743335723877
1741033536339899400,331.1748994140625,-0.2726632356643677,2.218630790710449,-1.529633641242981
1741033536349999400,331.1849992675781,-0.5923497676849365,2.8315048217773438,-2.6812806129455566
1741033536360100000,331.1951000976562,-0.7657749652862549,3.3162546157836914,-4.348512172698975
1741033536370201000,331.205201171875,-0.8947128057479858,3.655428886413574,-6.2204909324646
1741033536380301800,331.2153017578125,-0.5743035078048706,3.2743730545043945,-7.839966773986816
1741033536390402800,331.22540283203125,2.2984960079193115,2.79848575592041,-7.949207305908203
1741033536400503600,331.23550366210935,5.518429756164551,3.415951728820801,-5.759495735168457
1741033536410604300,331.2456042480469,7.654196739196777,4.808616638183594,-3.1870388984680176
1741033536420704800,331.2557048339844,6.613858222961426,6.3787946701049805,-2.0742669105529785
1741033536430805200,331.2658051757812,3.9717695713043213,6.69089412689209,-1.508870244026184
1741033536440906000,331.2759060058594,2.183215379714966,4.510676383972168,-0.2599761486053467
1741033536451007000,331.28600708007815,1.2203326225280762,2.379373550415039,1.1075704097747803
1741033536461107700,331.29610766601564,0.5706875324249268,2.419400215148926,1.4772663116455078
1741033536471208400,331.30620849609375,0.14857935905456543,3.902951240539551,1.0472792387008667
1741033536481309400,331.31630932617185,-0.10467410087585449,5.378276824951172,0.7300432920455933
1741033536491409400,331.3264094238281,-0.49472880363464355,6.431728363037109,0.7701934576034546
1741033536501510100,331.3365102539062,-0.6366226673126221,6.821732521057129,1.0279003381729126
1741033536511611100,331.3466110839844,-0.4897017478942871,6.121049880981445,1.2963435649871826
1741033536521711900,331.3567119140625,-0.35466504096984863,4.842924118041992,1.6864677667617798
1741033536531812600,331.3668125,-0.5128827095031738,3.4807491302490234,2.040350914001465
1741033536541913600,331.37691357421875,-0.7963486909866333,2.362238883972168,2.231994867324829
1741033536552014300,331.38701440429685,-1.0092504024505615,1.509918212890625,2.3637020587921143
1741033536562115000,331.3971149902344,-1.2068825960159302,0.7682199478149414,2.4952218532562256
1741033536572215300,331.4072153320312,-1.4093338251113892,-0.04981803894042969,2.5517587661743164
1741033536582316000,331.4173159179687,-1.5151987075805664,-0.9488029479980469,2.637206554412842
1741033536592416800,331.4274167480469,-1.5786418914794922,-1.8668298721313477,2.646343946456909
1741033536602517800,331.43751782226565,-1.703618049621582,-2.6606106758117676,2.634031057357788
1741033536612618500,331.44761840820314,-1.7995035648345947,-3.3799514770507812,2.6237175464630127
1741033536622719500,331.45771948242185,-1.910019874572754,-3.953691005706787,2.594769239425659
1741033536632819700,331.46781982421874,-1.9605811834335327,-4.403033256530762,2.6066386699676514
1741033536642920200,331.4779201660156,-1.9661675691604614,-4.714552879333496,2.690579891204834
1741033536653021000,331.4880209960937,-1.9022505283355713,-4.910839080810547,2.8010904788970947
1741033536663122000,331.4981218261719,-1.2585091590881348,-4.810548782348633,2.967571258544922
1741033536673222700,331.50822265625,-0.37283778190612793,-4.634828090667725,2.9445557594299316
1741033536683323600,331.51832373046875,-0.2215876579284668,-4.672149181365967,2.761319398880005
1741033536693424400,331.52842431640624,-1.2942391633987427,-4.767693519592285,2.4934942722320557
1741033536703525000,331.5385251464844,-1.7138270139694214,-4.677946090698242,2.226120948791504
1741033536713625000,331.548625,-1.7068977355957031,-4.194830894470215,1.9696018695831299
1741033536723726000,331.5587260742187,-1.9158051013946533,-3.6929636001586914,1.6879465579986572
1741033536733826800,331.5688269042969,-2.165769577026367,-3.2309908866882324,1.4653632640838623
1741033536743927800,331.578927734375,-2.6131651401519775,-2.817193031311035,1.373748779296875
1741033536754028500,331.58902856445314,-3.0276894569396973,-2.4829955101013184,1.2026896476745605
1741033536764129300,331.59912939453125,-2.9953773021698,-2.0828933715820312,1.0075280666351318
1741033536774229800,331.60922973632813,-2.940078020095825,-1.7195682525634766,0.7421433925628662
1741033536784330200,331.6193303222656,-3.0009236335754395,-1.2435979843139648,0.43305158615112305
1741033536794431000,331.6294309082031,-3.154646396636963,-0.5401077270507812,0.14383196830749512
1741033536804532000,331.6395319824219,-3.167969226837158,0.225738525390625,-0.07330620288848877
1741033536814632700,331.6496328125,-3.206566333770752,0.900273323059082,-0.19424092769622803
1741033536824733400,331.6597333984375,-3.0500564575195312,1.5617475509643555,0.11581242084503174
1741033536834834400,331.66983447265625,-2.8500442504882812,2.180866241455078,0.5758458375930786
1741033536844935200,331.67993505859374,-2.431288003921509,2.7127370834350586,0.9401723146438599
1741033536855035100,331.69003515625,-2.085832118988037,3.3272228240966797,1.0935486555099487
1741033536865136000,331.70013623046873,-1.7979204654693604,3.8677139282226562,1.0297352075576782
1741033536875236900,331.7102368164062,-1.3864595890045166,4.121800422668457,0.6999620199203491
1741033536885337600,331.7203376464844,-1.1632412672042847,4.226554870605469,0.1947951316833496
1741033536895438600,331.7304384765625,-1.0721334218978882,4.057649612426758,-0.4078655242919922
1741033536905539300,331.74053930664064,-1.0980507135391235,3.695423126220703,-1.1468225717544556
1741033536915639800,331.75063989257814,-1.0796120166778564,3.4501094818115234,-1.7263661623001099
1741033536925740300,331.760740234375,-0.8690842390060425,3.2685117721557617,-2.229503631591797
1741033536935841000,331.7708410644531,-0.6758009195327759,3.659600257873535,-2.648054361343384
1741033536945941800,331.7809416503906,0.28664231300354004,4.449237823486328,-2.9125657081604004
1741033536956042800,331.7910427246094,3.3672194480895996,5.222411155700684,-2.92923641204834
1741033536966143500,331.8011435546875,3.7081449031829834,5.805201530456543,-2.3749380111694336
1741033536976244500,331.81124438476564,3.8625144958496094,4.62648868560791,-2.0812058448791504
1741033536986345200,331.82134521484375,3.7962496280670166,2.64267635345459,-2.0249037742614746
1741033536996445200,331.83144506835936,4.082401752471924,0.4997978210449219,-2.665579080581665
1741033537006546000,331.8415458984375,3.538609027862549,-0.8058586120605469,-2.378592014312744
1741033537016647000,331.8516469726562,2.271597146987915,-1.0471124649047852,-2.06654953956604
1741033537026747600,331.8617475585938,-0.9235497713088989,0.173583984375,-1.524323582649231
1741033537036848600,331.8718486328125,-0.9931719899177551,2.2665910720825195,-0.7156939506530762
1741033537046949400,331.88194946289065,3.2314555644989014,2.766098976135254,-0.5561448335647583
1741033537057049900,331.8920498046875,5.149772644042969,1.8990135192871094,0.6265769004821777
1741033537067150000,331.90215014648436,6.301180362701416,1.052220344543457,2.3081116676330566
1741033537077251000,331.9122509765625,7.303380966186523,0.4320554733276367,3.240600109100342
1741033537087351800,331.9223518066406,7.15922212600708,-0.21107959747314453,3.1064019203186035
1741033537097452800,331.9324528808594,5.68020486831665,-0.6715736389160156,1.977681040763855
1741033537107553500,331.9425534667969,3.6534810066223145,-0.6271305084228516,0.5177391767501831
1741033537117654300,331.952654296875,1.9086852073669434,-0.5214920043945312,-0.5913629531860352
1741033537127754500,331.96275439453126,0.7462882399559021,-0.7662429809570312,-1.3907008171081543
1741033537137855200,331.97285522460936,-0.07406625151634216,-1.390085220336914,-1.4521090984344482
1741033537147956000,331.9829560546875,-0.6444492340087891,-2.122056007385254,-0.8920981884002686
1741033537158057000,331.9930568847656,-1.1159454584121704,-2.6450276374816895,-0.17260003089904785
1741033537168157700,332.0031577148437,-1.4406070709228516,-3.110703468322754,0.1274566650390625
1741033537178258400,332.0132585449219,-1.7039254903793335,-3.547679901123047,0.1779158115386963
1741033537188359200,332.0233591308594,-1.8226879835128784,-3.762328624725342,0.4434540271759033
1741033537198459400,332.03345947265626,-1.80098295211792,-3.958188056945801,0.8085712194442749
1741033537208560000,332.04356005859376,-1.5902578830718994,-4.075687885284424,1.2572778463363647
1741033537218661000,332.0536611328125,-1.2917993068695068,-4.334606170654297,1.718092679977417
1741033537228761900,332.0637619628906,-1.0309056043624878,-4.559244155883789,1.9937567710876465
1741033537238862600,332.0738625488281,-0.7219312191009521,-4.643653392791748,2.2662672996520996
1741033537248963600,332.0839636230469,-0.33528125286102295,-4.583678245544434,2.7779757976531982
1741033537259064300,332.0940642089844,0.2667396068572998,-4.289952278137207,3.548910617828369
1741033537269164800,332.10416479492187,0.9134074449539185,-3.835841655731201,4.321253776550293
1741033537279265300,332.11426538085936,1.360931158065796,-3.3664236068725586,4.9862141609191895
1741033537289366000,332.12436596679686,1.8997516632080078,-3.112733840942383,5.3563151359558105
1741033537299466800,332.134466796875,2.150266170501709,-3.0436525344848633,5.514789581298828
1741033537309567700,332.1445676269531,2.0466666221618652,-3.1684813499450684,5.2259521484375
1741033537319668500,332.1546684570313,1.7962779998779297,-3.501563549041748,4.3301310539245605
1741033537329769500,332.16476953125,1.4555764198303223,-3.6560068130493164,3.473661184310913
1741033537339869400,332.1748693847656,1.2852883338928223,-3.3445730209350586,2.9471797943115234
1741033537349970200,332.18497021484376,0.9771592617034912,-2.734875202178955,2.7130026817321777
1741033537360071000,332.19507080078125,0.6008410453796387,-1.8806986808776855,2.559542179107666
1741033537370172000,332.205171875,0.17687654495239258,-0.7375669479370117,2.5605857372283936
1741033537380272600,332.2152727050781,-0.2986776828765869,0.5318355560302734,2.5844545364379883
1741033537390373600,332.2253735351562,-1.0352778434753418,1.8098211288452148,2.470183849334717
1741033537400474000,332.2354741210938,-1.6847124099731445,2.744241714477539,2.23004412651062
1741033537410574300,332.24557421875,-2.1057546138763428,3.0768747329711914,1.6842806339263916
1741033537420675000,332.25567504882815,-2.4632575511932373,3.2372941970825195,0.7747809886932373
1741033537430776000,332.26577612304686,-3.3277647495269775,3.348224639892578,-1.7737295627593994
1741033537440876800,332.27587670898436,-4.208339691162109,4.00494384765625,-5.065737247467041
1741033537450977800,332.2859777832031,-3.9813144207000732,3.0367250442504883,-7.987570762634277
1741033537461078500,332.2960786132812,-0.6578546762466431,0.9031639099121094,-10.332327842712402
1741033537471178800,332.3061787109375,3.8536744117736816,-1.4741759300231934,-12.796889305114746
1741033537481279500,332.3162795410156,9.140375137329102,-2.011343479156494,-12.55832290649414
1741033537491380200,332.3263801269531,11.865690231323242,0.8872108459472656,-5.737493991851807
1741033537501481000,332.33648095703126,12.67759895324707,3.6922435760498047,-0.04611468315124512
1741033537511582000,332.34658203125,9.047102928161621,4.944183349609375,1.0803568363189697
1741033537521682700,332.3566826171875,5.851276397705078,4.286765098571777,-0.36891400814056396
1741033537531783400,332.3667834472656,3.3021950721740723,2.5173635482788086,-1.008042573928833
1741033537541884200,332.3768842773438,1.351898431777954,1.3437604904174805,0.006442070007324219
1741033537551984400,332.386984375,0.25212669372558594,1.5441875457763672,-0.14624345302581787
1741033537562085000,332.3970852050781,-0.5696207284927368,3.197930335998535,-0.9294662475585938
1741033537572186000,332.40718603515626,-1.3197273015975952,5.236509323120117,-1.5576796531677246
1741033537582286800,332.41728686523436,-1.5754458904266357,6.754124641418457,-1.53485107421875
1741033537592387600,332.4273876953125,-1.441103458404541,7.373202323913574,-0.7326879501342773
1741033537602488600,332.4374885253906,-1.2358458042144775,6.981890678405762,0.7101458311080933
1741033537612588800,332.4475888671875,-0.9114845991134644,5.502589225769043,2.034203290939331
1741033537622689300,332.4576892089844,-0.6944162845611572,3.890366554260254,2.6698222160339355
1741033537632790300,332.4677902832031,-0.6081950664520264,2.6432113647460938,2.8297410011291504
1741033537642891000,332.47789111328126,-0.5617635250091553,1.7295551300048828,2.852372407913208
1741033537652991700,332.48799169921875,-0.7292848825454712,1.0781316757202148,2.8075177669525146
1741033537663092700,332.4980927734375,-1.1054978370666504,0.4165306091308594,2.787485122680664
1741033537673193500,332.508193359375,-1.3239021301269531,-0.4445476531982422,2.8484859466552734
1741033537683293400,332.51829345703123,-1.4337880611419678,-1.4453363418579102,2.8593785762786865
1741033537693394400,332.52839453125,-1.5883914232254028,-2.3066420555114746,2.8596043586730957
1741033537703495200,332.5384951171875,-1.728325605392456,-2.999399185180664,2.8544654846191406
1741033537713596000,332.54859594726565,-1.632572889328003,-3.552631378173828,2.883971691131592
1741033537723697000,332.55869677734376,-1.674780249595642,-4.068521022796631,2.8345985412597656
1741033537733797600,332.56879760742186,-1.5570626258850098,-4.549922943115234,2.790839672088623
1741033537743898000,332.57889819335935,-1.3974673748016357,-4.942738056182861,2.812143325805664
1741033537753998600,332.58899853515624,-1.2507133483886719,-5.196399211883545,2.8403735160827637
1741033537764099300,332.5990993652344,-1.254880428314209,-5.282782077789307,2.936095714569092
1741033537774200300,332.6092004394531,-1.2110564708709717,-5.257730960845947,3.069329261779785
1741033537784301000,332.6193010253906,-1.1306267976760864,-5.0647478103637695,3.1579692363739014
1741033537794401800,332.62940185546876,-1.1595609188079834,-4.689006328582764,3.2850236892700195
1741033537804502800,332.63950268554686,-1.2480568885803223,-4.231757164001465,3.3579251766204834
1741033537814602800,332.64960278320314,-1.2768487930297852,-3.719193935394287,3.321486711502075
1741033537824703500,332.65970336914063,-1.2567822933197021,-3.207159996032715,3.158583641052246
1741033537834804500,332.6698044433594,-1.3318349123001099,-2.7781991958618164,2.9023423194885254
1741033537844905200,332.6799052734375,-1.4074395895004272,-2.461583137512207,2.6116859912872314
1741033537855006000,332.690005859375,-1.4064719676971436,-2.1441493034362793,2.2787184715270996
1741033537865107000,332.70010693359376,-1.4240914583206177,-1.7460055351257324,1.9029653072357178
1741033537875207400,332.71020751953125,-1.4186205863952637,-1.1640558242797852,1.5685129165649414
1741033537885307600,332.7203076171875,-1.5600582361221313,-0.405975341796875,1.2222270965576172
1741033537895408600,332.73040869140624,-1.5642801523208618,0.5488595962524414,0.9268715381622314
1741033537905509400,332.74050927734373,-1.6921298503875732,1.5104827880859375,0.5148009061813354
1741033537915610000,332.7506101074219,-1.541884183883667,2.1216020584106445,-0.23520076274871826
1741033537925711000,332.7607111816406,-1.401977300643921,2.512247085571289,-1.0194350481033325
1741033537935811800,332.77081176757815,-1.316178560256958,2.8916969299316406,-1.601234793663025
1741033537945912600,332.78091259765625,-1.2849152088165283,3.3141002655029297,-1.8545719385147095
1741033537956012800,332.7910126953125,-1.099572777748108,3.6495962142944336,-2.047110080718994
1741033537966113500,332.80111352539063,-0.8024390339851379,3.833749771118164,-2.2567601203918457
1741033537976214300,332.81121435546873,-0.28686636686325073,3.877518653869629,-2.539168357849121
1741033537986315300,332.8213151855469,0.18164688348770142,3.751132011413574,-3.000448226928711
1741033537996416000,332.831416015625,0.6148467063903809,3.4844655990600586,-3.456977367401123
1741033538006517000,332.84151708984376,1.0990840196609497,3.5472402572631836,-3.72353458404541
1741033538016617500,332.85161743164065,1.5776698589324951,4.259278297424316,-3.886211395263672
1741033538026717700,332.8617177734375,2.9070684909820557,5.305381774902344,-4.454484462738037
1741033538036818400,332.871818359375,4.942701816558838,5.704888343811035,-5.285991668701172
1741033538046919400,332.88191943359374,7.059859752655029,5.232926368713379,-5.921867370605469
1741033538057020200,332.8920202636719,7.640012264251709,4.200831413269043,-5.993387699127197
1741033538067121200,332.90212109375,6.094815254211426,2.6220359802246094,-4.595330715179443
1741033538077222000,332.9122219238281,2.810779571533203,1.1921453475952148,-2.708486557006836
1741033538087322000,332.9223220214844,0.29565638303756714,-0.13590240478515625,-1.4131463766098022
1741033538097422600,332.93242260742187,-0.8631031513214111,-0.8175134658813477,-0.622617244720459
1741033538107523600,332.94252368164064,-0.9312137961387634,-0.4498119354248047,-0.17419087886810303
1741033538117624300,332.95262426757813,-0.32861852645874023,0.716339111328125,0.08388936519622803
1741033538127725300,332.9627253417969,0.3300923705101013,1.9926891326904297,0.31519782543182373
1741033538137826000,332.9728259277344,0.9443400502204895,2.753523826599121,0.7985318899154663
1741033538147926000,332.9829260253906,1.5895912647247314,2.7219419479370117,1.232164740562439
1741033538158026800,332.99302685546877,1.9750778675079346,2.071558952331543,1.3727129697799683
1741033538168127700,333.0031276855469,2.1024701595306396,1.2741899490356445,1.221057415008545
1741033538178228500,333.013228515625,1.875130534172058,0.6113061904907227,0.8262299299240112
1741033538188329500,333.02332958984374,1.4459922313690186,-0.021759033203125,0.562716007232666
1741033538198430200,333.03343017578123,0.9699980020523071,-0.6304206848144531,0.49162817001342773
1741033538208530700,333.0435307617187,0.6177386045455933,-1.379098892211914,0.4931514263153076
1741033538218631000,333.053630859375,0.11123910546302795,-2.010226249694824,0.6924432516098022
1741033538228732000,333.0637319335938,-0.31746119260787964,-2.407017707824707,1.0305134057998657
1741033538238832600,333.07383251953127,-0.83823561668396,-2.7666611671447754,1.2793940305709839
1741033538248933600,333.08393359375,-1.0767316818237305,-3.115151882171631,1.3878241777420044
1741033538259034400,333.09403442382813,-1.0867953300476074,-3.495962142944336,1.463953971862793
1741033538269135000,333.1041350097656,-0.914936900138855,-3.8130483627319336,1.7054033279418945
1741033538279235300,333.1142353515625,-0.6661618947982788,-4.116743087768555,2.0109736919403076
1741033538289336000,333.1243361816406,-0.3835460841655731,-4.357920169830322,2.2964534759521484
1741033538299436800,333.1344367675781,-0.24590712785720825,-4.467348098754883,2.6728150844573975
1741033538309537800,333.1445378417969,-0.08453492820262909,-4.562743186950684,2.8374204635620117
1741033538319638500,333.15463842773437,-0.014452040195465088,-4.67179012298584,2.927384376525879
1741033538329739300,333.1647392578125,0.1455155462026596,-4.719811916351318,2.9770607948303223
1741033538339840000,333.17484008789063,0.37074947357177734,-4.651281833648682,3.094778299331665
1741033538349940200,333.18494018554685,0.6734060645103455,-4.527947902679443,3.186884880065918
1741033538360041000,333.195041015625,0.8867655992507935,-4.276982307434082,3.337437629699707
1741033538370142000,333.2051418457031,0.9409704208374023,-4.0211615562438965,3.5080184936523438
1741033538380242700,333.21524267578127,0.9163812398910522,-3.7614688873291016,3.6739633083343506
1741033538390343400,333.22534350585937,0.8510086536407471,-3.547199249267578,3.7399747371673584
1741033538400444400,333.2354443359375,0.818439781665802,-3.334806442260742,3.566136121749878
1741033538410544600,333.24554467773436,0.7380425930023193,-3.0041732788085938,3.321544885635376
1741033538420645000,333.25564501953124,0.7540767788887024,-2.469536304473877,3.110081672668457
1741033538430746000,333.26574609375,0.8775877356529236,-1.8698406219482422,2.930173635482788
1741033538440846800,333.2758469238281,0.7060898542404175,-1.0744857788085938,2.831899642944336
1741033538450947600,333.2859475097656,0.42382627725601196,-0.12726497650146484,2.763967990875244
1741033538461048600,333.2960485839844,0.05401825159788132,0.9853315353393555,2.7904884815216064
1741033538471150300,333.306150390625,-0.7412354946136475,2.2598915100097656,2.596965789794922
1741033538481453800,333.3164538574219,-1.9388782978057861,3.464845657348633,2.3109850883483887
1741033538491757000,333.32675708007815,-3.7283742427825928,4.588113784790039,1.0256646871566772
1741033538502014000,333.3370139160156,-3.905341863632202,5.129717826843262,-2.8156142234802246
1741033538512145700,333.3471457519531,-2.871408224105835,4.383871078491211,-5.631166934967041
1741033538522246400,333.3572463378906,-3.0707898139953613,3.764911651611328,-6.546494483947754
1741033538532347400,333.3673474121094,-2.9915223121643066,3.411553382873535,-6.0190229415893555
1741033538542448000,333.3774482421875,-2.3654625415802,2.5852298736572266,-5.765655040740967
1741033538552549000,333.38754907226564,0.8373985290527344,0.2545652389526367,-5.889143943786621
1741033538562649900,333.39764990234374,6.349838733673096,-1.6405458450317383,-6.881866455078125
1741033538572750000,333.40775,14.79595947265625,-2.0589938163757324,-8.195825576782227
1741033538582850600,333.4178505859375,22.26861572265625,-0.8667840957641602,-7.400233268737793
1741033538592951600,333.4279516601562,21.421518325805664,1.5394306182861328,-4.2533183097839355
1741033538603052300,333.4380522460938,13.307631492614746,3.2226152420043945,-2.247694730758667
1741033538613153300,333.4481533203125,6.62972354888916,2.816417694091797,-0.16237545013427734
1741033538623254000,333.45825390625,3.193079948425293,1.9413299560546875,1.2923171520233154
1741033538633354000,333.46835400390626,0.7569923400878906,1.759634017944336,2.3211312294006348
1741033538643454700,333.47845483398436,-1.0623294115066528,2.535511016845703,3.096446990966797
1741033538653555700,333.4885556640625,-1.8399046659469604,3.6169347763061523,3.5921642780303955
1741033538663656400,333.4986564941406,-1.995739459991455,4.201220512390137,3.8965516090393066
1741033538673757400,333.5087573242188,-1.4905121326446533,4.429590225219727,4.342644691467285
1741033538683858200,333.5188581542969,-1.1042689085006714,4.521149635314941,4.789802551269531
1741033538693958700,333.5289587402344,-0.8939980268478394,4.092487335205078,4.74330472946167
1741033538704059000,333.53905883789065,-0.4811561107635498,3.383028984069824,4.364565849304199
1741033538714159900,333.54915991210936,-0.687772274017334,2.81966495513916,3.808501720428467
1741033538724260600,333.55926049804685,-1.3654133081436157,1.9958972930908203,3.075676918029785
1741033538734361600,333.5693615722656,-2.108250617980957,0.8565864562988281,2.400623321533203
1741033538744462300,333.5794624023437,-2.87587571144104,-0.23642349243164062,1.9889205694198608
1741033538754563000,333.5895629882813,-3.176020622253418,-1.0809850692749023,1.8417558670043945
1741033538764663300,333.5996633300781,-3.0293822288513184,-1.790703296661377,1.8181884288787842
1741033538774764000,333.60976391601565,-2.920017719268799,-2.483757495880127,1.7164676189422607
1741033538784864800,333.61986474609375,-2.7513017654418945,-3.0903115272521973,1.6621084213256836
1741033538794965800,333.6299658203125,-2.502967119216919,-3.503993034362793,1.6906418800354004
1741033538805066800,333.6400666503906,-2.2353286743164062,-3.8667006492614746,1.7122982740402222
1741033538815215900,333.6502158203125,-2.1884217262268066,-4.20904541015625,1.8092174530029297
1741033538825519600,333.66051953125,-2.0962843894958496,-4.421436309814453,1.9191441535949707
1741033538835822300,333.670822265625,-2.092644453048706,-4.517852306365967,2.0061068534851074
1741033538846046500,333.6810463867188,-2.2346746921539307,-4.510411739349365,2.1509225368499756
1741033538856163800,333.69116381835937,-2.341235399246216,-4.408936023712158,2.3124802112579346
1741033538866264600,333.7012646484375,-2.397027015686035,-4.1351542472839355,2.485163688659668
1741033538876365600,333.71136547851563,-2.551950454711914,-3.778510093688965,2.698338031768799
1741033538886466300,333.72146630859373,-2.7002530097961426,-3.390047073364258,2.8998117446899414
1741033538896567300,333.7315673828125,-2.6869277954101562,-3.122922897338867,2.855755567550659
1741033538906667300,333.7416672363281,-2.832105875015259,-2.93886137008667,2.6609039306640625
1741033538916768000,333.75176806640627,-2.747100591659546,-2.915738582611084,2.3749537467956543
1741033538926868700,333.76186865234376,-2.4443130493164062,-2.8409743309020996,2.1445419788360596
1741033538936969700,333.7719697265625,-2.210073232650757,-2.5153870582580566,2.026606321334839
1741033538947070500,333.78207055664063,-1.9751304388046265,-1.9339241981506348,1.9404778480529785
1741033538957171500,333.79217138671873,-1.8479009866714478,-1.1276569366455078,1.8918778896331787
1741033538967272000,333.80227197265623,-1.723693609237671,-0.21321868896484375,1.8337265253067017
1741033538977372200,333.8123720703125,-1.568185567855835,0.6559944152832031,1.8480615615844727
1741033538987473000,333.8224729003906,-1.1218088865280151,1.2894783020019531,1.83157479763031
1741033538997574000,333.8325739746094,-0.5588995814323425,1.6931343078613281,1.6476348638534546
1741033539007674600,333.84267456054687,-0.20092608034610748,1.9709453582763672,1.1388945579528809
1741033539017775600,333.85277563476564,0.37888434529304504,2.1373186111450195,0.4782675504684448
1741033539027875800,333.86287573242186,1.0904369354248047,2.3787097930908203,-0.16163408756256104
1741033539037976300,333.87297631835935,1.0924590826034546,2.573942184448242,-0.6536051034927368
1741033539048077000,333.8830771484375,0.6445520520210266,2.673280715942383,-1.1973830461502075
1741033539058178000,333.8931779785156,0.4633370637893677,2.779454231262207,-1.8796976804733276
1741033539068278800,333.90327880859377,0.5505155324935913,3.129274368286133,-2.5267443656921387
1741033539078379800,333.9133798828125,1.0140812397003174,3.614699363708496,-3.2374792098999023
1741033539088480500,333.92348046875,1.6813234090805054,4.229851722717285,-4.1999077796936035
1741033539098580500,333.93358056640625,2.2403297424316406,5.111024856567383,-5.03806734085083
1741033539108681500,333.94368139648435,2.5409791469573975,6.140179634094238,-5.276100158691406
1741033539118782200,333.9537822265625,2.8452091217041016,6.35478401184082,-5.033954620361328
1741033539129478000,333.9644777832031,3.1615073680877686,4.7147674560546875,-4.109696865081787
1741033539139578400,333.9745783691406,3.4156994819641113,2.1944046020507812,-3.030299186706543
1741033539149763300,333.9847634277344,3.6225357055664062,0.18828105926513672,-2.56404972076416
1741033539160066800,333.99506689453125,2.494074821472168,-0.9233875274658203,-2.3268613815307617
1741033539170369500,334.00536962890624,0.9489471316337585,-1.2242469787597656,-2.4044055938720703
1741033539180564200,334.01556420898436,0.4224896728992462,-0.711883544921875,-2.0331952571868896
1741033539190675500,334.02567553710935,0.10422439128160477,0.35399436950683594,-1.5073610544204712
1741033539200776200,334.0357761230469,-0.284670352935791,1.8847169876098633,-1.1141258478164673
1741033539210877200,334.0458771972656,-1.3472490310668945,3.2550430297851562,-0.706599235534668
1741033539220978000,334.05597802734377,-0.7296881675720215,3.494908332824707,0.1856750249862671
1741033539231078000,334.0660778808594,0.9367904663085938,2.690323829650879,1.3333630561828613
1741033539241178600,334.0761787109375,2.5422909259796143,2.028561592102051,2.2663230895996094
1741033539251279600,334.08627954101564,3.1303062438964844,1.5801095962524414,2.5288329124450684
1741033539261380400,334.09638037109374,2.9406423568725586,0.8373088836669922,1.9452998638153076
1741033539271481300,334.1064814453125,2.2073938846588135,-0.0070209503173828125,0.9514563083648682
1741033539281581800,334.1165817871094,1.4347299337387085,-0.6846466064453125,0.1329202651977539
1741033539291682000,334.1266821289062,0.8480379581451416,-1.311471939086914,-0.3064368963241577
1741033539301782800,334.1367827148438,0.29291507601737976,-1.9520573616027832,-0.32802116870880127
1741033539311883800,334.1468837890625,-0.08476987481117249,-2.477442741394043,0.01941370964050293
1741033539321984500,334.15698461914064,-0.18546640872955322,-2.9595961570739746,0.3764458894729614
1741033539332085500,334.16708544921875,-0.3398287296295166,-3.3317856788635254,0.6755638718605042
1741033539342186200,334.17718627929685,-0.393941730260849,-3.6853208541870117,0.9320088028907776
1741033539352286500,334.1872863769531,-0.505158007144928,-4.034423828125,1.164275884628296
1741033539362387200,334.1973872070312,-0.5453939437866211,-4.330838680267334,1.2540626525878906
1741033539372488000,334.2074880371094,-0.5768802165985107,-4.579147815704346,1.1649483442306519
1741033539382588700,334.2175886230469,-0.6389744877815247,-4.771152019500732,1.1288999319076538
1741033539392689700,334.22768969726565,-0.4870153069496155,-4.839112281799316,1.1786017417907715
1741033539402790400,334.23779028320314,-0.429233193397522,-4.876282691955566,1.2233717441558838
1741033539412890400,334.24789038085936,-0.46118664741516113,-4.839912414550781,1.3499011993408203
1741033539422991400,334.2579914550781,-0.35860514640808105,-4.637450218200684,1.6734219789505005
1741033539433092000,334.2680920410156,-0.2699596881866455,-4.304250717163086,2.051978826522827
1741033539443192800,334.2781928710937,-0.07227730751037598,-3.85221529006958,2.551060676574707
1741033539453293800,334.2882939453125,0.178574800491333,-3.3317513465881348,3.0876479148864746
1741033539463394600,334.29839453125,0.33654797077178955,-2.9500956535339355,3.5285589694976807
1741033539473495000,334.3084951171875,0.5920429229736328,-2.595884323120117,3.9235901832580566
1741033539483595500,334.31859545898436,0.8676345348358154,-2.361306667327881,4.200049877166748
1741033539493696300,334.3286962890625,1.0355920791625977,-2.1296210289001465,4.2838263511657715
1741033539503797000,334.338796875,1.105974793434143,-1.8989453315734863,3.9666571617126465
1741033539513898000,334.3488979492187,1.0453013181686401,-1.5802059173583984,3.6254544258117676
1741033539523998700,334.3589987792969,0.926993727684021,-1.0824213027954102,3.2413456439971924
1741033539534099500,334.3690993652344,0.6564441919326782,-0.48677539825439453,2.804243564605713
1741033539544199700,334.37919970703126,0.2678353786468506,0.17424678802490234,2.420774459838867
1741033539554301200,334.38930126953124,-0.27191728353500366,0.7100419998168945,2.082160711288452
1741033539564413200,334.3994130859375,-1.3736560344696045,1.1802730560302734,1.5217069387435913
1741033539574717000,334.4097170410156,-3.2210533618927,1.8670101165771484,1.0109385251998901
1741033539585020200,334.42002026367186,-4.607667922973633,2.712862968444824,-0.29557931423187256
1741033539595273700,334.43027368164064,-4.060333728790283,2.993727684020996,-3.407228469848633
1741033539605398300,334.4403981933594,-1.7549517154693604,2.4304323196411133,-5.455216407775879
1741033539615498500,334.45049853515627,-0.7601146697998047,1.9437837600708008,-6.044278621673584
1741033539625599500,334.460599609375,0.028572678565979004,1.379507064819336,-5.5359930992126465
1741033539635700200,334.4707001953125,3.6232986450195312,0.7481613159179688,-5.183364391326904
1741033539645801000,334.48080102539063,10.58189868927002,-0.4997138977050781,-5.8277788162231445
1741033539655902000,334.49090185546873,18.490554809570312,-1.2303409576416016,-6.240077972412109
1741033539666002700,334.5010026855469,17.88619041442871,-0.32360076904296875,-4.602799892425537
1741033539676103000,334.5111030273437,10.838388442993164,1.8653335571289062,-2.8652544021606445
1741033539686203600,334.5212036132813,6.010252475738525,3.7990665435791016,-2.337449312210083
1741033539696304400,334.5313044433594,5.562845230102539,3.9091615676879883,-1.7203208208084106
1741033539706405400,334.5414052734375,3.0976033210754395,4.103141784667969,-0.5926893949508667
1741033539716506000,334.55150610351564,0.9778616428375244,4.021042823791504,0.3922426700592041
1741033539726606800,334.56160693359374,-0.17982864379882812,3.598666191101074,1.117056131362915
1741033539736706800,334.57170678710935,-1.2973061800003052,3.5275259017944336,1.9093126058578491
1741033539746807800,334.5818078613281,-1.400688886642456,4.196417808532715,2.633483409881592
1741033539756908500,334.5919084472656,-1.169852375984192,4.998381614685059,3.2927560806274414
1741033539767009500,334.6020095214844,-0.9387202262878418,5.650419235229492,3.962855815887451
1741033539777110300,334.6121103515625,-0.8042906522750854,5.9937286376953125,4.522603988647461
1741033539787211000,334.6222109375,-0.755173921585083,5.743671417236328,4.764455795288086
1741033539797311500,334.6323115234375,-0.9405630826950073,4.803522109985352,4.564276695251465
1741033539807412000,334.64241186523435,-1.0548546314239502,3.3947887420654297,4.003003120422363
1741033539817512700,334.6525126953125,-1.3370907306671143,2.0202884674072266,3.3468737602233887
1741033539827614200,334.6626142578125,-1.64377760887146,0.7976884841918945,2.919214963912964
1741033539837870300,334.67287036132814,-1.8101595640182495,-0.26129913330078125,2.686293601989746
1741033539848174000,334.6831740722656,-2.0409772396087646,-1.0335731506347656,2.6231184005737305
1741033539858476000,334.6934760742187,-2.291260004043579,-1.6628551483154297,2.6238954067230225
1741033539868610000,334.70361010742187,-2.373856544494629,-2.2580180168151855,2.582685708999634
1741033539878711000,334.7137109375,-2.35033917427063,-2.7527780532836914,2.494727611541748
1741033539888811800,334.7238117675781,-2.3059825897216797,-3.232968330383301,2.3790292739868164
1741033539898912500,334.73391259765623,-2.318434238433838,-3.634932041168213,2.278930425643921
1741033539909013500,334.7440134277344,-2.33036470413208,-4.024538040161133,2.2023749351501465
1741033539919114200,334.7541142578125,-2.300663709640503,-4.3647871017456055,2.1450693607330322
1741033539929214700,334.7642145996094,-2.258354425430298,-4.698028564453125,2.124408006668091
1741033539939315200,334.77431518554687,-2.138143539428711,-4.933187484741211,2.1316845417022705
1741033539949416000,334.784416015625,-2.0269412994384766,-4.9750800132751465,2.1771457195281982
1741033539959516700,334.7945166015625,-1.9424489736557007,-4.69677734375,2.25655198097229
1741033539969617700,334.80461767578123,-1.9132087230682373,-4.31321907043457,2.310086250305176
1741033539979718400,334.8147185058594,-1.9534928798675537,-3.8965468406677246,2.2775678634643555
1741033539989818600,334.8248186035156,-1.8389095067977905,-3.4047536849975586,2.2522854804992676
1741033539999919400,334.83491943359377,-1.8719443082809448,-2.9831976890563965,2.04874849319458
1741033540010020000,334.84502001953126,-1.9231423139572144,-2.63944673538208,1.7493232488632202
1741033540020120800,334.85512084960936,-2.1479077339172363,-2.2372446060180664,1.303417444229126
1741033540030221800,334.86522192382813,-2.503868818283081,-1.8068265914916992,0.7005603313446045
1741033540040322600,334.8753225097656,-2.9253084659576416,-1.3407773971557617,0.2111595869064331
1741033540050423300,334.8854233398437,-3.3072257041931152,-0.8018722534179688,-0.05038881301879883
1741033540060523500,334.8955234375,-3.5485517978668213,-0.30739593505859375,-0.15282011032104492
1741033540070624300,334.9056242675781,-3.4803760051727295,0.2346181869506836,-0.0708780288696289
1741033540080725000,334.91572509765626,-3.072794198989868,0.7544336318969727,0.16702890396118164
1741033540090826000,334.92582592773437,-2.3530776500701904,1.0963544845581055,0.35639357566833496
1741033540100926700,334.9359267578125,-1.5195783376693726,1.4542875289916992,0.5178524255752563
1741033540111027200,334.94602709960935,-0.8280882835388184,1.8739166259765625,0.5440435409545898
1741033540121127700,334.9561276855469,-0.47513508796691895,2.3697195053100586,0.3925737142562866
1741033540131228400,334.966228515625,-0.3456767201423645,2.983475685119629,0.1598219871520996
1741033540141329200,334.9763291015625,-0.3668653964996338,3.590935707092285,-0.21268296241760254
1741033540151430100,334.98643017578127,-0.4763312041759491,3.9357194900512695,-0.8325812816619873
1741033540161531000,334.99653076171876,-0.34475094079971313,3.787144660949707,-1.7625317573547363
1741033540171631000,335.00663110351564,-0.37473323941230774,3.5244665145874023,-2.619366407394409
1741033540181731800,335.01673193359375,0.2528267502784729,3.1144304275512695,-3.6791443824768066
1741033540191832600,335.02683251953124,1.2045235633850098,2.625051498413086,-4.485611915588379
1741033540201933300,335.0369333496094,3.430037498474121,2.5835933685302734,-4.5393171310424805
1741033540212034300,335.0470344238281,6.424407958984375,3.347024917602539,-4.440672874450684
1741033540222135000,335.0571350097656,5.721575736999512,4.354968070983887,-4.24821138381958
1741033540232235800,335.06723583984376,4.207159996032715,4.557229995727539,-3.4632301330566406
1741033540242336000,335.0773359375,3.5295562744140625,3.107534408569336,-3.583902359008789
1741033540252436700,335.08743676757814,4.67047119140625,0.9597034454345703,-3.8935563564300537
1741033540262537500,335.09753735351563,4.829977035522461,-0.24551105499267578,-3.664280652999878
1741033540272638500,335.1076384277344,3.235687017440796,-0.42675113677978516,-2.71291446685791
1741033540282739200,335.1177392578125,1.8268121480941772,-0.3752889633178711,-1.7919915914535522
1741033540292839400,335.1278393554687,0.6167430877685547,-0.13588714599609375,-1.1117477416992188
1741033540302940200,335.1379401855469,-0.8602176904678345,0.7331905364990234,-0.6210094690322876
1741033540313041000,335.148041015625,-2.889512062072754,2.2583303451538086,-0.7133909463882446
1741033540323142000,335.15814184570314,-2.0025625228881836,3.4613285064697266,-0.4148085117340088
1741033540333242600,335.16824267578124,0.5561415553092957,3.178417205810547,0.6341265439987183
1741033540343343400,335.17834326171874,1.9256831407546997,2.254213333129883,1.8894379138946533
1741033540353443300,335.188443359375,2.257906675338745,1.6111869812011719,2.7436294555664062
1741033540363544300,335.1985444335937,2.4647297859191895,1.0531015396118164,2.740098476409912
1741033540373645000,335.2086450195313,2.407235860824585,0.32933616638183594,2.018531560897827
1741033540383746000,335.21874609375,1.900864839553833,-0.513941764831543,0.9136514663696289
1741033540393846800,335.2288466796875,1.0224528312683105,-1.3161306381225586,-0.09160208702087402
1741033540403947300,335.238947265625,0.23021316528320312,-2.0715832710266113,-0.719473123550415
1741033540414047500,335.24904760742186,-0.2367037683725357,-2.697977066040039,-1.0513973236083984
1741033540424148700,335.2591486816406,-0.30647408962249756,-3.243128776550293,-1.0747053623199463
1741033540434357500,335.269357421875,-0.4052739441394806,-3.7045559883117676,-0.9826254844665527
1741033540444661200,335.2796611328125,-0.47527050971984863,-4.113314628601074,-0.5171916484832764
1741033540454963500,335.28996337890624,-0.8627671003341675,-4.516176223754883,-0.16684532165527344
1741033540465139500,335.3001394042969,-0.9647046327590942,-4.6737565994262695,0.11130070686340332
1741033540475246600,335.31024658203125,-0.9640079140663147,-4.758560657501221,0.5569497346878052
1741033540485346600,335.3203466796875,-0.8531530499458313,-4.907965183258057,1.02712881565094
1741033540495447600,335.33044750976563,-0.7022093534469604,-5.088568210601807,1.6166709661483765
1741033540505548300,335.34054833984374,-0.5448816418647766,-5.168121337890625,2.1858906745910645
1741033540515649000,335.35064892578123,-0.285373330116272,-4.92113733291626,3.0665555000305176
1741033540525750000,335.36075,0.1849684715270996,-4.493178367614746,4.10181188583374
1741033540535850500,335.3708505859375,0.9307255744934082,-3.9942069053649902,5.240518093109131
1741033540545950700,335.38095068359377,1.4701529741287231,-3.5284934043884277,6.052527904510498
1741033540556051700,335.3910517578125,1.8868321180343628,-3.2797746658325195,6.367981910705566
1741033540566152400,335.40115234375,2.102633476257324,-3.253133773803711,6.271980285644531
1741033540576253200,335.41125317382813,1.9710257053375244,-3.554244041442871,5.5350470542907715
1741033540586354200,335.4213542480469,1.6132359504699707,-4.098148822784424,3.8895204067230225
1741033540596454400,335.4314543457031,1.428297758102417,-4.01554536819458,2.885201930999756
1741033540606555000,335.4415549316406,1.3541045188903809,-3.486168384552002,2.595508575439453
1741033540616656000,335.45165576171877,1.289160966873169,-2.7383689880371094,2.545341730117798
1741033540626757400,335.46175732421875,1.1030867099761963,-1.7302789688110352,2.5503036975860596
1741033540636857900,335.47185791015625,0.7232146263122559,-0.4836721420288086,2.486509323120117
1741033540647137300,335.48213720703126,0.2189486026763916,0.8628425598144531,2.392037868499756
1741033540657440800,335.4924406738281,-0.5485435724258423,1.9861574172973633,2.2553060054779053
1741033540667723300,335.5027231445313,-1.5092939138412476,2.7253293991088867,1.4978139400482178
1741033540677854000,335.5128540039062,-1.9984928369522095,2.9208574295043945,0.38545846939086914
1741033540687955000,335.5229548339844,-1.9104939699172974,2.4354305267333984,-1.5621018409729004
1741033540698055700,335.5330556640625,-1.7427022457122803,2.2267961502075195,-4.409348964691162
1741033540708156700,335.54315673828125,-1.92512047290802,1.9148597717285156,-7.957729339599609
1741033540718257000,335.5532568359375,-1.8471933603286743,1.604238510131836,-10.92457103729248
1741033540728357400,335.563357421875,-0.4292641878128052,1.1757841110229492,-13.666054725646973
1741033540738458000,335.5734580078125,2.8265609741210938,2.3892288208007812,-10.659576416015625
1741033540748559000,335.58355908203123,6.6346235275268555,4.275028228759766,-3.9834811687469482
1741033540758659800,335.5936599121094,11.847085952758789,5.187437057495117,-0.01596379280090332
1741033540768760800,335.6037607421875,11.285226821899414,6.643426895141602,1.2080481052398682
1741033540778861600,335.61386157226565,7.498837471008301,7.315128326416016,0.6777474284172058
1741033540788961500,335.62396142578126,5.565047264099121,5.25108528137207,-0.6101799011230469
1741033540799062300,335.63406225585936,3.9870500564575195,3.140655517578125,-0.5371432304382324
1741033540809163300,335.64416333007813,2.1928536891937256,2.5471696853637695,-0.5048009157180786
1741033540819264000,335.6542639160156,0.4710512161254883,3.0144834518432617,-0.730506181716919
1741033540829365000,335.6643649902344,-0.6385388374328613,3.886307716369629,-0.5312786102294922
1741033540839465500,335.6744655761719,-1.0800598859786987,4.840028762817383,0.3877103328704834
1741033540849565700,335.6845656738281,-1.187412142753601,5.538754463195801,1.685905933380127
1741033540859666400,335.69466650390626,-1.1158602237701416,5.534852981567383,2.717607259750366
1741033540869767400,335.70476733398436,-1.264845371246338,4.8484907150268555,3.089491367340088
1741033540879868200,335.7148681640625,-1.547235131263733,3.7301273345947266,2.6501612663269043
1741033540889969200,335.72496923828123,-1.5470950603485107,2.5467662811279297,2.0267140865325928
1741033540900069400,335.7350693359375,-1.5209184885025024,1.5624237060546875,1.8251776695251465
1741033540910169900,335.745169921875,-1.8302897214889526,0.6237115859985352,1.7450206279754639
1741033540920270800,335.7552707519531,-2.0657951831817627,-0.27779293060302734,1.8713823556900024
1741033540930371600,335.76537158203126,-2.091813564300537,-1.1382741928100586,2.0747177600860596
1741033540940472300,335.77547241210937,-2.1346259117126465,-1.9306817054748535,2.2937586307525635
1741033540950573300,335.7855732421875,-2.2324960231781006,-2.660088539123535,2.488656759262085
1741033540960673300,335.79567333984374,-2.2110512256622314,-3.3230109214782715,2.676992654800415
1741033540970774000,335.80577392578124,-2.1830992698669434,-3.8429837226867676,2.8475964069366455
1741033540980875000,335.815875,-2.1957178115844727,-4.205737590789795,2.9587340354919434
1741033540990975700,335.8259758300781,-2.0792641639709473,-4.407692909240723,3.117478370666504
1741033541001076500,335.8360764160156,-2.111400842666626,-4.454901218414307,3.3193397521972656
1741033541011177200,335.84617724609376,-1.9662123918533325,-4.390225887298584,3.4922127723693848
1741033541021277400,335.85627734375,-1.03167724609375,-4.193591117858887,3.5292701721191406
1741033541031378200,335.86637817382814,1.0825083255767822,-3.7637205123901367,3.4621362686157227
1741033541041479200,335.87647924804685,2.0774917602539062,-3.3868513107299805,3.2731127738952637
1741033541051580000,335.8865798339844,0.48822200298309326,-3.8544301986694336,2.7093849182128906
1741033541061680600,335.8966806640625,-1.4108623266220093,-4.495978355407715,1.7661502361297607
1741033541071781600,335.90678173828127,-2.166813850402832,-4.89198112487793,0.9690876007080078
1741033541081881900,335.9168818359375,-2.854234218597412,-4.873892307281494,0.5187766551971436
1741033541091982300,335.926982421875,-3.773721218109131,-4.596997261047363,0.31455910205841064
1741033541102083300,335.93708325195314,-5.092333793640137,-3.72137451171875,0.5428081750869751
1741033541112184000,335.94718408203124,-6.370493412017822,-2.3014049530029297,0.7744251489639282
1741033541122284800,335.9572849121094,-7.419053077697754,-1.0915956497192383,0.9162834882736206
1741033541132385800,335.9673857421875,-7.240758895874023,-0.4577779769897461,1.1968200206756592
1741033541142485800,335.9774858398437,-6.417992115020752,-0.24065017700195312,1.4467642307281494
1741033541152586500,335.9875864257813,-5.59185791015625,-0.07845306396484375,1.817370057106018
1741033541162687500,335.9976875,-4.648507118225098,0.24002838134765625,2.1722428798675537
1741033541172788200,336.00778833007814,-3.8498282432556152,0.8593215942382812,2.3386898040771484
1741033541182889000,336.01788891601564,-3.1541337966918945,1.7521905899047852,2.40586519241333
1741033541192989700,336.02798974609374,-2.633648633956909,2.908247947692871,2.442934036254883
1741033541203090000,336.03808984375,-1.8642784357070923,4.045391082763672,2.286883592605591
1741033541213190700,336.0481906738281,-0.7894822955131531,4.901583671569824,1.8731533288955688
1741033541223291600,336.0582917480469,0.0520859956741333,5.320035934448242,0.8485642075538635
1741033541233392400,336.0683923339844,2.749009370803833,4.965063095092773,-0.7429590225219727
1741033541243493000,336.0784931640625,2.649477243423462,4.73154354095459,-1.9610379934310913
1741033541253593300,336.08859326171876,0.6351838707923889,4.38413143157959,-2.477097511291504
1741033541263694000,336.09869409179686,-0.6489105224609375,3.8368911743164062,-3.1179111003875732
1741033541273794800,336.108794921875,-0.46596038341522217,3.611578941345215,-3.756511688232422
1741033541283895800,336.1188957519531,0.865635097026825,3.9572668075561523,-4.532113552093506
1741033541293996500,336.1289965820313,1.7584221363067627,4.816957473754883,-4.275282859802246
1741033541304097300,336.13909716796877,2.1118218898773193,5.355978965759277,-3.894007682800293
1741033541314197500,336.1491975097656,2.8661742210388184,4.561463356018066,-4.309251308441162
1741033541324298200,336.15929833984376,4.771916389465332,2.382417678833008,-5.5423583984375
1741033541334399000,336.16939892578125,6.2868332862854,0.02934551239013672,-6.041590213775635
1741033541344500000,336.1795,5.67794942855835,-1.0281171798706055,-5.074075222015381
1741033541354600700,336.1896005859375,3.841524362564087,-1.4369020462036133,-2.9599385261535645
1741033541364701200,336.199701171875,1.5967265367507935,-1.426192283630371,-1.4892197847366333
1741033541374801700,336.2098017578125,0.3461940288543701,-0.720341682434082,-0.8254956007003784
1741033541384902400,336.21990234375,0.7789705991744995,0.8929576873779297,-0.3871380090713501
1741033541395003100,336.23000317382815,1.843021035194397,2.3986682891845703,0.4646807909011841
1741033541405104000,336.24010424804686,3.0858821868896484,2.4664134979248047,1.453877568244934
1741033541415204900,336.25020483398436,4.011078834533691,1.9531726837158203,1.6615046262741089
1741033541425305000,336.26030517578124,4.166331768035889,1.202840805053711,1.3613052368164062
1741033541435405800,336.27040576171873,3.4288275241851807,0.7095222473144531,0.871262788772583
1741033541445506600,336.2805065917969,2.4308652877807617,0.4581336975097656,0.22772228717803955
1741033541455607300,336.2906071777344,1.6635462045669556,0.06716442108154297,-0.2877378463745117
1741033541465708300,336.3007082519531,0.8240228295326233,-0.6381902694702148,-0.5735460519790649
1741033541475809000,336.31080908203126,-0.0780862346291542,-1.4648590087890625,-0.3322190046310425
1741033541485909000,336.32090893554687,-0.9056897759437561,-1.8783373832702637,0.28148531913757324
1741033541496010000,336.33101000976563,-1.3667877912521362,-2.2567687034606934,1.0015738010406494
1741033541506110700,336.34111083984374,-1.7152631282806396,-2.6188106536865234,1.5075064897537231
1741033541516211500,336.35121142578123,-1.4071298837661743,-3.021575927734375,1.860745906829834
1741033541526312400,336.3613125,-0.8992190361022949,-3.5031628608703613,2.186415672302246
1741033541536413000,336.3714128417969,-0.5703678131103516,-4.011267185211182,2.4033706188201904
1741033541546513200,336.38151318359377,-0.2557840943336487,-4.395182132720947,2.667255401611328
1741033541556614100,336.3916142578125,-0.08266419172286987,-4.727146148681641,2.977823257446289
1741033541566715000,336.40171484375,0.07480418682098389,-5.0093560218811035,3.223388433456421
1741033541576815600,336.41181567382813,0.22854280471801758,-5.112654685974121,3.475041389465332
1741033541586916600,336.42191650390623,0.4577544927597046,-5.058441162109375,3.8328065872192383
1741033541597016600,336.4320166015625,0.6885021924972534,-4.881354331970215,4.165719509124756
1741033541607117300,336.4421174316406,0.7198216915130615,-4.702846527099609,4.283112525939941
1741033541617218300,336.45221826171877,0.6327593326568604,-4.435237407684326,4.300834655761719
1741033541627319000,336.46231909179687,0.600035548210144,-4.134990215301514,4.065505504608154
1741033541637419800,336.47241967773436,0.6122125387191772,-3.870140552520752,3.577512741088867
1741033541647520500,336.4825205078125,0.6442556381225586,-3.5799713134765625,3.161745071411133
1741033541657620700,336.49262084960935,0.5669708251953125,-3.1288013458251953,2.8663742542266846
1741033541667721500,336.5027214355469,0.5872400999069214,-2.516843318939209,2.6625733375549316
1741033541677822500,336.5128225097656,0.6802430152893066,-1.7166032791137695,2.6249618530273438
1741033541687923200,336.5229230957031,0.6201745271682739,-0.768406867980957,2.5121612548828125
1741033541698024000,336.53302392578127,0.30683887004852295,0.14103126525878906,2.350360870361328
1741033541708124400,336.54312451171876,-0.21138322353363037,0.7943019866943359,2.0534138679504395
1741033541718225000,336.55322485351564,-0.9022665619850159,1.365182876586914,1.5916155576705933
1741033541728325600,336.56332568359375,-1.120739459991455,1.742650032043457,1.2677191495895386
1741033541738426600,336.57342651367185,-1.2998607158660889,1.8874759674072266,0.8956059217453003
1741033541748527400,336.58352734375,-1.7650811672210693,2.146916389465332,0.3447883129119873
1741033541758628000,336.5936281738281,-2.069417953491211,2.6186094284057617,-0.43716585636138916
1741033541768728300,336.6037282714844,-2.2586312294006348,3.2263994216918945,-2.587620496749878
1741033541778829000,336.6138291015625,-3.346027135848999,4.048657417297363,-5.06246280670166
1741033541788929800,336.6239296875,-4.617564678192139,4.37885856628418,-7.897611141204834
1741033541799030800,336.63403076171875,-2.697138786315918,3.2630605697631836,-10.46501636505127
1741033541809131500,336.64413159179685,2.852144479751587,0.7762002944946289,-13.298752784729004
1741033541819232300,336.6542321777344,9.121349334716797,-0.572453498840332,-13.904525756835938
1741033541829332500,336.66433251953123,13.044255256652832,2.1374425888061523,-7.478712558746338
1741033541839433200,336.6744331054687,14.840530395507812,5.26699161529541,-0.7305173873901367
1741033541849534000,336.6845339355469,12.36642837524414,6.076761245727539,0.7627912759780884
1741033541859635000,336.69463500976565,6.466104507446289,5.416538238525391,-0.35903382301330566
1741033541869735700,336.70473559570314,2.482795476913452,4.154321670532227,-1.224423885345459
1741033541879836200,336.71483618164064,0.34888291358947754,2.4570884704589844,-0.8664758205413818
1741033541889936600,336.7249365234375,-0.6341186761856079,1.189356803894043,-0.117828369140625
1741033541900037400,336.7350373535156,-0.8900805711746216,0.48097991943359375,0.05769658088684082
1741033541910138000,336.7451381835937,-0.8244916200637817,0.41303062438964844,0.08925223350524902
1741033541920239000,336.7552390136719,-0.847947359085083,1.1719627380371094,0.30728626251220703
1741033541930339800,336.76533984375,-0.9008883237838745,2.341860771179199,0.8383598327636719
1741033541940439800,336.7754396972656,-1.0710760354995728,3.3606481552124023,1.4948880672454834
1741033541950540800,336.78554077148436,-1.245576024055481,3.882632255554199,2.0957605838775635
1741033541960641500,336.7956416015625,-1.282524824142456,3.7983789443969727,2.627903938293457
1741033541970742300,336.8057421875,-1.295030117034912,3.076629638671875,3.000375509262085
1741033541980843300,336.8158432617187,-1.4579581022262573,2.0428781509399414,3.0237507820129395
1741033541990943700,336.8259438476563,-1.3839678764343262,1.0683574676513672,2.958700656890869
1741033542001044000,336.8360439453125,-1.145460844039917,0.3849315643310547,2.957664728164673
1741033542011145000,336.84614501953126,-0.9806744456291199,-0.1267375946044922,3.133718490600586
1741033542021245700,336.85624560546876,-1.1849393844604492,-0.7315778732299805,3.3665971755981445
1741033542031346400,336.86634643554686,-1.3450050354003906,-1.4216103553771973,3.6009621620178223
1741033542041447400,336.8764475097656,-1.3998191356658936,-2.194427967071533,3.702244758605957
1741033542051547600,336.8865476074219,-1.4408683776855469,-2.9530439376831055,3.6813254356384277
1741033542061648100,336.8966481933594,-1.4689295291900635,-3.5440216064453125,3.608647346496582
1741033542071749000,336.9067490234375,-1.5056003332138062,-4.0478668212890625,3.538254976272583
1741033542081849900,336.9168498535156,-1.532875418663025,-4.377249717712402,3.512179374694824
1741033542091950600,336.92695068359376,-1.5673140287399292,-4.598118305206299,3.4958577156066895
1741033542102051600,336.93705151367186,-1.6400291919708252,-4.659753322601318,3.499901294708252
1741033542112151600,336.94715161132814,-1.70168137550354,-4.602721214294434,3.4973978996276855
1741033542122252300,336.95725219726563,-1.7324862480163574,-4.423969268798828,3.479757308959961
1741033542132353300,336.9673532714844,-1.7344920635223389,-4.1794915199279785,3.4440054893493652
1741033542142454000,336.9774541015625,-1.694576621055603,-3.8499855995178223,3.366621494293213
1741033542152555000,336.9875549316406,-1.7236311435699463,-3.51169490814209,3.2684812545776367
1741033542162655500,336.99765551757815,-1.9110661745071411,-3.166666030883789,3.130370616912842
1741033542172755700,337.0077556152344,-2.1814794540405273,-2.81449031829834,2.9999301433563232
1741033542182856400,337.0178564453125,-2.3404958248138428,-2.4639105796813965,2.8393044471740723
1741033542192957400,337.02795751953124,-2.2124037742614746,-2.088437557220459,2.701742172241211
1741033542203058200,337.03805810546874,-2.153170108795166,-1.6455655097961426,2.5942492485046387
1741033542213159200,337.0481591796875,-2.0478150844573975,-1.1171112060546875,2.430424451828003
1741033542223259100,337.0582590332031,-1.7471528053283691,-0.48594188690185547,2.2767410278320312
1741033542233360000,337.0683598632813,-1.4922536611557007,0.22735309600830078,1.9034453630447388
1741033542243460600,337.0784606933594,-1.2317085266113281,0.734375,1.3184412717819214
1741033542253561600,337.0885615234375,-1.7121095657348633,1.1478452682495117,0.26150500774383545
1741033542263662300,337.09866235351564,-2.2995352745056152,1.5366630554199219,-0.871648907661438
1741033542273763000,337.10876318359374,-2.9871439933776855,2.1933727264404297,-1.8983333110809326
1741033542283863300,337.11886328125,-3.27994966506958,3.090301513671875,-2.593538761138916
1741033542293964000,337.1289641113281,-3.423656463623047,3.904782295227051,-3.0339882373809814
1741033542304064800,337.1390646972656,-3.2326130867004395,4.448457717895508,-3.3421850204467773
1741033542314165800,337.1491657714844,-2.8347463607788086,4.669050216674805,-3.513684034347534
1741033542324266500,337.1592666015625,-2.0251517295837402,4.587038040161133,-3.5206480026245117
1741033542334367000,337.16936694335936,-0.9819915294647217,4.354856491088867,-3.368415355682373
1741033542344467500,337.17946752929686,0.05052196979522705,4.422747611999512,-3.1705565452575684
1741033542354568200,337.18956811523435,0.949034571647644,5.13322639465332,-3.0095183849334717
1741033542364669000,337.1996689453125,1.819046139717102,5.849730491638184,-3.002840042114258
1741033542374770000,337.2097700195313,3.2098965644836426,6.264142990112305,-3.416827440261841
1741033542384870700,337.21987060546877,4.954357147216797,6.076054573059082,-3.758390426635742
1741033542394971000,337.2299709472656,6.234742164611816,4.993965148925781,-4.000640392303467
1741033542405071600,337.24007153320315,6.258964538574219,3.2063207626342773,-4.181657791137695
1741033542415172400,337.25017236328125,5.057295322418213,0.996546745300293,-4.157609939575195
1741033542425273300,337.2602734375,4.072132110595703,-1.1283931732177734,-3.0827040672302246
1741033542435374000,337.2703740234375,3.4016621112823486,-2.3475871086120605,-1.7110531330108643
1741033542445474800,337.2804748535156,3.1654319763183594,-2.491396427154541,-0.572685718536377
1741033542455574800,337.2905747070312,3.029400110244751,-1.876596450805664,0.05014753341674805
1741033542465675800,337.30067578125,2.5394279956817627,-0.758915901184082,0.11155545711517334
1741033542475776500,337.31077661132815,2.39662504196167,0.5379505157470703,0.15945446491241455
1741033542485877500,337.32087744140625,2.5098865032196045,1.3790817260742188,0.5523256063461304
1741033542495977700,337.33097778320314,2.2117159366607666,1.2302522659301758,0.9515074491500854
1741033542506078200,337.341078125,2.0952792167663574,0.40008544921875,1.2317270040512085
1741033542516179000,337.3511789550781,1.6581076383590698,-0.36246776580810547,1.3450539112091064
1741033542526280000,337.3612800292969,0.9693139791488647,-0.8749685287475586,1.2113568782806396
1741033542536380700,337.3713806152344,0.4541919529438019,-1.2177314758300781,1.077929973602295
1741033542546481700,337.38148168945315,0.25451651215553284,-1.4905977249145508,1.190603494644165
1741033542556581600,337.39158154296877,-0.19042789936065674,-1.8956847190856934,1.2265959978103638
1741033542566682400,337.40168237304687,-0.29913294315338135,-2.5005435943603516,1.160498857498169
1741033542576783000,337.411783203125,-0.1476079523563385,-3.1328487396240234,1.1392277479171753
1741033542586884000,337.4218840332031,0.07963603734970093,-3.6880431175231934,1.2125436067581177
1741033542596984800,337.43198486328123,0.09200641512870789,-4.126504421234131,1.3609181642532349
1741033542607085600,337.4420854492187,-0.044431477785110474,-4.530667304992676,1.4661270380020142
1741033542617185800,337.4521857910156,-0.41896262764930725,-4.774264812469482,1.3987318277359009
1741033542627286500,337.46228662109377,-0.7808297872543335,-4.926820755004883,1.2909842729568481
1741033542637387300,337.47238720703126,-0.8424990773200989,-4.843446731567383,1.2629315853118896
1741033542647488300,337.48248828125,-0.6581642031669617,-4.6433844566345215,1.2854036092758179
1741033542657589000,337.49258911132813,-0.5659335255622864,-4.536663055419922,1.4434367418289185
1741033542667689500,337.502689453125,-0.20642828941345215,-4.31308650970459,1.7679102420806885
1741033542677790000,337.5127900390625,0.14148306846618652,-3.9820289611816406,2.2433207035064697
1741033542687890700,337.522890625,0.6489307880401611,-3.5362114906311035,2.8266592025756836
1741033542697991700,337.53299169921877,1.1813849210739136,-3.0058088302612305,3.3774218559265137
1741033542708092400,337.54309252929687,1.5622828006744385,-2.6105709075927734,3.749314308166504
1741033542718192600,337.55319262695315,1.9055674076080322,-2.1805830001831055,4.125393867492676
1741033542728293000,337.56329321289064,2.0942270755767822,-1.773451805114746,4.3379902839660645
1741033542738394000,337.57339404296874,2.2226083278656006,-1.424058437347412,4.25142765045166
1741033542748494800,337.5834948730469,2.358396530151367,-1.0974702835083008,3.866529941558838
1741033542758595800,337.5935959472656,2.316957950592041,-0.6612529754638672,3.4933135509490967
1741033542768696600,337.6036965332031,2.004314422607422,-0.04033470153808594,3.2343344688415527
1741033542778796500,337.6137966308594,1.5176608562469482,0.7027912139892578,2.9221761226654053
1741033542788897300,337.6238972167969,0.6240167617797852,1.4749317169189453,2.3538198471069336
1741033542798998300,337.63399829101564,-0.3698791265487671,2.1282758712768555,1.4907625913619995
1741033542809099000,337.64409912109375,-0.9491045475006104,2.372037887573242,0.6816959381103516
1741033542819200000,337.65419995117185,-0.9827767610549927,2.405254364013672,-0.11404430866241455
1741033542829300200,337.66430029296873,-0.990119218826294,2.3003597259521484,-1.3151676654815674
1741033542839400700,337.6744006347656,-1.9377906322479248,2.463346481323242,-2.9464027881622314
1741033542849501400,337.6845014648438,-2.609593391418457,2.7652130126953125,-5.041973114013672
1741033542859602400,337.6946025390625,-2.3309664726257324,2.7188987731933594,-6.107090950012207
1741033542869703200,337.704703125,-0.3500692844390869,2.190145492553711,-6.13232421875
1741033542879804200,337.71480419921875,2.4048852920532227,1.666452407836914,-6.35946798324585
1741033542889904000,337.72490405273436,5.7353901863098145,1.2741966247558594,-5.368680477142334
1741033542900004900,337.7350048828125,10.415899276733398,1.5028810501098633,-3.316967248916626
1741033542910105600,337.7451057128906,14.326042175292969,1.5942630767822266,-2.108285903930664
1741033542920206600,337.7552065429687,13.806841850280762,1.5431766510009766,-1.7289201021194458
1741033542930307300,337.7653073730469,8.448566436767578,3.3436737060546875,-0.7230851650238037
1741033542940408000,337.7754079589844,4.147870063781738,4.01133918762207,-0.5785170793533325
1741033542950508300,337.78550830078126,1.3981425762176514,2.978424072265625,-0.5844496488571167
1741033542960609000,337.79560913085936,-0.6623537540435791,1.3416662216186523,-0.8223042488098145
1741033542970709800,337.80570971679685,-1.3355014324188232,0.15421676635742188,-0.6732969284057617
1741033542980810800,337.8158107910156,-1.593432068824768,-0.059497833251953125,-0.20038962364196777
1741033542990911200,337.8259111328125,-1.5903180837631226,0.9716396331787109,0.5049548149108887
1741033543001011500,337.8360114746094,-1.4205583333969116,2.93076229095459,1.5480804443359375
1741033543011112400,337.8461125488281,-1.3069818019866943,4.742473602294922,2.430022954940796
1741033543021213200,337.85621313476565,-1.4184850454330444,5.825082778930664,3.097215414047241
1741033543031314200,337.86631420898436,-1.4988725185394287,6.139202117919922,3.5302734375
1741033543041415000,337.87641479492186,-1.6372863054275513,5.7335405349731445,3.7835536003112793
1741033543051515000,337.88651489257813,-1.7014851570129395,4.402688026428223,3.7078795433044434
1741033543061615600,337.89661572265624,-1.810829997062683,2.544004440307617,3.2712583541870117
1741033543071716600,337.9067165527344,-1.9163436889648438,0.8660793304443359,2.864630937576294
1741033543081817300,337.9168173828125,-2.019688606262207,-0.4190492630004883,2.620445966720581
1741033543091918300,337.92691845703126,-2.1700356006622314,-1.5020151138305664,2.555727481842041
1741033543102018800,337.93701879882815,-2.254456043243408,-2.355109214782715,2.5657925605773926
1741033543112119000,337.947119140625,-2.2886154651641846,-3.059934139251709,2.5715854167938232
1741033543122219800,337.9572197265625,-2.288910150527954,-3.585183620452881,2.557008981704712
1741033543132320800,337.96732080078124,-2.3184654712677,-3.889069080352783,2.5826354026794434
1741033543142421500,337.97742138671873,-2.3307971954345703,-3.983725070953369,2.671971321105957
1741033543152522500,337.9875224609375,-2.305830717086792,-3.9110465049743652,2.7685678005218506
1741033543162622700,337.9976228027344,-2.352339506149292,-3.745415210723877,2.885576009750366
1741033543172723200,338.00772314453127,-2.3854918479919434,-3.6603317260742188,2.8909196853637695
1741033543182824000,338.01782397460937,-2.3396382331848145,-3.498478412628174,2.874521017074585
1741033543192925000,338.02792504882814,-2.346954107284546,-3.239809036254883,2.8149569034576416
1741033543203025700,338.03802563476563,-1.79141366481781,-2.7347640991210938,2.74988055229187
1741033543213126000,338.0481259765625,-0.30573129653930664,-2.0970253944396973,2.5164527893066406
1741033543223226600,338.0582265625,0.2515077590942383,-1.6939959526062012,2.0470004081726074
1741033543233327400,338.0683273925781,-0.5905133485794067,-1.6211438179016113,1.7253234386444092
1741033543243428000,338.0784279785156,-2.104755401611328,-1.5148963928222656,1.1325836181640625
1741033543253529000,338.0885290527344,-3.381957530975342,-1.607980728149414,0.20517635345458984
1741033543263629800,338.0986298828125,-3.620561361312866,-1.598947525024414,-0.40709829330444336
1741033543273729800,338.10872973632814,-3.6152265071868896,-1.6764416694641113,-0.7133588790893555
1741033543283830800,338.11883081054685,-3.8593063354492188,-1.7919044494628906,-0.8538901805877686
1741033543293931500,338.128931640625,-4.125814437866211,-1.608339786529541,-0.47467899322509766
1741033543304032500,338.1390324707031,-4.5143537521362305,-1.1696748733520508,0.018014907836914062
1741033543314133200,338.1491333007813,-4.527835845947266,-0.6657819747924805,0.4243128299713135
1741033543324233500,338.1592333984375,-4.448272705078125,-0.03191089630126953,0.728865385055542
1741033543334334000,338.169333984375,-4.208465099334717,0.7844610214233398,1.024506688117981
1741033543344435000,338.17943505859375,-3.8735475540161133,1.7131538391113281,1.2095310688018799
1741033543354535700,338.18953564453125,-3.6081061363220215,2.7327699661254883,1.2086973190307617
1741033543364636700,338.19963671875,-3.294234275817871,3.790027618408203,0.9984613060951233
1741033543374736600,338.2097365722656,-3.041621685028076,4.7029829025268555,0.571075439453125
1741033543384837400,338.2198374023437,-2.973787784576416,5.125043869018555,-0.17007505893707275
1741033543394938000,338.2299382324219,-2.8792948722839355,4.941632270812988,-1.0600612163543701
1741033543405039000,338.2400390625,-2.6903390884399414,4.269646644592285,-1.8641012907028198
1741033543415139800,338.25013989257815,-2.3534510135650635,3.5345773696899414,-2.054373264312744
1741033543425240600,338.26024047851564,-1.813340663909912,3.1690673828125,-1.93630051612854
1741033543435340800,338.2703408203125,-1.2369234561920166,3.828129768371582,-2.0017478466033936
1741033543445441500,338.2804416503906,2.222973346710205,5.1844377517700195,-2.292966365814209
1741033543455542300,338.2905422363281,4.549098014831543,6.981184005737305,-2.2763381004333496
1741033543465643300,338.3006433105469,3.2989206314086914,7.95098876953125,-1.7647309303283691
1741033543475744000,338.3107438964844,2.3891522884368896,6.875348091125488,-1.3133971691131592
1741033543485844500,338.3208444824219,2.426919937133789,4.005904197692871,-1.4549744129180908
1741033543495945000,338.33094506835937,3.1341958045959473,1.2195510864257812,-1.8654963970184326
1741033543506045700,338.34104565429686,3.2179951667785645,-0.46405601501464844,-2.01462459564209
1741033543516146400,338.351146484375,2.417104721069336,-0.9626846313476562,-1.7227782011032104
1741033543526247400,338.3612473144531,1.8993018865585327,-0.7525320053100586,-1.2174098491668701
1741033543536347400,338.3713474121094,2.9249792098999023,-0.2156820297241211,-0.43057501316070557
1741033543546448100,338.3814482421875,4.353680610656738,0.4344453811645508,0.4679858684539795
1741033543556549000,338.3915490722656,5.1798176765441895,1.2437877655029297,1.3545974493026733
1741033543566649900,338.40164990234376,3.4068970680236816,1.769627571105957,1.8065900802612305
1741033543576750600,338.41175048828126,1.0565842390060425,1.5957269668579102,1.3513703346252441
1741033543586851300,338.42185131835936,1.071496844291687,0.8089771270751953,1.2491559982299805
1741033543596951600,338.43195166015624,3.009594202041626,0.008638381958007812,1.5943291187286377
1741033543607052300,338.44205224609374,4.262248516082764,-0.5831403732299805,2.069737672805786
1741033543617153300,338.4521533203125,3.971266508102417,-1.3560943603515625,2.174100399017334
1741033543627254000,338.46225390625,3.4085030555725098,-2.1588215827941895,1.8181583881378174
1741033543637354500,338.4723544921875,2.836648464202881,-2.99544095993042,1.3103599548339844
1741033543647455000,338.482455078125,2.2012264728546143,-3.5611228942871094,0.991632342338562
1741033543657555700,338.4925556640625,1.5962855815887451,-3.778989315032959,0.8419724106788635
1741033543667656400,338.50265649414064,0.8219341039657593,-3.944399356842041,0.6896207928657532
1741033543677757400,338.51275732421874,0.27121683955192566,-4.144547462463379,0.43239712715148926
1741033543687858200,338.5228581542969,-0.3396928012371063,-4.221065044403076,0.1850818395614624
1741033543697958400,338.5329584960937,-0.8704817295074463,-4.126058101654053,0.02127838134765625
1741033543708059100,338.5430590820313,-1.4403047561645508,-4.13036584854126,0.06600761413574219
1741033543718160000,338.5531599121094,-1.6055612564086914,-4.2871904373168945,0.2841034531593323
1741033543728260600,338.5632604980469,-1.3998117446899414,-4.554693222045898,0.644771933555603
1741033543738361600,338.57336157226564,-0.9762113094329834,-4.743648052215576,1.0572216510772705
1741033543748462300,338.58346240234374,-0.5081007480621338,-4.796836853027344,1.4213850498199463
1741033543758562300,338.59356225585935,-0.18615996837615967,-4.618437767028809,1.9072353839874268
1741033543768663300,338.6036633300781,0.13783586025238037,-4.179115295410156,2.5393993854522705
1741033543778764000,338.6137639160156,0.39100420475006104,-3.5268850326538086,3.0807156562805176
1741033543788864800,338.6238647460938,0.8706972599029541,-3.016712188720703,3.444395065307617
1741033543798965200,338.63396533203127,1.1122236251831055,-2.6572656631469727,3.610090970993042
1741033543809065700,338.64406567382815,1.537344217300415,-2.3355965614318848,3.737386465072632
1741033543819166500,338.65416650390625,1.9994771480560303,-2.120771884918213,3.6335952281951904
1741033543829267500,338.66426733398436,2.441645383834839,-1.9777421951293945,3.2262678146362305
1741033543839368200,338.6743681640625,2.5312907695770264,-1.6449508666992188,2.9426636695861816
1741033543849469000,338.6844689941406,2.411923885345459,-1.0687646865844727,2.8757526874542236
1741033543859569200,338.6945690917969,2.1500186920166016,-0.31966590881347656,2.770432472229004
1741033543869670000,338.704669921875,1.5651617050170898,0.5184793472290039,2.5761332511901855
1741033543879770600,338.7147705078125,0.6909852027893066,1.2985830307006836,2.295173168182373
1741033543889871600,338.72487158203126,0.04515957832336426,1.9404830932617188,1.7256271839141846
1741033543899972400,338.73497241210936,-0.800529956817627,2.4432811737060547,1.0128532648086548
1741033543910072300,338.745072265625,-1.4055471420288086,2.5604095458984375,0.12027966976165771
1741033543920173300,338.75517333984374,-2.1003990173339844,2.344101905822754,-1.0516252517700195
1741033543930334700,338.7653347167969,-2.6807048320770264,2.021146774291992,-3.2719531059265137
1741033543940638200,338.77563818359374,-2.7170028686523438,1.8476600646972656,-5.156800270080566
1741033543950941000,338.78594091796873,-2.0303916931152344,1.8748884201049805,-6.017571449279785
1741033543961155600,338.79615551757814,-0.8895425796508789,2.169034957885742,-6.751478672027588
1741033543971271000,338.80627099609376,0.976921796798706,2.5757675170898438,-7.015565395355225
1741033543981371400,338.81637133789064,5.217809677124023,2.8366174697875977,-6.746257781982422
1741033543991472000,338.82647216796875,10.455406188964844,2.7278366088867188,-5.414311408996582
1741033544001573000,338.83657299804685,14.58803939819336,3.0583810806274414,-3.1682634353637695
1741033544011673900,338.846673828125,15.762310028076172,3.581355094909668,-0.819800615310669
1741033544021774800,338.8567749023438,9.958756446838379,3.8641958236694336,0.49421626329421997
1741033544031874800,338.8668747558594,5.410165786743164,3.6487789154052734,1.0274958610534668
1741033544041975600,338.8769755859375,2.491875171661377,2.836392402648926,1.7646814584732056
1741033544052076300,338.887076171875,0.22942495346069336,2.1569643020629883,1.9964847564697266
1741033544062177300,338.89717724609375,-1.1781668663024902,1.9062566757202148,1.8147239685058594
1741033544072277800,338.90727783203124,-1.901885747909546,2.109403610229492,1.8803642988204956
1741033544082378000,338.9173779296875,-2.1552090644836426,2.588960647583008,2.1425817012786865
1741033544092479000,338.9274790039062,-2.1951956748962402,3.1103458404541016,2.5575201511383057
1741033544102579700,338.9375798339844,-2.08239483833313,3.5473594665527344,2.931934118270874
1741033544112680400,338.9476804199219,-2.08768630027771,3.946542739868164,3.2158024311065674
1741033544122781400,338.95778149414065,-2.3615880012512207,4.279661178588867,3.5658936500549316
1741033544132881700,338.96788159179687,-2.8640756607055664,4.150331497192383,3.6614110469818115
1741033544142982100,338.97798217773436,-3.080003261566162,3.239950180053711,3.3031389713287354
1741033544153083100,338.9880832519531,-3.1433699131011963,1.862992286682129,2.5635628700256348
1741033544163183900,338.9981838378906,-3.2225499153137207,0.5072898864746094,1.9620585441589355
1741033544173284600,339.0082846679687,-3.4225449562072754,-0.5583028793334961,1.556159496307373
1741033544183384800,339.018384765625,-3.604752540588379,-1.375927448272705,1.3558766841888428
1741033544193485600,339.0284855957031,-3.600615978240967,-2.1441173553466797,1.367106318473816
1741033544203586300,339.03858642578126,-3.321378231048584,-2.800459384918213,1.5780479907989502
1741033544213687300,339.04868725585936,-3.161686897277832,-3.3457226753234863,1.8585622310638428
1741033544223788000,339.0587880859375,-3.036158561706543,-3.715993881225586,2.102621078491211
1741033544233888800,339.068888671875,-2.9460277557373047,-3.877078056335449,2.3436379432678223
1741033544243989000,339.0789890136719,-2.849698305130005,-3.9842662811279297,2.5398008823394775
1741033544254089700,339.08908984375,-2.701169967651367,-4.10615873336792,2.704667806625366
1741033544264190500,339.0991904296875,-2.657376527786255,-4.245095729827881,2.882974624633789
1741033544274291500,339.10929150390626,-2.655996561050415,-4.383138656616211,2.9500176906585693
1741033544284392200,339.11939208984376,-2.785325288772583,-4.375376224517822,3.032045364379883
1741033544294492400,339.12949243164064,-2.9685935974121094,-4.175349712371826,3.038205146789551
1741033544304593200,339.13959326171874,-3.0446066856384277,-3.8132314682006836,2.9563803672790527
1741033544314694000,339.14969384765624,-2.9700515270233154,-3.3701257705688477,2.841859817504883
1741033544324794600,339.1597946777344,-2.9783830642700195,-2.8286428451538086,2.720149040222168
1741033544334895600,339.1698955078125,-3.0209949016571045,-2.262847900390625,2.5079808235168457
1741033544344995600,339.1799956054688,-3.0870161056518555,-1.6441082954406738,2.1746509075164795
1741033544355096300,339.1900964355469,-3.2058353424072266,-0.9251537322998047,1.6753606796264648
1741033544365197300,339.200197265625,-3.2391715049743652,-0.3324270248413086,1.1167786121368408
1741033544375298000,339.21029809570314,-3.1504101753234863,0.3316507339477539,0.525977611541748
1741033544385398800,339.22039868164063,-3.1213293075561523,1.019993782043457,0.01678943634033203
1741033544395499500,339.23049951171873,-2.9520726203918457,1.6712226867675781,-0.5855426788330078
1741033544405599700,339.2405998535156,-2.6794769763946533,2.3233413696289062,-1.1405247449874878
1741033544415700500,339.2507004394531,-2.3684847354888916,2.8808584213256836,-1.287783145904541
1741033544425801500,339.2608015136719,-1.311105489730835,3.3044681549072266,-1.3864120244979858
1741033544435902200,339.2709020996094,0.3986666202545166,3.5565452575683594,-1.8694300651550293
1741033544446002700,339.28100268554687,2.1206912994384766,3.7954797744750977,-2.543654680252075
1741033544456103200,339.29110327148436,2.4936885833740234,4.146821022033691,-3.113406181335449
1741033544466204000,339.30120385742185,2.5978593826293945,4.459714889526367,-3.341165542602539
1741033544476304600,339.3113046875,3.253929615020752,4.587350845336914,-3.2314605712890625
1741033544486405600,339.3214055175781,3.7955312728881836,4.483990669250488,-2.702516794204712
1741033544496506400,339.3315063476563,3.737867832183838,4.38107967376709,-2.438235282897949
1741033544506606300,339.3416064453125,3.58176851272583,4.662480354309082,-2.5060133934020996
1741033544516707300,339.35170727539065,3.4253671169281006,5.426385879516602,-2.9800639152526855
1741033544526808000,339.36180810546875,4.17379093170166,5.781576156616211,-4.174266815185547
1741033544536908800,339.37190869140625,6.208459854125977,5.000332832336426,-5.792538642883301
1741033544547009500,339.38200952148435,7.5595197677612305,3.6251678466796875,-5.929744720458984
1741033544557109800,339.39210986328123,6.586806297302246,2.126572608947754,-4.914138317108154
1741033544567210500,339.4022104492187,5.021129131317139,0.7499160766601562,-3.019559144973755
1741033544577311500,339.4123115234375,2.9440135955810547,-0.8833780288696289,-1.6111524105072021
1741033544587412200,339.422412109375,0.5151583552360535,-2.254695415496826,-0.852522611618042
1741033544597513000,339.43251293945315,-1.333162784576416,-2.6740283966064453,-0.41130566596984863
1741033544607613400,339.44261352539064,-2.007195234298706,-2.5718765258789062,-0.1058875322341919
1741033544617714000,339.4527138671875,-2.0107316970825195,-1.9682960510253906,0.3231388330459595
1741033544627814700,339.4628146972656,-2.5804178714752197,-0.9939708709716797,0.5307029485702515
1741033544637915600,339.47291552734373,-2.2579522132873535,0.015333175659179688,0.557674765586853
1741033544648016400,339.4830163574219,-0.9203160405158997,0.7450981140136719,0.974960446357727
1741033544658116600,339.4931166992188,-0.10008755326271057,0.9270772933959961,1.770041584968567
1741033544668217300,339.50321728515627,1.129522442817688,0.7070121765136719,2.5368869304656982
1741033544678318000,339.51331811523437,2.0433475971221924,-0.12472057342529297,2.593191146850586
1741033544688418800,339.52341870117186,2.0701420307159424,-1.0470590591430664,2.1890695095062256
1741033544698519600,339.53351953125,1.5362310409545898,-1.8068962097167969,1.7477165460586548
1741033544708619800,339.54361987304685,0.8731979131698608,-2.311218738555908,1.3657844066619873
1741033544718720500,339.5537204589844,0.34065186977386475,-2.544520378112793,0.9979303479194641
1741033544728821500,339.5638215332031,-0.4214896559715271,-2.800835132598877,0.7276071310043335
1741033544738922200,339.5739221191406,-1.0633172988891602,-3.183377265930176,0.7911529541015625
1741033544749023000,339.58402294921876,-1.8090687990188599,-3.435027599334717,0.8032242059707642
1741033544759123500,339.59412353515626,-2.147099733352661,-3.460047721862793,1.0049335956573486
1741033544769224000,339.60422387695314,-1.617111086845398,-3.491032123565674,1.3719055652618408
1741033544779324700,339.61432470703124,-1.0428857803344727,-3.5142574310302734,1.858156442642212
1741033544789425700,339.62442578125,-0.25512024760246277,-3.66281795501709,2.3033032417297363
1741033544799526400,339.6345263671875,0.1827722191810608,-3.6737871170043945,2.824453353881836
1741033544809626600,339.6446267089844,0.4972116947174072,-3.8387503623962402,3.212770700454712
1741033544819727000,339.6547270507813,0.712239146232605,-3.878314971923828,3.7044501304626465
1741033544829828000,339.664828125,1.2376961708068848,-3.5226588249206543,4.673372268676758
1741033544839928800,339.6749287109375,1.705976963043213,-3.082315444946289,5.421746730804443
1741033544850029800,339.68502978515625,2.1053452491760254,-2.8039603233337402,5.891468524932861
1741033544860130600,339.69513061523435,2.3889565467834473,-2.711488723754883,5.851495265960693
1741033544870230500,339.70523046875,2.419009208679199,-2.8722968101501465,5.02834415435791
1741033544880331500,339.7153315429687,2.2198572158813477,-3.074044704437256,3.758908271789551
1741033544890432300,339.7254323730469,1.7761083841323853,-2.8922557830810547,2.9626312255859375
1741033544900533000,339.7355329589844,1.2962379455566406,-2.4195008277893066,2.531306505203247
1741033544910633500,339.7456335449219,0.8358062505722046,-1.870119571685791,2.2932214736938477
1741033544920734000,339.75573388671876,0.38479673862457275,-1.480280876159668,2.050712823867798
1741033544930834700,339.76583471679686,0.03747570514678955,-1.2049484252929688,1.7766687870025635
1741033544940935700,339.7759357910156,-0.26915252208709717,-0.9376697540283203,1.4556485414505005
1741033544951036400,339.7860363769531,-0.45027321577072144,-0.8323078155517578,1.2365878820419312
1741033544961137200,339.7961372070312,-0.7829529643058777,-0.6610918045043945,1.031531810760498
1741033544971237400,339.8062373046875,-1.2281582355499268,-0.29009532928466797,0.7870061993598938
1741033544981338000,339.8163381347656,-1.0206985473632812,0.25635337829589844,0.4687129259109497
1741033544991438800,339.82643896484376,-0.719377875328064,0.9173183441162109,-0.08595538139343262
1741033545001539800,339.83653979492186,-1.578705906867981,1.6008825302124023,-1.8022414445877075
1741033545011640600,339.846640625,-1.7339831590652466,1.9126787185668945,-4.2154741287231445
1741033545021740500,339.85674047851563,-0.30058753490448,1.7482376098632812,-5.853457450866699
1741033545031841300,339.86684130859373,1.8724952936172485,1.3657913208007812,-6.414837837219238
1741033545041942300,339.8769423828125,4.407764911651611,1.0356273651123047,-6.259005546569824
1741033545052043000,339.88704296875,6.770644664764404,0.9078731536865234,-5.881893157958984
1741033545062143500,339.8971435546875,10.519238471984863,0.513331413269043,-5.2277021408081055
1741033545072244000,339.9072438964844,13.073596954345703,0.473846435546875,-4.26971960067749
1741033545082344700,339.9173447265625,11.671463012695312,1.5131149291992188,-3.0920684337615967
1741033545092445400,339.92744555664063,8.757253646850586,3.4434890747070312,-2.622634172439575
1741033545102546400,339.93754638671874,4.790055274963379,5.22325325012207,-2.3339691162109375
1741033545112647200,339.9476472167969,2.8697903156280518,5.326668739318848,-2.1238834857940674
1741033545122747400,339.9577473144531,2.12188720703125,4.363457679748535,-1.8049650192260742
1741033545132848000,339.9678481445313,1.2969000339508057,2.7866506576538086,-1.079590082168579
1741033545142948900,339.9779489746094,0.5992076396942139,1.3042898178100586,-0.09367179870605469
1741033545153049900,339.9880498046875,-0.004638671875,0.7624931335449219,0.8674942255020142
1741033545163150600,339.99815063476564,-0.5123622417449951,1.1608762741088867,1.695690393447876
1741033545173250600,340.00825048828125,-0.6851129531860352,2.4179859161376953,2.466574192047119
1741033545183351300,340.01835131835935,-0.5124231576919556,4.000979423522949,3.273202896118164
1741033545193452300,340.0284523925781,-0.5516846179962158,5.535403251647949,3.943319320678711
1741033545203553000,340.0385529785156,-0.9081493020057678,6.365612983703613,4.5747575759887695
1741033545213654000,340.0486540527344,-1.4020793437957764,6.100865364074707,4.953527450561523
1741033545223754500,340.05875439453126,-1.8503135442733765,4.740550994873047,4.809423923492432
1741033545233854700,340.06885473632815,-1.8715624809265137,3.017284393310547,4.144972324371338
1741033545243955500,340.07895556640625,-1.6453262567520142,1.586252212524414,3.5232324600219727
1741033545254056400,340.08905639648435,-1.4913532733917236,0.5657835006713867,3.192294120788574
1741033545264157200,340.0991572265625,-1.5460646152496338,-0.29723548889160156,3.2135841846466064
1741033545274257400,340.10925732421873,-1.8941917419433594,-1.1926374435424805,3.2940454483032227
1741033545284358100,340.1193581542969,-1.9195644855499268,-1.9718170166015625,3.298222064971924
1741033545294459000,340.129458984375,-1.8561441898345947,-2.6432180404663086,3.2103559970855713
1741033545304559600,340.1395595703125,-1.8392963409423828,-3.2197561264038086,2.9911136627197266
1741033545314660600,340.14966064453125,-1.7721047401428223,-3.7262144088745117,2.8468379974365234
1741033545324760600,340.15976049804686,-1.6109087467193604,-4.182064533233643,2.7253382205963135
1741033545334861300,340.169861328125,-1.529388427734375,-4.55980920791626,2.6762776374816895
1741033545344962300,340.17996240234373,-1.4077091217041016,-4.749943256378174,2.7260398864746094
1741033545355063000,340.1900629882812,-1.3384062051773071,-4.869938850402832,2.786548614501953
1741033545365163800,340.2001638183594,-1.2866215705871582,-4.845049858093262,2.878619432449341
1741033545375264500,340.2102644042969,-1.2409805059432983,-4.675116062164307,2.9487292766571045
1741033545385364700,340.22036474609376,-1.2018240690231323,-4.4051313400268555,2.9458043575286865
1741033545395465500,340.23046557617187,-1.1581767797470093,-4.094085216522217,2.8665685653686523
1741033545405566500,340.24056640625,-1.065024971961975,-3.791877269744873,2.7112648487091064
1741033545415667200,340.2506672363281,-1.050579309463501,-3.5036778450012207,2.531118154525757
1741033545425767400,340.26076733398435,-1.0590298175811768,-3.237942695617676,2.276395320892334
1741033545435868200,340.2708681640625,-1.0453776121139526,-2.842761993408203,2.0789809226989746
1741033545445969000,340.2809689941406,-0.9977855682373047,-2.360074520111084,1.9356067180633545
1741033545456069600,340.2910695800781,-0.9962102174758911,-1.7965970039367676,1.8097712993621826
1741033545466170600,340.30117065429687,-1.0091266632080078,-1.1018552780151367,1.7594563961029053
1741033545476270600,340.3112705078125,-1.0534042119979858,-0.2290821075439453,1.6886181831359863
1741033545486371300,340.32137133789064,-1.051003336906433,0.7051267623901367,1.4107184410095215
1741033545496472300,340.33147241210935,-1.0027488470077515,1.6297168731689453,0.9485801458358765
1741033545506573000,340.3415729980469,-1.0176045894622803,2.4124717712402344,0.25710105895996094
1741033545516673800,340.351673828125,-0.9523664712905884,2.907071113586426,-0.816340446472168
1741033545526774500,340.3617744140625,-0.9209046363830566,3.1746511459350586,-1.855383038520813
1741033545536874800,340.3718747558594,-0.8256791830062866,3.253298759460449,-2.649083375930786
1741033545546975500,340.3819755859375,-0.5460404753684998,3.2161550521850586,-3.222928524017334
1741033545557076500,340.39207641601564,-0.1429920196533203,3.2756080627441406,-3.589186668395996
1741033545567177200,340.40217724609374,0.2716027498245239,3.5365705490112305,-3.626133441925049
1741033545577277700,340.4122775878906,0.6001244783401489,4.023553848266602,-3.41945743560791
1741033545587378200,340.4223781738281,1.1792385578155518,4.364413261413574,-3.189664363861084
1741033545597479000,340.4324790039062,2.024789571762085,4.502854347229004,-3.0947210788726807
1741033545607579600,340.4425795898438,2.9147000312805176,4.038724899291992,-3.322258472442627
1741033545617680600,340.4526806640625,3.5158936977386475,3.2386655807495117,-4.109935283660889
1741033545627780600,340.46278051757815,4.113687515258789,3.018373489379883,-5.120721340179443
1741033545637881300,340.47288134765626,5.073172569274902,3.5737266540527344,-6.000062942504883
1741033545647982300,340.482982421875,5.910619735717773,4.394306182861328,-6.589790344238281
1741033545658083000,340.4930830078125,5.584146499633789,4.673656463623047,-6.047045707702637
1741033545668183800,340.5031838378906,3.955575466156006,3.806462287902832,-3.9648513793945312
1741033545678284500,340.5132844238281,2.2207961082458496,1.241419792175293,-2.5962748527526855
1741033545688384800,340.523384765625,0.3972243368625641,-1.047072410583496,-2.4773173332214355
1741033545698485500,340.5334855957031,-1.4959471225738525,-2.0277318954467773,-2.0808749198913574
1741033545708586500,340.54358642578126,-2.48647403717041,-2.238809108734131,-1.5309261083602905
1741033545718687200,340.55368725585936,-2.988565444946289,-1.5331859588623047,-0.8686275482177734
1741033545728787700,340.56378759765624,-2.649022340774536,-0.07524585723876953,-0.34899628162384033
1741033545738888000,340.57388793945313,-1.8629056215286255,1.5034551620483398,0.06824803352355957
1741033545748989000,340.5839890136719,-1.2558432817459106,2.555659294128418,0.46150529384613037
1741033545759089700,340.5940895996094,-0.5730747580528259,2.688129425048828,0.6700750589370728
1741033545769190700,340.6041906738281,0.23272743821144104,1.8354463577270508,0.6052013635635376
1741033545779290600,340.61429052734377,0.5320053100585938,0.827397346496582,0.3449774980545044
1741033545789391400,340.62439135742187,0.6387655735015869,-0.013710975646972656,-0.15230298042297363
1741033545799492400,340.63449243164064,0.5459549427032471,-0.6304759979248047,-0.5450496673583984
1741033545809593000,340.64459301757813,0.20116806030273438,-1.187058448791504,-0.636877179145813
1741033545819693800,340.65469384765623,-0.19414439797401428,-1.641913890838623,-0.5599770545959473
1741033545829793800,340.6647937011719,-0.6748360395431519,-2.0697555541992188,-0.2756540775299072
1741033545839894800,340.6748947753906,-0.8991800546646118,-2.434361457824707,0.0601806640625
1741033545849995500,340.68499560546877,-0.9495494365692139,-2.821019172668457,0.2551082372665405
1741033545860096500,340.6950964355469,-0.8885549902915955,-3.2855095863342285,0.3727453947067261
1741033545870197200,340.705197265625,-0.8562431931495667,-3.6644201278686523,0.5182434320449829
1741033545880297700,340.71529760742186,-0.7111290693283081,-3.8990225791931152,0.756170392036438
1741033545890398000,340.72539794921875,-0.5216425061225891,-4.15575647354126,1.0906975269317627
1741033545900499000,340.7354990234375,-0.22181999683380127,-4.336758136749268,1.5978704690933228
1741033545910599700,340.745599609375,0.021649956703186035,-4.623417854309082,2.0156824588775635
1741033545920700700,340.7557006835938,0.41056621074676514,-4.704507350921631,2.5918803215026855
1741033545930801000,340.76580078125,0.7817894220352173,-4.6971821784973145,3.23210072517395
1741033545940901400,340.7759013671875,0.7017472982406616,-4.705198287963867,3.6513211727142334
1741033545951002000,340.78600219726565,0.8807182312011719,-4.593961238861084,4.174141883850098
1741033545961103000,340.79610302734375,0.8912906646728516,-4.509335517883301,4.544286727905273
1741033545971203800,340.80620385742185,0.9295556545257568,-4.217291355133057,4.858737945556641
1741033545981303800,340.8163037109375,0.8478963375091553,-3.663980007171631,5.197828769683838
1741033545991404800,340.8264047851562,0.66007399559021,-3.0434789657592773,5.314028739929199
1741033546001505500,340.8365056152344,0.5677580833435059,-2.4394030570983887,5.117124080657959
1741033546011606300,340.8466062011719,0.8086838722229004,-1.8527283668518066,4.571881294250488
1741033546021707000,340.85670703125,1.099398136138916,-1.2648906707763672,3.926102876663208
1741033546031807200,340.86680712890626,1.223602533340454,-0.4957866668701172,3.5002808570861816
1741033546041908000,340.87690795898436,1.1264781951904297,0.40759754180908203,3.2270562648773193
1741033546052009000,340.8870090332031,0.7420202493667603,1.3077898025512695,2.901484489440918
1741033546062109700,340.8971096191406,0.23815703392028809,1.8788747787475586,2.397583484649658
1741033546072210700,340.9072106933594,-0.43205714225769043,2.023447036743164,1.6506409645080566
1741033546082311000,340.9173107910156,-0.8094583749771118,1.7901487350463867,1.0023562908172607
1741033546092411400,340.9274113769531,-1.9989585876464844,1.6046886444091797,0.642661452293396
1741033546102512000,340.93751220703126,-4.372145652770996,1.6603422164916992,-0.9284237623214722
1741033546112613000,340.94761303710936,-3.462846040725708,1.327012062072754,-4.065757751464844
1741033546122713900,340.9577138671875,-1.067760705947876,0.7171707153320312,-5.844086647033691
1741033546132813800,340.96781372070313,1.0419528484344482,0.2925453186035156,-6.1849493980407715
1741033546142914800,340.9779147949219,2.969123601913452,0.3682899475097656,-6.314549922943115
1741033546153015600,340.988015625,6.419595718383789,0.6850700378417969,-6.735864162445068
1741033546163116300,340.9981162109375,10.8233003616333,1.1904077529907227,-6.0875563621521
1741033546173217000,341.0082170410156,14.300525665283203,2.373567581176758,-3.855851173400879
1741033546183317200,341.0183171386719,17.02178955078125,2.9172935485839844,-2.2110886573791504
1741033546193418000,341.02841796875,13.19156551361084,4.104063987731934,-1.6817212104797363
1741033546203519000,341.03851904296874,7.5127034187316895,4.930685043334961,-1.417510986328125
1741033546213619700,341.04861962890624,4.2598876953125,4.985515594482422,-1.3340585231781006
1741033546223720200,341.05872021484373,0.3256545066833496,4.575401306152344,-1.1127904653549194
1741033546233820700,341.0688205566406,-1.4007201194763184,3.661065101623535,-0.1435704231262207
1741033546243921400,341.0789213867188,-1.8465752601623535,2.804018020629883,0.797508955001831
1741033546254022100,341.0890222167969,-1.7521449327468872,2.5421571731567383,1.727509617805481
1741033546264123100,341.099123046875,-1.5134854316711426,3.0839548110961914,2.5903327465057373
1741033546274223000,341.10922314453126,-0.9719836711883545,4.180629730224609,3.525334358215332
1741033546284323800,341.11932373046875,-0.9081110954284668,5.179059028625488,4.221693992614746
1741033546294424800,341.1294248046875,-1.6228339672088623,5.779609680175781,4.525339126586914
1741033546304525600,341.1395256347656,-2.0422370433807373,5.28140926361084,4.374530792236328
1741033546314626300,341.1496262207031,-2.095064640045166,3.6489477157592773,3.664484977722168
1741033546324727000,341.15972705078127,-2.0067710876464844,1.897073745727539,2.851789951324463
1741033546334827300,341.1698271484375,-2.012977123260498,0.49538421630859375,2.318826198577881
1741033546344928000,341.17992797851565,-2.302471876144409,-0.6051416397094727,2.061210870742798
1741033546355029000,341.19002905273436,-2.487912178039551,-1.6107759475708008,2.005326747894287
1741033546365129700,341.20012963867185,-2.560242176055908,-2.55576753616333,2.032627582550049
1741033546375230200,341.21023022460935,-2.4645309448242188,-3.376267433166504,2.1720528602600098
1741033546385330700,341.22033056640623,-2.515516757965088,-4.075861930847168,2.274825096130371
1741033546395431400,341.2304313964844,-2.4668543338775635,-4.652416229248047,2.3568222522735596
1741033546405532200,341.2405322265625,-2.464494228363037,-5.079622268676758,2.4427664279937744
1741033546415633200,341.25063305664065,-2.3134520053863525,-5.307292938232422,2.51481032371521
1741033546425733000,341.2607331542969,-2.1829452514648438,-5.299129962921143,2.6298165321350098
1741033546435833900,341.27083374023437,-2.092158079147339,-5.157711029052734,2.7050204277038574
1741033546445934800,341.28093481445313,-2.0024688243865967,-4.932541847229004,2.798715114593506
1741033546456035600,341.29103564453123,-1.96428382396698,-4.6403021812438965,2.8089113235473633
1741033546466136300,341.3011362304687,-1.9569286108016968,-4.324317932128906,2.7503650188446045
1741033546476236300,341.311236328125,-2.012063503265381,-3.9159111976623535,2.595909595489502
1741033546486337300,341.3213371582031,-1.9633560180664062,-3.301453113555908,2.4932925701141357
1741033546496438000,341.33143798828127,-2.043318510055542,-2.671849250793457,2.4393553733825684
1741033546506539000,341.3415390625,-2.0336666107177734,-2.1359004974365234,2.435926914215088
1741033546516639500,341.35163940429686,-2.0876355171203613,-1.7489285469055176,2.404026508331299
1741033546526739700,341.36173974609375,-2.209730625152588,-1.387887954711914,2.406585454940796
1741033546536840400,341.37184033203124,-2.259411334991455,-1.0312490463256836,2.3858609199523926
1741033546546941400,341.38194140625,-2.213149309158325,-0.6650285720825195,2.310245990753174
1741033546557042200,341.3920422363281,-2.1714372634887695,-0.24611759185791016,2.1524391174316406
1741033546567142400,341.4021423339844,-2.1841044425964355,0.29538631439208984,1.9775384664535522
1741033546577243100,341.4122431640625,-2.16696834564209,0.9750881195068359,1.7262672185897827
1741033546587344000,341.42234375,-1.9287595748901367,1.5944385528564453,1.3001151084899902
1741033546597444600,341.43244458007814,-1.7831883430480957,2.097064971923828,0.7002655267715454
1741033546607545600,341.44254565429685,-1.8697339296340942,2.4840097427368164,-0.10082423686981201
1741033546617646300,341.4526462402344,-2.116286277770996,2.638300895690918,-1.0571526288986206
1741033546627759000,341.4627590332031,-2.2342798709869385,2.6460390090942383,-1.905465006828308
1741033546638026200,341.47302612304685,-2.0013537406921387,2.6344566345214844,-2.649285316467285
1741033546648162800,341.48316284179685,-1.532679557800293,2.742794990539551,-3.178436756134033
1741033546658465500,341.4934655761719,-0.9941162467002869,3.0726194381713867,-3.5959253311157227
1741033546668714500,341.5037145996094,-0.33512234687805176,3.453857421875,-3.7061381340026855
1741033546678844400,341.51384448242186,0.5271762609481812,3.6005449295043945,-3.341036558151245
1741033546688945000,341.52394482421874,1.7263789176940918,3.3402891159057617,-2.683945417404175
1741033546699045400,341.53404541015624,2.4925308227539062,3.184307098388672,-2.1627936363220215
1741033546709146000,341.54414599609373,3.0667948722839355,3.406834602355957,-2.316500186920166
1741033546719246800,341.5542468261719,3.265500068664551,4.053591728210449,-2.793131113052368
1741033546729347800,341.5643479003906,3.632018566131592,4.335131645202637,-3.340379476547241
1741033546739447800,341.57444775390627,4.316978454589844,3.639291763305664,-3.806483745574951
1741033546749548500,341.5845485839844,5.181160926818848,2.062986373901367,-4.188327789306641
1741033546759649500,341.5946494140625,5.16685676574707,0.5339298248291016,-3.9996657371520996
1741033546769750300,341.60475024414063,3.7787349224090576,-0.37130069732666016,-3.187382698059082
1741033546779851000,341.61485107421873,2.11810040473938,-0.6384382247924805,-2.4407668113708496
1741033546789951000,341.6249509277344,0.44030994176864624,-0.10783100128173828,-2.1237831115722656
1741033546800052000,341.6350520019531,-0.36802583932876587,1.2703943252563477,-1.7586506605148315
1741033546810152700,341.6451525878906,-0.9838507175445557,2.3833398818969727,-1.3651310205459595
1741033546820253700,341.6552536621094,-2.099412202835083,2.9161243438720703,-0.8950920104980469
1741033546830354200,341.66535424804687,-1.3716440200805664,2.797701835632324,-0.08379483222961426
1741033546840454400,341.67545434570314,0.8329551219940186,2.088597297668457,1.0528134107589722
1741033546850555100,341.68555517578125,1.9036145210266113,1.2491655349731445,1.9346606731414795
1741033546860656000,341.69565625,2.2516093254089355,0.6348171234130859,2.346329689025879
1741033546870756900,341.7057568359375,2.495151996612549,0.3348684310913086,2.0342135429382324
1741033546880857000,341.7158571777344,2.2211689949035645,-0.045928001403808594,1.4556113481521606
1741033546890957800,341.7259577636719,1.220674753189087,-0.7738370895385742,0.7416526675224304
1741033546901058600,341.73605859375,0.21598756313323975,-1.346573829650879,-0.02597367763519287
1741033546911159300,341.7461591796875,-0.4119395613670349,-1.6635041236877441,-0.428225040435791
1741033546921260300,341.75626025390625,-0.9131150841712952,-2.0183987617492676,-0.4158940315246582
1741033546931360300,341.7663603515625,-0.9860919713973999,-2.6324357986450195,-0.14990234375
1741033546941461000,341.7764609375,-0.6104331016540527,-3.180748462677002,0.3593564033508301
1741033546951562000,341.78656201171873,-0.23760616779327393,-3.6116995811462402,0.8448277115821838
1741033546961662700,341.7966628417969,-0.39351701736450195,-3.969607353210449,1.3612024784088135
1741033546971763500,341.8067634277344,-0.6307895183563232,-4.371573448181152,1.7707732915878296
1741033546981863700,341.81686376953127,-0.5908015966415405,-4.517545700073242,2.3270158767700195
1741033546991964400,341.82696435546876,0.0987391471862793,-4.430405616760254,3.3248043060302734
1741033547002065200,341.83706518554686,0.4481687545776367,-4.32314395904541,4.035598278045654
1741033547012166100,341.84716625976563,0.667172908782959,-4.232540130615234,4.517126560211182
1741033547022266400,341.85726635742185,0.6971108913421631,-4.309894561767578,4.661120414733887
1741033547032366800,341.8673669433594,0.6897566318511963,-4.148104190826416,4.792862892150879
1741033547042467800,341.8774677734375,0.4608025550842285,-3.9436283111572266,4.697668552398682
1741033547052568600,341.8875686035156,0.299558162689209,-3.779947280883789,4.454692840576172
1741033547062669300,341.89766943359376,0.16060423851013184,-3.545250415802002,4.10797643661499
1741033547072769500,341.90776953125,0.3609495162963867,-3.2404589653015137,3.668997287750244
1741033547082870300,341.91787036132814,0.49465250968933105,-2.760159969329834,3.324115037918091
1741033547092971000,341.92797094726564,0.5793404579162598,-2.1101293563842773,3.1994357109069824
1741033547103072000,341.9380720214844,0.5092477798461914,-1.2539629936218262,3.138507604598999
1741033547113172700,341.9481728515625,0.25829267501831055,-0.2843189239501953,3.1347312927246094
1741033547123272700,341.9582727050781,-0.23432493209838867,0.6108770370483398,2.8581600189208984
1741033547133373700,341.9683737792969,-0.7627965211868286,1.2831430435180664,2.2338943481445312
1741033547143474400,341.9784743652344,-1.0685638189315796,1.5968866348266602,1.4567078351974487
1741033547153575200,341.9885751953125,-1.3557405471801758,1.4599618911743164,0.5391503572463989
1741033547163675600,341.99867553710936,-1.1257760524749756,1.0688753128051758,-0.5548571348190308
1741033547173776100,342.00877612304686,-0.8499644994735718,0.6898097991943359,-1.5845463275909424
1741033547183876900,342.018876953125,-0.5729491710662842,0.5544366836547852,-2.3374757766723633
1741033547193977900,342.0289777832031,-0.332882285118103,0.5202293395996094,-3.0588266849517822
1741033547204078600,342.0390786132813,-0.05281853675842285,0.6083955764770508,-4.052435874938965
1741033547214178800,342.0491787109375,-0.6524003744125366,0.9479303359985352,-5.185303211212158
1741033547224279300,342.059279296875,-2.3339006900787354,1.9064531326293945,-6.091025352478027
1741033547234380300,342.06938037109376,-2.8129782676696777,2.0849380493164062,-6.48366641998291
1741033547244481000,342.07948095703125,0.7656707763671875,1.4508190155029297,-6.173084259033203
1741033547254582000,342.08958203125,4.390330791473389,2.062122344970703,-3.7106614112854004
1741033547264682000,342.09968188476563,6.921679496765137,3.7736291885375977,0.3452482223510742
1741033547274782700,342.10978271484373,11.352197647094727,3.0743179321289062,0.6630032062530518
1741033547284883500,342.1198835449219,11.848796844482422,1.9959917068481445,-2.2049307823181152
1741033547294984400,342.129984375,8.138376235961914,2.8293161392211914,-3.8035261631011963
1741033547305085200,342.14008520507815,6.150981903076172,3.89910888671875,-2.939107656478882
1741033547315185700,342.150185546875,3.3035881519317627,3.8573856353759766,-1.5418968200683594
1741033547325286100,342.1602861328125,0.5148005485534668,2.8028812408447266,-1.1504619121551514
1741033547335387000,342.17038696289063,-0.911658525466919,1.606964111328125,-0.9919722080230713
1741033547345488000,342.18048779296873,-1.599898099899292,1.0904016494750977,-0.7511672973632812
1741033547355588600,342.1905886230469,-1.8711447715759277,1.3607807159423828,-0.38707685470581055
1741033547365688800,342.2006887207031,-1.5694164037704468,2.42520809173584,0.13754844665527344
1741033547375789300,342.2107893066406,-1.3405241966247559,3.737175941467285,0.7990272045135498
1741033547385890300,342.2208903808594,-1.1278687715530396,4.69172477722168,1.4061155319213867
1741033547395991000,342.23099096679687,-1.1416841745376587,4.925139427185059,1.8640120029449463
1741033547406092000,342.24109204101563,-1.2173490524291992,4.175971984863281,2.1132521629333496
1741033547416192000,342.25119189453125,-1.142000436782837,2.9279069900512695,2.2090752124786377
1741033547426292700,342.26129272460935,-1.1618354320526123,1.8397464752197266,2.1561052799224854
1741033547436393500,342.2713935546875,-1.2550461292266846,0.9505815505981445,2.1925158500671387
1741033547446494500,342.2814943847656,-1.2953449487686157,0.11780071258544922,2.3834190368652344
1741033547456595000,342.2915949707031,-1.2994134426116943,-0.7200689315795898,2.6822261810302734
1741033547466695200,342.3016950683594,-1.3449461460113525,-1.6218042373657227,3.0170469284057617
1741033547476796200,342.31179614257815,-1.4278161525726318,-2.5079078674316406,3.236973524093628
1741033547486897000,342.32189697265625,-1.4602108001708984,-3.2603116035461426,3.3738250732421875
1741033547496997600,342.33199755859374,-1.5527535676956177,-3.83284854888916,3.47628116607666
1741033547507098000,342.34209814453123,-1.630957841873169,-4.238831996917725,3.5186822414398193
1741033547517198600,342.3521984863281,-1.6417546272277832,-4.529022693634033,3.5718324184417725
1741033547527299300,342.3622993164062,-1.7401806116104126,-4.697147846221924,3.582164764404297
1741033547537400300,342.372400390625,-1.8005623817443848,-4.713233470916748,3.6203742027282715
1741033547547501000,342.3825009765625,-1.784334659576416,-4.664873123168945,3.6620590686798096
1741033547557601300,342.39260131835937,-1.8153717517852783,-4.566755771636963,3.637467384338379
1741033547567702000,342.40270190429686,-1.8161637783050537,-4.355399131774902,3.535780668258667
1741033547577802800,342.412802734375,-1.9399893283843994,-3.8625688552856445,3.4820284843444824
1741033547587903500,342.4229035644531,-2.0083401203155518,-3.1379103660583496,3.352464199066162
1741033547598004200,342.4330041503906,-2.1603429317474365,-2.395646572113037,3.1078734397888184
1741033547608104400,342.4431044921875,-2.3450841903686523,-1.7098426818847656,2.844607353210449
1741033547618205200,342.453205078125,-2.313767433166504,-1.0236968994140625,2.5133841037750244
1741033547628306200,342.46330615234376,-2.271038293838501,-0.4170513153076172,2.07035231590271
1741033547638407000,342.47340698242186,-2.090627670288086,0.025664329528808594,1.636590838432312
1741033547648507400,342.48350732421875,-2.028280019760132,0.39781856536865234,1.0905299186706543
1741033547658607900,342.49360791015624,-2.1461000442504883,0.6665658950805664,0.598522424697876
1741033547668708600,342.50370849609374,-2.6705708503723145,0.9750165939331055,0.08168566226959229
1741033547678809300,342.5138093261719,-3.228686809539795,1.323709487915039,-0.38431453704833984
1741033547688910300,342.5239104003906,-3.61818790435791,1.6933412551879883,-0.6673095226287842
1741033547699010600,342.5340104980469,-3.677542209625244,2.029353141784668,-0.9311416149139404
1741033547709111000,342.5441110839844,-3.641463279724121,2.3681840896606445,-1.1788203716278076
1741033547719212000,342.5542119140625,-3.5159480571746826,2.8090314865112305,-1.4917755126953125
1741033547729312800,342.56431274414064,-3.240206241607666,3.4238510131835938,-1.8490197658538818
1741033547739413500,342.57441357421874,-2.4186532497406006,4.04856014251709,-2.180798053741455
1741033547749513500,342.58451342773435,-1.6320956945419312,4.624188423156738,-2.5175540447235107
1741033547759614500,342.5946145019531,-0.49714064598083496,4.835954666137695,-2.7292346954345703
1741033547769715200,342.6047150878906,0.9813358783721924,4.859333038330078,-2.652613639831543
1741033547779816200,342.6148161621094,2.4952645301818848,4.723127365112305,-2.4823484420776367
1741033547789916700,342.62491674804687,3.699381113052368,4.326916694641113,-2.431074619293213
1741033547800017000,342.63501684570315,4.781269073486328,4.007091522216797,-2.7022900581359863
1741033547810117600,342.64511767578125,5.772424697875977,4.057995796203613,-3.3845314979553223
1741033547820218600,342.65521850585935,5.741922378540039,4.321216583251953,-4.224865913391113
1741033547830319400,342.6653193359375,4.9381103515625,4.2952070236206055,-4.480349063873291
1741033547840419800,342.675419921875,3.928778648376465,3.572032928466797,-4.40191125869751
1741033547850520300,342.6855202636719,3.6245360374450684,2.103435516357422,-4.456574440002441
1741033547860621000,342.69562109375,3.7395777702331543,0.32373619079589844,-4.2892165184021
1741033547870721800,342.7057216796875,3.517923593521118,-1.1749382019042969,-3.6332597732543945
1741033547880822800,342.71582275390625,2.608675003051758,-1.818708896636963,-2.5786988735198975
1741033547890922800,342.7259228515625,1.9745607376098633,-1.901461124420166,-1.5273871421813965
1741033547901023500,342.7360234375,1.3688673973083496,-1.7297825813293457,-0.728142499923706
1741033547911124500,342.74612451171873,0.48258012533187866,-1.1642227172851562,-0.12580668926239014
1741033547921225200,342.7562250976562,-0.18296599388122559,-0.18045330047607422,0.3014376163482666
1741033547931326000,342.7663259277344,-0.4909723699092865,0.8195991516113281,0.40368878841400146
1741033547941426200,342.77642626953127,-0.7272455096244812,1.2880315780639648,0.3972572088241577
1741033547951527000,342.78652685546876,-0.2690085172653198,1.119664192199707,0.5778113603591919
1741033547961627600,342.79662768554687,0.765296220779419,0.5926780700683594,1.094529628753662
1741033547971728600,342.80672875976563,1.6418936252593994,0.16937255859375,1.660973310470581
1741033547981829000,342.8168291015625,1.8629488945007324,-0.3036003112792969,1.7888802289962769
1741033547991929300,342.82692944335935,1.664520025253296,-0.9699764251708984,1.435807704925537
1741033548002030300,342.8370302734375,1.4335213899612427,-1.6741056442260742,1.0645391941070557
1741033548012131000,342.8471311035156,0.9417107105255127,-2.4345874786376953,0.6363216042518616
1741033548022231300,342.8572312011719,0.2647665739059448,-3.1721982955932617,0.24674546718597412
1741033548032332000,342.86733203125,-0.0880662202835083,-3.8479599952697754,0.10623395442962646
1741033548042432800,342.87743286132815,-0.46827393770217896,-4.397055149078369,-0.0484544038772583
1741033548052533500,342.88753344726564,-0.6366645693778992,-4.861729621887207,-0.14909100532531738
1741033548062634500,342.89763452148435,-0.8078206777572632,-5.122358322143555,0.026778101921081543
1741033548072734500,342.907734375,-1.0327576398849487,-5.199066162109375,0.4598430395126343
1741033548082835200,342.9178352050781,-1.0716784000396729,-5.10329532623291,0.9254998564720154
1741033548092936200,342.9279362792969,-1.0302932262420654,-5.088760852813721,1.3129910230636597
1741033548103037000,342.9380368652344,-1.0330289602279663,-5.173670768737793,1.5773639678955078
1741033548113137400,342.9481374511719,-0.8716161251068115,-5.170324325561523,1.7871953248977661
1741033548123237600,342.95823754882815,-0.6180784702301025,-5.062380790710449,2.0605719089508057
1741033548133338600,342.96833862304686,-0.39028871059417725,-4.810579299926758,2.477191925048828
1741033548143439400,342.978439453125,-0.13081681728363037,-4.318203926086426,3.083657741546631
1741033548153540400,342.9885402832031,0.21279656887054443,-3.840780258178711,3.6807162761688232
1741033548163640600,342.998640625,0.7713948488235474,-3.370997905731201,4.202831745147705
1741033548173741000,343.0087409667969,1.3175801038742065,-2.835812568664551,4.574832439422607
1741033548183841800,343.018841796875,1.8929202556610107,-2.239988327026367,4.658914566040039
1741033548193942800,343.02894287109376,2.408521890640259,-1.6470112800598145,4.437939643859863
1741033548204043500,343.03904345703126,2.777357339859009,-0.9647350311279297,3.958101987838745
1741033548214143700,343.04914379882814,2.9259305000305176,-0.3707437515258789,3.426997184753418
1741033548224244500,343.05924438476563,2.839946746826172,0.24573802947998047,2.8510961532592773
1741033548234345200,343.06934521484374,2.307337760925293,0.7897176742553711,2.053396701812744
1741033548244446200,343.0794462890625,1.7317893505096436,1.116018295288086,1.1817257404327393
1741033548254546700,343.0895466308594,1.1307494640350342,1.1510229110717773,0.2665518522262573
1741033548264647000,343.0996469726563,0.4667534828186035,0.9993610382080078,-0.492246150970459
1741033548274747600,343.10974755859377,0.2086780071258545,0.843113899230957,-1.196878433227539
1741033548284848600,343.1198486328125,0.00722193717956543,0.7925958633422852,-1.9550963640213013
1741033548294949400,343.12994946289064,-0.2532271146774292,1.083456039428711,-2.614382743835449
1741033548305049900,343.1400498046875,-1.2096993923187256,1.6815366744995117,-3.3763821125030518
1741033548315150300,343.150150390625,-1.694297194480896,2.2576217651367188,-4.342833995819092
1741033548325251000,343.1602509765625,-2.0187788009643555,3.0313720703125,-4.676520824432373
1741033548335351800,343.1703518066406,-0.3461533784866333,3.4062862396240234,-4.194024562835693
1741033548345452800,343.1804528808594,2.6559362411499023,3.3852834701538086,-2.7713327407836914
1741033548355553000,343.1905529785156,5.54646110534668,3.9302730560302734,-1.182287335395813
1741033548365653500,343.20065356445315,10.594808578491211,3.9474096298217773,-0.8775873184204102
1741033548375754500,343.21075439453125,11.772981643676758,4.175663948059082,-2.078456401824951
1741033548385855200,343.22085522460935,8.605945587158203,4.958392143249512,-3.2832155227661133
1741033548395956000,343.2309560546875,5.6626739501953125,4.849903106689453,-3.451117753982544
1741033548406056200,343.24105615234373,2.412194013595581,3.667238235473633,-2.731191635131836
1741033548416157000,343.2511569824219,0.19445586204528809,2.361452102661133,-1.8763461112976074
1741033548426257700,343.2612575683594,-0.9776484966278076,1.7607307434082031,-1.2993872165679932
1741033548436358700,343.27135864257815,-1.3226853609085083,1.8927698135375977,-0.4909534454345703
1741033548446459100,343.28145922851564,-1.5152896642684937,2.806757926940918,0.5058369636535645
1741033548456559400,343.29155932617186,-1.7427730560302734,3.9844970703125,1.4902514219284058
1741033548466660400,343.30166040039063,-2.022867202758789,4.729511260986328,2.0209550857543945
1741033548476761000,343.3117609863281,-2.067626953125,4.851846694946289,1.9668641090393066
1741033548486861800,343.3218618164062,-2.043567180633545,4.518651008605957,1.8552898168563843
1741033548496962300,343.3319624023438,-2.0663692951202393,3.7320289611816406,1.7024855613708496
1741033548507062800,343.3420627441406,-1.9641739130020142,2.8342628479003906,1.5562540292739868
1741033548517163500,343.35216357421876,-1.8252167701721191,1.8245658874511719,1.445378303527832
1741033548527264500,343.36226440429687,-1.8126544952392578,0.8008108139038086,1.537703514099121
1741033548537364500,343.37236450195314,-1.9522355794906616,-0.19194698333740234,1.8168163299560547
1741033548547655400,343.38265551757814,-2.0714874267578125,-1.1929383277893066,2.1928153038024902
1741033548557958000,343.3929580078125,-2.1382980346679688,-2.1498637199401855,2.4927194118499756
1741033548568231200,343.4032312011719,-2.1478710174560547,-2.9652066230773926,2.6375203132629395
1741033548578361900,343.4133618164062,-2.1607449054718018,-3.56789493560791,2.6899518966674805
1741033548588462300,343.4234624023438,-2.13980770111084,-3.992440700531006,2.7654833793640137
1741033548598562600,343.4335625,-2.0868000984191895,-4.236493110656738,2.8647477626800537
1741033548608663600,343.44366357421876,-2.0857577323913574,-4.418297290802002,2.9486429691314697
1741033548618764300,343.45376440429686,-2.103912591934204,-4.499645233154297,3.0403661727905273
1741033548628865000,343.46386499023436,-2.080963611602783,-4.48486852645874,3.1190497875213623
1741033548638965500,343.47396557617185,-1.943211555480957,-4.308960914611816,3.1224703788757324
1741033548649066000,343.48406591796873,-1.7629773616790771,-4.106823921203613,2.9992611408233643
1741033548659166700,343.4941667480469,-1.4428951740264893,-3.8248910903930664,2.82196044921875
1741033548669267700,343.5042678222656,-1.3931549787521362,-3.4747796058654785,2.566065549850464
1741033548679368400,343.5143684082031,-2.095125198364258,-3.338937282562256,2.043334484100342
1741033548689468400,343.5244685058594,-3.0315661430358887,-3.151266098022461,1.3696649074554443
1741033548699569400,343.5345693359375,-3.7935431003570557,-2.7886099815368652,0.7266185283660889
1741033548709670100,343.54467016601564,-4.0421977043151855,-2.3059005737304688,0.26028335094451904
1741033548719771000,343.55477099609374,-4.11916971206665,-1.7267379760742188,0.17150568962097168
1741033548729871600,343.56487158203123,-3.9511566162109375,-1.0332412719726562,0.31168603897094727
1741033548739971800,343.5749719238281,-3.7311389446258545,-0.22181129455566406,0.7063679695129395
1741033548750072600,343.5850725097656,-3.433939218521118,0.7145471572875977,1.1799507141113281
1741033548760173600,343.5951735839844,-3.2564945220947266,1.6495580673217773,1.4641679525375366
1741033548770274300,343.6052744140625,-3.1302032470703125,2.384507179260254,1.556727647781372
1741033548780374800,343.61537475585936,-3.0130138397216797,2.927288055419922,1.5052826404571533
1741033548790475300,343.62547534179686,-2.8632586002349854,3.2704505920410156,1.2269277572631836
1741033548800576000,343.63557592773435,-2.5008444786071777,3.498006820678711,0.7571664452552795
1741033548810676700,343.6456767578125,-2.3465828895568848,3.810755729675293,0.11405515670776367
1741033548820777700,343.6557778320313,-2.315657138824463,4.246545791625977,-0.6753438711166382
1741033548830877700,343.6658776855469,-1.8900079727172852,4.549125671386719,-1.7479028701782227
1741033548840978400,343.675978515625,-1.2291131019592285,4.655460357666016,-2.789968967437744
1741033548851079400,343.68607934570315,-0.29300951957702637,4.633728981018066,-3.4331769943237305
1741033548861180200,343.69618017578125,1.597480058670044,4.463624000549316,-3.419161319732666
1741033548871280000,343.70628002929686,4.235714912414551,4.225237846374512,-3.055241584777832
1741033548881380900,343.716380859375,6.07882022857666,4.528447151184082,-2.715275764465332
1741033548891481900,343.72648193359373,5.668800354003906,5.565411567687988,-2.3189849853515625
1741033548901582600,343.7365825195312,5.091183185577393,6.206870079040527,-2.1581273078918457
1741033548911683300,343.7466833496094,3.7116353511810303,5.888545036315918,-2.5335378646850586
1741033548921783600,343.7567834472656,2.198899984359741,4.242713928222656,-3.153320789337158
1741033548931884300,343.76688427734376,1.3161606788635254,2.0510005950927734,-3.421717643737793
1741033548941985000,343.77698510742186,0.7628870010375977,0.23527050018310547,-2.8941962718963623
1741033548952086000,343.7870859375,0.8293285369873047,-0.9049587249755859,-2.5122928619384766
1741033548962186200,343.79718627929685,2.1936473846435547,-1.1898002624511719,-2.397063970565796
1741033548972286700,343.80728662109374,2.228093385696411,-0.8680686950683594,-1.6232349872589111
1741033548982387700,343.8173876953125,1.527277946472168,-0.39395713806152344,-0.7070160508155823
1741033548992488400,343.8274885253906,1.8485133647918701,0.4304819107055664,0.014055907726287842
1741033549002589400,343.83758935546877,2.214885711669922,1.2010040283203125,0.46969929337501526
1741033549012689400,343.847689453125,2.8271596431732178,1.6094779968261719,0.646552324295044
1741033549022790100,343.8577900390625,3.336512565612793,1.1394166946411133,0.36150017380714417
1741033549032891000,343.86789086914064,2.9646947383880615,0.14573001861572266,0.1597464680671692
1741033549042991900,343.87799194335935,1.7891242504119873,-0.7642097473144531,0.25547176599502563
1741033549053092600,343.8880925292969,1.1037293672561646,-1.3795747756958008,0.6001800298690796
1741033549063192600,343.8981926269531,1.3134337663650513,-1.9284262657165527,0.894406259059906
1741033549073293600,343.9082934570313,1.4176244735717773,-2.715677261352539,0.80652916431427
1741033549083394300,343.9183942871094,0.9149507284164429,-3.474097728729248,0.41331714391708374
1741033549093494800,343.9284948730469,0.1431795358657837,-3.8221206665039062,0.16801714897155762
1741033549103595300,343.93859521484376,-0.6575313210487366,-4.126597881317139,0.05099308490753174
1741033549113696000,343.94869604492186,-1.1290596723556519,-4.303511142730713,0.21595287322998047
1741033549123796700,343.95879663085935,-1.194807529449463,-4.396438121795654,0.41795241832733154
1741033549133897700,343.9688977050781,-0.9226479530334473,-4.671564102172852,0.4799051284790039
1741033549143998000,343.978998046875,-0.5409818291664124,-4.887874126434326,0.4236021637916565
1741033549154098400,343.9890983886719,-0.2364146113395691,-5.246835708618164,0.32830244302749634
1741033549164199400,343.9991994628906,-0.1934606432914734,-5.667601108551025,0.28556573390960693
1741033549174300200,344.00930004882815,-0.31077706813812256,-5.878680229187012,0.5274522304534912
1741033549184401000,344.01940087890625,-0.20497572422027588,-5.767629623413086,1.0134482383728027
1741033549194500900,344.0295009765625,-0.17904114723205566,-5.59517765045166,1.3251302242279053
1741033549204601900,344.03960180664063,0.12592971324920654,-5.283851623535156,1.831916332244873
1741033549214702600,344.04970263671873,0.7930619716644287,-4.8019022941589355,2.6252315044403076
1741033549224803600,344.0598034667969,1.5963537693023682,-4.120312213897705,3.570174217224121
1741033549234904000,344.0699040527344,2.3098666667938232,-3.401599407196045,4.336681365966797
1741033549245004300,344.0800043945313,2.751551628112793,-2.6284308433532715,4.757001876831055
1741033549255105000,344.09010498046877,3.121840715408325,-1.9715509414672852,4.824467658996582
1741033549265206000,344.1002060546875,3.2596893310546875,-1.4847779273986816,4.642914295196533
1741033549275306800,344.110306640625,3.2342183589935303,-0.9049110412597656,4.279148101806641
1741033549285407200,344.1204072265625,2.989290237426758,-0.3118867874145508,3.6112723350524902
1741033549295507700,344.1305078125,2.397294759750366,0.3652973175048828,2.8417654037475586
1741033549305608400,344.1406083984375,1.5136618614196777,1.165165901184082,2.008617401123047
1741033549315709400,344.1507094726563,0.4429819583892822,1.862563133239746,1.1514726877212524
1741033549325809400,344.1608093261719,-0.11140990257263184,2.038302421569824,0.08190929889678955
1741033549335910100,344.17091015625,-0.536419153213501,1.9109134674072266,-1.0521529912948608
1741033549346011000,344.18101098632815,-1.089121699333191,1.678004264831543,-2.0088961124420166
1741033549356112000,344.19111181640625,-1.184796690940857,1.521524429321289,-2.585322380065918
1741033549366212600,344.20121264648435,-1.284246563911438,1.7416553497314453,-2.8394856452941895
1741033549376312600,344.2113125,-2.338247060775757,2.4438648223876953,-3.181159019470215
1741033549386413600,344.22141357421873,-3.0292811393737793,2.8369760513305664,-3.9219584465026855
1741033549396514300,344.2315144042969,-1.0721203088760376,2.20931339263916,-4.661783218383789
1741033549406615000,344.2416149902344,2.3532001972198486,1.3991498947143555,-5.8493475914001465
1741033549416715500,344.2517155761719,6.3438568115234375,0.7051429748535156,-6.708309173583984
1741033549426816000,344.26181591796876,9.568902969360352,0.32689762115478516,-6.321178913116455
1741033549436916700,344.27191674804686,11.582106590270996,1.5393438339233398,-2.8475141525268555
1741033549446910200,344.28191015625,9.85399055480957,2.9468812942504883,-0.2305765151977539
1741033549457070300,344.2920703125,5.890450477600098,4.421354293823242,0.24758100509643555
1741033549467373000,344.302373046875,2.9791576862335205,5.5919647216796875,0.4193708896636963
1741033549477675000,344.3126750488281,0.5078918933868408,5.625587463378906,0.8834547996520996
1741033549487976700,344.3229768066406,-0.6327545642852783,4.620631217956543,0.4939758777618408
1741033549498115300,344.333115234375,-1.099858283996582,3.4101409912109375,-0.43563735485076904
1741033549508215300,344.34321533203126,-1.237794280052185,2.836090087890625,-1.0227904319763184
1741033549518316000,344.35331591796876,-1.412492036819458,3.096437454223633,-0.937079906463623
1741033549528417000,344.3634169921875,-1.5067497491836548,4.197894096374512,-0.24542522430419922
1741033549538517500,344.373517578125,-1.621659517288208,5.4495439529418945,0.8362952470779419
1741033549548617700,344.38361767578124,-1.8816335201263428,5.898039817810059,1.935492753982544
1741033549558718700,344.39371875,-1.8862664699554443,5.176314353942871,2.976332426071167
1741033549568819500,344.4038193359375,-1.8902766704559326,3.8349180221557617,3.5681939125061035
1741033549578920200,344.4139201660156,-1.8939902782440186,2.3128890991210938,3.4922475814819336
1741033549589020700,344.42402075195315,-1.8445684909820557,1.1251459121704102,3.2438204288482666
1741033549599121200,344.43412109375,-1.8022141456604004,0.29544925689697266,3.0476887226104736
1741033549609222000,344.44422192382814,-1.7793854475021362,-0.3380765914916992,2.9987659454345703
1741033549619323000,344.45432299804685,-1.788611650466919,-0.9578056335449219,3.066140651702881
1741033549629423600,344.4644235839844,-1.7716615200042725,-1.6969051361083984,3.108468532562256
1741033549639523800,344.4745239257812,-1.7763710021972656,-2.432344436645508,3.156702756881714
1741033549649624600,344.4846245117188,-1.8433353900909424,-3.076732635498047,3.192887544631958
1741033549659725300,344.4947253417969,-1.9968080520629883,-3.545781135559082,3.189833164215088
1741033549669826000,344.5048259277344,-2.0875723361968994,-3.816972255706787,3.195829391479492
1741033549679926800,344.5149267578125,-2.112626314163208,-3.9480834007263184,3.2304372787475586
1741033549690027000,344.52502709960936,-2.023179769515991,-3.9063525199890137,3.2358269691467285
1741033549700127700,344.53512768554685,-1.3644200563430786,-3.6972498893737793,3.1482911109924316
1741033549710228700,344.5452287597656,-0.7955490350723267,-3.5563530921936035,2.8941612243652344
1741033549720329500,344.5553295898437,-1.1508318185806274,-3.5394210815429688,2.687727689743042
1741033549730430000,344.5654299316406,-1.4578850269317627,-3.495110511779785,2.465977668762207
1741033549740530200,344.5755302734375,-1.75986647605896,-3.4129061698913574,2.3068761825561523
1741033549750631200,344.58563110351565,-2.3527278900146484,-3.3201446533203125,2.065579652786255
1741033549760732000,344.59573193359375,-2.7887606620788574,-3.248439311981201,1.6107630729675293
1741033549770832100,344.60583203125,-3.204533576965332,-3.2504220008850098,1.1929926872253418
1741033549780932900,344.61593286132813,-3.481353282928467,-3.243821144104004,0.7844845056533813
1741033549791033600,344.62603369140623,-3.875070571899414,-3.1955208778381348,0.5312508344650269
1741033549801134600,344.6361345214844,-3.991093635559082,-2.7834720611572266,0.4103356599807739
1741033549811235300,344.6462353515625,-4.034348964691162,-1.9544315338134766,0.47136080265045166
1741033549821335300,344.6563352050781,-4.004392623901367,-0.966212272644043,0.6169201135635376
1741033549831436000,344.66643603515627,-3.8874738216400146,-0.022767066955566406,0.810046911239624
1741033549841537000,344.676537109375,-3.727449893951416,1.1700849533081055,1.2423593997955322
1741033549851637800,344.6866376953125,-3.4268479347229004,2.287464141845703,1.6978249549865723
1741033549861738500,344.69673852539063,-3.0663533210754395,3.07535457611084,1.9506386518478394
1741033549871838700,344.70683862304685,-2.6738080978393555,3.377163887023926,1.8074016571044922
1741033549881939500,344.716939453125,-2.2247064113616943,3.3727312088012695,1.2951056957244873
1741033549892040200,344.7270402832031,-1.9346851110458374,3.390713691711426,0.608548641204834
1741033549902141200,344.73714111328127,-1.9535058736801147,3.564697265625,-0.14856314659118652
1741033549912241400,344.7472414550781,-2.0959911346435547,3.9092273712158203,-0.8108068704605103
1741033549922342000,344.757341796875,-2.153252601623535,4.289644241333008,-1.4445945024490356
1741033549932443000,344.76744287109375,-2.074857234954834,4.794380187988281,-1.8533530235290527
1741033549942543600,344.77754370117185,-1.8483161926269531,4.95289421081543,-2.2160191535949707
1741033549952643800,344.7876437988281,-0.5571599006652832,4.492673873901367,-2.9383902549743652
1741033549962744600,344.79774462890623,1.4597173929214478,4.478825569152832,-3.0812411308288574
1741033549972845300,344.8078452148437,7.032636642456055,4.639535903930664,-3.6685495376586914
1741033549982946000,344.8179460449219,8.643778800964355,5.248252868652344,-3.534209728240967
1741033549993047000,344.82804711914065,8.028894424438477,4.818395614624023,-2.9059886932373047
1741033550003147000,344.83814697265626,8.864559173583984,2.1563358306884766,-4.223540782928467
1741033550013247700,344.84824780273436,8.314058303833008,-0.054859161376953125,-3.6916136741638184
1741033550023348700,344.8583486328125,6.096460342407227,-0.8661289215087891,-2.328598976135254
1741033550033449500,344.8684494628906,3.874755382537842,-1.8561272621154785,-1.6361831426620483
1741033550043550000,344.8785500488281,1.6681504249572754,-2.4075493812561035,-1.501885175704956
1741033550053650200,344.8886501464844,-0.5000536441802979,-1.541275978088379,-1.5262956619262695
1741033550063751200,344.8987512207031,-3.420924663543701,0.4845428466796875,-0.9847370386123657
1741033550073852000,344.9088518066406,-2.3371338844299316,2.9421463012695312,-0.165513277053833
1741033550083952400,344.91895239257815,0.6070869565010071,3.369518280029297,0.7254423499107361
1741033550094052900,344.92905297851564,2.359616994857788,2.5538644790649414,1.636260986328125
1741033550104153600,344.93915356445314,3.179732322692871,1.881403923034668,2.2358052730560303
1741033550114254600,344.9492546386719,3.2818968296051025,1.2565698623657227,1.8666841983795166
1741033550124355300,344.9593552246094,2.9084718227386475,0.7537374496459961,0.7766740322113037
1741033550134455300,344.9694553222656,1.701066255569458,0.34095287322998047,-0.32389628887176514
1741033550144556000,344.9795561523438,0.7038961052894592,-0.39220714569091797,-1.077144742012024
1741033550154657000,344.9896569824219,0.14495950937271118,-1.256159782409668,-1.3214943408966064
1741033550164757800,344.9997578125,-0.35704660415649414,-2.0985264778137207,-1.1329678297042847
1741033550174858500,345.0098583984375,-0.7062938213348389,-2.7443747520446777,-0.6870220899581909
1741033550184958700,345.01995874023436,-0.9840363264083862,-3.183936595916748,-0.23583650588989258
1741033550195059500,345.0300595703125,-1.0933995246887207,-3.511826515197754,0.1443021297454834
1741033550205160200,345.04016015625,-1.2045128345489502,-3.6460742950439453,0.6510962247848511
1741033550215260700,345.0502607421875,-1.2397552728652954,-3.8377790451049805,1.199297547340393
1741033550225361200,345.0603610839844,-1.2206361293792725,-4.027474880218506,1.747666835784912
1741033550235462000,345.0704619140625,-1.2258110046386719,-4.404078483581543,2.0165514945983887
1741033550245563000,345.08056298828126,-0.8881022930145264,-4.723540306091309,2.3750054836273193
1741033550255663600,345.09066357421875,-0.44032132625579834,-4.8988237380981445,2.8282651901245117
1741033550265763800,345.10076391601564,0.06489789485931396,-5.011660575866699,3.340120315551758
1741033550275864600,345.11086450195313,0.6465542316436768,-5.0987019538879395,3.8498775959014893
1741033550285965300,345.12096533203123,1.0715746879577637,-5.075857162475586,4.257120609283447
1741033550296066000,345.1310661621094,1.2405798435211182,-4.927441596984863,4.540960311889648
1741033550306167000,345.1411669921875,1.375438928604126,-4.650152206420898,4.661726951599121
1741033550316267000,345.15126708984377,1.244504451751709,-4.262842655181885,4.511431694030762
1741033550326367700,345.16136767578126,1.1937713623046875,-3.7927517890930176,4.013754367828369
1741033550336468700,345.17146875,1.228257179260254,-3.3250980377197266,3.384274482727051
1741033550346569500,345.18156958007813,1.2055597305297852,-2.7400708198547363,2.98429536819458
1741033550356670000,345.191669921875,1.0701735019683838,-1.8722915649414062,2.8141372203826904
1741033550366770200,345.20177026367185,0.7914552688598633,-0.8297004699707031,2.800673007965088
1741033550376871200,345.21187109375,0.4162719249725342,0.36168670654296875,2.7764430046081543
1741033550386972000,345.2219719238281,-0.1892256736755371,1.4221515655517578,2.464388847351074
1741033550397072400,345.232072265625,-0.9143781661987305,2.143404006958008,1.7911968231201172
1741033550407172900,345.2421728515625,-1.5196954011917114,2.3714685440063477,1.10654878616333
1741033550417273600,345.25227368164065,-2.0308890342712402,2.1879024505615234,0.15361595153808594
1741033550427374600,345.26237451171875,-2.251635789871216,1.917353630065918,-0.8172036409378052
1741033550437475300,345.27247534179685,-1.0899971723556519,1.6466875076293945,-1.99540114402771
1741033550447575300,345.2825751953125,-0.12394976615905762,1.3355684280395508,-3.5509495735168457
1741033550457676000,345.2926760253906,-0.8398175239562988,1.411834716796875,-4.299468517303467
1741033550467777000,345.3027770996094,-2.4008243083953857,1.9850406646728516,-4.875125408172607
1741033550477877800,345.3128776855469,-4.681266784667969,2.9289426803588867,-5.6710638999938965
1741033550487978500,345.322978515625,-4.691886901855469,2.3917837142944336,-7.687690734863281
1741033550498078700,345.33307861328126,1.2011399269104004,1.129180908203125,-8.945682525634766
1741033550508179500,345.34317944335936,6.654017448425293,1.773040771484375,-7.66328763961792
1741033550518280200,345.3532802734375,9.398919105529785,4.502676963806152,-2.1806468963623047
1741033550528381000,345.363380859375,11.41801643371582,5.579188346862793,0.3641955852508545
1741033550538481200,345.3734812011719,9.641674995422363,5.199393272399902,-0.49474120140075684
1741033550548582000,345.3835817871094,5.711788177490234,3.857428550720215,-2.323322057723999
1741033550558683000,345.3936828613281,3.226604461669922,2.810403823852539,-2.7122802734375
1741033550568783600,345.40378369140626,1.7430589199066162,1.7267656326293945,-1.390926718711853
1741033550578883800,345.4138837890625,0.5963089466094971,0.7728080749511719,-0.8464539051055908
1741033550588984600,345.42398461914064,-0.41139769554138184,0.5495691299438477,-0.8977172374725342
1741033550599085300,345.43408520507813,-1.1316897869110107,1.0120067596435547,-0.7864651679992676
1741033550609031200,345.44403125,-1.6126971244812012,2.2721214294433594,-0.3858222961425781
1741033550619286300,345.4542863769531,-1.7926980257034302,3.8368539810180664,0.4643646478652954
1741033550629589000,345.4645891113281,-1.6151957511901855,4.646783828735352,1.3100230693817139
1741033550639890700,345.474890625,-1.3733727931976318,4.843263626098633,2.0366997718811035
1741033550650162000,345.4851618652344,-1.264101266860962,4.316478729248047,2.414428472518921
1741033550660283600,345.49528369140626,-1.3105621337890625,3.166060447692871,2.414490222930908
1741033550670383900,345.5053837890625,-1.379199504852295,2.1295242309570312,2.2297987937927246
1741033550680484600,345.51548461914064,-1.447925329208374,1.3210859298706055,2.0383071899414062
1741033550690585300,345.52558544921874,-1.6027929782867432,0.6009702682495117,1.9914071559906006
1741033550700686300,345.5356862792969,-1.6077113151550293,-0.12387943267822266,2.2140305042266846
1741033550710894000,345.54589404296877,-1.5462777614593506,-0.9664163589477539,2.5975661277770996
1741033550721196800,345.55619677734376,-1.5360625982284546,-1.8323626518249512,2.9544637203216553
1741033550731499000,345.5664990234375,-1.607090950012207,-2.579371452331543,3.1115264892578125
1741033550741676000,345.5766760253906,-1.712728500366211,-3.1336545944213867,3.1699557304382324
1741033550751783700,345.58678369140625,-1.8316454887390137,-3.582477569580078,3.181812286376953
1741033550761883600,345.59688354492187,-1.9106082916259766,-3.9779629707336426,3.187390089035034
1741033550771984600,345.60698461914063,-1.8393205404281616,-4.355902194976807,3.155856132507324
1741033550782085400,345.61708544921873,-1.8263648748397827,-4.718241214752197,3.111337184906006
1741033550792186000,345.6271860351562,-1.7891087532043457,-4.929181098937988,3.1002321243286133
1741033550802286000,345.6372861328125,-1.6589001417160034,-4.976562976837158,3.1132121086120605
1741033550812387000,345.6473869628906,-1.6075263023376465,-4.798637866973877,3.1618714332580566
1741033550822487800,345.65748779296877,-1.6785247325897217,-4.417480945587158,3.1681299209594727
1741033550832588800,345.6675888671875,-1.6978943347930908,-3.930570602416992,3.112971782684326
1741033550842689300,345.67768920898436,-1.7425357103347778,-3.421898365020752,2.9405555725097656
1741033550852789500,345.68778955078125,-1.7872611284255981,-3.007551670074463,2.696099281311035
1741033550862890200,345.69789013671874,-1.8239781856536865,-2.74472713470459,2.442005157470703
1741033550872991200,345.7079912109375,-1.8125625848770142,-2.5380077362060547,2.225554943084717
1741033550883092000,345.7180920410156,-1.8195656538009644,-2.152935028076172,2.096683979034424
1741033550893192200,345.7281921386719,-1.8715287446975708,-1.633985996246338,2.0347869396209717
1741033550903293000,345.73829296875,-2.037435531616211,-0.8372974395751953,1.9193270206451416
1741033550913393700,345.7483935546875,-2.1390268802642822,0.13446521759033203,1.7503318786621094
1741033550923494400,345.75849438476564,-2.1236584186553955,1.1120033264160156,1.5058722496032715
1741033550933594600,345.7685947265625,-2.071462392807007,1.9605417251586914,0.9221884608268738
1741033550943695400,345.7786953125,-1.9383488893508911,2.6045026779174805,0.07593297958374023
1741033550953796000,345.7887961425781,-1.954034447669983,3.086843490600586,-0.8963624238967896
1741033550963897000,345.7988969726562,-1.7882299423217773,3.396291732788086,-2.040801763534546
1741033550973997600,345.8089975585938,-1.4217963218688965,3.6402206420898438,-2.774736166000366
1741033550984097800,345.8190979003906,-0.6392364501953125,3.821269989013672,-3.1452159881591797
1741033550994198800,345.82919873046876,0.28150391578674316,4.005854606628418,-3.3476815223693848
1741033551004299500,345.83929956054686,1.1763076782226562,4.253569602966309,-3.495572566986084
1741033551014400000,345.84939990234375,2.0362884998321533,4.696425437927246,-3.278110980987549
1741033551024500500,345.85950048828124,3.211317300796509,4.922045707702637,-3.0595927238464355
1741033551034601200,345.8696013183594,4.957061767578125,4.617692947387695,-3.5430874824523926
1741033551044702000,345.8797019042969,7.709287166595459,3.8345651626586914,-5.2129974365234375
1741033551054803000,345.8898029785156,9.330921173095703,3.959728240966797,-6.105764865875244
1741033551064903000,345.8999028320313,8.960749626159668,5.227911949157715,-5.583648204803467
1741033551075003600,345.9100036621094,6.621719837188721,5.939459800720215,-3.975588321685791
1741033551085104600,345.92010473632814,4.761512756347656,4.160406112670898,-3.3112258911132812
1741033551095205400,345.93020532226564,3.3807942867279053,1.3103952407836914,-3.8539178371429443
1741033551105306000,345.94030615234374,2.3722379207611084,-0.9487133026123047,-3.980800151824951
1741033551115406000,345.95040600585935,0.27219152450561523,-2.4526963233947754,-3.3948097229003906
1741033551125507000,345.9605070800781,-1.0728559494018555,-3.1928200721740723,-2.6156623363494873
1741033551135607800,345.9706079101563,-1.9661786556243896,-3.298827648162842,-2.0811305046081543
1741033551145708500,345.98070849609377,-2.343614101409912,-2.308422088623047,-1.3558262586593628
1741033551155808800,345.9908088378906,-2.5983800888061523,-0.6927738189697266,-0.7312611937522888
1741033551165909500,346.00090942382815,-2.6039774417877197,1.0432062149047852,-0.22429513931274414
1741033551176010200,346.01101025390625,-2.1646997928619385,2.2689943313598633,0.3400779962539673
1741033551186111200,346.021111328125,-1.2959821224212646,2.4521913528442383,0.9791834950447083
1741033551196211500,346.03121142578124,-0.20870590209960938,1.8189430236816406,1.2817186117172241
1741033551206312000,346.04131201171873,0.5141934156417847,1.2123775482177734,1.4217991828918457
1741033551216413000,346.0514128417969,0.8714824914932251,0.7337732315063477,1.173387050628662
1741033551226513700,346.061513671875,1.1439931392669678,0.0900259017944336,0.9663084745407104
1741033551236614400,346.07161450195315,0.70960932970047,-0.7932205200195312,0.7180544137954712
1741033551246881800,346.0818818359375,-0.2164190411567688,-1.536046028137207,0.6399062871932983
1741033551256982500,346.091982421875,-1.3628164529800415,-1.9928617477416992,0.6626662611961365
1741033551267285200,346.10228515625,-2.136842727661133,-2.3798837661743164,0.7962260842323303
1741033551277563400,346.1125634765625,-2.0853922367095947,-2.763741970062256,1.0938998460769653
1741033551287711500,346.12271142578123,-1.0789638757705688,-3.2023839950561523,1.420227289199829
1741033551297812200,346.1328122558594,0.19651734828948975,-3.5010809898376465,1.8918129205703735
1741033551307913000,346.1429128417969,0.673517107963562,-3.7281103134155273,2.428093910217285
1741033551318013200,346.15301318359377,0.6371808648109436,-4.1888227462768555,2.6499509811401367
1741033551328114000,346.1631140136719,0.5697474479675293,-4.732626914978027,2.6046078205108643
1741033551338215000,346.17321484375,0.6552870273590088,-5.1102142333984375,2.630173683166504
1741033551348315600,346.18331567382813,0.9815150499343872,-5.373745441436768,2.768582820892334
1741033551358416000,346.19341577148435,1.1904993057250977,-5.544737815856934,2.907144069671631
1741033551368516600,346.2035166015625,0.9122130870819092,-5.594369888305664,3.084623336791992
1741033551378617300,346.2136174316406,0.6714411973953247,-5.589616775512695,3.1575732231140137
1741033551388718000,346.2237180175781,0.63555908203125,-5.356507778167725,3.301227569580078
1741033551398818300,346.233818359375,0.6291700601577759,-4.958379745483398,3.402665615081787
1741033551408919000,346.2439189453125,0.7565689086914062,-4.391622066497803,3.438823699951172
1741033551419019800,346.25401977539065,0.8861722946166992,-3.8083810806274414,3.2642011642456055
1741033551429132500,346.2641325683594,0.9075697660446167,-3.2148923873901367,3.0295209884643555
1741033551439435300,346.2744353027344,0.8669952154159546,-2.464944839477539,2.8285672664642334
1741033551449737700,346.28473779296877,0.8474079370498657,-1.560898780822754,2.792236804962158
1741033551459986400,346.294986328125,0.8027424812316895,-0.4539146423339844,2.88967227935791
1741033551470117000,346.3051171875,0.5101648569107056,0.7017507553100586,2.8892087936401367
1741033551480217900,346.3152177734375,0.058049559593200684,1.7217884063720703,2.607556104660034
1741033551490318600,346.3253186035156,-0.48513543605804443,2.408076286315918,1.945183277130127
1741033551500419000,346.33541918945315,-0.563448429107666,2.755223274230957,1.1633012294769287
1741033551510519600,346.34551953125,-0.6747906804084778,2.688039779663086,0.03397679328918457
1741033551520620300,346.35562036132814,-0.35391485691070557,2.1724891662597656,-1.9815326929092407
1741033551530721300,346.36572119140624,-1.052534580230713,1.874119758605957,-3.861135959625244
1741033551540822000,346.3758220214844,-2.417524576187134,2.018853187561035,-5.424030780792236
1741033551550922000,346.385921875,-3.2465341091156006,2.187027931213379,-7.13021993637085
1741033551561023000,346.3960229492188,-0.955348789691925,1.8385705947875977,-7.68785285949707
1741033551571123700,346.4061237792969,2.9017412662506104,1.5291595458984375,-7.588377952575684
1741033551581224400,346.41622436523437,7.079691410064697,1.302560806274414,-7.256147384643555
1741033551591324400,346.42632446289065,11.749792098999023,1.298727035522461,-5.671506881713867
1741033551601425400,346.43642529296875,16.203086853027344,2.2672834396362305,-3.2423815727233887
1741033551611526100,346.44652612304685,16.951635360717773,2.6836957931518555,-1.9917291402816772
1741033551621627100,346.4566271972656,9.662361145019531,3.8727102279663086,-0.6495996713638306
1741033551631727600,346.4667275390625,5.920415878295898,4.590943336486816,-0.09528553485870361
1741033551641827800,346.4768278808594,3.6349995136260986,5.034144401550293,0.07230830192565918
1741033551651928600,346.4869284667969,1.1388561725616455,4.622231483459473,0.1510533094406128
1741033551662029600,346.49702954101565,-0.26349472999572754,3.185511589050293,0.1769019365310669
1741033551672130300,346.50713037109375,-1.2550628185272217,1.764796257019043,0.7350534200668335
1741033551682230500,346.51723046875,-1.6670053005218506,1.0737180709838867,1.569777011871338
1741033551692331300,346.52733129882813,-1.640854001045227,1.3932886123657227,2.4146249294281006
1741033551702432000,346.5374318847656,-1.7226958274841309,2.60097599029541,3.3608126640319824
1741033551712532700,346.5475327148437,-1.6518080234527588,4.095996856689453,4.166012763977051
1741033551722633000,346.5576330566406,-1.2483465671539307,5.304557800292969,4.862818717956543
1741033551732733700,346.5677336425781,-1.3852602243423462,5.798325538635254,5.200496673583984
1741033551742834400,346.57783447265626,-2.235563278198242,5.056835174560547,4.974733352661133
1741033551752935400,346.58793530273437,-2.5535426139831543,3.3760595321655273,4.1726813316345215
1741033551763036000,346.59803588867186,-2.791262626647949,1.4856109619140625,3.090559244155884
1741033551773136100,346.60813623046874,-3.0458617210388184,-0.014170646667480469,2.3630378246307373
1741033551783237000,346.6182370605469,-3.1053221225738525,-1.0120172500610352,2.0706729888916016
1741033551793337900,346.628337890625,-3.126863479614258,-1.7665891647338867,2.1300554275512695
1741033551803438300,346.6384382324219,-2.951185703277588,-2.393317222595215,2.3170645236968994
1741033551813538800,346.6485388183594,-2.8017334938049316,-2.9348158836364746,2.464989423751831
1741033551823639600,346.6586396484375,-2.5475518703460693,-3.3944296836853027,2.578425168991089
1741033551833740300,346.668740234375,-2.3939268589019775,-3.752535820007324,2.6639621257781982
1741033551843841300,346.67884130859375,-2.3002843856811523,-3.982243537902832,2.714418411254883
1741033551853941200,346.68894116210936,-2.1963260173797607,-4.230362892150879,2.728983163833618
1741033551864042000,346.6990419921875,-2.0108673572540283,-4.471615314483643,2.706559419631958
1741033551874143000,346.7091430664062,-1.619598388671875,-4.563411235809326,2.6375155448913574
1741033551884243700,346.7192436523438,-0.5669161677360535,-4.419056415557861,2.4977641105651855
1741033551894343700,346.72934375,1.709486961364746,-3.9962382316589355,2.2915334701538086
1741033551904444400,346.7394443359375,2.4376354217529297,-3.8008689880371094,2.2571606636047363
1741033551914545400,346.74954541015626,-0.354857861995697,-4.255692481994629,2.280118703842163
1741033551924646100,346.75964624023436,-2.7597832679748535,-4.62715482711792,1.917448878288269
1741033551934747000,346.76974682617185,-4.088212013244629,-4.7544708251953125,1.465428113937378
1741033551944847000,346.77984716796874,-5.371561527252197,-4.360992431640625,0.7766185402870178
1741033551954947800,346.78994775390623,-6.1949992179870605,-3.501260757446289,0.10725629329681396
1741033551965048600,346.8000485839844,-6.0571818351745605,-2.7721829414367676,-0.0646064281463623
1741033551975149600,346.8101496582031,-5.1959991455078125,-2.071552276611328,0.3042871952056885
1741033551985249800,346.8202497558594,-4.294900894165039,-1.3092288970947266,0.8436590433120728
1741033551995350300,346.8303503417969,-3.1686952114105225,-0.490966796875,1.3133245706558228
1741033552005451300,346.840451171875,-2.2765843868255615,0.5158958435058594,1.8653836250305176
1741033552015552000,346.85055200195313,-1.5246037244796753,1.5382957458496094,2.3123836517333984
1741033552025652200,346.86065234375,-0.8316872119903564,2.268320083618164,2.3271565437316895
1741033552035753000,346.8707529296875,-0.017067551612854004,2.675826072692871,1.8472721576690674
1741033552045853700,346.8808537597656,0.6167073249816895,2.8785457611083984,1.1215519905090332
1741033552055954400,346.8909543457031,1.0938756465911865,3.0835981369018555,0.35264158248901367
1741033552066055200,346.90105517578127,1.331644058227539,3.1816864013671875,-0.3983769416809082
1741033552076155400,346.9111552734375,1.3162751197814941,3.351893424987793,-1.0675795078277588
1741033552086256000,346.92125610351565,1.378335952758789,3.484231948852539,-1.774337649345398
1741033552096357000,346.93135717773436,3.6951515674591064,3.5860519409179688,-2.511061668395996
1741033552106457600,346.94145751953124,4.0343918800354,3.8103952407836914,-3.776608467102051
1741033552116557800,346.9515578613281,2.5153160095214844,4.4199419021606445,-4.60915470123291
1741033552126658600,346.9616584472656,1.6488635540008545,5.648686408996582,-5.476812839508057
1741033552136759600,346.9717595214844,2.9019296169281006,7.069413185119629,-6.345010757446289
1741033552146860300,346.9818603515625,4.967579364776611,7.482460975646973,-6.583597660064697
1741033552156960500,346.99196044921877,6.099763870239258,6.1519317626953125,-5.842036724090576
1741033552167061200,347.00206127929687,5.7254414558410645,3.684408187866211,-4.845183849334717
1741033552177162000,347.01216186523436,2.572484254837036,1.782069206237793,-3.227492570877075
1741033552187263000,347.0222629394531,-0.36131224036216736,0.7673311233520508,-1.6809749603271484
1741033552197363000,347.03236303710935,-1.7952940464019775,-0.1026153564453125,-1.3707382678985596
1741033552207463700,347.0424636230469,-2.2510595321655273,-0.417724609375,-1.630448341369629
1741033552217564400,347.052564453125,-2.3308322429656982,0.02079296112060547,-1.639789342880249
1741033552227665400,347.06266552734377,-1.586151123046875,0.8963956832885742,-1.2363337278366089
1741033552237766100,347.07276611328126,-0.7025151252746582,1.6610937118530273,-0.2821599245071411
1741033552247866000,347.0828662109375,0.230843186378479,2.027411460876465,0.43261051177978516
1741033552257967000,347.09296704101564,1.1150351762771606,1.7339239120483398,0.6777685284614563
1741033552268067800,347.10306787109374,1.541725993156433,1.170384407043457,0.5809518098831177
1741033552278168300,347.1131682128906,1.6508716344833374,0.42099475860595703,0.3372512459754944
1741033552288268800,347.1232687988281,1.3407280445098877,-0.41573238372802734,0.06165111064910889
1741033552298369500,347.1333696289062,0.9060985445976257,-1.0789213180541992,-0.03666400909423828
1741033552308470300,347.1434702148438,0.6964371204376221,-1.4822664260864258,-0.12565815448760986
1741033552318571300,347.1535712890625,0.42041245102882385,-1.891005516052246,-0.059386372566223145
1741033552328672000,347.16367211914064,0.09024443477392197,-2.285844326019287,0.2237173318862915
1741033552338927400,347.17392724609374,-0.10310303419828415,-2.593993663787842,0.6410506963729858
1741033552349230000,347.18422998046873,-0.31398963928222656,-2.944779396057129,1.0806710720062256
1741033552359532000,347.1945319824219,-0.616032063961029,-3.2271523475646973,1.4477142095565796
1741033552369668600,347.2046687011719,-0.7917300462722778,-3.489858627319336,1.73429274559021
1741033552379768600,347.2147685546875,-0.7940161228179932,-3.950601577758789,1.8452101945877075
1741033552389869300,347.2248693847656,-0.6285303831100464,-4.262780666351318,1.9754934310913086
1741033552399970300,347.23497021484377,-0.5673638582229614,-4.372715950012207,2.195951223373413
1741033552410070800,347.24507080078126,-0.7356173992156982,-4.386575222015381,2.430352210998535
1741033552420171000,347.2551708984375,-0.8740886449813843,-4.345929145812988,2.661426305770874
1741033552430272000,347.26527197265625,-0.9123342037200928,-4.393294811248779,2.865677833557129
1741033552440372700,347.27537280273435,-0.7333254218101501,-4.314829349517822,3.154906749725342
1741033552450473500,347.2854733886719,-0.38141223788261414,-4.20772123336792,3.3907904624938965
1741033552460574000,347.2955739746094,-0.010328233242034912,-4.028199672698975,3.588564872741699
1741033552470674400,347.3056743164062,0.20794445276260376,-3.690274238586426,3.9009244441986084
1741033552480775200,347.3157751464844,0.32753467559814453,-3.326444149017334,4.095300674438477
1741033552490876200,347.32587622070315,0.4372254014015198,-2.970242977142334,4.222574234008789
1741033552500976000,347.33597607421876,0.5054568648338318,-2.6221680641174316,4.183129787445068
1741033552511076900,347.34607690429686,0.6165187358856201,-2.0964770317077637,4.045332431793213
1741033552521177900,347.356177734375,0.6246328353881836,-1.4717254638671875,3.772610664367676
1741033552531278600,347.3662785644531,0.5860775709152222,-0.779231071472168,3.423693895339966
1741033552541379300,347.3763793945312,0.5507607460021973,-0.023908615112304688,3.1013200283050537
1741033552551479300,347.3864792480469,0.4205799102783203,0.6247081756591797,2.6700267791748047
1741033552561580300,347.3965803222656,0.261637806892395,1.0667943954467773,2.1688499450683594
1741033552571681000,347.4066809082031,0.4054032564163208,1.3080244064331055,1.7151808738708496
1741033552581781500,347.41678149414065,0.11002850532531738,1.6290197372436523,1.2587947845458984
1741033552591882000,347.42688208007814,-2.370363712310791,2.337564468383789,0.9428304433822632
1741033552601982700,347.43698266601564,-5.26000452041626,3.150446891784668,-1.8270114660263062
1741033552612083700,347.44708374023435,-3.36578631401062,2.6002578735351562,-4.627496719360352
1741033552622184400,347.4571843261719,-1.320711612701416,1.8497905731201172,-6.274467468261719
1741033552632284700,347.4672846679687,-0.7164124250411987,1.6161270141601562,-6.781273365020752
1741033552642385200,347.4773852539063,1.6379406452178955,1.6553735733032227,-6.859485626220703
1741033552652486100,347.4874860839844,6.727946758270264,1.8108549118041992,-6.299638748168945
1741033552662587000,347.4975869140625,14.29567813873291,2.469325065612793,-4.361659526824951
1741033552672686800,347.50768676757815,18.965450286865234,3.8484201431274414,-2.3970699310302734
1741033552682787800,347.51778784179686,18.313867568969727,3.6927881240844727,-1.139735460281372
1741033552692888600,347.527888671875,11.087343215942383,3.9338274002075195,-0.8382112979888916
1741033552702989300,347.5379892578125,6.045721054077148,3.2991714477539062,-0.7700490951538086
1741033552713090000,347.5480900878906,2.792020559310913,2.1993303298950195,-0.25568580627441406
1741033552723190300,347.5581901855469,0.10249066352844238,1.3673315048217773,0.45628082752227783
1741033552733291000,347.568291015625,-1.5331478118896484,0.9957818984985352,0.9615452289581299
1741033552743392000,347.57839208984376,-2.489367961883545,1.169386863708496,1.5646158456802368
1741033552753492500,347.58849243164065,-2.4948110580444336,1.8660144805908203,2.3537967205047607
1741033552763592700,347.5985927734375,-2.4513795375823975,2.9277467727661133,3.354231595993042
1741033552773693700,347.60869360351563,-2.336822032928467,3.7405834197998047,4.420555114746094
1741033552783794400,347.61879443359373,-2.182906150817871,4.020855903625488,5.113225936889648
1741033552793895200,347.6288952636719,-1.9864296913146973,4.02924919128418,5.319200038909912
1741033552803995400,347.6389953613281,-1.8838779926300049,4.005281448364258,5.12241792678833
1741033552814096100,347.6490961914063,-2.426448345184326,3.6030187606811523,4.296642780303955
1741033552824196900,347.65919677734377,-3.0071487426757812,2.549732208251953,3.406628370285034
1741033552834297900,347.6692978515625,-3.5427017211914062,1.1040124893188477,2.649486780166626
1741033552844397800,347.67939770507815,-3.8443164825439453,-0.2045888900756836,2.197047472000122
1741033552854498600,347.68949853515625,-4.023393630981445,-1.1712894439697266,1.9137167930603027
1741033552864599300,347.69959936523435,-4.033431529998779,-1.7981195449829102,1.7071977853775024
1741033552874700300,347.7097001953125,-3.9434456825256348,-2.2020864486694336,1.5368399620056152
1741033552884800800,347.71980078125,-3.889711380004883,-2.5448050498962402,1.3321996927261353
1741033552894901000,347.7299008789063,-3.770817279815674,-2.864985466003418,1.1573504209518433
1741033552905002000,347.740001953125,-3.6767125129699707,-3.148041248321533,0.9575417041778564
1741033552915102700,347.75010278320315,-3.6753358840942383,-3.414165496826172,0.7995412349700928
1741033552925203200,347.760203125,-3.5999670028686523,-3.61260986328125,0.7258455753326416
1741033552935303700,347.7703037109375,-3.4739413261413574,-3.74245023727417,0.7388547658920288
1741033552945404400,347.780404296875,-3.2988369464874268,-3.8056459426879883,0.7433189153671265
1741033552955505200,347.7905051269531,-3.1247243881225586,-3.827047824859619,0.7350716590881348
1741033552965606100,347.8006062011719,-2.9368906021118164,-3.7329936027526855,0.7834758758544922
1741033552975706000,347.8107060546875,-2.693775177001953,-3.5997467041015625,0.8504536151885986
1741033552985806800,347.8208068847656,-2.4666900634765625,-3.3596229553222656,0.8910988569259644
1741033552995907800,347.83090795898437,-2.388185501098633,-2.9780097007751465,0.9020775556564331
1741033553006008600,347.84100854492186,-2.2698113918304443,-2.5984201431274414,0.7727925777435303
1741033553016108500,347.85110864257814,-2.153285503387451,-2.293145179748535,0.5367693901062012
1741033553026209500,347.86120947265624,-2.0401077270507812,-2.1076459884643555,0.21972334384918213
1741033553036310300,347.8713103027344,-1.8766340017318726,-1.9332690238952637,-0.13919174671173096
1741033553046411000,347.8814108886719,-1.6217340230941772,-1.6657524108886719,-0.579545259475708
1741033553056511700,347.89151171875,-1.2688581943511963,-1.4083728790283203,-1.1535367965698242
1741033553066612000,347.9016120605469,-0.798265814781189,-0.9480123519897461,-1.6883617639541626
1741033553076712700,347.9117126464844,-0.1994025707244873,-0.22026443481445312,-2.1433329582214355
1741033553086813700,347.92181372070314,0.49444711208343506,0.7111597061157227,-2.519432544708252
1741033553096914000,347.93191381835936,1.509839415550232,1.6307134628295898,-2.609719753265381
1741033553107014400,347.94201440429686,2.77982234954834,2.4929914474487305,-2.5056240558624268
1741033553117115100,347.952115234375,4.147835731506348,3.3596630096435547,-2.3083157539367676
1741033553127216000,347.9622160644531,5.193863868713379,4.1098480224609375,-2.091611862182617
1741033553137316900,347.9723168945313,5.739940643310547,4.373880386352539,-2.1253724098205566
1741033553147417000,347.9824169921875,6.084902763366699,3.956667900085449,-2.6275830268859863
1741033553157517800,347.9925178222656,6.186547756195068,2.826356887817383,-3.2697715759277344
1741033553167618600,348.00261865234376,6.229874610900879,1.9916152954101562,-3.625837564468384
1741033553177719300,348.01271923828125,6.512835502624512,1.8473119735717773,-3.608213186264038
1741033553187819500,348.02281958007814,6.316181659698486,2.5346269607543945,-3.5057921409606934
1741033553197920300,348.03292016601563,5.181797504425049,3.8236074447631836,-3.317716598510742
1741033553208021000,348.04302099609373,3.6246042251586914,5.021651268005371,-2.8800039291381836
1741033553218122000,348.0531220703125,-0.12853389978408813,5.697443962097168,-2.212954521179199
1741033553228222500,348.0632224121094,-4.401681423187256,5.421073913574219,-1.3310683965682983
1741033553238322700,348.07332275390627,-4.220219612121582,3.595578193664551,-0.4658890962600708
1741033553248423700,348.08342358398437,-3.970491409301758,1.233901023864746,0.4038718342781067
1741033553258524400,348.0935244140625,-4.270988941192627,-0.2928791046142578,0.9020970463752747
1741033553268624600,348.10362475585936,-4.109785079956055,-0.9912405014038086,1.0121842622756958
1741033553278725400,348.11372534179685,-3.8277249336242676,-1.0607318878173828,0.7385594844818115
1741033553288826000,348.123826171875,-3.4139177799224854,-0.43988895416259766,0.2805100083351135
1741033553298926800,348.1339267578125,-2.5960402488708496,0.4096078872680664,-0.23555850982666016
1741033553309027800,348.14402783203127,-1.5333483219146729,1.3131160736083984,-0.6366618871688843
1741033553319128600,348.1541286621094,-0.3046528697013855,1.9814443588256836,-0.45078611373901367
1741033553329228800,348.16422875976565,0.633133590221405,2.5612192153930664,0.35998326539993286
1741033553339531500,348.17453149414064,1.329516887664795,2.7601633071899414,1.3635385036468506
1741033553349834000,348.184833984375,1.535103678703308,2.412454605102539,2.19153094291687
1741033553360097500,348.19509765625,1.616159439086914,1.2298402786254883,2.622799873352051
1741033553370225200,348.20522509765624,1.5448307991027832,-0.3749685287475586,2.8313398361206055
1741033553380326000,348.2153259277344,1.4350955486297607,-1.6690940856933594,3.0081489086151123
1741033553390427000,348.2254270019531,1.2354445457458496,-2.6019601821899414,3.177769422531128
1741033553400527000,348.2355270996094,0.9097310900688171,-3.2336087226867676,3.303845167160034
1741033553410627600,348.2456276855469,0.43804675340652466,-3.6100668907165527,3.4869375228881836
1741033553420728600,348.255728515625,0.2585582137107849,-3.787692070007324,3.688244104385376
1741033553430829300,348.26582934570314,0.07115286588668823,-4.0322041511535645,3.5786843299865723
1741033553440930000,348.27592993164063,-0.23717764019966125,-4.1395111083984375,3.4556660652160645
1741033553451030300,348.2860302734375,-0.44127508997917175,-4.125061988830566,3.3441221714019775
1741033553461131000,348.2961311035156,-0.43734389543533325,-4.126834869384766,3.1306498050689697
1741033553471231700,348.3062316894531,-0.3787020146846771,-4.19060754776001,2.8578035831451416
1741033553481332700,348.3163327636719,-0.283117413520813,-4.361500263214111,2.4419896602630615
1741033553491432700,348.3264326171875,-0.12239444255828857,-4.5224833488464355,1.9794398546218872
1741033553501533400,348.33653344726565,0.10214197635650635,-4.677425861358643,1.4073426723480225
1741033553511634400,348.34663452148436,0.38060057163238525,-4.7426018714904785,0.87350994348526
1741033553521735200,348.35673510742185,0.49544548988342285,-4.728366851806641,0.4817579686641693
1741033553531883500,348.36688354492185,0.5518553256988525,-4.530462741851807,0.2436676025390625
1741033553542186200,348.3771862792969,0.7565068006515503,-4.246892929077148,0.1919613480567932
1741033553552488700,348.3874887695313,0.7410509586334229,-3.949888229370117,0.3698370158672333
1741033553562710800,348.3977106933594,0.7514889240264893,-3.592172622680664,0.7373082637786865
1741033553572832300,348.4078322753906,0.9412384033203125,-3.1478471755981445,1.1296961307525635
1741033553582933200,348.41793334960937,1.1753472089767456,-2.4118294715881348,1.4987941980361938
1741033553593033500,348.42803344726565,1.222155213356018,-1.4152584075927734,1.7609375715255737
1741033553603134000,348.43813403320314,1.128222942352295,-0.3341484069824219,1.8143997192382812
1741033553613235000,348.44823486328124,1.0316616296768188,0.6145734786987305,1.6821390390396118
1741033553623335700,348.4583356933594,0.8568732738494873,1.2390823364257812,1.4531745910644531
1741033553633435600,348.468435546875,0.7023285627365112,1.6618680953979492,1.1535258293151855
1741033553643536400,348.4785363769531,0.12456881999969482,1.9145746231079102,0.7733505964279175
1741033553653637400,348.4886374511719,-0.4344789981842041,1.945939064025879,0.37851303815841675
1741033553663738000,348.4987380371094,-1.8875325918197632,2.153752326965332,-0.758612334728241
1741033553673838800,348.5088388671875,-4.095608711242676,2.509211540222168,-3.5928468704223633
1741033553683939000,348.51893896484376,-4.808720588684082,2.9962148666381836,-7.2417378425598145
1741033553694039800,348.52903979492186,-3.788567066192627,3.256993293762207,-8.401473999023438
1741033553704140500,348.539140625,-1.2281739711761475,2.7873010635375977,-7.511473178863525
1741033553714241000,348.5492409667969,2.3768551349639893,2.0124244689941406,-5.6942243576049805
1741033553724341500,348.5593415527344,7.127256393432617,2.0114564895629883,-3.7656655311584473
1741033553734442200,348.5694421386719,12.929191589355469,2.5096302032470703,-2.297863483428955
1741033553744543200,348.5795432128906,15.54193115234375,3.0735034942626953,-1.096544861793518
1741033553754643500,348.5896435546875,11.201969146728516,4.464468955993652,-0.05067920684814453
1741033553764744000,348.59974389648437,8.414399147033691,5.491131782531738,0.9705824851989746
1741033553774845000,348.60984497070314,4.405947685241699,5.997802734375,0.9446401596069336
1741033553784945700,348.61994555664063,0.05490899085998535,5.371572494506836,0.49508053064346313
1741033553795046400,348.63004638671873,-2.529020309448242,4.379477500915527,0.08111774921417236
1741033553805146600,348.6401467285156,-3.216653347015381,3.6182069778442383,0.4523845911026001
1741033553815247400,348.6502473144531,-3.0145366191864014,3.0988855361938477,1.4547488689422607
1741033553825348000,348.66034814453127,-2.6973066329956055,2.965198516845703,2.589308261871338
1741033553835448800,348.67044873046876,-2.551852226257324,2.874415397644043,3.407970428466797
1741033553845549000,348.68054907226565,-2.495345115661621,2.855785369873047,3.869032859802246
1741033553855649800,348.69064990234375,-2.283338785171509,2.8069887161254883,4.07879638671875
1741033553865750800,348.70075073242185,-2.338090181350708,2.742002487182617,3.77071475982666
1741033553875851500,348.7108515625,-2.7381036281585693,2.308927536010742,3.064115524291992
1741033553885951700,348.72095166015623,-3.0742292404174805,1.442915916442871,2.2806365489959717
1741033553896052200,348.7310522460937,-3.4446847438812256,0.29539966583251953,1.6964528560638428
1741033553906153200,348.7411533203125,-3.769351005554199,-0.9129848480224609,1.4222453832626343
1741033553916254000,348.75125390625,-3.921569585800171,-2.03668212890625,1.3450963497161865
1741033553926354200,348.76135424804687,-4.016805648803711,-2.931734561920166,1.3498222827911377
1741033553936455000,348.77145483398436,-3.8088326454162598,-3.5969300270080566,1.351289987564087
1741033553946555600,348.7815556640625,-3.6957833766937256,-4.036954402923584,1.3282663822174072
1741033553956656400,348.7916564941406,-3.427556037902832,-4.326225757598877,1.3249781131744385
1741033553966757400,348.8017573242187,-3.035536289215088,-4.540994167327881,1.341559886932373
1741033553976857300,348.811857421875,-2.6421494483947754,-4.6365227699279785,1.3204313516616821
1741033553986958000,348.8219580078125,-2.146942615509033,-4.6472015380859375,1.3144783973693848
1741033553997059000,348.83205908203126,-1.6366586685180664,-4.57135534286499,1.3056912422180176
1741033554007159600,348.84215966796876,-1.1726465225219727,-4.38989782333374,1.2477303743362427
1741033554017259800,348.852259765625,-0.7856149077415466,-4.057116508483887,1.1598634719848633
1741033554027360800,348.86236083984375,-0.43772339820861816,-3.5438852310180664,1.087450385093689
1741033554037461500,348.87246142578124,-0.19146525859832764,-3.026127815246582,1.0635672807693481
1741033554047562200,348.8825622558594,0.01365363597869873,-2.468564510345459,1.1021901369094849
1741033554057662700,348.8926628417969,0.20986616611480713,-1.9265704154968262,1.170971155166626
1741033554067763200,348.9027631835938,0.31438612937927246,-1.5169248580932617,1.1817771196365356
1741033554077864000,348.9128640136719,0.3917217254638672,-1.1378393173217773,1.116522192955017
1741033554087965000,348.92296484375,0.34516024589538574,-0.8387870788574219,0.9307162165641785
1741033554098065000,348.93306494140626,0.22415941953659058,-0.7111759185791016,0.6141980886459351
1741033554108165600,348.94316552734375,0.1279943585395813,-0.5563831329345703,0.24407851696014404
1741033554118266600,348.9532666015625,0.029602408409118652,-0.3113689422607422,-0.13245052099227905
1741033554128367400,348.9633674316406,-0.02052891254425049,0.0045318603515625,-0.4880855679512024
1741033554138467300,348.97346728515623,-0.0781983733177185,0.3834352493286133,-0.7724280953407288
1741033554148568000,348.9835681152344,-0.21714572608470917,0.7198028564453125,-1.1120538711547852
1741033554158669000,348.9936689453125,-0.4794757068157196,1.0745830535888672,-1.4888631105422974
1741033554168769800,349.00376977539065,-0.7729313969612122,1.431295394897461,-1.871598720550537
1741033554178870300,349.01387036132815,-0.7719398140907288,1.7454299926757812,-2.3164868354797363
1741033554188970800,349.023970703125,-0.7349070310592651,2.0321216583251953,-2.7967076301574707
1741033554199071500,349.03407153320313,-0.6447921991348267,2.249423027038574,-3.3088834285736084
1741033554209172200,349.0441721191406,-0.30663222074508667,2.3568077087402344,-3.814552068710327
1741033554219272700,349.0542727050781,0.14538508653640747,2.564004898071289,-4.184724807739258
1741033554229373200,349.0643732910156,0.8784186840057373,2.953139305114746,-4.618626594543457
1741033554239474000,349.0744738769531,1.519254446029663,3.917217254638672,-4.818583965301514
1741033554249575000,349.0845749511719,1.1759743690490723,5.420931816101074,-4.813322067260742
1741033554259675600,349.09467553710937,0.5813743472099304,6.690176010131836,-4.789262294769287
1741033554269775600,349.10477563476564,1.2057446241378784,6.909602165222168,-4.9569244384765625
1741033554279876600,349.11487670898435,1.6317753791809082,6.4243669509887695,-4.226641654968262
1741033554289977300,349.12497729492185,0.4463154673576355,4.983684539794922,-2.7587733268737793
1741033554300078000,349.135078125,-0.08323705196380615,2.8183517456054688,-1.8074841499328613
1741033554310178000,349.1451779785156,0.08542388677597046,0.7532882690429688,-1.500028133392334
1741033554320279000,349.1552790527344,0.3125860095024109,-0.7606830596923828,-1.1206291913986206
1741033554330379800,349.1653798828125,0.5128129124641418,-1.4724206924438477,-0.7012768983840942
1741033554340480300,349.1754802246094,0.214976966381073,-1.2535104751586914,-0.6269845962524414
1741033554350580700,349.18558081054687,-0.14691150188446045,-0.5131492614746094,-0.6476798057556152
1741033554360681500,349.19568139648436,-0.36849987506866455,0.34661006927490234,-0.6536293625831604
1741033554370782200,349.2057822265625,-0.4967491030693054,0.9044113159179688,-0.4781637191772461
1741033554380883200,349.21588330078123,-0.3601232171058655,1.2536535263061523,0.0604129433631897
1741033554390983400,349.2259833984375,-0.012377381324768066,1.610224723815918,0.6092448234558105
1741033554401084000,349.236083984375,0.27048420906066895,1.8353986740112305,1.0261456966400146
1741033554411185000,349.2461848144531,0.4549499750137329,1.672867774963379,1.4908475875854492
1741033554421285600,349.25628564453126,0.4974799156188965,1.2533655166625977,2.2197580337524414
1741033554431385600,349.2663854980469,0.22487643361091614,0.49565601348876953,2.9541752338409424
1741033554441486600,349.27648657226564,0.015239894390106201,-0.5178594589233398,3.3623969554901123
1741033554451587300,349.28658740234374,-0.43759387731552124,-1.2124814987182617,4.238048076629639
1741033554461688000,349.29668798828123,-0.4645163416862488,-1.5122289657592773,5.334916591644287
1741033554471788300,349.3067883300781,-0.3898162245750427,-1.6758766174316406,6.230859279632568
1741033554481889000,349.3168889160156,-0.6503934860229492,-2.204705238342285,5.890519618988037
1741033554491989800,349.3269897460938,-0.9025037288665771,-2.725893020629883,5.255277156829834
1741033554502090800,349.3370908203125,-0.9971946477890015,-3.203608512878418,4.64514684677124
1741033554512191200,349.34719116210937,-1.0511099100112915,-3.8867545127868652,3.6685681343078613
1741033554522291500,349.35729150390625,-1.193623423576355,-4.448134422302246,2.7766971588134766
1741033554532392400,349.36739233398436,-1.3632951974868774,-4.876533031463623,2.1171748638153076
1741033554542493200,349.3774931640625,-1.4212359189987183,-5.194348335266113,1.63900887966156
1741033554552593400,349.3875935058594,-1.2489378452301025,-5.274348735809326,1.2897123098373413
1741033554562694000,349.3976938476562,-0.7890292406082153,-5.318084716796875,0.972404420375824
1741033554572795000,349.407794921875,-0.12608017027378082,-5.244558334350586,0.6302359104156494
1741033554582895600,349.4178955078125,0.6554291844367981,-5.249451637268066,0.15750622749328613
1741033554592996600,349.42799658203126,1.2382197380065918,-5.3255438804626465,-0.24502402544021606
1741033554603096600,349.4380966796875,1.3230204582214355,-5.386515140533447,-0.5501657724380493
1741033554613197300,349.448197265625,1.2912218570709229,-5.14607048034668,-0.5730939507484436
1741033554623298000,349.4582980957031,1.2174245119094849,-4.758322238922119,-0.38265812397003174
1741033554633398800,349.4683986816406,1.2285206317901611,-4.17473030090332,-0.04998886585235596
1741033554643499000,349.4784990234375,1.507509708404541,-3.3156862258911133,0.5078138709068298
1741033554653599700,349.4885998535156,1.899442195892334,-1.9456677436828613,1.2363698482513428
1741033554663700700,349.49870068359377,2.3256936073303223,0.020918846130371094,2.3705859184265137
1741033554673801200,349.50880126953126,2.684507369995117,2.1264829635620117,3.3153557777404785
1741033554683901400,349.5189013671875,2.533660650253296,3.5899791717529297,3.8654022216796875
1741033554694002400,349.52900244140625,1.7916713953018188,4.112921714782715,3.6352267265319824
1741033554704103200,349.53910327148435,1.296986699104309,3.994962692260742,2.9221255779266357
1741033554714204000,349.5492038574219,0.7793178558349609,3.5909271240234375,1.6182100772857666
1741033554724304100,349.55930419921873,-0.701370120048523,3.9906482696533203,0.009996041655540466
1741033554734404900,349.5694047851562,0.6678797006607056,3.7834644317626953,-2.7901065349578857
1741033554744505600,349.5795056152344,2.477916717529297,2.007232666015625,-4.873007774353027
1741033554754606600,349.58960668945315,1.3892951011657715,1.235081672668457,-5.348611354827881
1741033554764706600,349.59970654296876,-0.7520923018455505,1.5873146057128906,-5.2383294105529785
1741033554774807300,349.60980737304686,-1.1466479301452637,2.1706981658935547,-4.99221134185791
1741033554784908300,349.619908203125,1.501858115196228,2.4745073318481445,-4.131269931793213
1741033554795009000,349.6300090332031,4.927855491638184,2.6238136291503906,-3.447765350341797
1741033554805157400,349.6401574707031,9.200989723205566,1.8352928161621094,-3.2342870235443115
1741033554815460000,349.6504602050781,13.778191566467285,0.9345083236694336,-3.115124464035034
1741033554825679600,349.6606796875,14.400809288024902,0.723200798034668,-3.0765128135681152
1741033554835697200,349.670697265625,10.34600830078125,1.598470687866211,-2.6956958770751953
1741033554845809400,349.68080932617187,6.587237358093262,2.5616941452026367,-1.8513981103897095
1741033554856112000,349.69111206054686,4.393808841705322,3.2556543350219727,-0.7275965213775635
1741033554866414300,349.70141430664063,3.5456597805023193,3.4960031509399414,0.846419632434845
1741033554876562400,349.7115625,2.9304542541503906,3.5076589584350586,2.7698111534118652
1741033554886817500,349.7218176269531,2.5866806507110596,3.0931482315063477,4.351557731628418
1741033554897120300,349.7321203613281,1.6443439722061157,2.3850622177124023,5.44520902633667
1741033554907304000,349.7423039550781,0.5415459871292114,2.340794563293457,6.009869575500488
1741033554917404700,349.7524047851563,-0.3473024368286133,2.804536819458008,6.285227298736572
1741033554927505400,349.76250537109377,-0.7051178812980652,3.530771255493164,6.446467399597168
1741033554937642000,349.77264208984377,-1.1423598527908325,3.8231868743896484,5.919130325317383
1741033554947944700,349.78294482421876,-1.7223695516586304,3.7606945037841797,4.611297607421875
1741033554958247200,349.7932470703125,-2.5221166610717773,2.748859405517578,2.69537091255188
1741033554968481800,349.8034816894531,-3.039151191711426,1.245504379272461,0.7925537824630737
1741033554978602500,349.8136025390625,-1.806295394897461,-0.12108421325683594,-0.2917022705078125
1741033554988703000,349.8237028808594,0.1004135012626648,-1.1668291091918945,-0.21062874794006348
1741033554998803700,349.8338037109375,0.057608604431152344,-2.2331008911132812,0.07803654670715332
1741033555008904400,349.8439045410156,-0.8865296244621277,-3.198333740234375,0.7519180774688721
1741033555019148000,349.85414794921877,-1.5688310861587524,-3.9339346885681152,1.216983437538147
1741033555029284400,349.8642844238281,-2.2404284477233887,-4.528730392456055,1.409122347831726
1741033555039551500,349.87455151367186,-3.4357070922851562,-4.8762640953063965,1.6812052726745605
1741033555049854200,349.88485424804685,-4.469019889831543,-4.976696491241455,2.005862236022949
1741033555060001800,349.89500170898435,-5.383162498474121,-4.903940200805664,2.360553741455078
1741033555070114600,349.9051145019531,-5.387598037719727,-4.690558910369873,2.659034252166748
1741033555080417300,349.91541723632815,-5.198790550231934,-4.645245552062988,2.9448230266571045
1741033555090719700,349.9257197265625,-4.498417854309082,-4.725198745727539,3.114154577255249
1741033555100968400,349.93596850585936,-3.820150375366211,-4.670580863952637,3.1120855808258057
1741033555111099000,349.9460988769531,-3.6069939136505127,-4.373691558837891,3.2686784267425537
1741033555121199900,349.95619995117187,-4.113530158996582,-3.790022850036621,3.6370902061462402
1741033555131300000,349.96630004882815,-4.635803699493408,-3.140625476837158,4.029862403869629
1741033555141400600,349.97640063476564,-4.79242467880249,-2.5259265899658203,4.30202054977417
1741033555151501600,349.98650146484374,-4.179543972015381,-2.1663646697998047,4.14124870300293
1741033555161602300,349.9966022949219,-3.3762664794921875,-1.9541726112365723,3.7028231620788574
1741033555171703000,350.006703125,-2.8494503498077393,-1.7298903465270996,3.3641812801361084
1741033555181803300,350.0168032226562,-2.3250327110290527,-1.5011038780212402,3.0769004821777344
1741033555191904000,350.0269040527344,-1.8163719177246094,-1.2839207649230957,2.8979873657226562
1741033555202004700,350.0370046386719,-1.3641157150268555,-1.0247344970703125,2.6662542819976807
1741033555212105500,350.04710546875,-1.1747310161590576,-0.6353626251220703,2.3482649326324463
1741033555222205700,350.05720581054686,-1.011108160018921,-0.006676673889160156,2.2391436100006104
1741033555232306400,350.06730639648435,-0.856215238571167,0.8172206878662109,2.0548927783966064
1741033555242407200,350.0774072265625,-0.6787760257720947,1.6254262924194336,1.9342495203018188
1741033555252508000,350.0875078125,-0.5418379306793213,2.5404481887817383,1.7806593179702759
1741033555262608100,350.0976081542969,-0.30281972885131836,3.163412094116211,1.4836885929107666
1741033555272708900,350.107708984375,-0.1566624641418457,3.4558181762695312,0.9789888858795166
1741033555282809900,350.11780981445315,-0.22547554969787598,3.4334945678710938,0.20371294021606445
1741033555292910000,350.12791015625,-0.5703942775726318,3.2296247482299805,-0.6152553558349609
1741033555303010600,350.13801049804687,-0.8540068864822388,3.088510513305664,-1.3917295932769775
1741033555313111600,350.14811157226563,-0.715721607208252,3.0813121795654297,-2.2005832195281982
1741033555323212300,350.15821240234374,-0.41205859184265137,3.3556432723999023,-3.3341195583343506
1741033555333312500,350.1683125,0.3097810745239258,4.138337135314941,-4.412917613983154
1741033555343413000,350.1784130859375,1.1992182731628418,4.732639312744141,-5.551451683044434
1741033555353514000,350.1885139160156,1.9678902626037598,5.289263725280762,-6.538637638092041
1741033555363614700,350.19861474609377,3.0412824153900146,5.14045524597168,-6.522022724151611
1741033555373715500,350.20871557617187,4.001142501831055,3.2288408279418945,-5.559700965881348
1741033555383815700,350.21881567382815,3.9991025924682617,1.476017951965332,-3.4261558055877686
1741033555393916400,350.22891650390625,3.0617048740386963,-1.0199012756347656,-2.76495099067688
1741033555404017400,350.23901733398435,3.596708059310913,-1.723876953125,-2.315739393234253
1741033555414118000,350.2491179199219,3.934614896774292,-1.308351993560791,-0.7385039329528809
1741033555424218000,350.2592180175781,4.193439960479736,-0.7256689071655273,0.0777890682220459
1741033555434318800,350.2693188476562,4.571897029876709,-0.21291446685791016,0.40102076530456543
1741033555444419800,350.279419921875,4.402846336364746,0.17010498046875,0.5635228157043457
1741033555454520000,350.28952001953127,3.3584554195404053,-0.0000705718994140625,0.5693929195404053
1741033555464620500,350.29962060546876,1.8269156217575073,-0.8858003616333008,0.25910770893096924
1741033555474721500,350.30972143554686,0.4706416428089142,-2.1676993370056152,-0.24759948253631592
1741033555484822300,350.319822265625,-0.3836174011230469,-3.2450437545776367,-0.34737610816955566
1741033555494922500,350.32992260742185,-0.2996840476989746,-3.627330780029297,0.11005902290344238
1741033555505023200,350.3400231933594,0.256803035736084,-3.2499475479125977,0.9538707137107849
1741033555515124000,350.3501240234375,0.22182631492614746,-2.795179843902588,1.9609661102294922
1741033555525224700,350.360224609375,-0.3691622018814087,-1.661940097808838,3.092125415802002
1741033555535325400,350.3703254394531,-0.20083069801330566,-0.9547185897827148,3.7025139331817627
1741033555545425700,350.38042578125,0.05399036407470703,-0.9293699264526367,3.7508299350738525
1741033555555526400,350.3905263671875,-0.09810733795166016,-1.0519523620605469,3.7473175525665283
1741033555565627400,350.40062744140624,-0.8805484771728516,-1.1323986053466797,3.8886091709136963
1741033555575727900,350.41072778320313,-1.5587091445922852,-1.1420965194702148,4.393928050994873
1741033555585828000,350.420828125,-1.2102694511413574,-1.7195911407470703,3.606234073638916
1741033555595928800,350.4309287109375,-0.7891838550567627,-2.546431541442871,2.424583911895752
1741033555606029800,350.4410297851563,-0.48607778549194336,-3.278951644897461,1.2967301607131958
1741033555616130000,350.4511301269531,-0.08659958839416504,-3.505507469177246,0.5827280282974243
1741033555626230500,350.46123046875,0.19443273544311523,-3.6152477264404297,0.10016271471977234
1741033555636331500,350.47133154296876,0.8835172653198242,-3.624579429626465,-0.05389392375946045
1741033555646432300,350.48143237304686,1.5250039100646973,-3.351991653442383,-0.06959909200668335
1741033555656532500,350.49153247070313,2.270378828048706,-3.1325478553771973,0.0420689582824707
1741033555666633200,350.50163330078124,3.2585983276367188,-2.8882250785827637,0.13089191913604736
1741033555676734000,350.51173388671873,2.2899906635284424,-2.734889507293701,-0.20739972591400146
1741033555686834700,350.5218347167969,2.173532485961914,-1.9745841026306152,-0.011287152767181396
1741033555696934700,350.5319345703125,2.381725788116455,-0.7367315292358398,0.6981498599052429
1741033555707035600,350.54203564453127,2.663071632385254,0.2925834655761719,1.3304777145385742
1741033555717136400,350.55213647460937,3.0777153968811035,0.8232402801513672,1.7294373512268066
1741033555727237400,350.5622373046875,3.054445266723633,0.6756000518798828,1.72006094455719
1741033555737337900,350.572337890625,3.110301971435547,-0.0101776123046875,1.1074272394180298
1741033555747438000,350.58243798828124,7.942813873291016,-1.3173723220825195,-0.8742160797119141
1741033555757539000,350.5925390625,16.26842498779297,-3.108266830444336,-4.150496006011963
1741033555767639800,350.6026398925781,3.621497631072998,-1.4058647155761719,-4.459294319152832
1741033555777740000,350.6127399902344,-2.834820032119751,1.6148138046264648,-3.869967460632324
1741033555787840500,350.6228405761719,-5.415952205657959,3.0272865295410156,-4.465350151062012
1741033555797941500,350.63294140625,-1.7636113166809082,2.1324214935302734,-4.323481559753418
1741033555808042200,350.64304223632814,1.924799919128418,2.0397682189941406,-1.4938774108886719
1741033555818143000,350.65314306640624,0.2710396647453308,2.4539146423339844,-0.39286983013153076
1741033555828243200,350.6632431640625,-1.0350072383880615,1.9662437438964844,-1.4753376245498657
1741033555838344000,350.6733439941406,-0.4910001754760742,1.1629400253295898,-3.8965015411376953
1741033555848444700,350.6834445800781,-1.4862427711486816,1.2635669708251953,-5.155930519104004
1741033555858545000,350.693544921875,-2.991779088973999,1.6569137573242188,-4.830348014831543
1741033555868645600,350.7036457519531,-2.886643409729004,2.7489004135131836,-3.4078216552734375
1741033555878746400,350.7137463378906,-2.162108898162842,4.748590469360352,-1.5062487125396729
1741033555888846800,350.72384692382815,0.11174279451370239,7.12925910949707,0.14309906959533691
1741033555898947300,350.733947265625,1.228778600692749,9.066671371459961,2.166870594024658
1741033555909048000,350.74404809570314,-0.6462639570236206,9.445693969726562,3.9303760528564453
1741033555919149000,350.7541491699219,-3.417126417160034,7.781583786010742,5.051558494567871
1741033555929249000,350.7642490234375,-1.9101953506469727,4.623966217041016,2.824115753173828
1741033555939349200,350.7743493652344,-0.2563132047653198,1.7437076568603516,-1.0906062126159668
1741033555949450000,350.7844499511719,-1.1791341304779053,0.9709367752075195,-1.4825847148895264
1741033555959550700,350.79455078125,-2.9075980186462402,1.8041629791259766,0.07823896408081055
1741033555969651700,350.8046516113281,-3.843763828277588,3.384653091430664,2.1884121894836426
1741033555979751700,350.8147517089844,-3.9275662899017334,4.780176162719727,3.621425151824951
1741033555989852400,350.82485229492187,-3.1073765754699707,4.66387939453125,3.252077579498291
1741033555999953400,350.83495336914064,-1.247751235961914,3.539093017578125,1.6419944763183594
1741033556010054000,350.84505395507813,0.43262314796447754,2.652996063232422,-0.5693451166152954
1741033556020154000,350.85515405273435,3.4927773475646973,1.581202507019043,-2.786792278289795
1741033556030254800,350.8652548828125,3.6228175163269043,1.2768840789794922,-3.7950282096862793
1741033556040355800,350.8753559570313,0.6477758884429932,2.205328941345215,-1.6273232698440552
1741033556050456300,350.8854562988281,-1.874939203262329,2.7869510650634766,-0.8156384229660034
1741033556060556500,350.895556640625,-3.1957623958587646,2.43304443359375,-0.6358346939086914
1741033556070657500,350.90565747070315,-3.19579815864563,1.6564035415649414,-0.5290514230728149
1741033556080758300,350.91575830078125,-3.4236788749694824,0.25354671478271484,-1.2498347759246826
1741033556090858500,350.9258583984375,-3.4407010078430176,-1.2901458740234375,-1.6650538444519043
1741033556100959200,350.9359592285156,-2.2403407096862793,-1.4372377395629883,-1.3163390159606934
1741033556111060000,350.94606005859373,-0.836442232131958,-0.5932331085205078,-1.8370404243469238
1741033556121160700,350.9561606445312,-0.48378729820251465,1.0033082962036133,-1.1437216997146606
1741033556131261000,350.9662609863281,0.4585205316543579,1.318258285522461,-1.4420088529586792
1741033556141361700,350.9763615722656,0.11121869087219238,1.188582420349121,-2.4106926918029785
1741033556151462400,350.98646240234376,-1.1028101444244385,0.7904052734375,-2.620072841644287
1741033556161563100,350.99656323242186,-0.544101357460022,0.10498619079589844,-3.044872283935547
1741033556171663400,351.00666333007814,-0.5894039869308472,-0.7003011703491211,-4.107606410980225
1741033556181764000,351.01676416015624,-0.6311452388763428,-0.8704900741577148,-4.118353843688965
1741033556191865000,351.0268649902344,-0.9999459981918335,-0.4082756042480469,-3.8465628623962402
1741033556201965300,351.03696533203123,-1.6442372798919678,0.06747627258300781,-3.1720008850097656
1741033556212065800,351.0470656738281,-1.2409008741378784,0.17785167694091797,-2.9143667221069336
1741033556222166500,351.0571665039063,0.14115548133850098,-0.31911373138427734,-3.8440475463867188
1741033556232267500,351.067267578125,0.21466529369354248,-0.42098522186279297,-4.365909576416016
1741033556242367700,351.07736767578126,-0.29446250200271606,-0.13832569122314453,-4.18240213394165
1741033556252468200,351.08746826171875,0.20397984981536865,0.07636642456054688,-4.067770004272461
1741033556262569200,351.0975693359375,1.2216228246688843,0.5487565994262695,-4.2102813720703125
1741033556272670000,351.107669921875,0.5180177092552185,1.0062837600708008,-3.7956454753875732
1741033556282770700,351.1177707519531,-0.0024780631065368652,1.9264335632324219,-2.6662492752075195
1741033556292871000,351.1278708496094,0.2541487216949463,1.8914365768432617,-2.266817331314087
1741033556302971600,351.1379716796875,0.6864672899246216,1.2466230392456055,-2.4307451248168945
1741033556313072400,351.148072265625,0.19430607557296753,0.6153693199157715,-1.8687939643859863
1741033556323173000,351.15817309570315,-0.012659192085266113,0.6276006698608398,-1.107320785522461
1741033556333273300,351.1682734375,-0.40047335624694824,0.8208389282226562,-0.3539600372314453
1741033556343374000,351.1783740234375,0.19885903596878052,0.7450895309448242,0.7295989990234375
1741033556353475000,351.18847509765624,0.07232916355133057,0.06903266906738281,0.7252707481384277
1741033556363575600,351.1985754394531,-1.1288447380065918,-0.6075944900512695,1.746779441833496
1741033556373675800,351.20867578125,-0.3063565492630005,-1.4176421165466309,1.8996214866638184
1741033556383776500,351.2187766113281,-1.4130439758300781,-2.1370606422424316,2.3475470542907715
1741033556393877500,351.22887744140627,-0.1190037727355957,-3.038262367248535,2.7010159492492676
1741033556403977700,351.2389777832031,-1.0872244834899902,-3.9465551376342773,2.904179096221924
1741033556414078200,351.249078125,-1.5505857467651367,-4.555895805358887,2.9491677284240723
1741033556424179200,351.25917919921875,-2.157907485961914,-4.940224647521973,3.400094509124756
1741033556434280000,351.26928002929685,-2.679213047027588,-4.846368789672852,3.991825580596924
1741033556444559000,351.27955908203126,-2.5758626461029053,-4.414859294891357,4.116029739379883
1741033556454861600,351.28986157226564,-2.2830705642700195,-3.6426901817321777,4.654839515686035
1741033556465144300,351.3001442871094,-1.8723101615905762,-3.0241317749023438,5.2102789878845215
1741033556475276300,351.3102763671875,-1.3447787761688232,-3.306941032409668,5.389674186706543
1741033556485376500,351.3203764648438,-1.2409005165100098,-3.9266300201416016,5.239933967590332
1741033556495477200,351.3304772949219,-1.2579965591430664,-4.711763381958008,5.051446914672852
1741033556505578200,351.340578125,-1.364419937133789,-5.176534652709961,4.695073127746582
1741033556515678700,351.3506787109375,-1.2847180366516113,-4.754167556762695,4.540128707885742
1741033556525779000,351.36077905273436,-1.799114465713501,-3.809965133666992,4.211099624633789
1741033556535880000,351.3708798828125,-2.02663254737854,-2.170442581176758,3.852884292602539
1741033556545980700,351.3809807128906,-2.0738863945007324,-0.8288168907165527,3.3647851943969727
1741033556556081000,351.3910808105469,-1.5870075225830078,0.2362527847290039,2.9507806301116943
1741033556566181600,351.401181640625,-1.41959810256958,0.5186662673950195,2.4121832847595215
1741033556576282400,351.4112824707031,-1.8753528594970703,0.43939208984375,2.0731124877929688
1741033556586383000,351.42138305664065,-2.1379523277282715,0.3974170684814453,1.997645378112793
1741033556596484000,351.43148413085936,-2.3918583393096924,0.5628442764282227,2.0826919078826904
1741033556606584000,351.441583984375,-2.4067888259887695,-0.07588720321655273,1.793238639831543
1741033556616684800,351.45168481445313,-3.1385743618011475,-1.1011772155761719,1.6625652313232422
1741033556626785800,351.4617858886719,-3.684481382369995,-1.605715274810791,1.4041866064071655
1741033556636886300,351.4718862304687,-3.332897424697876,-1.2841548919677734,1.44337797164917
1741033556646986500,351.4819865722656,-3.017967462539673,-1.002286434173584,1.324204444885254
1741033556657087500,351.49208740234377,-1.788492202758789,0.19446134567260742,1.6580824851989746
1741033556667188200,351.5021882324219,-0.710693359375,0.11198759078979492,0.49415284395217896
1741033556677288700,351.51228881835937,-5.777684211730957,1.2758121490478516,-1.0938620567321777
1741033556687389000,351.52238891601564,4.61485481262207,-0.016498565673828125,-5.087421417236328
1741033556697490000,351.53248999023435,8.183221817016602,0.3780803680419922,-0.8219687938690186
1741033556707590700,351.54259057617185,-2.9025797843933105,1.2896661758422852,1.8011696338653564
1741033556717691000,351.55269091796873,-3.370283603668213,-1.7359020709991455,0.22172152996063232
1741033556727791600,351.5627915039062,-2.109192371368408,-4.836042881011963,1.1341129541397095
1741033556737892400,351.5728923339844,-2.5096230506896973,-6.033799648284912,1.199772834777832
1741033556747993000,351.5829931640625,-1.5508570671081543,-4.99859094619751,0.4074150323867798
1741033556758093300,351.59309326171876,-1.4070324897766113,-3.582681655883789,-0.021259307861328125
1741033556768194000,351.60319409179687,-1.2757267951965332,-2.8522744178771973,-0.6354024410247803
1741033556778294800,351.61329467773436,-0.1408224105834961,-2.108452796936035,-1.3006609678268433
1741033556788395500,351.6233955078125,0.3122406005859375,-1.2779312133789062,-1.1850303411483765
1741033556798495700,351.6334958496094,0.46863746643066406,-0.45818018913269043,-0.6087712049484253
1741033556808596500,351.6435964355469,-0.12480640411376953,-0.06471848487854004,-0.07627296447753906
1741033556818697500,351.6536975097656,-0.027984619140625,-0.654915452003479,0.22711670398712158
1741033556828798000,351.6637978515625,1.0390396118164062,-1.206748366355896,0.11332970857620239
1741033556838898200,351.6738981933594,3.069974899291992,-0.8264131546020508,0.2605190873146057
1741033556848999000,351.6839990234375,4.784440994262695,0.26245999336242676,-0.08801907300949097
1741033556859100000,351.69409985351564,6.885248184204102,1.8801357746124268,0.0975540280342102
1741033556869200100,351.7042001953125,5.545323371887207,2.3090221881866455,3.561708450317383
1741033556879300600,351.71430053710935,1.29180908203125,1.3372538089752197,6.0572662353515625
1741033556889401600,351.7244016113281,-1.9517436027526855,0.6717228889465332,1.8982412815093994
1741033556899502300,351.7345024414063,-3.317943572998047,-1.0795310735702515,-3.6965904235839844
1741033556909603000,351.74460302734377,-4.779685974121094,-3.9525866508483887,-5.706306457519531
1741033556919882200,351.7548823242187,-1.714691162109375,-5.274996757507324,-5.6909379959106445
1741033556930185000,351.7651850585938,2.7474117279052734,-4.7364277839660645,-4.503233909606934
1741033556940467500,351.77546752929686,7.598121643066406,-3.251767873764038,-2.5025527477264404
1741033556950599700,351.785599609375,10.246162414550781,-0.9763755798339844,-0.31564241647720337
1741033556960699600,351.79569970703125,10.272611618041992,1.303550362586975,1.6550228595733643
1741033556970800600,351.80580053710935,9.420812606811523,2.5015857219696045,2.289721727371216
1741033556980901400,351.8159013671875,8.413461685180664,2.797861099243164,2.1318209171295166
1741033556991001900,351.826001953125,7.562387466430664,2.808664083480835,1.7014639377593994
1741033557001102300,351.8361022949219,5.908916473388672,2.5081114768981934,0.9617867469787598
1741033557011203000,351.846203125,3.6261444091796875,1.6892708539962769,-0.3025304079055786
1741033557021303800,351.8563037109375,1.7350482940673828,0.739403486251831,-2.0530858039855957
1741033557031404300,351.866404296875,-0.47715282440185547,0.09248924255371094,-3.4506335258483887
1741033557041504800,351.8765048828125,-2.48994779586792,-0.1683335304260254,-3.9140148162841797
1741033557051605500,351.88660546875,-3.6722378730773926,0.14874863624572754,-3.4497053623199463
1741033557061706500,351.89670654296873,-3.9460649490356445,0.7792048454284668,-2.6918575763702393
1741033557071806500,351.9068063964844,-3.3187966346740723,1.1040122509002686,-1.9917514324188232
1741033557081907200,351.9169072265625,-1.9174327850341797,1.204847812652588,-1.8161766529083252
1741033557092008200,351.92700830078127,-0.5878095626831055,1.0750086307525635,-1.81952702999115
1741033557102109000,351.93710888671876,0.3233966827392578,0.6252784729003906,-1.7787305116653442
1741033557112209000,351.947208984375,0.46489524841308594,0.16267728805541992,-1.888719916343689
1741033557122309600,351.9573095703125,-0.07941055297851562,0.508582592010498,-1.1183537244796753
1741033557132410600,351.96741064453124,1.169041633605957,1.2782444953918457,0.8341423869132996
1741033557142511000,351.9775109863281,-0.7368392944335938,1.4269905090332031,1.2272979021072388
1741033557152611300,351.987611328125,-1.301598072052002,0.41550493240356445,0.31164735555648804
1741033557162712300,351.9977124023437,-2.39481782913208,0.8828334808349609,0.9702066779136658
1741033557172813000,352.0078129882813,-2.9862923622131348,1.4442553520202637,1.4565058946609497
1741033557182913300,352.0179133300781,-2.372809410095215,1.3692102432250977,1.093058705329895
1741033557193014000,352.02801391601565,-1.9101524353027344,1.0566964149475098,0.5584108233451843
1741033557203114800,352.03811474609375,-1.717695713043213,0.5852560997009277,-0.14723047614097595
1741033557213215500,352.04821557617186,-2.4884166717529297,0.08786654472351074,-1.0308148860931396
1741033557223315700,352.05831567382813,-4.008288860321045,0.23786616325378418,-1.1460756063461304
1741033557233416400,352.06841650390623,-5.006494045257568,1.3392524719238281,-0.14475253224372864
1741033557243517200,352.07851708984373,-4.997950553894043,2.2957262992858887,0.23720873892307281
1741033557253618000,352.0886179199219,-4.184996604919434,2.424379825592041,-0.1719079464673996
1741033557263718100,352.0987182617188,-3.213571071624756,1.5251495838165283,-1.1752831935882568
1741033557273819000,352.10881884765627,-2.6671905517578125,0.46993231773376465,-1.5605382919311523
1741033557283920000,352.118919921875,-1.4093546867370605,-0.5933878421783447,-1.9693353176116943
1741033557294020400,352.12902026367186,-0.46726417541503906,-1.4651830196380615,-2.1103436946868896
1741033557304120600,352.13912060546875,-0.08553695678710938,-2.499635696411133,-2.3543875217437744
1741033557314221300,352.14922119140624,0.46288108825683594,-3.0386369228363037,-2.455533266067505
1741033557324322300,352.159322265625,0.6963987350463867,-2.6840925216674805,-1.992712140083313
1741033557334422500,352.1694226074219,0.30185699462890625,-2.104288339614868,-1.6618714332580566
1741033557344523000,352.1795229492187,-0.012979507446289062,-1.0689713954925537,-1.0590569972991943
1741033557354624000,352.1896240234375,-0.2438821792602539,1.062976598739624,0.968102216720581
1741033557364724700,352.19972485351565,0.20700740814208984,1.8713860511779785,1.2837321758270264
1741033557374825000,352.20982495117187,0.5747051239013672,1.3861584663391113,0.5100585222244263
1741033557384925700,352.21992578125,1.090627670288086,0.7426977157592773,0.23985138535499573
1741033557395026400,352.2300263671875,1.0887136459350586,-0.2463231086730957,-0.11125601828098297
1741033557405127200,352.2401271972656,1.669931411743164,-1.5142414569854736,-0.9743459224700928
1741033557415227100,352.25022705078123,2.520671844482422,-2.1652917861938477,-1.1709001064300537
1741033557425328000,352.260328125,3.1792688369750977,-1.892660140991211,-0.7497001886367798
1741033557435428900,352.2704289550781,3.2879886627197266,-1.3980803489685059,-0.37958312034606934
1741033557445529600,352.28052954101565,3.548063278198242,-1.1005194187164307,-0.12610220909118652
1741033557455629800,352.2906298828125,4.320289611816406,-0.9443414211273193,0.48104751110076904
1741033557465730600,352.30073046875,5.074314117431641,-0.16512298583984375,1.4195802211761475
1741033557475831600,352.31083154296874,4.639123916625977,0.266887903213501,2.525493621826172
1741033557485932300,352.3209323730469,3.8140697479248047,-0.26560115814208984,2.4945569038391113
1741033557496032500,352.3310324707031,3.579817771911621,-0.7628076076507568,1.9684444665908813
1741033557506133000,352.3411330566406,3.4633398056030273,-0.8006627559661865,1.9759631156921387
1741033557516234000,352.3512338867188,3.3616437911987305,-0.5694718360900879,2.174036979675293
1741033557526334700,352.3613347167969,3.1882104873657227,-0.46890878677368164,2.272033214569092
1741033557536435000,352.37143505859376,2.7199926376342773,-0.4822418689727783,2.4688234329223633
1741033557546535700,352.38153564453125,2.170351028442383,-0.4299657344818115,2.5032081604003906
1741033557556636400,352.39163647460936,1.4524450302124023,-0.4909963607788086,1.9432387351989746
1741033557566737200,352.40173706054685,0.7607231140136719,-0.7611546516418457,1.3042439222335815
1741033557576837400,352.41183740234374,0.4434041976928711,-0.9613754749298096,1.0015674829483032
1741033557586938000,352.4219382324219,0.5257225036621094,-0.9342443943023682,1.0710729360580444
1741033557597038800,352.4320388183594,0.9222583770751953,-0.7413861751556396,1.2387580871582031
1741033557607139600,352.4421396484375,1.2447633743286133,-0.47176361083984375,1.2573864459991455
1741033557617239800,352.45223974609377,0.9894981384277344,-0.12982511520385742,1.2370527982711792
1741033557627340500,352.46234057617187,0.210052490234375,0.25257205963134766,1.3142637014389038
1741033557637441500,352.47244165039064,-0.6262197494506836,0.5769217014312744,1.5085434913635254
1741033557647541800,352.48254174804686,-1.0469913482666016,0.6335098743438721,1.2384686470031738
1741033557657642200,352.49264233398435,-1.709867000579834,0.39849185943603516,0.2745758295059204
1741033557667743000,352.5027429199219,-2.925881862640381,0.3319511413574219,-0.7612313032150269
1741033557677844000,352.5128439941406,-4.126007080078125,0.9025213718414307,-1.0313475131988525
1741033557687944200,352.5229440917969,-4.521448612213135,0.9924490451812744,-0.5795798301696777
1741033557698044700,352.5330446777344,-4.188316345214844,0.25031304359436035,-0.039908528327941895
1741033557708145700,352.54314575195315,-3.068817615509033,-0.9764926433563232,0.452089786529541
1741033557718246400,352.55324633789064,-2.3006529808044434,-1.888923168182373,0.6125080585479736
1741033557728346400,352.56334643554686,-2.7289767265319824,-2.5385923385620117,-0.4688909649848938
1741033557738447400,352.573447265625,-3.878633499145508,-2.9000158309936523,-1.3699278831481934
1741033557748548000,352.5835480957031,-4.748081684112549,-3.207695722579956,-2.2498507499694824
1741033557758648800,352.5936489257812,-5.105967998504639,-2.773205280303955,-2.523691415786743
1741033557768748800,352.6037487792969,-5.182374954223633,-1.2394685745239258,-2.7323389053344727
1741033557778849800,352.6138498535156,-3.8855113983154297,0.07925081253051758,-2.7719013690948486
1741033557788950500,352.6239504394531,-1.5395174026489258,0.7419424057006836,-1.558109998703003
1741033557799051000,352.63405102539065,0.9373540878295898,0.7455878257751465,-0.5186300277709961
1741033557809151500,352.6441513671875,-8.097865104675293,-1.2122318744659424,-1.2115166187286377
1741033557819252200,352.65425219726563,2.7085771560668945,-1.8825044631958008,-1.8713613748550415
1741033557829353200,352.6643532714844,13.499876022338867,-1.5609197616577148,-1.2332520484924316
1741033557839453400,352.6744533691406,5.2244415283203125,-2.237638473510742,-0.4988047778606415
1741033557849554000,352.6845539550781,0.5426530838012695,-4.819568634033203,-7.133410930633545
1741033557859654700,352.6946545410156,3.9284305572509766,-4.512970924377441,-8.945672035217285
1741033557869755600,352.7047556152344,5.542482376098633,-3.882782459259033,-7.826303958892822
1741033557879855600,352.71485571289065,5.859824180603027,-2.568753719329834,-4.825793266296387
1741033557889956400,352.72495629882815,6.9796953201293945,-0.31804847717285156,-0.0794975757598877
1741033557900057300,352.73505737304686,6.394932746887207,0.48673486709594727,3.0096805095672607
1741033557910158000,352.74515795898435,4.739631652832031,0.10184001922607422,3.6313657760620117
1741033557920258000,352.7552580566406,2.7666587829589844,-0.3713822364807129,3.9020540714263916
1741033557930359000,352.7653591308594,2.598013401031494,-0.5416431427001953,4.649451732635498
1741033557940459800,352.7754597167969,1.4295330047607422,-1.486194372177124,5.007964134216309
1741033557950560500,352.785560546875,-0.8917298316955566,-2.4249470233917236,4.714375019073486
1741033557960661000,352.7956608886719,-2.603059768676758,-3.349372625350952,5.8003644943237305
1741033557970761500,352.80576147460937,-1.7859845161437988,-3.801706314086914,4.446219444274902
1741033557980862200,352.8158623046875,-1.5901007652282715,-3.972374677658081,4.370131492614746
1741033557990963200,352.82596313476563,-1.0639634132385254,-4.225971221923828,4.09525203704834
1741033558001063400,352.8360634765625,-1.2322874069213867,-4.309377193450928,4.955963134765625
1741033558011164000,352.8461638183594,1.749692440032959,-4.057052135467529,3.8801653385162354
1741033558021264600,352.8562646484375,2.549534320831299,-3.599417209625244,2.9026644229888916
1741033558031365600,352.86636572265627,1.394937515258789,-2.923909902572632,1.9108028411865234
1741033558041465600,352.8764655761719,0.7718582153320312,-2.534794807434082,0.6838231086730957
1741033558051566300,352.88656640625,1.2934379577636719,-2.360133171081543,0.7477936744689941
1741033558061667300,352.89666723632814,0.4281606674194336,-1.7899658679962158,1.5878210067749023
1741033558071768000,352.90676806640624,2.48752498626709,-2.635529041290283,1.4230289459228516
1741033558081868000,352.91686791992186,1.864396572113037,-3.1180367469787598,2.3405938148498535
1741033558091969000,352.9269689941406,0.4873085021972656,-2.481705904006958,2.286196231842041
1741033558102069800,352.9370698242187,-0.20881271362304688,-0.25023460388183594,2.2786340713500977
1741033558112170200,352.9471701660156,-1.373837947845459,1.9548759460449219,1.283921480178833
1741033558122270700,352.9572707519531,-1.6650185585021973,4.315461158752441,0.23544979095458984
1741033558132371500,352.9673713378906,-0.6714310646057129,6.821197986602783,-0.6817047595977783
1741033558142472200,352.97747216796876,1.225870132446289,8.582205772399902,-1.0284855365753174
1741033558152572700,352.98757275390625,-0.9890966415405273,8.652395248413086,-0.1675870418548584
1741033558162673200,352.99767309570314,-0.2682991027832031,6.883589267730713,0.5050199031829834
1741033558172774000,353.00777392578124,-0.34370994567871094,5.798427104949951,0.854706883430481
1741033558182875000,353.017875,-1.9503345489501953,5.411028861999512,1.688647985458374
1741033558192974800,353.0279748535156,-1.8293066024780273,3.0906624794006348,1.7833671569824219
1741033558203075600,353.0380756835938,-2.2152342796325684,0.9640798568725586,1.82900071144104
1741033558213176300,353.04817626953127,-3.38118839263916,-0.17933273315429688,2.6980178356170654
1741033558223277300,353.05827734375,-3.2157444953918457,-1.7196857929229736,3.3592090606689453
1741033558233378000,353.0683779296875,-1.7884626388549805,-3.177318811416626,3.1444005966186523
1741033558243478000,353.07847802734375,0.32728099822998047,-3.630861282348633,3.1622281074523926
1741033558253579000,353.0885791015625,2.0380325317382812,-3.688983917236328,2.7543036937713623
1741033558263679700,353.0986796875,2.6768245697021484,-2.941643714904785,1.8545582294464111
1741033558273780200,353.1087802734375,2.424173355102539,-2.518662929534912,1.0460221767425537
1741033558283880700,353.1188806152344,1.29498291015625,-2.1044859886169434,0.6452972888946533
1741033558293981400,353.1289814453125,-0.5351333618164062,-1.3380370140075684,0.2198474407196045
1741033558304082200,353.13908227539065,-2.1008687019348145,-0.904125452041626,0.1292555332183838
1741033558314302000,353.1493020019531,-2.7898850440979004,-1.3619327545166016,0.09322571754455566
1741033558324604700,353.1596047363281,-3.4748387336730957,-1.5312752723693848,-0.17863202095031738
1741033558334906600,353.16990673828127,-3.8616700172424316,-1.6245427131652832,-0.06814146041870117
1741033558345074400,353.1800744628906,-4.100721836090088,-2.176227569580078,-0.04288625717163086
1741033558355179800,353.1901796875,-4.424419403076172,-2.0587470531463623,-0.057389259338378906
1741033558365279700,353.2002797851562,-4.658863544464111,-0.14904212951660156,3.998786687850952
1741033558375380500,353.2103803710938,-4.5158915519714355,0.5263230800628662,2.3073904514312744
1741033558385481200,353.2204812011719,-2.2591800689697266,2.513801097869873,-0.7666232585906982
1741033558395582000,353.23058203125,-0.5152473449707031,4.255606651306152,2.132897138595581
1741033558405682200,353.24068212890626,1.8373489379882812,4.894901752471924,3.7225069999694824
1741033558415783000,353.25078295898436,1.9462308883666992,4.298774719238281,2.3199589252471924
1741033558425884000,353.2608837890625,-0.5907182693481445,1.7955842018127441,0.2186126708984375
1741033558435984600,353.2709846191406,-3.0107030868530273,0.5021018981933594,-0.8121534585952759
1741033558446180600,353.2811806640625,-0.6873073577880859,1.4788296222686768,-0.8211477994918823
1741033558456483300,353.2914833984375,-0.9590601921081543,1.6383438110351562,-2.4580001831054688
1741033558466785500,353.30178564453126,-2.5092825889587402,1.1047170162200928,-4.170546531677246
1741033558476972300,353.31197216796875,-3.021371364593506,1.274101972579956,-3.4543728828430176
1741033558487081500,353.32208154296876,-2.377598762512207,1.0107197761535645,-1.7019717693328857
1741033558497182000,353.33218188476565,-1.2407217025756836,-0.2867105007171631,-0.5362324714660645
1741033558507283000,353.34228295898436,-0.022356033325195312,-1.2264810800552368,0.37792348861694336
1741033558517383700,353.3523837890625,1.3110828399658203,-0.6667611598968506,1.4499404430389404
1741033558527496400,353.3624963378906,3.2722206115722656,0.19635343551635742,1.2918483018875122
1741033558537799200,353.37279907226565,4.1210784912109375,0.5318558216094971,-0.1550910472869873
1741033558548101600,353.3831015625,5.018216133117676,0.14519810676574707,-2.0013091564178467
1741033558558355700,353.39335571289064,5.4805707931518555,0.16287684440612793,-2.4598002433776855
1741033558568480800,353.4034807128906,5.492109298706055,0.24944019317626953,-2.275604724884033
1741033558578581000,353.4135810546875,5.652826309204102,0.23308849334716797,-1.8498146533966064
1741033558588682000,353.42368188476564,5.140130996704102,-0.4286041259765625,-1.4818241596221924
1741033558598782700,353.43378271484374,5.143811225891113,-1.1144527196884155,-0.6423203945159912
1741033558608883200,353.44388330078124,5.900007247924805,-1.6941008567810059,0.03543853759765625
1741033558618983700,353.4539836425781,6.152223587036133,-1.4334371089935303,0.40136075019836426
1741033558629084400,353.4640844726562,5.276610374450684,-1.2140347957611084,0.8312709331512451
1741033558639185400,353.4741853027344,3.8381738662719727,-1.4675302505493164,0.7870883941650391
1741033558649285400,353.4842854003906,2.125223159790039,-1.3164515495300293,0.8013092279434204
1741033558659386000,353.49438623046876,0.6976661682128906,-0.9715273380279541,0.6073062419891357
1741033558669486800,353.50448681640626,0.4328022003173828,-1.0473014116287231,0.28578853607177734
1741033558679587800,353.514587890625,1.0860328674316406,-1.1889666318893433,-0.7830045223236084
1741033558689687800,353.52468774414064,2.3635520935058594,-1.159883737564087,-1.1368298530578613
1741033558699788500,353.53478857421874,2.8758888244628906,-1.9324336051940918,-0.6236572265625
1741033558709889500,353.5448896484375,2.897205352783203,-1.4235358238220215,-0.0733795166015625
1741033558719990300,353.554990234375,1.3072223663330078,-0.6367918252944946,-0.2952866554260254
1741033558730090800,353.5650908203125,-0.6027870178222656,-0.15124058723449707,-1.3802528381347656
1741033558740191200,353.5751911621094,-1.266420841217041,-0.41108620166778564,-1.459874153137207
1741033558750292000,353.5852919921875,-1.7539100646972656,-0.631816029548645,-0.2061443328857422
1741033558760392700,353.59539282226564,-2.339653491973877,-1.3906888961791992,1.683634877204895
1741033558770493200,353.6054931640625,-1.2442102432250977,-1.119451642036438,2.5232553482055664
1741033558780593700,353.61559375,-0.11445903778076172,-0.13175582885742188,1.896910309791565
1741033558790694400,353.6256943359375,-0.33013916015625,0.4409623146057129,1.467077374458313
1741033558800795400,353.6357954101563,-1.7009100914001465,0.5653517246246338,1.3396430015563965
1741033558810895400,353.6458952636719,-3.3736648559570312,0.986572265625,1.921372890472412
1741033558820996000,353.65599609375,-3.3951339721679688,0.8968219757080078,1.77895188331604
1741033558831096800,353.66609692382815,-4.046071529388428,0.7792930603027344,0.8526825904846191
1741033558841197800,353.67619775390625,-4.000923156738281,0.7469046115875244,0.08903980255126953
1741033558851298600,353.68629858398435,-4.085748672485352,0.8653233051300049,0.06830501556396484
1741033558861398500,353.6963984375,-3.739147663116455,0.7520997524261475,0.5209239721298218
1741033558871499500,353.70649951171873,-2.903059482574463,0.35681962966918945,1.0695710182189941
1741033558881600300,353.7166003417969,-2.4052467346191406,-0.23494672775268555,1.310413122177124
1741033558891700700,353.7267006835938,-1.6689567565917969,-0.5304207801818848,1.301926612854004
1741033558901801200,353.73680126953127,-1.0574407577514648,-0.8459377288818359,0.9882338047027588
1741033558911902000,353.74690185546876,-0.28394603729248047,-0.828193187713623,1.1527011394500732
1741033558922002700,353.75700268554687,-0.3187685012817383,-0.49016594886779785,1.2370989322662354
1741033558932103700,353.76710375976563,-0.818903923034668,-0.4135277271270752,1.1209642887115479
1741033558942335200,353.77733520507815,-1.5381855964660645,0.05362820625305176,1.131084680557251
1741033558952638000,353.78763793945313,-1.9803338050842285,0.20853734016418457,0.5176680088043213
1741033558962940000,353.79793994140624,-2.085721015930176,0.26523923873901367,0.0459979772567749
1741033558973098000,353.80809790039064,-1.871856689453125,0.5139515399932861,0.10320711135864258
1741033558983200300,353.8182001953125,-1.6160149574279785,0.8817577362060547,0.4204150438308716
1741033558993301000,353.8283010253906,-1.0611381530761719,1.1168153285980225,0.7063227891921997
1741033559003401700,353.83840161132815,-0.6952075958251953,1.363135814666748,0.9539898633956909
1741033559013502500,353.84850244140625,-0.23618412017822266,1.557645320892334,1.0893492698669434
1741033559023602700,353.85860278320314,0.11418914794921875,1.3841896057128906,0.8378195762634277
1741033559033703400,353.86870336914063,0.29558372497558594,1.3525922298431396,0.7158830761909485
1741033559043804400,353.8788044433594,0.9219951629638672,1.4415111541748047,0.684364914894104
1741033559053905200,353.8889052734375,1.6925334930419922,1.3892698287963867,0.552054762840271
1741033559064005600,353.8990056152344,2.653536796569824,1.2553365230560303,0.40439271926879883
1741033559074106000,353.9091062011719,2.8576440811157227,1.3472025394439697,0.7052192687988281
1741033559084206800,353.9192067871094,3.52628231048584,1.4033067226409912,0.12893891334533691
1741033559094307600,353.9293076171875,4.491573333740234,1.719454050064087,-0.32536375522613525
1741033559104407800,353.93940771484375,4.553155899047852,1.9887502193450928,0.02259838581085205
1741033559114508500,353.94950854492185,4.445261001586914,1.5420117378234863,0.14163458347320557
1741033559124609300,353.959609375,4.111371040344238,0.44235825538635254,-0.4379582405090332
1741033559134710300,353.9697102050781,4.045459747314453,-0.2696986198425293,-1.0146313905715942
1741033559144810200,353.9798103027344,4.088706970214844,-0.42824435234069824,-0.37656736373901367
1741033559154911000,353.9899108886719,3.4625978469848633,-0.1678931713104248,1.3606886863708496
1741033559165012000,354.00001196289065,2.274630546569824,0.1883542537689209,2.8165781497955322
1741033559175112700,354.01011279296876,0.9984207153320312,0.3312656879425049,3.8386752605438232
1741033559185213200,354.02021313476564,0.3001861572265625,0.2552003860473633,4.219423294067383
1741033559195313400,354.0303134765625,0.33245086669921875,0.05702328681945801,3.771977424621582
1741033559205414400,354.0404143066406,0.9944076538085938,-0.15217280387878418,3.0720791816711426
1741033559215515100,354.05051513671873,2.2609262466430664,-0.34300780296325684,2.8433358669281006
1741033559225615600,354.0606157226562,2.6964282989501953,-0.9909088611602783,2.6139092445373535
1741033559235716000,354.0707160644531,-0.42955589294433594,-0.5603494644165039,2.427701473236084
1741033559245816800,354.08081689453127,1.2807111740112305,-0.8022756576538086,1.854741096496582
1741033559255917600,354.09091748046876,1.5783624649047852,-1.064647912979126,1.629087209701538
1741033559266018600,354.1010185546875,1.6693401336669922,-1.3062055110931396,1.3953206539154053
1741033559276118800,354.11111889648436,1.456822395324707,-1.4071900844573975,1.5455834865570068
1741033559286219300,354.12121923828124,0.6143026351928711,-1.5227289199829102,2.1911461353302
1741033559296320300,354.1313203125,-0.5316381454467773,-1.6648643016815186,2.7916688919067383
1741033559306421000,354.1414208984375,-1.5131196975708008,-1.8149570226669312,3.0437026023864746
1741033559316521000,354.1515209960937,-2.329563617706299,-1.9601588249206543,2.6491944789886475
1741033559326622000,354.1616220703125,-2.659450054168701,-1.8673110008239746,1.881410837173462
1741033559336722700,354.17172265625,-2.63399600982666,-1.8258275985717773,1.1531133651733398
1741033559346823400,354.18182348632814,-2.620112419128418,-1.5370075702667236,0.8437834978103638
1741033559356923400,354.19192333984375,-2.817093849182129,-1.1626873016357422,1.0191195011138916
1741033559367024400,354.2020244140625,-3.776050567626953,-1.090932846069336,1.3146891593933105
1741033559377125000,354.212125,-4.623237133026123,-1.2075834274291992,1.7114577293395996
1741033559387226000,354.2222260742187,-4.8789167404174805,-0.9602231979370117,2.113926410675049
1741033559397326300,354.2323264160156,-4.647755146026611,-0.4294099807739258,2.140697479248047
1741033559407426800,354.2424267578125,-4.634943962097168,0.13193607330322266,1.9512147903442383
1741033559417527600,354.2525275878906,-3.589299201965332,0.012171268463134766,1.2552813291549683
1741033559427628500,354.26262866210936,-2.256821632385254,-0.21409082412719727,0.4977364242076874
1741033559437728800,354.27272875976564,-1.0030245780944824,-0.030907154083251953,0.0889890193939209
1741033559447829200,354.28282934570314,0.07822132110595703,0.3402738571166992,-0.06077075004577637
1741033559457930200,354.29293017578124,0.2432699203491211,0.3312234878540039,-0.10285049676895142
1741033559468031000,354.3030310058594,-0.25091552734375,-0.122344970703125,0.29830601811408997
1741033559478131700,354.3131315917969,-0.5083522796630859,-0.48218345642089844,0.9238195419311523
1741033559488232000,354.3232319335938,-0.6453914642333984,-0.5411863327026367,1.2773728370666504
1741033559498332700,354.3333327636719,-1.2158479690551758,-0.31986141204833984,1.6393382549285889
1741033559508433400,354.34343334960937,-1.5740180015563965,-0.15529584884643555,1.9144079685211182
1741033559518534100,354.3535341796875,-1.5468201637268066,-0.23491907119750977,1.5804986953735352
1741033559528634400,354.36363427734375,-1.1258039474487305,-0.3448519706726074,0.8668701648712158
1741033559538735000,354.37373510742185,-0.06470298767089844,0.5435142517089844,0.45578137040138245
1741033559548836000,354.3838361816406,0.33188819885253906,1.058213233947754,-0.2741440534591675
1741033559558936800,354.3939367675781,-0.4604930877685547,0.8653364181518555,-1.1174170970916748
1741033559569037600,354.40403759765627,-0.51055908203125,1.036088466644287,-1.4968676567077637
1741033559579138600,354.414138671875,1.1769523620605469,1.3035516738891602,-1.646959662437439
1741033559596899600,354.4318996582031,1.1046133041381836,1.4275035858154297,-1.6253998279571533
1741033559606406100,354.44140625,1.0669441223144531,1.4943456649780273,-1.6147634983062744
1741033559615912400,354.4509123535156,1.029867172241211,1.5613598823547363,-1.604552149772644
1741033559625419000,354.4604189453125,1.0234174728393555,1.573361873626709,-1.5584650039672852
1741033559634925600,354.46992553710936,3.1199264526367188,1.3750247955322266,-0.15149825811386108
1741033559644432000,354.47943188476563,2.8477001190185547,1.2086782455444336,-0.5873906016349792
1741033559653938400,354.4889384765625,2.9892358779907227,0.9909358024597168,-1.3321319818496704
1741033559663445000,354.4984450683594,3.4279537200927734,0.2525186538696289,-2.133665084838867
1741033559672951600,354.50795166015627,3.9525279998779297,-0.5531740188598633,-2.278724193572998
1741033559682457900,354.51745776367187,4.518840789794922,-1.206327199935913,-1.8207603693008423
1741033559691964400,354.52696435546875,4.923386573791504,-1.5743844509124756,-1.5204788446426392
1741033559701471000,354.5364709472656,4.835158348083496,-1.673081874847412,-1.1150906085968018
1741033559710977300,354.5459772949219,4.009289741516113,-1.8347151279449463,-0.43672609329223633
1741033559720483800,354.5554838867188,2.274470329284668,-2.1502737998962402,0.16748082637786865
1741033559729990400,354.5649904785156,0.8722200393676758,-1.9571447372436523,0.4093611240386963
1741033559739496700,354.57449658203126,0.1519927978515625,-1.232187271118164,0.649881899356842
1741033559749003300,354.58400317382814,-0.4163551330566406,-0.456451416015625,0.736635148525238
1741033559758509800,354.593509765625,-1.0844898223876953,-0.17543363571166992,0.3645768165588379
1741033559768016100,354.6030161132812,-1.3796253204345703,0.38236379623413086,0.28959667682647705
1741033559777522700,354.6125227050781,-1.182788372039795,0.602482795715332,0.22366130352020264
1741033559787029200,354.622029296875,-1.1869354248046875,1.4084196090698242,0.7609712481498718
1741033559796535800,354.63153588867186,-2.05117130279541,0.9529275894165039,0.5980944633483887
1741033559806042000,354.6410419921875,-2.17356538772583,0.6996197700500488,0.6940069198608398
1741033559815548700,354.6505485839844,-2.6777172088623047,0.20558404922485352,0.6452572345733643
1741033559825055200,354.6600551757812,-2.7754178047180176,-0.4493584632873535,0.08873891830444336
1741033559834561500,354.6695615234375,-2.9473729133605957,-0.5436742305755615,-3.749654769897461
1741033559844068000,354.6790681152344,-3.5333609580993652,-0.1812119483947754,-7.344205856323242
1741033559853574700,354.68857470703125,-3.985379695892334,-0.670668363571167,-3.980327844619751
1741033559863081000,354.6980810546875,-3.3604536056518555,-0.3961811065673828,0.7517175674438477
1741033559872587500,354.70758740234373,-2.554661750793457,-0.27019405364990234,1.5694034099578857
1741033559882094000,354.7170939941406,-1.7238011360168457,-0.7010631561279297,0.704047441482544
1741033559891600400,354.7266003417969,-0.8580756187438965,-0.9261074066162109,0.46106791496276855
1741033559901107000,354.73610693359376,-0.4459981918334961,-0.9440245628356934,0.7755221128463745
1741033559910613500,354.74561352539064,-0.9682760238647461,-0.9065778255462646,1.1917426586151123
1741033559920120000,354.7551201171875,-1.8816943168640137,-0.7030129432678223,1.0476934909820557
1741033559929626400,354.76462646484373,-2.5332250595092773,-0.6218283176422119,0.2244776487350464
1741033559939133000,354.7741328125,-3.012206554412842,-0.5558743476867676,0.15206456184387207
1741033559948639500,354.7836394042969,-3.148977279663086,-0.5932817459106445,0.26617109775543213
1741033559958145800,354.79314575195315,-2.9890289306640625,-0.7998387813568115,0.031676292419433594
1741033559967652400,354.80265234375,-2.846475124359131,-0.746584415435791,-0.24200665950775146
1741033559977159000,354.81215893554685,-3.0262203216552734,-0.6165487766265869,-0.3130875825881958
1741033559986665500,354.8216655273437,-2.9647889137268066,-0.17578434944152832,-0.08308970928192139
1741033559996171800,354.831171875,-2.956028938293457,0.17653441429138184,-0.00418245792388916
1741033560005678300,354.84067822265627,-2.602318286895752,0.3095681667327881,0.13998520374298096
1741033560015185000,354.85018481445314,-2.0438661575317383,0.12322258949279785,0.5845962166786194
1741033560024691200,354.85969116210936,-1.7779674530029297,-0.21773171424865723,0.9909586906433105
1741033560034197800,354.86919775390623,-1.9396095275878906,0.06291460990905762,1.1313793659210205
1741033560043704300,354.8787043457031,-1.4663395881652832,0.816270112991333,1.1521321535110474
1741033560053210600,354.8882106933594,-1.104454517364502,1.408578872680664,1.2536358833312988
1741033560062717200,354.89771728515626,-1.0061216354370117,1.5852680206298828,1.2687044143676758
1741033560072223700,354.9072236328125,-0.44428253173828125,1.7633464336395264,1.208393931388855
1741033560081730300,354.91673022460935,0.3341512680053711,1.6679980754852295,0.8330730199813843
1741033560091236900,354.92623681640623,0.91644287109375,1.1919353008270264,0.36353808641433716
1741033560100743200,354.9357431640625,1.7529487609863281,0.7320678234100342,0.5147169232368469
1741033560110249700,354.9452497558594,3.0017271041870117,0.6855714321136475,1.1451666355133057
1741033560119756300,354.95475634765626,3.716655731201172,0.7912812232971191,1.6903952360153198
1741033560129262600,354.9642626953125,3.850062370300293,0.8630797863006592,2.106869697570801
1741033560138769200,354.97376904296874,3.397213935852051,0.919783353805542,1.9477388858795166
1741033560148275700,354.9832756347656,2.7174549102783203,1.0366358757019043,1.4412230253219604
1741033560157782300,354.9927822265625,1.9459056854248047,1.2378134727478027,1.1970287561416626
1741033560167288600,355.00228857421877,1.0619840621948242,1.4438903331756592,1.211552381515503
1741033560176795100,355.01179516601565,0.4049844741821289,1.6778876781463623,1.5410914421081543
1741033560186301700,355.0213017578125,0.3314971923828125,1.7843968868255615,2.1871166229248047
1741033560195808000,355.03080810546874,0.8338184356689453,1.6055312156677246,2.831488847732544
1741033560205314600,355.040314453125,1.6072235107421875,1.1213362216949463,3.260364055633545
1741033560214821000,355.0498210449219,3.4888076782226562,0.283147931098938,3.304015874862671
1741033560224327700,355.05932763671876,5.641110420227051,-0.8841227293014526,2.9100565910339355
1741033560233834000,355.068833984375,6.697667121887207,-2.104802131652832,2.1544740200042725
1741033560243340500,355.07834057617185,6.583038330078125,-3.026451587677002,1.3345245122909546
1741033560252847000,355.08784716796873,5.977100372314453,-3.3774328231811523,0.6416758298873901
1741033560262353400,355.097353515625,5.22038459777832,-3.232008934020996,0.23783135414123535
1741033560271860000,355.1068598632813,4.5336151123046875,-2.6647250652313232,0.15499556064605713
1741033560281366500,355.11636645507815,4.147281646728516,-1.9361040592193604,0.5509090423583984
1741033560290873000,355.125873046875,3.560138702392578,-1.1028375625610352,1.313100814819336
1741033560300379400,355.13537939453124,2.0179615020751953,-0.2821987271308899,1.7690787315368652
1741033560309886000,355.1448859863281,0.4359102249145508,0.422628790140152,1.6413626670837402
1741033560319392500,355.154392578125,-0.4965324401855469,0.7699218988418579,1.778089165687561
1741033560328898800,355.16389892578127,-0.6653194427490234,0.7840918302536011,1.8767218589782715
1741033560338405400,355.1734052734375,-0.5341148376464844,0.5505139231681824,1.6729185581207275
1741033560347912000,355.18291186523436,-0.4362354278564453,0.061723411083221436,1.2961483001708984
1741033560357418500,355.19241845703124,-0.4105806350708008,-0.42875808477401733,0.7803933620452881
1741033560366924800,355.2019248046875,-0.49579715728759766,-0.8639062643051147,0.29303038120269775
1741033560376431400,355.2114313964844,-0.5725507736206055,-1.1863372325897217,-0.02743321657180786
1741033560385938000,355.22093798828126,-0.5763654708862305,-1.2107795476913452,-0.13064086437225342
1741033560395444500,355.23044458007814,-0.683751106262207,-1.06541109085083,-0.17494696378707886
1741033560404950800,355.23995068359375,-0.834589958190918,-0.9059006571769714,-0.08484983444213867
1741033560414457300,355.2494572753906,-1.1980915069580078,-0.6876968741416931,0.2345622181892395
1741033560423964000,355.2589638671875,-1.801630973815918,-0.213964581489563,0.7594800591468811
1741033560433470200,355.2684702148438,-2.538466453552246,0.5155161619186401,1.2378838062286377
1741033560442976800,355.27797680664065,-3.397904872894287,1.2068958282470703,1.4778060913085938
1741033560452483300,355.2874833984375,-4.045318126678467,1.4636118412017822,1.4379241466522217
1741033560461990000,355.29698999023435,-4.223706245422363,1.2684097290039062,1.0135565996170044
1741033560471496400,355.3064963378906,-3.829592227935791,0.9122282266616821,0.6540312170982361
1741033560481002800,355.3160026855469,-3.316154956817627,0.5328295230865479,0.3360873758792877
1741033560490509300,355.32550927734377,-2.7418065071105957,0.001736283302307129,-0.18505246937274933
1741033560500015900,355.33501586914065,-2.3365206718444824,-0.7067378759384155,-0.8688281178474426
1741033560509522400,355.3445224609375,-2.5062060356140137,-1.125723958015442,-1.467525839805603
1741033560519028700,355.35402880859374,-2.612387180328369,-1.0827209949493408,-1.8255116939544678
1741033560528535300,355.3635354003906,-2.335495948791504,-0.7174667716026306,-1.8165907859802246
1741033560538041900,355.3730417480469,-2.0416903495788574,-0.2507838010787964,-1.477616786956787
1741033560547548400,355.38254833984377,-1.6352601051330566,0.16714179515838623,-0.608744740486145
1741033560557054700,355.3920546875,-0.8222723007202148,0.39334654808044434,0.2978212237358093
1741033560566561300,355.40156127929686,0.09404373168945312,0.5534849166870117,0.878463625907898
1741033560576067800,355.41106787109373,0.7945232391357422,0.5543727874755859,1.1140493154525757
1741033560585574100,355.42057421875,0.9630441665649414,0.4080846309661865,1.1807942390441895
1741033560595080700,355.4300808105469,1.050018310546875,0.5633617639541626,1.2551641464233398
1741033560604587300,355.43958715820315,1.1079339981079102,0.8951097726821899,1.185434103012085
1741033560614093800,355.44909375,0.9740285873413086,1.057958722114563,0.8149499297142029
1741033560623600000,355.45860009765624,0.5880966186523438,0.8788032531738281,0.3673170208930969
1741033560633106700,355.4681066894531,0.3813304901123047,0.610846757888794,-0.05986744910478592
1741033560642613200,355.47761328125,0.6910514831542969,0.38266777992248535,-0.3109656572341919
1741033560652119800,355.4871198730469,1.3432159423828125,0.0490269660949707,-0.37577736377716064
1741033560661626000,355.49662622070315,1.8831348419189453,-0.420088529586792,-0.39951759576797485
1741033560671132700,355.50613256835936,2.452974319458008,-0.45816683769226074,-0.7690417766571045
1741033560680639200,355.51563916015624,2.6243515014648438,-0.01861119270324707,-1.0115385055541992
1741033560690145800,355.5251457519531,2.312983512878418,0.4364955425262451,-0.77720046043396
1741033560699652000,355.5346520996094,1.8399572372436523,0.8988990783691406,-0.5736693739891052
1741033560709158700,355.54415869140627,1.0467500686645508,1.2441186904907227,-0.34409454464912415
1741033560718665200,355.55366528320315,0.03420734405517578,1.6541881561279297,0.04448796808719635
1741033560728171800,355.563171875,-0.6485595703125,1.8005728721618652,0.4061868190765381
1741033560737678000,355.5726779785156,-0.7457351684570312,1.2012794017791748,0.41566672921180725
1741033560747184600,355.5821845703125,0.2804737091064453,-0.3236483335494995,0.05247429385781288
1741033560756691200,355.5916911621094,2.8542442321777344,-2.2511491775512695,-0.5375990867614746
1741033560766197800,355.60119775390626,5.462837219238281,-3.603825330734253,-1.2470004558563232
1741033560775704000,355.6107041015625,7.692173004150391,-4.215048313140869,-1.7876698970794678
1741033560785210600,355.62021069335935,9.296513557434082,-4.044674873352051,-1.602007269859314
1741033560794717200,355.62971728515623,7.6309709548950195,-3.261432647705078,-1.1648759841918945
1741033560804223700,355.6392236328125,3.035658836364746,-1.8087722063064575,-1.227199673652649
1741033560813730300,355.6487302246094,0.37139129638671875,0.17824065685272217,-1.1265590190887451
1741033560823236600,355.65823657226565,-1.0156641006469727,1.657720923423767,-0.9585452675819397
1741033560832743200,355.6677431640625,-2.1132383346557617,1.8697707653045654,-0.8712794780731201
1741033560842249700,355.67724975585935,-3.9420852661132812,1.2810463905334473,-0.8620147109031677
1741033560851756300,355.6867563476562,-4.889223098754883,0.2225128412246704,-1.4635026454925537
1741033560861262800,355.6962629394531,-1.2892436981201172,-0.12728917598724365,-1.9809222221374512
1741033560870769200,355.70576904296877,-0.016921043395996094,-0.5982956886291504,-2.045518398284912
1741033560880275700,355.71527563476565,0.36313915252685547,-0.8366267681121826,-1.453169584274292
1741033560889782300,355.7247822265625,0.4622383117675781,-0.8811348676681519,-0.8580411672592163
1741033560899288800,355.7342888183594,0.07120513916015625,-1.0739097595214844,-0.7889400720596313
1741033560908795100,355.7437951660156,-0.059296607971191406,-1.0071125030517578,-0.8404287099838257
1741033560918301700,355.7533017578125,-0.316619873046875,-0.5584672689437866,-0.5603450536727905
1741033560927808300,355.7628083496094,-0.8039073944091797,0.01564621925354004,0.2613753378391266
1741033560937314800,355.77231469726564,-0.8652305603027344,0.41105175018310547,1.150449275970459
1741033560946821000,355.78182104492186,-0.43840503692626953,0.3315918445587158,1.3210092782974243
1741033560956327700,355.79132763671873,0.046425819396972656,0.022537589073181152,0.8947925567626953
1741033560965834200,355.8008342285156,0.15239238739013672,-0.21359145641326904,0.35219866037368774
1741033560975340800,355.8103408203125,-0.2729644775390625,-0.6781978011131287,-0.315604031085968
1741033560984847400,355.81984741210937,-1.1150579452514648,-1.0967183113098145,-1.0524265766143799
1741033560994353700,355.82935375976564,-2.0974597930908203,-1.2453722953796387,-1.5916357040405273
1741033561003860200,355.83886010742185,-2.7174301147460938,-1.2339423894882202,-1.8141705989837646
1741033561013366800,355.84836669921873,-2.948139190673828,-0.7221585512161255,-1.3986997604370117
1741033561022873300,355.8578732910156,-3.0319180488586426,-0.11982893943786621,-0.521517813205719
1741033561032380000,355.8673798828125,-3.016874313354492,0.2860835790634155,0.03455442190170288
1741033561041886200,355.87688623046876,-2.9604873657226562,0.4234025478363037,0.25467395782470703
1741033561051392800,355.88639282226563,-2.745279312133789,0.39808058738708496,0.30931007862091064
1741033561060899300,355.8958994140625,-2.1125073432922363,0.22692036628723145,0.16007763147354126
1741033561070406000,355.9054060058594,-1.3745012283325195,0.1327197551727295,-0.0785013735294342
1741033561079912400,355.9149123535156,-0.8336372375488281,0.13721179962158203,-0.3225662112236023
1741033561089418800,355.9244187011719,-0.7041091918945312,0.07784438133239746,-0.5421638488769531
1741033561098925300,355.93392529296875,-1.0023822784423828,0.13841891288757324,-0.491330623626709
1741033561108432000,355.94343188476563,-1.346541404724121,0.21228528022766113,-0.28554707765579224
1741033561117938400,355.9529384765625,-1.6802253723144531,0.32581233978271484,-0.4442380666732788
1741033561127445000,355.9624450683594,-2.100398540496826,0.4394805431365967,-0.7868037223815918
1741033561136951600,355.97195166015626,-2.6011838912963867,0.5610098838806152,-1.0960701704025269
1741033561146457900,355.98145776367187,-3.0066819190979004,0.6257936954498291,-1.1478593349456787
1741033561155964400,355.99096435546875,-3.0879507064819336,0.7232241630554199,-0.8499951362609863
1741033561165471000,356.0004709472656,-2.3861374855041504,0.9270799160003662,-0.4440290927886963
1741033561174977500,356.0099775390625,-1.2571544647216797,1.0407016277313232,-0.03413654863834381
1741033561184484000,356.0194841308594,-0.3214683532714844,1.139444351196289,0.4834776520729065
1741033561193990400,356.02899047851565,0.6056747436523438,1.0717194080352783,0.7442359924316406
1741033561203497000,356.0384970703125,1.233311653137207,0.84906005859375,0.7407950758934021
1741033561213003500,356.04800341796874,2.2238664627075195,0.5910327434539795,0.33124396204948425
1741033561222510000,356.0575100097656,2.757810592651367,0.22275185585021973,-0.3958030641078949
1741033561232016600,356.0670166015625,2.935901641845703,-0.0005266666412353516,-1.1287922859191895
1741033561241523000,356.07652294921877,2.0703134536743164,0.14815545082092285,-1.4019933938980103
1741033561251029500,356.08602954101565,1.201040267944336,0.7315323352813721,-1.4403672218322754
1741033561260536000,356.0955361328125,0.3054618835449219,1.380549669265747,-1.0347739458084106
1741033561274858500,356.1098583984375,0.31237125396728516,1.3585014343261719,-1.1027441024780273
1741033561284959200,356.1199592285156,-0.8616237640380859,2.366328239440918,1.8702185153961182
1741033561295060000,356.13006005859376,0.3244152069091797,2.0383214950561523,2.7909483909606934
1741033561305161000,356.14016088867186,2.4327898025512695,1.005570650100708,3.6218254566192627
1741033561315261400,356.15026147460935,5.238698959350586,-0.26514196395874023,4.031292915344238
1741033561325361700,356.16036157226563,7.525774955749512,-1.3155155181884766,3.7401599884033203
1741033561335462700,356.1704626464844,8.166754722595215,-1.9787540435791016,2.8890318870544434
1741033561345563400,356.1805634765625,7.011580467224121,-2.219897747039795,1.9632868766784668
1741033561355664100,356.1906640625,4.6837663650512695,-2.0786633491516113,1.3714134693145752
1741033561365765000,356.20076513671876,2.1152830123901367,-1.756709098815918,1.0305564403533936
1741033561375865300,356.210865234375,0.02755260467529297,-1.2993146181106567,0.8558711409568787
1741033561385965800,356.2209658203125,-1.1907968521118164,-0.8110287189483643,0.7127463221549988
1741033561396066800,356.23106689453124,-1.6242213249206543,-0.6389249563217163,0.7506275177001953
1741033561406167600,356.24116748046873,-1.6074419021606445,-0.5197012424468994,0.8658098578453064
1741033561416268300,356.2512683105469,-1.597933292388916,-0.6448352336883545,1.141289472579956
1741033561426369300,356.2613693847656,-1.5766453742980957,-0.7016873359680176,1.5114216804504395
1741033561436469200,356.27146923828127,-0.5777368545532227,0.10700130462646484,2.0804238319396973
1741033561446570000,356.2815700683594,-0.18343067169189453,-0.016322612762451172,2.181410312652588
1741033561456671000,356.2916708984375,-0.45330810546875,-0.05390214920043945,2.229182243347168
1741033561466771700,356.30177172851563,-0.4217967987060547,0.038019418716430664,2.278362274169922
1741033561476872400,356.31187255859373,-0.4730415344238281,0.02333235740661621,2.17669677734375
1741033561486973200,356.3219731445312,-0.6052789688110352,-0.09376299381256104,1.803257703781128
1741033561497073400,356.3320734863281,-0.7256622314453125,-0.3051494359970093,1.2909150123596191
1741033561507174100,356.3421740722656,-1.0000696182250977,-0.5207642316818237,0.6944875717163086
1741033561517275100,356.3522751464844,-1.5527544021606445,-0.6728048324584961,0.20673024654388428
1741033561527376000,356.3623759765625,-2.163182258605957,-0.7448340654373169,-0.09077268838882446
1741033561537476000,356.37247607421875,-2.5366263389587402,-0.737473726272583,-0.2800865173339844
1741033561547576600,356.38257666015625,-2.879244327545166,-0.6277265548706055,-0.3473060727119446
1741033561557677600,356.39267749023435,-2.9849562644958496,-0.46933233737945557,-0.1683638095855713
1741033561567778300,356.4027783203125,-2.776815891265869,-0.38289713859558105,0.06905466318130493
1741033561577879300,356.4128793945313,-2.7325706481933594,-0.25138092041015625,0.1518602967262268
1741033561587980000,356.42297998046877,-2.8569459915161133,-0.08466029167175293,0.12245142459869385
1741033561598080800,356.43308081054687,-2.809847831726074,0.1520395278930664,0.08407771587371826
1741033561608180700,356.4431806640625,-2.7307372093200684,0.4267771244049072,0.12919920682907104
1741033561618281500,356.45328149414064,-2.517548084259033,0.6730121374130249,0.19193130731582642
1741033561628381700,356.46338159179686,-2.2237067222595215,0.8422064781188965,0.22811341285705566
1741033561638483200,356.4734831542969,-1.7500109672546387,0.8706387281417847,0.1581534743309021
1741033561648584200,356.4835842285156,-1.1961193084716797,0.6035045385360718,-0.024902641773223877
1741033561658685000,356.4936848144531,-0.544459342956543,0.25362277030944824,-0.22241801023483276
1741033561668785400,356.5037854003906,0.15783309936523438,-0.0828315019607544,-0.29366087913513184
1741033561678885600,356.5138857421875,0.7699441909790039,-0.400293231010437,-0.42239704728126526
1741033561688986600,356.52398657226564,1.0250921249389648,-0.6860086917877197,-0.43260204792022705
1741033561699087400,356.53408740234374,0.8570880889892578,-0.7760699987411499,-0.37326115369796753
1741033561709188400,356.5441882324219,0.8005037307739258,-0.5787220001220703,-0.24981403350830078
1741033561719289000,356.5542890625,1.3321027755737305,-0.28719019889831543,-0.2319924235343933
1741033561729389800,356.5643898925781,1.7533130645751953,-0.03983604907989502,-0.1638721227645874
1741033561739490000,356.5744899902344,1.7516679763793945,0.12203526496887207,0.05780160427093506
1741033561749590800,356.5845908203125,1.7215347290039062,0.23409366607666016,0.4335479140281677
1741033561759691500,356.59469140625,1.9557418823242188,0.3608250617980957,0.7491440176963806
1741033561769792500,356.60479248046875,2.2733287811279297,0.4425082206726074,0.8068349957466125
1741033561779893200,356.61489331054685,2.540797233581543,0.28550076484680176,0.5964149236679077
1741033561789994000,356.6249938964844,2.7769289016723633,-0.14407289028167725,0.2565322518348694
1741033561800094200,356.6350942382812,2.9494285583496094,-0.5673601627349854,-0.0885058045387268
1741033561810195000,356.6451948242188,3.157316207885742,-0.8589617013931274,-0.48732733726501465
1741033561820295700,356.6552956542969,2.9557876586914062,-0.8751790523529053,-1.0252904891967773
1741033561830396700,356.66539672851565,2.100217819213867,-0.6020973920822144,-1.4761443138122559
1741033561840497400,356.67549731445314,1.362492561340332,-0.07579660415649414,-1.6742562055587769
1741033561850598100,356.68559814453124,0.5451488494873047,0.36211180686950684,-1.4866743087768555
1741033561860698600,356.69569873046873,0.08748340606689453,0.6078848838806152,-0.8087022304534912
1741033561870799000,356.7057990722656,0.7677984237670898,0.7914237976074219,-0.22219498455524445
1741033561880899800,356.7158999023437,1.5937633514404297,0.5571558475494385,0.3065981864929199
1741033561891000800,356.7260007324219,2.4236183166503906,-0.09744489192962646,0.6057279109954834
1741033561901101600,356.7361015625,3.1657466888427734,-0.9319932460784912,0.3255850076675415
1741033561911202300,356.74620239257814,3.809573173522949,-1.5793278217315674,-0.3557445704936981
1741033561921303300,356.75630322265624,3.9395313262939453,-2.0250861644744873,-1.0366677045822144
1741033561931403300,356.7664033203125,3.210749626159668,-2.287148952484131,-1.561530351638794
1741033561941504000,356.77650390625,1.8227977752685547,-2.056122064590454,-2.0459725856781006
1741033561951605000,356.7866049804687,0.3576364517211914,-1.4526851177215576,-2.207660675048828
1741033561961705700,356.7967058105469,-0.8916864395141602,-0.8189301490783691,-1.7291700839996338
1741033561971806500,356.8068063964844,-1.458510398864746,-0.3597278594970703,-0.9973325729370117
1741033561981907500,356.81690747070314,-1.4057083129882812,-0.14166927337646484,-0.3139277398586273
1741033561992008000,356.82700805664064,-1.0015172958374023,-0.13891470432281494,0.0687444806098938
1741033562002108200,356.83710815429686,-0.3989076614379883,-0.31948792934417725,-0.11310166120529175
1741033562012209200,356.8472092285156,0.029466629028320312,-0.6816447973251343,-0.5187906622886658
1741033562022310000,356.8573098144531,-0.013081550598144531,-1.0545003414154053,-0.872695803642273
1741033562032410600,356.8674106445313,-0.3614835739135742,-1.2943620681762695,-1.1394836902618408
1741033562042511600,356.87751171875,-0.7924365997314453,-1.337085247039795,-1.2907073497772217
1741033562052612400,356.8876123046875,-1.1701478958129883,-1.2596275806427002,-1.2393717765808105
1741033562062712600,356.89771264648436,-1.6597023010253906,-1.1836729049682617,-1.1349023580551147
1741033562072813300,356.90781323242186,-2.1786251068115234,-1.0364772081375122,-0.967811107635498
1741033562082914000,356.9179140625,-2.598775863647461,-0.7293578386306763,-0.6789520978927612
1741033562093014000,356.92801391601563,-2.777796745300293,-0.4476855993270874,-0.440301775932312
1741033562103115500,356.9381154785156,-2.997751235961914,-0.23864269256591797,-0.3800753653049469
1741033562113216500,356.9482165527344,-3.025257110595703,-0.15134954452514648,-0.5036524534225464
1741033562123317200,356.9583171386719,-2.669157028198242,-0.19865798950195312,-0.6984065771102905
1741033562133418200,356.96841821289064,-2.1961259841918945,-0.3448524475097656,-0.8439602851867676
1741033562143518700,356.97851879882813,-1.8338589668273926,-0.5315332412719727,-0.9167824983596802
1741033562153619000,356.98861889648435,-1.6642131805419922,-0.7252110242843628,-1.0124284029006958
1741033562163720000,356.9987199707031,-1.4953622817993164,-0.7477704286575317,-1.0398199558258057
1741033562173820700,357.0088205566406,-1.282435417175293,-0.6111857891082764,-0.9494773149490356
1741033562183921400,357.0189213867188,-1.2310113906860352,-0.42427706718444824,-0.800354540348053
1741033562194022400,357.0290224609375,-1.3845195770263672,-0.2604027986526489,-0.593415379524231
1741033562204123100,357.039123046875,-1.4455690383911133,-0.05890345573425293,-0.29341596364974976
1741033562214224000,357.04922387695314,-1.3247928619384766,0.23594331741333008,-0.007767915725708008
1741033562224324000,357.05932397460936,-1.4026966094970703,0.47195982933044434,0.10385042428970337
1741033562234424800,357.0694248046875,-1.636641025543213,0.5944621562957764,0.18175649642944336
1741033562244525600,357.0795256347656,-1.750260353088379,0.6761527061462402,0.29381388425827026
1741033562254626600,357.0896264648438,-1.4448442459106445,0.6560399532318115,0.28039854764938354
1741033562264727300,357.0997272949219,-0.888524055480957,0.48416972160339355,0.15460479259490967
1741033562274828000,357.109828125,0.09892654418945312,0.2338559627532959,0.044182419776916504
1741033562284928800,357.1199287109375,1.397665023803711,-0.0892019271850586,-0.013086438179016113
1741033562295028700,357.13002880859375,3.8264293670654297,-0.34852540493011475,0.2071741819381714
1741033562305130200,357.1401301269531,1.9165210723876953,-0.28321969509124756,-0.005357503890991211
1741033562315231000,357.1502309570312,2.490446090698242,0.311612606048584,-0.17161831259727478
1741033562325332000,357.16033203125,2.5871686935424805,0.19432449340820312,-0.12646633386611938
1741033562335432700,357.1704326171875,1.8375511169433594,-0.4682583808898926,-0.1444595754146576
1741033562345533400,357.18053344726565,1.7905426025390625,-0.6592457294464111,-0.7193055152893066
1741033562355633700,357.19063354492187,1.9560890197753906,-0.2294020652770996,-1.2008881568908691
1741033562365734400,357.200734375,1.8908462524414062,0.20335030555725098,-1.0818156003952026
1741033562375835100,357.2108352050781,1.6316108703613281,0.44180989265441895,-0.43890780210494995
1741033562385936100,357.2209360351562,1.0181150436401367,0.5145516395568848,0.3740714192390442
1741033562396036900,357.2310368652344,0.796173095703125,0.5628650188446045,1.0894607305526733
1741033562406137900,357.2411379394531,1.2590208053588867,0.7674908638000488,1.8306132555007935
1741033562416238600,357.25123852539065,1.8568992614746094,0.7690219879150391,2.5223329067230225
1741033562426339300,357.26133935546875,3.050889015197754,0.247755765914917,2.9351401329040527
1741033562436439600,357.271439453125,4.7884674072265625,-0.7484395503997803,2.616797685623169
1741033562446540300,357.2815402832031,5.331701278686523,-1.6794116497039795,1.871997594833374
1741033562456641000,357.29164111328123,4.87062931060791,-2.3161723613739014,1.3014395236968994
1741033562466742000,357.3017419433594,4.145606994628906,-2.6013400554656982,1.0270142555236816
1741033562476842800,357.3118427734375,2.7183637619018555,-2.499704599380493,0.989327073097229
1741033562486943500,357.32194360351565,1.2589397430419922,-1.8999756574630737,1.329638957977295
1741033562497044500,357.33204443359375,0.010136604309082031,-1.060443639755249,1.5265753269195557
1741033562507145200,357.34214526367185,-0.8238134384155273,-0.32245969772338867,1.6917107105255127
1741033562517246000,357.3522458496094,-1.1897993087768555,0.08259236812591553,1.854250431060791
1741033562527347000,357.3623469238281,-0.9002923965454102,0.05904579162597656,1.89714777469635
1741033562537447400,357.3724475097656,-0.09865856170654297,-0.15080785751342773,1.9730968475341797
1741033562547547600,357.3825476074219,0.9497594833374023,-0.2744629383087158,2.0592923164367676
1741033562557648600,357.39264868164065,1.2709522247314453,-0.605986475944519,1.955397129058838
1741033562567749400,357.40274926757814,0.5438699722290039,-0.8982589244842529,1.8000445365905762
1741033562577850000,357.41285009765625,-0.5396385192871094,-0.9266029000282288,1.626150131225586
1741033562587950600,357.42295068359374,-1.5669517517089844,-0.8331009149551392,1.5581334829330444
1741033562598051600,357.4330515136719,-2.1845550537109375,-0.6229593753814697,1.3583358526229858
1741033562608152600,357.4431525878906,-2.5495638847351074,-0.5262362957000732,1.0926787853240967
1741033562618253600,357.4532536621094,-2.6801071166992188,-0.565845251083374,0.9098792672157288
1741033562628354300,357.46335424804687,-2.7026290893554688,-0.6713328957557678,0.6573195457458496
1741033562638455000,357.473455078125,-2.4321165084838867,-0.814348042011261,0.258425235748291
1741033562648556000,357.48355615234374,-2.056297779083252,-0.9072043895721436,-0.042205989360809326
1741033562658656800,357.49365673828123,-1.5307073593139648,-0.8693547248840332,-0.19449394941329956
1741033562668756700,357.5037568359375,-1.3126201629638672,-0.8770912885665894,-0.24396955966949463
1741033562678857700,357.5138576660156,-1.7645602226257324,-0.803604006767273,-0.051531851291656494
1741033562688958500,357.52395849609377,-2.327526569366455,-0.46420514583587646,0.1394396424293518
1741033562699059200,357.53405908203126,-2.5381722450256348,-0.10203468799591064,0.2981610894203186
1741033562709160200,357.54416015625,-2.9054646492004395,0.1104273796081543,0.43090784549713135
1741033562719261000,357.55426098632813,-2.988010883331299,-0.0073816776275634766,0.35899633169174194
1741033562729361700,357.5643615722656,-2.54473876953125,-0.27300965785980225,0.13082247972488403
1741033562739462700,357.5744626464844,-1.704214096069336,-0.45823800563812256,-0.3729074001312256
1741033562749563400,357.5845634765625,-0.7828874588012695,-0.5841341018676758,-0.4824969470500946
1741033562759664400,357.59466430664065,-0.33521080017089844,-0.7415835857391357,-0.40444672107696533
1741033562769765000,357.60476513671875,-0.23498058319091797,-0.9783880710601807,-0.4956221878528595
1741033562779865900,357.61486596679686,-0.27179622650146484,-1.0287357568740845,-0.5250644087791443
1741033562789966800,357.624966796875,-0.11306476593017578,-0.8320949077606201,-0.3452049791812897
1741033562800066800,357.63506689453123,0.21198463439941406,-0.4468655586242676,-0.3312503695487976
1741033562810179300,357.6451794433594,0.40108489990234375,-0.31693243980407715,-0.07461875677108765
1741033562820445700,357.65544580078125,1.2529726028442383,-0.209486722946167,0.09130534529685974
1741033562830512600,357.6655126953125,3.472397804260254,-0.425994873046875,0.4807777404785156
1741033562840470000,357.67546997070315,1.8375844955444336,0.23379004001617432,0.0406368151307106
1741033562850570800,357.68557080078125,1.9588727951049805,1.3931629657745361,0.22897332906723022
1741033562860671500,357.69567138671874,0.6286382675170898,1.4046664237976074,1.2518370151519775
1741033562870772500,357.7057724609375,1.1632108688354492,1.2484452724456787,1.5913711786270142
1741033562880873200,357.7158732910156,1.5633602142333984,0.8880085945129395,0.7699754238128662
1741033562890974200,357.72597412109377,1.8276824951171875,0.3023495674133301,-0.12065663933753967
